#Time Flux
-1.824738107510493990e+01 3.277343750000000000e+00
-1.817597185117973879e+01 -3.589843750000000000e+00
-1.810434727976972624e+01 5.859375000000000000e-01
-1.803200898218820214e+01 -1.289062500000000000e-01
-1.795454137351859458e+01 3.007812500000000000e-01
-1.787940743836657020e+01 -1.199218750000000000e+00
-1.780818597821543392e+01 -2.835937500000000000e+00
-1.773645962055450553e+01 -2.093750000000000000e+00
-1.766428602113948898e+01 1.160156250000000000e+00
-1.759314160908399316e+01 1.289062500000000000e-01
-1.752106318156620546e+01 -1.679687500000000000e-01
-1.744372593776513014e+01 2.792968750000000000e-01
-1.736849590142660560e+01 -9.414062500000000000e-01
-1.729693108893170006e+01 2.265625000000000000e+00
-1.722562393315745766e+01 -1.445312500000000000e-01
-1.715340550306478917e+01 8.632812500000000000e-01
-1.707630095616572419e+01 5.078125000000000000e-01
-1.700211132194941399e+01 3.207031250000000000e+00
-1.692957500614413391e+01 -9.179687500000000000e-01
-1.685782220070102966e+01 -1.642578125000000000e+00
-1.678633750726930174e+01 -1.023437500000000000e+00
-1.671478826299351539e+01 -2.673828125000000000e+00
-1.664248707317638321e+01 1.421875000000000000e+00
-1.656516061753222147e+01 5.468750000000000000e-02
-1.649002073116860601e+01 -2.080078125000000000e+00
-1.641877256257920692e+01 -3.710937500000000000e-01
-1.634681978667354230e+01 5.917968750000000000e-01
-1.627530198466465094e+01 -2.847656250000000000e+00
-1.620360151524371872e+01 -3.031250000000000000e+00
-1.613153370276450005e+01 5.039062500000000000e-01
-1.605413633646909943e+01 -2.335937500000000000e+00
-1.597927615956869829e+01 -4.023437500000000000e-01
-1.590795906056645492e+01 -3.328125000000000000e+00
-1.583624263455713788e+01 2.773437500000000000e-01
-1.576448755331566076e+01 2.109375000000000000e-01
-1.568654716313841391e+01 -1.246093750000000000e+00
-1.561321367420431727e+01 -9.492187500000000000e-01
-1.554017327270175031e+01 -2.359375000000000000e+00
-1.546945524117378312e+01 -1.285156250000000000e+00
-1.539670118314151637e+01 1.339843750000000000e+00
-1.532573302391452330e+01 -5.117187500000000000e-01
-1.525309973895178928e+01 -7.343750000000000000e-01
-1.517549867636859773e+01 -2.281250000000000000e+00
-1.510106097171145478e+01 5.175781250000000000e-01
-1.502913730760609923e+01 3.789062500000000000e-01
-1.495802913012001767e+01 -1.443359375000000000e+00
-1.488529878362220416e+01 -8.164062500000000000e-01
-1.481411242440961473e+01 1.769531250000000000e+00
-1.474179610526655892e+01 1.289062500000000000e-01
-1.466459393276542755e+01 -1.546875000000000000e+00
-1.459023314962822582e+01 2.460937500000000000e-01
-1.451832345564888982e+01 4.433593750000000000e-01
-1.444762743388542958e+01 -5.546875000000000000e-01
-1.437429362205621430e+01 2.019531250000000000e+00
-1.429719658529451465e+01 1.468750000000000000e+00
-1.422286553720601887e+01 2.148437500000000000e+00
-1.415053759211422602e+01 5.976562500000000000e-01
-1.407888017041039319e+01 1.023437500000000000e+00
-1.400706667577674835e+01 3.759765625000000000e+00
-1.393584661285711235e+01 1.160156250000000000e+00
-1.386338363278591856e+01 3.214843750000000000e+00
-1.378595515433205065e+01 9.765625000000000000e-01
-1.371160927563240506e+01 -1.859375000000000000e+00
-1.363950035005890982e+01 -1.406250000000000000e-01
-1.356814226364222975e+01 1.226562500000000000e+00
-1.349582736382268422e+01 -9.472656250000000000e-01
-1.341841153664152131e+01 2.890625000000000000e-01
-1.334512834275928128e+01 -1.046875000000000000e+00
-1.327216160631850528e+01 3.148437500000000000e+00
-1.320078148928504191e+01 1.181640625000000000e+00
-1.312934594944074007e+01 3.894531250000000000e+00
-1.305721196648226368e+01 7.500000000000000000e-01
-1.298499222055448854e+01 1.783203125000000000e+00
-1.290744999732788756e+01 1.453125000000000000e+00
-1.283342785339897318e+01 -1.093750000000000000e+00
-1.276134830570426004e+01 -1.953125000000000000e-02
-1.268995366435327554e+01 -1.953125000000000000e-02
-1.261719080882227217e+01 1.625000000000000000e+00
-1.254610512393988131e+01 3.671875000000000000e-01
-1.247415702792255843e+01 -1.029296875000000000e+00
-1.239641254102259182e+01 5.937500000000000000e-01
-1.232260472908507154e+01 1.671875000000000000e+00
-1.225008616503382086e+01 1.355468750000000000e+00
-1.217867742444796875e+01 7.421875000000000000e-02
-1.210635558051268390e+01 1.835937500000000000e-01
-1.203513873811905910e+01 1.054687500000000000e+00
-1.195554788726482087e+01 -1.183593750000000000e+00
-1.188274959686295063e+01 1.125000000000000000e+00
-1.181087822111440744e+01 -1.757812500000000000e+00
-1.173927229573800446e+01 -2.578125000000000000e-01
-1.166829804527068148e+01 -4.062500000000000000e-01
-1.159552030243554555e+01 -5.976562500000000000e-01
-1.151790251920402852e+01 -1.152343750000000000e+00
-1.144353388593943777e+01 1.587890625000000000e+00
-1.137193640463137001e+01 -4.414062500000000000e-01
-1.130004613956553783e+01 -3.648437500000000000e+00
-1.122742425253564136e+01 -2.226562500000000000e+00
-1.115656097011525816e+01 -3.072265625000000000e+00
-1.108421174370990769e+01 8.789062500000000000e-02
-1.100687092429740943e+01 -2.826171875000000000e+00
-1.093224720142607964e+01 -2.941406250000000000e+00
-1.086112324837939980e+01 -3.089843750000000000e+00
-1.078911147142132876e+01 -8.242187500000000000e-01
-1.071764712460267788e+01 -2.050781250000000000e+00
-1.064572271320650287e+01 1.015625000000000000e+00
-1.056508092511420216e+01 -1.705078125000000000e+00
-1.049311216346813325e+01 -1.894531250000000000e+00
-1.042204878124674394e+01 -2.130859375000000000e+00
-1.034963562857070229e+01 -3.623046875000000000e+00
-1.027935139203742665e+01 1.343750000000000000e+00
-1.020571197790305007e+01 -1.183593750000000000e+00
-1.012819069468839217e+01 4.257812500000000000e-01
-1.005410280431814130e+01 -1.132812500000000000e+00
-9.982072996078017013e+00 -1.402343750000000000e+00
-9.911558095617294839e+00 -2.136718750000000000e+00
-9.837895351153932211e+00 -1.582031250000000000e+00
-9.763866618001848963e+00 -4.244140625000000000e+00
-9.694484391369343257e+00 -1.839843750000000000e+00
-9.616230149340125877e+00 -2.431640625000000000e+00
-9.543764794889796121e+00 -2.105468750000000000e+00
-9.471711500858319255e+00 -2.195312500000000000e+00
-9.400733938459381989e+00 -3.125000000000000000e-01
-9.327411004342650358e+00 -1.511718750000000000e+00
-9.249858654848722495e+00 -2.343750000000000000e-01
-9.176390253101722294e+00 -1.837890625000000000e+00
-9.103473699099225769e+00 -1.523437500000000000e-01
-9.031954229490665398e+00 -2.171875000000000000e+00
-8.960672149004480502e+00 -5.544921875000000000e+00
-8.889415600110694982e+00 -3.296875000000000000e+00
-8.816181983265053645e+00 -1.917968750000000000e+00
-8.738650624708114378e+00 5.996093750000000000e-01
-8.665146740033890183e+00 4.765625000000000000e-01
-8.592886672259723468e+00 6.738281250000000000e-01
-8.521511488161792158e+00 1.113281250000000000e+00
-8.448773743341519094e+00 -1.093750000000000000e-01
-8.374351117537074174e+00 -1.753906250000000000e+00
-8.301524868070558227e+00 -1.398437500000000000e+00
-8.226756067667892580e+00 -3.166015625000000000e+00
-8.154466008540978805e+00 -2.701171875000000000e+00
-8.082073441498309307e+00 -1.177734375000000000e+00
-8.011291074403345647e+00 -2.750000000000000000e+00
-7.937938101932161317e+00 -6.601562500000000000e-01
-7.863500130259993171e+00 -1.226562500000000000e+00
-7.786814121239657993e+00 -2.414062500000000000e+00
-7.714287809339097635e+00 -3.244140625000000000e+00
-7.643639756605765001e+00 -4.158203125000000000e+00
-7.571487188234996779e+00 -4.070312500000000000e+00
-7.499964124227588513e+00 -2.027343750000000000e+00
-7.426650762657303062e+00 -1.937500000000000000e+00
-7.349078181680823718e+00 -2.082031250000000000e+00
-7.274696693407904036e+00 -3.933593750000000000e+00
-7.203701731113497431e+00 -2.800781250000000000e+00
-7.132168124298075895e+00 -2.957031250000000000e+00
-7.059300649718863951e+00 -3.810546875000000000e+00
-6.984836720984233693e+00 2.031250000000000000e-01
-6.908644480888042949e+00 -2.257812500000000000e+00
-6.837282519876325182e+00 -9.140625000000000000e-01
-6.763866494294788367e+00 -3.144531250000000000e+00
-6.692888790047973657e+00 5.351562500000000000e-01
-6.621340416767523607e+00 -5.117187500000000000e-01
-6.548953907269535080e+00 4.492187500000000000e-01
-6.470671956366444988e+00 -1.480468750000000000e+00
-6.397361946053351289e+00 4.101562500000000000e-01
-6.325103554923217075e+00 1.171875000000000000e-01
-6.254052429747900987e+00 -9.218750000000000000e-01
-6.181848389204773753e+00 -2.460937500000000000e+00
-6.110004017327455017e+00 -2.824218750000000000e+00
-6.037013013936302741e+00 -2.148437500000000000e-01
-5.959542162426231471e+00 -8.710937500000000000e-01
-5.886395700034839251e+00 1.406250000000000000e+00
-5.814062989501493917e+00 5.292968750000000000e-01
-5.742716659183386696e+00 8.808593750000000000e-01
-5.669827170819701223e+00 -2.632812500000000000e+00
-5.591988668825237596e+00 -1.619140625000000000e+00
-5.522510805453933358e+00 -3.750000000000000000e-01
-5.446935355869072737e+00 -4.179687500000000000e-01
-5.375568437789254972e+00 9.355468750000000000e-01
-5.303477740553162789e+00 3.984375000000000000e-01
-5.231888949382735632e+00 1.806640625000000000e+00
-5.159994443049612300e+00 2.890625000000000000e-01
-5.080982406505185622e+00 5.234375000000000000e-01
-5.008021817909778406e+00 5.878906250000000000e-01
-4.935692430922600238e+00 7.812500000000000000e-01
-4.863474479137195772e+00 -1.787109375000000000e+00
-4.792436836712099080e+00 -7.324218750000000000e-01
-4.721195715237158197e+00 -8.261718750000000000e-01
-4.647447452969515780e+00 -4.726562500000000000e-01
-4.570007257972036996e+00 2.933593750000000000e+00
-4.496430938264424526e+00 -2.832031250000000000e-01
-4.424879447605590599e+00 7.812500000000000000e-01
-4.352750602354362286e+00 8.945312500000000000e-01
-4.279710085581982071e+00 1.269531250000000000e-01
-4.205811551880245247e+00 -7.656250000000000000e-01
-4.136297399436017486e+00 -1.613281250000000000e+00
-4.058336988333039130e+00 1.031250000000000000e+00
-3.984953723601947218e+00 -1.093750000000000000e-01
-3.913382311717455764e+00 -9.472656250000000000e-01
-3.841921594169988907e+00 1.679687500000000000e-01
-3.768710513061094503e+00 1.074218750000000000e+00
-3.691441979890200287e+00 -1.037109375000000000e+00
-3.617156951951628230e+00 3.007812500000000000e+00
-3.545596643473132303e+00 1.093750000000000000e-01
-3.473907719865337640e+00 -7.812500000000000000e-02
-3.402797192415704330e+00 -1.968750000000000000e+00
-3.330542630873978283e+00 -9.824218750000000000e-01
-3.257688772821992984e+00 1.292968750000000000e+00
-3.179700495785809267e+00 -8.398437500000000000e-02
-3.106218744181362013e+00 -1.537109375000000000e+00
-3.035240129446705737e+00 6.640625000000000000e-01
-2.963296210147390752e+00 1.097656250000000000e+00
-2.890878939030301353e+00 1.031250000000000000e+00
-2.819618036871617051e+00 4.078125000000000000e+00
-2.746748651621174986e+00 2.011718750000000000e+00
-2.668865284978537034e+00 4.119140625000000000e+00
-2.596146257253607814e+00 3.642578125000000000e+00
-2.524427171122610503e+00 6.351562500000000000e+00
-2.452245920937230039e+00 6.289062500000000000e+00
-2.379312007261987105e+00 9.287109375000000000e+00
-2.301824765242216131e+00 8.080078125000000000e+00
-2.227703364873022451e+00 1.008984375000000000e+01
-2.156641771070084701e+00 8.417968750000000000e+00
-2.084671432881449959e+00 1.295312500000000000e+01
-2.013385679820743235e+00 1.434765625000000000e+01
-1.941289715460115417e+00 1.428710937500000000e+01
-1.868141152176676201e+00 1.589843750000000000e+01
-1.790228856652547051e+00 1.428710937500000000e+01
-1.716649886581535611e+00 1.475000000000000000e+01
-1.646272993351729497e+00 1.261132812500000000e+01
-1.573730324397885738e+00 7.462890625000000000e+00
-1.500694287130684756e+00 5.707031250000000000e+00
-1.423438162661696538e+00 3.839843750000000000e+00
-1.357199184483334875e+00 3.570312500000000000e+00
-1.279393726539282738e+00 -9.394531250000000000e-01
-1.206047159111776068e+00 -1.167968750000000000e+00
-1.135015853526951446e+00 -2.457031250000000000e+00
-1.063015341214494924e+00 -4.285156250000000000e+00
-9.905677589891297430e-01 -1.458984375000000000e+00
-9.124135707382379223e-01 -2.226562500000000000e+00
-8.382511879332099625e-01 -1.636718750000000000e+00
-7.670019424918734785e-01 2.457031250000000000e+00
-6.958614466179682267e-01 1.394531250000000000e+00
-6.235150737447128222e-01 1.152343750000000000e+00
-5.517322299274525221e-01 3.261718750000000000e+00
-4.785131384810767941e-01 3.320312500000000000e+00
-3.998895138027620533e-01 8.847656250000000000e-01
-3.273078743142576741e-01 3.902343750000000000e+00
-2.561889919967086371e-01 3.820312500000000000e+00
-1.843918643076989383e-01 1.800781250000000000e+00
-1.119290576357911959e-01 2.294921875000000000e+00
-3.389349817975073620e-02 2.691406250000000000e+00
3.889481831899388453e-02 1.925781250000000000e+00
1.109234330617070441e-01 8.906250000000000000e-01
1.826660951848495529e-01 -1.083984375000000000e+00
2.546239420765061823e-01 1.121093750000000000e+00
3.266699178814178595e-01 1.875000000000000000e+00
3.998333647668914637e-01 -2.109375000000000000e+00
4.772204411527951606e-01 5.664062500000000000e-01
5.513172272847626232e-01 7.851562500000000000e-01
6.226394188831179122e-01 1.744140625000000000e+00
6.943490973979535852e-01 2.468750000000000000e+00
7.667097066909605019e-01 1.371093750000000000e+00
8.412766152020623167e-01 -6.250000000000000000e-01
9.108754222409771728e-01 1.734375000000000000e+00
9.897372402434569949e-01 -3.906250000000000000e-03
1.062026549427528721e+00 -2.695312500000000000e-01
1.132993558127914469e+00 2.480468750000000000e-01
1.205177254000609821e+00 2.371093750000000000e+00
1.278382448947738226e+00 2.984375000000000000e+00
1.355896361415844353e+00 1.105468750000000000e+00
1.429941578990856499e+00 8.476562500000000000e-01
1.501237873102290621e+00 2.611328125000000000e+00
1.572973401664803816e+00 1.306640625000000000e+00
1.644035184587920639e+00 2.207031250000000000e+00
1.716260457034557874e+00 1.476562500000000000e+00
1.789642369158990221e+00 2.982421875000000000e+00
1.867904672287977519e+00 2.621093750000000000e+00
1.940769395024126709e+00 3.759765625000000000e+00
2.011820495266221087e+00 2.535156250000000000e+00
2.082419991812130888e+00 1.820312500000000000e+00
2.157062097993545535e+00 1.601562500000000000e+00
2.227433390119330170e+00 3.312500000000000000e+00
2.300506350979865999e+00 1.298828125000000000e+00
2.377568432925080799e+00 -5.957031250000000000e-01
2.450219217497433988e+00 -8.125000000000000000e-01
2.522404739244798577e+00 8.222656250000000000e-01
2.594506525025636279e+00 -2.539062500000000000e-01
2.668245705857160033e+00 -2.886718750000000000e+00
2.745429575635981223e+00 1.289062500000000000e-01
2.819270048958415487e+00 1.191406250000000000e+00
2.890190031616789668e+00 2.537109375000000000e+00
2.962301426347394795e+00 4.472656250000000000e+00
3.033217727262076835e+00 2.656250000000000000e-01
3.105962023926970517e+00 -2.597656250000000000e+00
3.182375067325473594e+00 -2.501953125000000000e+00
3.257316528046203530e+00 -5.859375000000000000e-02
3.330220176020539213e+00 -4.683593750000000000e+00
3.401462346575208073e+00 6.054687500000000000e-01
3.471795400433897782e+00 2.109375000000000000e+00
3.545501500043101828e+00 6.328125000000000000e-01
3.624021537115083902e+00 1.128906250000000000e+00
3.690140460330866290e+00 1.804687500000000000e+00
3.767637072306406765e+00 3.906250000000000000e-02
3.840922306610437431e+00 7.968750000000000000e-01
3.911372550515970659e+00 -4.765625000000000000e-01
3.983335437502788068e+00 -2.250000000000000000e+00
4.057518098889339342e+00 -2.546875000000000000e+00
4.134983876954230197e+00 1.343750000000000000e+00
4.207397001533813352e+00 1.548828125000000000e+00
4.279372958767098112e+00 -1.488281250000000000e+00
4.352000451897083622e+00 -1.339843750000000000e+00
4.422185722484009318e+00 4.414062500000000000e-01
4.495032145346385732e+00 1.312500000000000000e+00
4.568743564587656181e+00 -1.435546875000000000e+00
4.645861644158713943e+00 -4.570312500000000000e-01
4.719669485181675839e+00 -2.242187500000000000e+00
4.790414337262468791e+00 -1.921875000000000000e+00
4.862700998711098066e+00 -5.683593750000000000e-01
4.936110858858953065e+00 2.617187500000000000e-01
5.009891402271968275e+00 2.343750000000000000e-01
5.079692766489159794e+00 -2.347656250000000000e+00
5.156716776399690616e+00 3.476562500000000000e-01
5.229675497641601112e+00 -2.929687500000000000e+00
5.300569794036846361e+00 1.464843750000000000e+00
5.373399082417009254e+00 -8.164062500000000000e-01
5.447430426544904947e+00 -2.134765625000000000e+00
5.524532435155407484e+00 -5.898437500000000000e+00
5.597556579914922281e+00 -3.613281250000000000e-01
5.668570096935745539e+00 6.738281250000000000e-01
5.741193221916901734e+00 -4.140625000000000000e-01
5.812040414556527423e+00 -7.968750000000000000e-01
5.884628620283955058e+00 -1.078125000000000000e+00
5.958380518419716054e+00 -3.554687500000000000e-01
6.035764283651943174e+00 -2.203125000000000000e+00
6.108386138801975562e+00 -3.078125000000000000e+00
6.180053826115255333e+00 -2.832031250000000000e+00
6.251017976890068439e+00 -8.554687500000000000e-01
6.325745422939142770e+00 1.757812500000000000e-02
6.403093201450872129e+00 5.820312500000000000e-01
6.472262179024973250e+00 5.058593750000000000e-01
6.546241917806611355e+00 -1.527343750000000000e+00
6.619314335716730113e+00 1.292968750000000000e+00
6.690638948356486537e+00 2.304687500000000000e-01
6.762843266972041079e+00 -3.410156250000000000e+00
6.836700300320444512e+00 -1.582031250000000000e+00
6.914740574042070875e+00 -5.664062500000000000e-01
6.987110499446238521e+00 -4.394531250000000000e-01
7.057982621398132039e+00 -1.580078125000000000e+00
7.130637032778750495e+00 -1.664062500000000000e+00
7.201679660857990939e+00 -1.312500000000000000e+00
7.273932960534921222e+00 -1.578125000000000000e+00
7.353923944084371556e+00 1.148437500000000000e+00
7.424911475157415452e+00 -8.671875000000000000e-01
7.497350404021780435e+00 -2.431640625000000000e+00
7.569237560780443630e+00 -3.847656250000000000e-01
7.640970424880755729e+00 -4.318359375000000000e+00
7.715291275381240155e+00 -1.287109375000000000e+00
7.792676908844313743e+00 8.261718750000000000e-01
7.864834172356076181e+00 -4.960937500000000000e-01
7.935765640918390318e+00 -1.171875000000000000e-02
8.008766621788630857e+00 1.953125000000000000e-03
8.079823351191052438e+00 5.000000000000000000e-01
8.151798479507228024e+00 2.056640625000000000e+00
8.226348071420638064e+00 -1.529296875000000000e+00
8.303580600483684293e+00 -7.812500000000000000e-01
8.375983798051528595e+00 8.300781250000000000e-01
8.447836262942423957e+00 -1.876953125000000000e+00
8.519594693760986104e+00 -2.181640625000000000e+00
8.590636730261948628e+00 -2.484375000000000000e+00
8.663805624526851545e+00 -1.679687500000000000e-01
8.743478039170021532e+00 -1.826171875000000000e+00
8.814701238627449698e+00 -1.167968750000000000e+00
8.887391021054021678e+00 8.339843750000000000e-01
8.958649462158923882e+00 -1.339843750000000000e+00
9.030422890759759014e+00 -9.511718750000000000e-01
9.104837934290479495e+00 -2.685546875000000000e+00
9.182249288910526275e+00 -2.511718750000000000e+00
9.254383845518503904e+00 -1.777343750000000000e+00
9.326208137727562075e+00 -3.867187500000000000e+00
9.398696651346099884e+00 -1.968750000000000000e+00
9.470136738953513600e+00 -2.726562500000000000e+00
9.541727340254865908e+00 -1.914062500000000000e-01
9.615898613461162370e+00 -2.097656250000000000e+00
9.693102828830006956e+00 -2.199218750000000000e+00
9.766489722153337993e+00 -2.433593750000000000e+00
9.837474919047309641e+00 -1.894531250000000000e+00
9.909796671988488015e+00 4.648437500000000000e-01
9.980502442623475190e+00 -2.226562500000000000e-01
1.005710540696118471e+01 -3.515625000000000000e-01
1.012704106264251891e+01 2.890625000000000000e-01
1.020438180261846384e+01 -8.554687500000000000e-01
1.027628631417341154e+01 -1.726562500000000000e+00
1.034851149719695940e+01 -1.560546875000000000e+00
1.041987544708982938e+01 1.652343750000000000e+00
1.049438536381094167e+01 -9.492187500000000000e-01
1.057176054165162071e+01 7.031250000000000000e-02
1.064417344468841975e+01 5.859375000000000000e-02
1.071562101551045032e+01 -1.914062500000000000e-01
1.078813671910610594e+01 4.101562500000000000e-01
1.085910104995062397e+01 -5.625000000000000000e-01
1.093144793626129285e+01 -1.000000000000000000e+00
1.100564099776502047e+01 -1.041015625000000000e+00
1.108363286893013111e+01 -7.226562500000000000e-02
1.115592953112208363e+01 7.382812500000000000e-01
1.122688641420907629e+01 -1.398437500000000000e+00
1.129924223268903916e+01 -8.945312500000000000e-01
1.137297119430404280e+01 -1.574218750000000000e+00
1.144284571487216340e+01 -9.023437500000000000e-01
1.151659540150691896e+01 -2.164062500000000000e+00
1.159401010156960155e+01 -6.367187500000000000e-01
1.166703633086149239e+01 -2.203125000000000000e+00
1.173747406396882553e+01 -2.724609375000000000e+00
1.181006744246701601e+01 -1.476562500000000000e+00
1.188403343887148367e+01 -5.468750000000000000e-02
1.196129045383625567e+01 -3.078125000000000000e+00
1.203409269750492427e+01 -1.927734375000000000e+00
1.210461398373240627e+01 -6.718750000000000000e-01
1.217712466552703887e+01 -3.867187500000000000e-01
1.224828758504822446e+01 -6.640625000000000000e-02
1.232089246342661681e+01 8.203125000000000000e-02
1.239510533797995606e+01 -3.050781250000000000e+00
1.247213648482053117e+01 -3.037109375000000000e+00
1.254565526907686035e+01 -6.289062500000000000e-01
1.261652137778735749e+01 1.123046875000000000e+00
1.268854228243146309e+01 -2.912109375000000000e+00
1.276251819186545333e+01 1.238281250000000000e+00
1.283988508301325737e+01 -7.226562500000000000e-01
1.291204715435406314e+01 -6.796875000000000000e-01
1.298299531968135057e+01 -6.328125000000000000e-01
1.305648001972008387e+01 9.375000000000000000e-01
1.312667735861261065e+01 2.070312500000000000e-01
1.319951098836759229e+01 -2.250000000000000000e+00
1.327058490550923864e+01 -1.140625000000000000e+00
1.335080885793925631e+01 -2.093750000000000000e+00
1.342303112605171833e+01 -1.871093750000000000e+00
1.349444829130025880e+01 1.089843750000000000e+00
1.356701293504592343e+01 -1.117187500000000000e+00
1.363770056538937325e+01 -9.199218750000000000e-01
1.371049939927038253e+01 -7.070312500000000000e-01
1.378483941044802918e+01 -1.222656250000000000e+00
1.386173856203676280e+01 1.753906250000000000e+00
1.393480494717222484e+01 2.875000000000000000e+00
1.400548637953483677e+01 1.007812500000000000e+00
1.407798212550989803e+01 2.968750000000000000e-01
1.415206590235429474e+01 7.734375000000000000e-01
1.422941371955010936e+01 9.179687500000000000e-01
1.429858516564056004e+01 2.873046875000000000e+00
1.437257179768347726e+01 -7.167968750000000000e-01
1.444562717451334777e+01 7.812500000000000000e-01
1.451630019074304556e+01 -8.281250000000000000e-01
1.458895305638293394e+01 5.703125000000000000e-01
1.466324152380881429e+01 7.812500000000000000e-01
1.474037180605445485e+01 -2.703125000000000000e+00
1.481299907956137218e+01 2.773437500000000000e-01
1.488408607784089810e+01 1.691406250000000000e+00
1.495644912769638779e+01 -1.292968750000000000e+00
1.502689051791331565e+01 -1.144531250000000000e+00
1.509994430984956892e+01 -1.542968750000000000e+00
1.517430376891106647e+01 -1.679687500000000000e-01
1.525120501083655711e+01 5.683593750000000000e-01
1.532424079872579625e+01 -2.156250000000000000e+00
1.539446879136828983e+01 -2.839843750000000000e+00
1.546727090788625958e+01 -1.765625000000000000e+00
1.554161448974154780e+01 -6.757812500000000000e-01
1.561901945662771141e+01 -1.152343750000000000e+00
1.569087339525604818e+01 1.718750000000000000e-01
1.576203797524505745e+01 -1.037109375000000000e+00
1.583417957179066349e+01 -2.763671875000000000e+00
1.590593658630612595e+01 -7.812500000000000000e-02
1.597721388045560076e+01 -3.242187500000000000e-01
1.605268985986737107e+01 2.363281250000000000e-01
1.612983455259904986e+01 1.140625000000000000e+00
1.620300510261660776e+01 -5.097656250000000000e-01
1.627372225125080263e+01 2.855468750000000000e+00
1.634563614175144153e+01 1.830078125000000000e+00
1.641719289253894942e+01 -5.117187500000000000e-01
1.648938782856716756e+01 2.343750000000000000e-01
1.656952598775124841e+01 -3.710937500000000000e-01
1.664069538383400015e+01 7.812500000000000000e-01
1.671288724545905779e+01 -3.007812500000000000e-01
1.678409193698699653e+01 1.714843750000000000e+00
1.685592127595322154e+01 -2.996093750000000000e+00
1.693116371764590156e+01 -1.550781250000000000e+00
1.700845200491605169e+01 2.480468750000000000e-01
1.708050011295227222e+01 -7.226562500000000000e-01
1.715154815774066321e+01 1.558593750000000000e+00
1.722480298553568900e+01 -9.296875000000000000e-01
1.729512804287964656e+01 1.373046875000000000e+00
1.736714197959091877e+01 -1.048828125000000000e+00
1.744224023266542645e+01 1.367187500000000000e+00
1.751934209254094554e+01 1.597656250000000000e+00
1.759228769961045202e+01 3.242187500000000000e-01
1.766291414111487512e+01 2.134765625000000000e+00
1.773547178160226423e+01 1.009765625000000000e+00
1.780594217841002802e+01 1.800781250000000000e+00
1.787900348205589296e+01 1.867187500000000000e+00
1.795902470729662070e+01 1.421875000000000000e+00
1.803021024824325735e+01 9.101562500000000000e-01
1.810341859997720348e+01 2.695312500000000000e+00
1.817350750985734464e+01 8.789062500000000000e-01
1.824539600963493058e+01 1.875000000000000000e+00
1.832092821052174259e+01 1.847656250000000000e+00
1.839800510005430567e+01 1.734375000000000000e+00
1.846993599928279650e+01 2.027343750000000000e+00
1.854106149431523676e+01 3.236328125000000000e+00
1.861356395773047012e+01 1.253906250000000000e+00
1.868454274363188716e+01 4.824218750000000000e-01
1.875711542340724947e+01 1.855468750000000000e+00
1.883190232819439558e+01 3.964843750000000000e+00
1.890887432143923519e+01 2.535156250000000000e+00
1.898094073332416798e+01 1.687500000000000000e+00
1.905232903964583357e+01 2.058593750000000000e+00
1.912474992513160998e+01 2.812500000000000000e+00
1.919579670603132371e+01 2.460937500000000000e+00
1.926874164124885169e+01 3.042968750000000000e+00
1.934858632504798948e+01 2.148437500000000000e+00
1.941973225931350555e+01 8.632812500000000000e-01
1.949183824566301837e+01 4.289062500000000000e+00
1.956314338845999856e+01 3.173828125000000000e+00
1.963487264752205874e+01 4.886718750000000000e+00
1.971059112074696174e+01 3.779296875000000000e+00
1.978752280868489777e+01 3.457031250000000000e+00
1.985942994905960290e+01 7.906250000000000000e+00
1.993057590070880991e+01 4.960937500000000000e+00
2.000261840111219414e+01 4.189453125000000000e+00
2.007373893245186025e+01 7.312500000000000000e+00
2.014706563136137163e+01 4.960937500000000000e+00
2.022174809623217584e+01 4.113281250000000000e+00
2.029837961913202093e+01 3.042968750000000000e+00
2.037047874609146447e+01 4.578125000000000000e+00
2.044152581409672109e+01 4.089843750000000000e+00
2.051400683098049171e+01 3.619140625000000000e+00
2.058895119427579345e+01 4.328125000000000000e+00
2.066610627135865741e+01 2.003906250000000000e+00
2.073802718810939894e+01 1.238281250000000000e+00
2.080922896158065782e+01 2.394531250000000000e+00
2.088131650428425701e+01 3.132812500000000000e+00
2.095234097331068313e+01 2.574218750000000000e+00
2.102424299792495788e+01 2.058593750000000000e+00
2.110023665460651898e+01 3.041015625000000000e+00
2.117706141642328532e+01 1.785156250000000000e+00
2.124901317616480867e+01 2.871093750000000000e+00
2.132008895703389584e+01 1.730468750000000000e+00
2.139311398583527080e+01 -1.445312500000000000e-01
2.146337376063178937e+01 -7.109375000000000000e-01
2.153632572051869687e+01 3.369140625000000000e+00
2.161130409066069546e+01 1.707031250000000000e+00
2.168790178070620556e+01 -2.884765625000000000e+00
2.175995804837606329e+01 -1.644531250000000000e+00
2.183095074097572308e+01 1.015625000000000000e+00
2.190330557612552553e+01 1.177734375000000000e+00
2.197850280266975176e+01 2.656250000000000000e-01
2.205570045429979587e+01 8.710937500000000000e-01
2.212761932176754698e+01 1.046875000000000000e+00
2.219873812369681332e+01 1.679687500000000000e-01
2.227079647176600474e+01 -5.859375000000000000e-02
2.234179233274543463e+01 7.070312500000000000e-01
2.241413464781081899e+01 -1.460937500000000000e+00
2.248970067941960593e+01 -4.941406250000000000e-01
2.256655383516759628e+01 5.859375000000000000e-02
2.263855139673345462e+01 -2.185546875000000000e+00
2.270959726582867688e+01 1.542968750000000000e+00
2.278222790291182775e+01 7.031250000000000000e-01
2.285282927445003764e+01 -1.261718750000000000e+00
2.292576300118312105e+01 -1.574218750000000000e+00
2.300618880663124344e+01 -1.601562500000000000e+00
2.307739764290366224e+01 2.984375000000000000e+00
2.314972851847134194e+01 1.376953125000000000e+00
2.322062862256060356e+01 1.363281250000000000e+00
2.329304718995116730e+01 -4.171875000000000000e+00
2.336827850158260844e+01 1.386718750000000000e+00
2.344518424250981781e+01 2.228515625000000000e+00
2.351705676087980379e+01 -8.105468750000000000e-01
2.358825495861297838e+01 -1.306640625000000000e+00
2.366055770145332104e+01 -1.677734375000000000e+00
2.373160727931761471e+01 -3.593750000000000000e-01
2.380386642518568863e+01 -2.425781250000000000e+00
2.387925595912717114e+01 1.326171875000000000e+00
2.395606717135875385e+01 -2.203125000000000000e+00
2.402799367414139908e+01 -8.203125000000000000e-01
2.409912177437062297e+01 -2.802734375000000000e+00
2.417165608129870691e+01 -6.875000000000000000e-01
2.424229338644143894e+01 -1.945312500000000000e+00
2.431538641648516830e+01 1.800781250000000000e+00
2.439569552484054782e+01 -9.492187500000000000e-01
2.446691729774816793e+01 -2.283203125000000000e+00
2.453892228046191804e+01 -3.484375000000000000e+00
2.461009272510781187e+01 -3.443359375000000000e+00
2.468195735869397822e+01 -2.929687500000000000e+00
2.475783336167478410e+01 -3.464843750000000000e+00
2.483472926660384417e+01 -3.515625000000000000e+00
2.490657721111526257e+01 -6.015625000000000000e-01
2.497778559145289279e+01 -3.505859375000000000e+00
2.504964672431770367e+01 -1.158203125000000000e+00
2.512082663647369429e+01 -1.628906250000000000e+00
2.519300434993284910e+01 -5.253906250000000000e-01
2.526869834926225167e+01 -7.285156250000000000e-01
2.534553941070531380e+01 -1.445312500000000000e+00
2.541752669764267836e+01 -3.076171875000000000e+00
2.548863639700565642e+01 -4.441406250000000000e+00
2.556060203133114328e+01 -2.273437500000000000e+00
2.563183817821780508e+01 -2.320312500000000000e+00
2.570498632661327321e+01 9.765625000000000000e-02
2.578526312989952629e+01 1.171875000000000000e-01
2.585642869090575857e+01 -6.445312500000000000e-02
2.592840700886466720e+01 -3.218750000000000000e+00
2.599948769328683795e+01 -9.843750000000000000e-01
2.607144237312189716e+01 3.710937500000000000e-01
2.614759237022120431e+01 -2.021484375000000000e+00
2.622421963244326548e+01 -2.210937500000000000e+00
2.629613727622076169e+01 -4.804687500000000000e-01
2.636724777470713832e+01 -1.156250000000000000e+00
2.643924742620896495e+01 -3.160156250000000000e+00
2.651033691466354014e+01 -1.800781250000000000e+00
2.658250116291757337e+01 1.560546875000000000e+00
2.665847982910902658e+01 2.656250000000000000e-01
2.673506659769103067e+01 3.750000000000000000e-01
2.680705280572459515e+01 -1.281250000000000000e+00
2.687814835754751641e+01 1.433593750000000000e+00
2.695029841949591543e+01 -2.636718750000000000e-01
2.702387949771313203e+01 -9.140625000000000000e-01
2.709459123049302320e+01 3.320312500000000000e-01
2.717473588117897521e+01 -1.160156250000000000e+00
2.724593642534224358e+01 3.789062500000000000e-01
2.731789364240415807e+01 -3.125000000000000000e-01
2.738900217678809668e+01 1.117187500000000000e+00
2.746132664171308591e+01 -1.601562500000000000e+00
2.753705683182457875e+01 -6.289062500000000000e-01
2.761374669598941267e+01 1.806640625000000000e+00
2.768569922366754099e+01 3.789062500000000000e-01
2.775678406404900755e+01 -1.064453125000000000e+00
2.782892513734342543e+01 -1.544921875000000000e+00
2.790028136694679972e+01 -3.050781250000000000e+00
2.797214459207170023e+01 1.929687500000000000e+00
2.804803602068689372e+01 -1.890625000000000000e+00
2.812459418649947196e+01 -4.882812500000000000e-02
2.819650892241137541e+01 -4.023437500000000000e-01
2.826763149693348254e+01 4.277343750000000000e-01
2.833954502928921926e+01 -1.966796875000000000e+00
2.841109558512478372e+01 -9.804687500000000000e-01
2.848781488038478926e+01 1.312500000000000000e+00
2.856426309671251573e+01 8.417968750000000000e-01
2.863546749607111508e+01 3.250000000000000000e+00
2.870755210979488226e+01 1.771484375000000000e+00
2.877851670262379002e+01 1.437500000000000000e+00
2.885058446430858936e+01 8.066406250000000000e-01
2.892681724153126055e+01 9.843750000000000000e-01
2.900322454098116509e+01 2.421875000000000000e-01
2.907510938779551424e+01 7.773437500000000000e-01
2.914626142108957652e+01 2.464843750000000000e+00
2.921838183829542146e+01 2.107421875000000000e+00
2.928936017917502710e+01 5.781250000000000000e-01
2.936192065119689687e+01 -1.914062500000000000e+00
2.944288817095831234e+01 2.093750000000000000e+00
2.951409826458753827e+01 3.175781250000000000e+00
2.958603005129720032e+01 -3.125000000000000000e-02
2.965716354823588574e+01 -2.429687500000000000e+00
2.972906580310831259e+01 -3.019531250000000000e+00
2.980051077111791358e+01 -2.929687500000000000e+00
2.988140835187606115e+01 -2.339843750000000000e+00
2.995374306974512280e+01 -7.656250000000000000e-01
3.002491607786126337e+01 -3.125000000000000000e-01
3.009684653071330018e+01 -3.031250000000000000e+00
3.016802055105862479e+01 -1.962890625000000000e+00
3.023990812954747298e+01 -3.406250000000000000e+00
3.031616896387246385e+01 -3.542968750000000000e+00
3.039266911530208404e+01 -3.796875000000000000e+00
3.046461260527967596e+01 -3.306640625000000000e+00
3.053576147894548853e+01 -1.914062500000000000e-01
3.060771471035280911e+01 -3.902343750000000000e+00
3.067887980652511715e+01 -4.933593750000000000e+00
3.075153346461379300e+01 -3.472656250000000000e+00
3.083240243299688643e+01 -3.550781250000000000e+00
3.090360090448071873e+01 -2.677734375000000000e+00
3.097563644827179274e+01 -1.406250000000000000e+00
3.104669162753333467e+01 -1.640625000000000000e+00
3.111866882112818899e+01 -4.296875000000000000e-01
3.119768453764917382e+01 -3.673828125000000000e+00
3.127129767923830173e+01 -3.369140625000000000e+00
3.134326993255336191e+01 -5.957031250000000000e-01
3.141441504385787198e+01 -1.988281250000000000e+00
3.148636433262021228e+01 -8.593750000000000000e-01
3.155754130851045147e+01 -1.847656250000000000e+00
3.162949876004578442e+01 -1.796875000000000000e+00
3.170572506385330058e+01 -1.990234375000000000e+00
3.178222340965933768e+01 9.257812500000000000e-01
3.185410518846502725e+01 -2.722656250000000000e+00
3.192525996659881571e+01 -1.429687500000000000e+00
3.199729645137714584e+01 -1.439453125000000000e+00
3.206845945610837845e+01 -2.558593750000000000e-01
3.214133815265666527e+01 -4.103515625000000000e+00
3.222191603417192596e+01 -1.324218750000000000e+00
3.229310194592968486e+01 -3.808593750000000000e+00
3.236509402227685683e+01 -4.371093750000000000e+00
3.243620232190795605e+01 -3.566406250000000000e+00
3.250820228914234633e+01 -3.546875000000000000e+00
3.258452876791973551e+01 -1.468750000000000000e+00
3.266075656294484020e+01 -2.195312500000000000e+00
3.273280410725514145e+01 -5.376953125000000000e+00
3.280394757606469369e+01 -5.500000000000000000e+00
3.287592420124648385e+01 -3.781250000000000000e+00
3.294703549493923589e+01 -4.435546875000000000e+00
3.301920094720555454e+01 -7.269531250000000000e+00
3.309539499855721090e+01 -3.011718750000000000e+00
3.317175621293923626e+01 -2.037109375000000000e+00
3.324362768797243461e+01 -2.277343750000000000e+00
3.331475677541951086e+01 -4.078125000000000000e+00
3.338670175041210086e+01 -3.339843750000000000e+00
3.346034686123260826e+01 -9.824218750000000000e-01
3.353077182083359986e+01 -4.003906250000000000e+00
3.361143142560425900e+01 -3.529296875000000000e+00
3.368263839102645818e+01 -3.539062500000000000e+00
3.375455212434545871e+01 2.558593750000000000e-01
3.382571153594534508e+01 1.726562500000000000e+00
3.389758448532385415e+01 2.812500000000000000e-01
3.397397122955559468e+01 6.914062500000000000e-01
3.405044755916232191e+01 3.273437500000000000e+00
3.412228263604587397e+01 3.400390625000000000e+00
3.419340844055025741e+01 4.894531250000000000e+00
3.426538236373463775e+01 6.603515625000000000e+00
3.433654695546043456e+01 5.433593750000000000e+00
3.440841474159689284e+01 9.947265625000000000e+00
3.448495111126369750e+01 1.001953125000000000e+01
3.456125470698813018e+01 1.284765625000000000e+01
3.463314087372155825e+01 1.194140625000000000e+01
3.470429122748961248e+01 1.520507812500000000e+01
3.477621266331053818e+01 1.243750000000000000e+01
3.484740851441955556e+01 1.580859375000000000e+01
3.492039761276529930e+01 1.217968750000000000e+01
3.500094784667329861e+01 1.141406250000000000e+01
3.507209027109052357e+01 9.828125000000000000e+00
3.514399990570770882e+01 4.169921875000000000e+00
3.521518436378608641e+01 2.203125000000000000e+00
3.528704258254168735e+01 8.085937500000000000e-01
3.536364105654622847e+01 -2.824218750000000000e+00
3.543967332068783094e+01 -2.306640625000000000e+00
3.551179908324640166e+01 -5.113281250000000000e+00
3.558290265587768886e+01 -4.281250000000000000e+00
3.565484876357393063e+01 -2.896484375000000000e+00
3.572606423289018807e+01 -4.068359375000000000e+00
3.579788564693909336e+01 -1.625000000000000000e+00
3.587450720365571044e+01 -1.328125000000000000e-01
3.595070966043479643e+01 -2.578125000000000000e-01
3.602264097455369551e+01 -6.210937500000000000e-01
3.609374904386418592e+01 7.167968750000000000e-01
3.616568850556817694e+01 1.261718750000000000e+00
3.623950948291835061e+01 1.875000000000000000e+00
3.631771779226492924e+01 2.101562500000000000e+00
3.639045382140645302e+01 6.093750000000000000e-01
3.646154608108331985e+01 3.052734375000000000e+00
3.653350455841740541e+01 7.187500000000000000e-01
3.660467529487858940e+01 5.859375000000000000e-01
3.667653581229633630e+01 -1.068359375000000000e+00
3.675319705405247817e+01 1.875000000000000000e-01
3.682932696979339937e+01 3.128906250000000000e+00
3.690130389158758106e+01 -7.949218750000000000e-01
3.697237547331820195e+01 2.935546875000000000e+00
3.704435897273312861e+01 2.599609375000000000e+00
3.711547582385670552e+01 -4.140625000000000000e-01
3.718738170594039616e+01 1.886718750000000000e+00
3.726122422011183488e+01 2.835937500000000000e+00
3.734020205385516533e+01 3.953125000000000000e+00
3.741215762507881948e+01 2.574218750000000000e+00
3.748328321724098799e+01 3.529296875000000000e+00
3.755533265168576662e+01 4.156250000000000000e+00
3.762642191911347567e+01 3.710937500000000000e-02
3.770714646738871068e+01 1.484375000000000000e+00
3.777982470380665347e+01 3.332031250000000000e+00
3.785104437925386378e+01 1.203125000000000000e+00
3.792303653258305474e+01 3.328125000000000000e+00
3.799417305015585100e+01 1.496093750000000000e+00
3.806616815514660601e+01 -2.968750000000000000e-01
3.814284081348423427e+01 3.726562500000000000e+00
3.821889767036324059e+01 2.109375000000000000e-01
3.829081393051041005e+01 3.105468750000000000e+00
3.836188648718874106e+01 2.246093750000000000e+00
3.843385984107769104e+01 1.566406250000000000e+00
3.850504719926747299e+01 1.394531250000000000e+00
3.857727611595841921e+01 9.609375000000000000e-01
3.865852514422159913e+01 -3.613281250000000000e-01
3.872981917029600396e+01 2.117187500000000000e+00
3.880166054950772292e+01 -7.675781250000000000e-01
3.887265985251865885e+01 6.054687500000000000e-01
3.894471197749405178e+01 -3.125000000000000000e-02
3.901857542785517552e+01 2.031250000000000000e+00
3.909714221039183002e+01 -1.019531250000000000e+00
3.916947102655198165e+01 1.562500000000000000e+00
3.924053437614841755e+01 4.296875000000000000e-02
3.931254288240555894e+01 -7.949218750000000000e-01
3.938373946722551722e+01 -1.345703125000000000e+00
3.945556422438855293e+01 2.527343750000000000e+00
3.953248300107631508e+01 -7.070312500000000000e-01
3.960816684272511168e+01 -1.726562500000000000e+00
3.968032214354629161e+01 1.519531250000000000e+00
3.975128570851807552e+01 -1.792968750000000000e+00
3.982341494183957309e+01 -1.796875000000000000e+00
3.989455384611267164e+01 -6.660156250000000000e-01
3.996690053615752447e+01 -1.914062500000000000e+00
4.004798525797824738e+01 -1.955078125000000000e+00
4.011918172040807917e+01 -5.000000000000000000e-01
4.019116752638823442e+01 -2.853515625000000000e+00
4.026221728991279747e+01 -2.285156250000000000e+00
4.033425026066792185e+01 -2.986328125000000000e+00
4.041088524265038728e+01 -5.501953125000000000e+00
4.048656560090028478e+01 -1.796875000000000000e-01
4.055897859814380269e+01 -1.035156250000000000e+00
4.062991147432108363e+01 -1.964843750000000000e+00
4.070205949713509597e+01 -3.345703125000000000e+00
4.077316373983548203e+01 -2.531250000000000000e+00
4.084510289579634446e+01 -1.820312500000000000e+00
4.092195008340686257e+01 -3.308593750000000000e+00
4.099758817047047899e+01 -3.699218750000000000e+00
4.106982732522104840e+01 -2.267578125000000000e+00
4.114074031603154680e+01 4.355468750000000000e-01
4.121289770084874249e+01 -2.804687500000000000e+00
4.128408065978209152e+01 -1.230468750000000000e+00
4.136048226184105658e+01 -4.238281250000000000e-01
4.143726123668456296e+01 1.640625000000000000e+00
4.150853705421246076e+01 -1.652343750000000000e+00
4.158068146077216198e+01 -7.011718750000000000e-01
4.165170448725169194e+01 -7.656250000000000000e-01
4.172375086812277800e+01 -7.500000000000000000e-01
4.180063873041844857e+01 -2.500000000000000000e-01
4.187647427177492432e+01 -3.007812500000000000e+00
4.194846582438481164e+01 -2.441406250000000000e+00
4.201936581923069269e+01 -9.648437500000000000e-01
4.209156530300421650e+01 -1.117187500000000000e+00
4.216269575790128243e+01 -1.332031250000000000e+00
4.223462788429200288e+01 -3.697265625000000000e+00
4.231150426530339104e+01 -2.144531250000000000e+00
4.238716260304641281e+01 -8.359375000000000000e-01
4.245930400306619390e+01 -3.083984375000000000e+00
4.253019454082600959e+01 -2.878906250000000000e+00
4.260240266289502387e+01 -2.613281250000000000e+00
4.267629939931734384e+01 -4.107421875000000000e+00
4.275368934206721860e+01 -3.667968750000000000e+00
4.282706930975405157e+01 -2.964843750000000000e+00
4.289799134405034664e+01 -2.763671875000000000e+00
4.297009772133901606e+01 -3.437500000000000000e+00
4.304119026665924252e+01 3.113281250000000000e+00
4.311332357390811865e+01 -1.992187500000000000e+00
4.319010760646899882e+01 -4.765625000000000000e-01
4.326601810370035395e+01 -3.130859375000000000e+00
4.333788512691103278e+01 -2.476562500000000000e+00
4.340881999306434835e+01 4.824218750000000000e-01
4.348108737068284313e+01 -1.980468750000000000e+00
4.355223348242060410e+01 3.906250000000000000e-03
4.362412656047123960e+01 -3.632812500000000000e+00
4.370114246387353774e+01 -1.656250000000000000e+00
4.377643360793815930e+01 2.812500000000000000e-01
4.384830618035483951e+01 -9.453125000000000000e-01
4.391964860103831114e+01 -1.556640625000000000e+00
4.399190646039160413e+01 -1.228515625000000000e+00
4.406584470489331551e+01 -9.687500000000000000e-01
4.414347669945938435e+01 -3.216796875000000000e+00
4.421629030066907973e+01 -9.062500000000000000e-01
4.428763915548100272e+01 -1.820312500000000000e+00
4.435968231918690208e+01 -1.265625000000000000e+00
4.443079617139655113e+01 -2.347656250000000000e+00
4.450279589744056352e+01 -1.476562500000000000e+00
4.457974602861113311e+01 -3.781250000000000000e+00
4.465503996823470345e+01 -3.382812500000000000e+00
4.472739860850137461e+01 -3.296875000000000000e+00
4.479847850972058154e+01 -1.992187500000000000e+00
4.487061101684409437e+01 -7.812500000000000000e-01
4.494173034444310133e+01 -1.074218750000000000e+00
4.501367971227185905e+01 -2.367187500000000000e+00
4.509069467951891852e+01 -3.976562500000000000e+00
4.516628268072875585e+01 -2.558593750000000000e+00
4.523811898128337816e+01 -1.031250000000000000e+00
4.530931774464173145e+01 -1.902343750000000000e+00
4.538146571812282559e+01 -1.882812500000000000e+00
4.545259655931206311e+01 -1.355468750000000000e+00
4.553325402847193004e+01 -4.292968750000000000e+00
4.560615430049386987e+01 -9.609375000000000000e-01
4.567712175779072936e+01 -2.238281250000000000e+00
4.574919210913088818e+01 -2.656250000000000000e+00
4.582022077776260716e+01 -9.843750000000000000e-01
4.589232051450559879e+01 -2.527343750000000000e+00
4.596935510675803727e+01 -1.322265625000000000e+00
4.604492525732260333e+01 -6.210937500000000000e-01
4.611652135408878195e+01 -1.519531250000000000e+00
4.618772699931064807e+01 -2.906250000000000000e+00
4.626013611586856200e+01 -7.304687500000000000e-01
4.633125015978205141e+01 -7.167968750000000000e-01
4.640319811545491291e+01 1.128906250000000000e+00
4.648024645360098361e+01 -4.453125000000000000e-01
4.655576375649164333e+01 -5.117187500000000000e-01
4.662753649171213510e+01 -1.843750000000000000e+00
4.669879845299786325e+01 1.511718750000000000e+00
4.677098856489920564e+01 -7.812500000000000000e-01
4.684490316383169528e+01 -3.750000000000000000e-01
4.692268529569926727e+01 -6.250000000000000000e-01
4.699566557706151571e+01 -1.335937500000000000e+00
4.706635187744682725e+01 -6.914062500000000000e-01
4.713873857477823748e+01 -8.476562500000000000e-01
4.720982427255720637e+01 -1.269531250000000000e-01
4.728180223307576568e+01 -6.132812500000000000e-01
4.735885146089903941e+01 -7.988281250000000000e-01
4.743440560583169940e+01 -7.109375000000000000e-01
4.750593686275608007e+01 -8.691406250000000000e-01
4.757744039640149936e+01 1.089843750000000000e+00
4.764955371417767083e+01 1.179687500000000000e+00
4.772077588401349146e+01 -1.585937500000000000e+00
4.779270217559130174e+01 1.406250000000000000e+00
4.786985194260894616e+01 4.140625000000000000e-01
4.794497665360318450e+01 -1.281250000000000000e+00
4.801695330632651348e+01 -9.843750000000000000e-01
4.808827823713275507e+01 1.363281250000000000e+00
4.816046225142509485e+01 -7.382812500000000000e-01
4.823724072353616066e+01 -6.132812500000000000e-01
4.831145852052372902e+01 -1.496093750000000000e+00
4.838495258107436570e+01 1.445312500000000000e+00
4.845615202197719640e+01 4.335937500000000000e-01
4.852824434761809158e+01 -1.707031250000000000e+00
4.859939965254218208e+01 -8.027343750000000000e-01
4.867131119712452403e+01 1.800781250000000000e+00
4.874840346187456674e+01 -6.718750000000000000e-01
4.882395589758149157e+01 -5.097656250000000000e-01
4.889576806063055159e+01 -1.953125000000000000e-01
4.896699067691357499e+01 -8.750000000000000000e-01
4.903909647320055143e+01 1.113281250000000000e-01
4.911024360501235009e+01 1.970703125000000000e+00
4.918245259922397850e+01 3.867187500000000000e-01
4.926293454031691965e+01 2.523437500000000000e+00
4.933442951220927597e+01 9.003906250000000000e-01
4.940658334333206625e+01 -1.386718750000000000e-01
4.947775639680097015e+01 -3.046875000000000000e-01
4.954994890786932871e+01 -1.078125000000000000e+00
4.962690319302024733e+01 -4.726562500000000000e-01
4.970192693517681448e+01 -1.925781250000000000e+00
4.977458452554132862e+01 -2.843750000000000000e+00
4.984563292427397840e+01 -2.042968750000000000e+00
4.991773121302270511e+01 -7.617187500000000000e-01
4.998880100171144392e+01 -1.281250000000000000e+00
5.006080155063049375e+01 5.742187500000000000e-01
5.013808633921333069e+01 -1.679687500000000000e-01
5.021336182971484163e+01 -1.988281250000000000e+00
5.028540023048121554e+01 -8.515625000000000000e-01
5.035608598141111969e+01 -1.781250000000000000e+00
5.042861538766104701e+01 -7.597656250000000000e-01
5.049970231220567030e+01 -2.058593750000000000e+00
5.057952587872364347e+01 -7.265625000000000000e-01
5.065275698402115268e+01 1.375000000000000000e+00
5.072419863795860806e+01 -3.554687500000000000e-01
5.079600036359047266e+01 -2.298828125000000000e+00
5.086723293294838300e+01 2.429687500000000000e+00
5.093950266406194771e+01 4.347656250000000000e+00
5.101656317110003158e+01 3.281250000000000000e-01
5.109200097612395552e+01 3.195312500000000000e+00
5.116357118126620662e+01 1.308593750000000000e+00
5.123503512687514672e+01 1.085937500000000000e+00
5.130731776856431736e+01 3.671875000000000000e+00
5.137828691626990718e+01 3.546875000000000000e+00
5.145028597393996961e+01 3.679687500000000000e+00
5.152758356238743431e+01 3.511718750000000000e+00
5.160283740694924859e+01 5.410156250000000000e+00
5.167460207950139051e+01 2.664062500000000000e+00
5.174553851160595030e+01 3.742187500000000000e+00
5.181809940485567267e+01 5.296875000000000000e+00
5.189215436596867193e+01 3.626953125000000000e+00
5.196996615590258273e+01 3.511718750000000000e+00
5.204238871259953925e+01 4.171875000000000000e+00
5.211375268950856565e+01 2.355468750000000000e+00
5.218541676627287274e+01 3.470703125000000000e+00
5.225670784719025619e+01 2.417968750000000000e+00
5.232898942964769873e+01 4.097656250000000000e+00
5.240626895082502301e+01 1.824218750000000000e+00
5.248147562819852396e+01 -1.585937500000000000e+00
5.255298608316957143e+01 3.050781250000000000e+00
5.262450971201090510e+01 5.039062500000000000e-01
5.269660707283195933e+01 3.423828125000000000e+00
5.276792137085918455e+01 -1.621093750000000000e+00
5.283990202438573647e+01 9.414062500000000000e-01
5.291713240233772808e+01 6.406250000000000000e-01
5.299239247299689026e+01 2.845703125000000000e+00
5.306359320204575880e+01 3.894531250000000000e+00
5.313534548625378306e+01 2.410156250000000000e+00
5.320765391904940600e+01 3.105468750000000000e-01
5.327876491022958305e+01 1.941406250000000000e+00
5.335842502219543348e+01 1.464843750000000000e+00
5.343158625140063123e+01 8.359375000000000000e-01
5.350278696274977364e+01 1.171875000000000000e+00
5.357461424995130983e+01 2.769531250000000000e+00
5.364626355794958812e+01 2.382812500000000000e-01
5.371827485713742334e+01 3.500000000000000000e+00
5.379574181514080777e+01 -1.503906250000000000e-01
5.387094866117607239e+01 3.914062500000000000e+00
5.394261899930429394e+01 2.259765625000000000e+00
5.401398257851454332e+01 2.054687500000000000e+00
5.408628451016141980e+01 2.898437500000000000e+00
5.415736984054731096e+01 2.273437500000000000e+00
5.422936616205792149e+01 2.113281250000000000e+00
5.430827329121806457e+01 -5.292968750000000000e-01
5.438178390223677638e+01 -1.316406250000000000e+00
5.445321418208482100e+01 2.710937500000000000e+00
5.452444301198334387e+01 1.320312500000000000e+00
5.459711025892167413e+01 9.296875000000000000e-01
5.466825828549677624e+01 1.332031250000000000e+00
5.474882950584658658e+01 -4.296875000000000000e-02
5.482100020056827816e+01 1.199218750000000000e+00
