#Time Flux
-5.784169849678465880e+01 -3.184082031250000000e+00
-5.760900178641196590e+01 1.722656250000000000e+00
-5.737360033819169303e+01 -1.798828125000000000e+00
-5.714610659842117002e+01 -3.762695312500000000e+00
-5.691122140829770615e+01 -1.832519531250000000e+00
-5.667885745203494707e+01 -2.469726562500000000e+00
-5.645298322078247111e+01 -9.072265625000000000e-01
-5.621650322606524242e+01 -1.341308593750000000e+00
-5.598695050105882842e+01 -5.322265625000000000e-01
-5.575659941175661061e+01 -1.122070312500000000e+00
-5.551299125419404845e+01 -1.270507812500000000e+00
-5.528821054260129131e+01 -2.066406250000000000e+00
-5.506184627594018366e+01 -2.344726562500000000e+00
-5.482706722858870307e+01 -1.171386718750000000e+00
-5.459265005107982915e+01 -4.386230468750000000e+00
-5.436185081730110369e+01 -2.321777343750000000e+00
-5.412587462286307982e+01 -2.613281250000000000e+00
-5.389865686090138297e+01 -4.206054687500000000e+00
-5.367053464409045205e+01 -4.519531250000000000e+00
-5.343451973081681672e+01 -3.339843750000000000e+00
-5.320312086091900028e+01 -5.434570312500000000e+00
-5.296455878235718728e+01 -6.872070312500000000e+00
-5.273517071387942678e+01 -5.060058593750000000e+00
-5.250761026158113509e+01 -7.287109375000000000e+00
-5.227608142326818097e+01 -5.808593750000000000e+00
-5.204174977440550265e+01 -6.800781250000000000e+00
-5.181864884692689088e+01 -2.767578125000000000e+00
-5.157510960474900230e+01 -4.243164062500000000e+00
-5.134704185068392235e+01 -3.237304687500000000e+00
-5.111445670568110700e+01 -2.900390625000000000e-01
-5.088816997531358766e+01 -4.261718750000000000e+00
-5.065094302295875650e+01 -1.986816406250000000e+00
-5.042406428956047648e+01 -2.357910156250000000e+00
-5.019928774619648948e+01 -2.705078125000000000e-01
-4.995762631384411634e+01 -2.348632812500000000e+00
-4.972493115240405359e+01 1.423828125000000000e+00
-4.949408763387486943e+01 2.086425781250000000e+00
-4.926291879106418037e+01 1.592773437500000000e+00
-4.902872608223225370e+01 -6.459960937500000000e-01
-4.879459259240459801e+01 6.098632812500000000e-01
-4.856387989197071420e+01 -7.822265625000000000e-01
-4.833910811197972635e+01 -2.588867187500000000e+00
-4.811433627226767840e+01 3.632812500000000000e-01
-4.786978829425089543e+01 2.701660156250000000e+00
-4.764249950503662490e+01 3.144531250000000000e-01
-4.740993565266921905e+01 1.422851562500000000e+00
-4.716928012542740589e+01 -1.021972656250000000e+00
-4.694587571311177499e+01 1.994140625000000000e+00
-4.670725989503517894e+01 -4.344726562500000000e+00
-4.648026228178815700e+01 -7.226562500000000000e-02
-4.624977304595341820e+01 2.246093750000000000e-02
-4.602183077303220671e+01 1.222167968750000000e+00
-4.578611335849359421e+01 3.657226562500000000e+00
-4.553968055184930108e+01 1.219726562500000000e+00
-4.531777528083586049e+01 8.632812500000000000e-01
-4.508824787339116824e+01 2.746093750000000000e+00
-4.485900871329823758e+01 8.046875000000000000e-01
-4.462303307726216417e+01 4.690429687500000000e+00
-4.439597439983873528e+01 4.115722656250000000e+00
-4.416429521991841511e+01 3.014648437500000000e+00
-4.392829086701641472e+01 1.386718750000000000e+00
-4.370064397526846278e+01 3.470703125000000000e+00
-4.346639410163857065e+01 2.823730468750000000e+00
-4.323687903707971714e+01 3.075195312500000000e+00
-4.300397881655598553e+01 1.041015625000000000e+00
-4.276536506332911358e+01 3.251953125000000000e-01
-4.253700631359038198e+01 2.648437500000000000e+00
-4.230922260748783970e+01 3.111328125000000000e+00
-4.207696001733506819e+01 4.276367187500000000e+00
-4.184590045530774205e+01 3.361328125000000000e+00
-4.161446634032844827e+01 5.804199218750000000e+00
-4.138224302858520787e+01 4.854980468750000000e+00
-4.114745094262411840e+01 3.347656250000000000e+00
-4.091971011734867147e+01 4.055664062500000000e+00
-4.068432893819698393e+01 2.525390625000000000e+00
-4.045267342152305901e+01 5.022460937500000000e+00
-4.022495404076479986e+01 3.319824218750000000e+00
-3.998961034815437188e+01 -5.019531250000000000e-01
-3.975789581094954883e+01 -1.582031250000000000e+00
-3.953019786265949165e+01 -1.473632812500000000e+00
-3.929139557384812065e+01 -3.370117187500000000e+00
-3.906021583994888147e+01 -3.249511718750000000e+00
-3.883133724866667080e+01 -3.138671875000000000e+00
-3.860762730428069744e+01 -4.232421875000000000e+00
-3.836441798209997955e+01 -6.432128906250000000e+00
-3.813662118285748193e+01 -1.733398437500000000e+00
-3.789445360352473813e+01 -6.015136718750000000e+00
-3.767072371526600705e+01 -7.898925781250000000e+00
-3.744836125652756209e+01 -5.093261718750000000e+00
-3.720315169524502608e+01 -2.667968750000000000e+00
-3.697396850598062201e+01 -2.321289062500000000e+00
-3.674919027250626868e+01 -2.746093750000000000e+00
-3.650878903176430867e+01 -1.064453125000000000e-01
-3.628322458861191535e+01 -4.902343750000000000e-01
-3.604606624898877953e+01 -1.658203125000000000e+00
-3.581401158411404140e+01 1.403320312500000000e+00
-3.558885654866054438e+01 -1.538085937500000000e-01
-3.535550076069944225e+01 -9.536132812500000000e-01
-3.511887206667626060e+01 -1.555664062500000000e+00
-3.490596114981258324e+01 -6.489257812500000000e-01
-3.465705983778892119e+01 -1.258789062500000000e+00
-3.442376834019785292e+01 2.988281250000000000e-01
-3.419899914439417898e+01 2.465820312500000000e+00
-3.395379633263917185e+01 2.651367187500000000e+00
-3.372935332241496553e+01 1.969238281250000000e+00
-3.350425805615930130e+01 7.412109375000000000e-01
-3.327534179335390263e+01 1.500976562500000000e+00
-3.303428640413301309e+01 -5.927734375000000000e-01
-3.280743376218023855e+01 -1.961914062500000000e+00
-3.256722520205477167e+01 -5.658691406250000000e+00
-3.233954608156170707e+01 -4.675781250000000000e+00
-3.211057950510922865e+01 -4.484375000000000000e+00
-3.187248366192471849e+01 -5.155761718750000000e+00
-3.164480615574109379e+01 -5.565429687500000000e+00
-3.141180912968434313e+01 -5.619140625000000000e+00
-3.117774200384411643e+01 -9.028320312500000000e-01
-3.095057092253932751e+01 -5.324218750000000000e+00
-3.071706627117987409e+01 -3.212402343750000000e+00
-3.048300052713130981e+01 -3.141113281250000000e+00
-3.025556067168901109e+01 -5.951171875000000000e+00
-3.001838070006778025e+01 -2.854492187500000000e+00
-2.978825898144970097e+01 -5.776855468750000000e+00
-2.955843110569921350e+01 -7.161132812500000000e+00
-2.932366658421523198e+01 -7.624023437500000000e+00
-2.909351756617871843e+01 -6.131347656250000000e+00
-2.886367599396552919e+01 -7.436523437500000000e+00
-2.862895333891646032e+01 -5.255859375000000000e+00
-2.839877623079775049e+01 -5.780273437500000000e+00
-2.817111227893735759e+01 -4.529296875000000000e+00
-2.792880405149372791e+01 -3.010253906250000000e+00
-2.770403477478140530e+01 -1.644531250000000000e+00
-2.747637463263788504e+01 3.906250000000000000e-03
-2.723952644552190350e+01 -2.952148437500000000e+00
-2.700669094877025600e+01 1.455078125000000000e-01
-2.678177391512900840e+01 1.714843750000000000e+00
-2.654338052257074310e+01 4.134765625000000000e+00
-2.631179150259805510e+01 3.500976562500000000e+00
-2.608465655080735246e+01 6.534179687500000000e+00
-2.584169964926957164e+01 4.875000000000000000e+00
-2.561703507595331075e+01 8.427734375000000000e+00
-2.538990192606806318e+01 8.368652343750000000e+00
-2.515396156208728939e+01 6.950195312500000000e+00
-2.492219584444217162e+01 9.720703125000000000e+00
-2.468915099932951307e+01 8.218261718750000000e+00
-2.445509749684316603e+01 1.147412109375000000e+01
-2.422746014566189388e+01 9.037109375000000000e+00
-2.399440833241919790e+01 1.312353515625000000e+01
-2.376035624626712206e+01 1.080859375000000000e+01
-2.353272484035812795e+01 1.224121093750000000e+01
-2.329601168581137927e+01 9.922851562500000000e+00
-2.306561502106234229e+01 7.873535156250000000e+00
-2.283798992831259511e+01 1.128027343750000000e+01
-2.260130003167722634e+01 8.022460937500000000e+00
-2.237087382058854246e+01 5.146484375000000000e+00
-2.214325808271473761e+01 5.644531250000000000e+00
-2.191018031079170214e+01 8.612304687500000000e+00
-2.167326263807422038e+01 5.460937500000000000e+00
-2.144848232484014261e+01 4.112304687500000000e+00
-2.121817409886745054e+01 2.292968750000000000e+00
-2.098429601294617441e+01 3.565429687500000000e+00
-2.075139549712193343e+01 3.237792968750000000e+00
-2.051575688910955364e+01 2.316894531250000000e+00
-2.028670488992554510e+01 1.659179687500000000e+00
-2.005893141071078389e+01 9.384765625000000000e-01
-1.982558937501539731e+01 -1.660156250000000000e-02
-1.959488226367818697e+01 -3.613281250000000000e-02
-1.935910797772413616e+01 -2.872558593750000000e+00
-1.912633931384110042e+01 -2.615234375000000000e+00
-1.889181066121230401e+01 -1.404785156250000000e+00
-1.866091450402177543e+01 -3.686035156250000000e+00
-1.843163066027912578e+01 -2.002929687500000000e+00
-1.819703574757798492e+01 -1.270019531250000000e+00
-1.796930818595166102e+01 -1.531250000000000000e+00
-1.773551914463303092e+01 -2.159179687500000000e+00
-1.750461133588191842e+01 -2.505859375000000000e+00
-1.727458095312641717e+01 -2.953125000000000000e+00
-1.705008305978009275e+01 -1.381835937500000000e+00
-1.680748595971593318e+01 -2.470703125000000000e-01
-1.658010426285801486e+01 -2.110351562500000000e+00
-1.634454943299991214e+01 -3.417968750000000000e-02
-1.610989018660649208e+01 -3.381835937500000000e+00
-1.588203998827316354e+01 -3.603027343750000000e+00
-1.564842987361168980e+01 -3.223144531250000000e+00
-1.542028762827771970e+01 -2.545898437500000000e+00
-1.518732111091753723e+01 -3.662109375000000000e+00
-1.495668922695756464e+01 -3.639648437500000000e+00
-1.472596648321894008e+01 -4.930664062500000000e+00
-1.448953617201476618e+01 -3.876953125000000000e+00
-1.425899179417081086e+01 -6.612304687500000000e+00
-1.403073938588727287e+01 -4.358398437500000000e+00
-1.379788290545707241e+01 -5.462402343750000000e+00
-1.356727351638244272e+01 -4.243164062500000000e+00
-1.333361145312440499e+01 -5.276367187500000000e+00
-1.310316362093885800e+01 -5.938964843750000000e+00
-1.287396260558810468e+01 -3.241210937500000000e+00
-1.263648139578918972e+01 -9.355468750000000000e-01
-1.240704727758938475e+01 -2.851074218750000000e+00
-1.217119795277335470e+01 -1.188476562500000000e+00
-1.194160968643592469e+01 -3.468261718750000000e+00
-1.171070132169842282e+01 -3.157226562500000000e+00
-1.147406711406941326e+01 -2.299804687500000000e+00
-1.124685612654758415e+01 -2.144042968750000000e+00
-1.101016041396121636e+01 -2.815429687500000000e+00
-1.078165129421336133e+01 -1.222656250000000000e+00
-1.055210229392361043e+01 -2.021484375000000000e+00
-1.031544212110145509e+01 9.951171875000000000e-01
-1.008451761147219372e+01 3.111328125000000000e+00
-9.854327686070746495e+00 1.830566406250000000e+00
-9.620723828856512228e+00 3.932617187500000000e+00
-9.387380492965633039e+00 3.481445312500000000e+00
-9.159607597359126885e+00 5.234375000000000000e+00
-8.922939097605990355e+00 4.933593750000000000e+00
-8.694977374379078583e+00 5.493164062500000000e+00
-8.464871371408889900e+00 4.542480468750000000e+00
-8.234363031799034616e+00 5.216796875000000000e+00
-7.997858078217916500e+00 7.184570312500000000e+00
-7.770129241395125064e+00 6.051757812500000000e+00
-7.539653706262356536e+00 6.290039062500000000e+00
-7.307788234631289015e+00 8.647460937500000000e+00
-7.075387034623645377e+00 5.605468750000000000e+00
-6.844944088297665985e+00 7.543945312500000000e+00
-6.608421780824130565e+00 7.350585937500000000e+00
-6.377797220683703472e+00 8.415039062500000000e+00
-6.144033742685564903e+00 4.454101562500000000e+00
-5.913687651322391048e+00 4.318359375000000000e+00
-5.688715659705223970e+00 5.454101562500000000e+00
-5.445985994209905812e+00 5.582031250000000000e+00
-5.221212967174352571e+00 4.627441406250000000e+00
-4.982460194603277159e+00 4.541503906250000000e+00
-4.751232864676268264e+00 1.140136718750000000e+00
-4.524080075198810391e+00 2.549316406250000000e+00
-4.290863008238261500e+00 2.980468750000000000e+00
-4.058709366419634534e+00 2.168945312500000000e+00
-3.823727362879424163e+00 2.628906250000000000e+00
-3.596152322745069796e+00 4.107421875000000000e+00
-3.359513932904803823e+00 5.131835937500000000e+00
-3.134387773488299445e+00 3.484375000000000000e+00
-2.902852014534374803e+00 1.764160156250000000e+00
-2.669167618723577107e+00 -3.681640625000000000e-01
-2.435550210963441486e+00 -2.197265625000000000e-02
-2.200449959297543501e+00 -3.027343750000000000e-02
-1.969613988764933765e+00 -1.166992187500000000e+00
-1.739607369515567825e+00 8.144531250000000000e-01
-1.508873000182006763e+00 1.279296875000000000e-01
-1.277465309426617068e+00 2.966308593750000000e+00
-1.047478235097742072e+00 5.859375000000000000e-03
-8.141557359425632967e-01 2.052734375000000000e+00
-5.827115463644361171e-01 2.139160156250000000e+00
-3.501945260606476040e-01 9.599609375000000000e-01
-1.225961795279317812e-01 -2.900390625000000000e-01
1.172361469687075441e-01 1.180175781250000000e+00
3.490950962595604778e-01 1.000976562500000000e+00
5.820230608851204579e-01 1.519531250000000000e+00
8.094959409669968409e-01 6.943359375000000000e-01
1.040643057740879840e+00 -1.972167968750000000e+00
1.278880817480683163e+00 -3.137695312500000000e+00
1.506719934066268252e+00 -1.236328125000000000e+00
1.739951370391850105e+00 -1.207031250000000000e+00
1.971531266358368839e+00 -2.159667968750000000e+00
2.201461746666382169e+00 -5.604492187500000000e+00
2.431493113923465899e+00 -4.521484375000000000e+00
2.666285587864848594e+00 -4.625976562500000000e+00
2.896203589032438686e+00 -4.493164062500000000e+00
3.126206043671231782e+00 -3.144531250000000000e+00
3.363099876441708602e+00 -1.370117187500000000e+00
3.590945461499131852e+00 -2.005371093750000000e+00
3.828127984321042732e+00 1.039062500000000000e+00
4.045679486451376761e+00 8.691406250000000000e-01
4.287990201902005083e+00 -5.673828125000000000e-01
4.522006077951232328e+00 -1.425781250000000000e+00
4.750948621071501066e+00 1.816406250000000000e-01
4.982696058203885059e+00 -2.480468750000000000e-01
5.216726169867911267e+00 -3.560546875000000000e+00
5.443284029863434625e+00 3.002929687500000000e+00
5.677401869562174852e+00 3.249023437500000000e+00
5.908253210024327018e+00 1.350097656250000000e+00
6.142700693194939277e+00 2.728027343750000000e+00
6.375014218196270122e+00 1.172851562500000000e+00
6.608041174297113685e+00 1.923828125000000000e-01
6.842055611411353766e+00 -1.636718750000000000e+00
7.069728627531844722e+00 -3.286132812500000000e+00
7.304786123114325846e+00 -2.125488281250000000e+00
7.532491749926236935e+00 -1.311523437500000000e+00
7.764443429994685175e+00 -4.365234375000000000e+00
7.997574953946468668e+00 -3.621093750000000000e+00
8.227269455720204405e+00 -4.197265625000000000e+00
8.462359259482241214e+00 -4.589355468750000000e+00
8.694296055143212243e+00 -4.016113281250000000e+00
8.921533977581191266e+00 -4.970214843750000000e+00
9.160278363376278321e+00 -5.148437500000000000e+00
9.390994731838588905e+00 -1.692382812500000000e+00
9.618851585899165002e+00 -2.617675781250000000e+00
9.851792933359888593e+00 -3.113281250000000000e+00
1.008380640545234996e+01 -8.408203125000000000e-01
1.031558399983333629e+01 -4.882812500000000000e-02
1.054971398279042205e+01 -1.340820312500000000e+00
1.078048404955887918e+01 -1.193359375000000000e+00
1.100525459869794531e+01 -2.161132812500000000e+00
1.124443143359269470e+01 -8.554687500000000000e-01
1.146278306034230354e+01 -1.458007812500000000e+00
1.170307653273607684e+01 -1.439941406250000000e+00
1.193706559815217361e+01 1.635742187500000000e+00
1.217056473208975831e+01 4.492187500000000000e-01
1.241138067544147816e+01 -1.274414062500000000e+00
1.263499994983766328e+01 -1.890136718750000000e+00
1.286472149923037023e+01 -1.068359375000000000e+00
1.309440671292105662e+01 -1.784179687500000000e+00
1.333162805980683174e+01 -3.284667968750000000e+00
1.356253193766656295e+01 -2.118652343750000000e+00
1.379212868856131990e+01 -2.375000000000000000e+00
1.402944412104960747e+01 6.669921875000000000e-01
1.426208481369405945e+01 -2.084960937500000000e+00
1.448533232603446663e+01 -3.442382812500000000e-01
1.472548300332226745e+01 -1.178710937500000000e+00
1.495026395020494192e+01 -8.125000000000000000e-01
1.518156473894498504e+01 -2.315429687500000000e+00
1.541521605117509353e+01 -3.964843750000000000e-01
1.564675660298576076e+01 1.492675781250000000e+00
1.587947226120252253e+01 6.083984375000000000e-01
1.611183352996610552e+01 2.506347656250000000e+00
1.634149808414417748e+01 2.627929687500000000e+00
1.657418920961447384e+01 8.139648437500000000e-01
1.680658937913628392e+01 1.309570312500000000e+00
1.703623970429521250e+01 3.045898437500000000e+00
1.727209139987564868e+01 2.355468750000000000e+00
1.750388883389422290e+01 2.402343750000000000e+00
1.773098121393536530e+01 1.902343750000000000e+00
1.796362341283622754e+01 4.013671875000000000e+00
1.819610129988447511e+01 5.115234375000000000e+00
1.842572261364671249e+01 -7.001953125000000000e-01
1.865516079684323358e+01 6.140625000000000000e+00
1.889085731774045485e+01 5.016113281250000000e+00
1.911892688729375323e+01 4.409179687500000000e+00
1.935762479646990641e+01 5.192382812500000000e+00
1.958892289270687570e+01 5.777343750000000000e+00
1.981825288931801765e+01 2.141601562500000000e+00
2.005377675544355043e+01 4.192382812500000000e+00
2.028369982382236003e+01 4.982421875000000000e+00
2.051141373964202330e+01 4.933593750000000000e+00
2.074566174884705561e+01 3.290039062500000000e+00
2.097991929470640571e+01 2.682617187500000000e+00
2.121706903047714832e+01 2.712890625000000000e+00
2.144691697772913130e+01 -1.513671875000000000e+00
2.167325311001576438e+01 2.220703125000000000e+00
2.190396199963299750e+01 -3.847656250000000000e-01
2.213986406036653420e+01 -6.938476562500000000e-01
2.236802965672785604e+01 -1.171875000000000000e+00
2.259868411612126238e+01 -3.330078125000000000e+00
2.283462034889177517e+01 -3.561523437500000000e+00
2.306414366037620312e+01 -2.852539062500000000e+00
2.329657999148423642e+01 -4.676269531250000000e+00
2.353117426235229459e+01 -5.648437500000000000e+00
2.375758233617187898e+01 -7.555664062500000000e+00
2.399601475008211082e+01 -5.865722656250000000e+00
2.422592756254715596e+01 -6.543945312500000000e+00
2.445489452733164626e+01 -5.041992187500000000e+00
2.468917801228701592e+01 -6.380859375000000000e+00
2.490917422336221421e+01 -3.912109375000000000e+00
2.514545466382668337e+01 -4.097656250000000000e+00
2.538708165424964136e+01 -3.160156250000000000e+00
2.561628268884777526e+01 -2.797851562500000000e+00
2.584191065777366703e+01 -1.650390625000000000e+00
2.608022094188680740e+01 -2.147460937500000000e+00
2.631018995070888877e+01 -1.374023437500000000e+00
2.653901526177361347e+01 -1.166992187500000000e+00
2.677495573006643781e+01 -4.437500000000000000e+00
2.700896424946114394e+01 -2.021484375000000000e+00
2.723372238158191294e+01 -4.084960937500000000e+00
2.747135625321448060e+01 -3.318359375000000000e+00
2.770057888022819270e+01 -2.616210937500000000e+00
2.793320276797109614e+01 -1.742675781250000000e+00
2.816273527990153980e+01 -9.267578125000000000e-01
2.839445592503733451e+01 1.053710937500000000e+00
2.863268672828883155e+01 -9.921875000000000000e-01
2.886265439387076981e+01 3.051269531250000000e+00
2.908921209161752586e+01 3.183593750000000000e-01
2.931578855728247390e+01 1.265625000000000000e+00
2.955741104031127975e+01 -1.989257812500000000e+00
2.978396855842555624e+01 -1.044921875000000000e-01
3.002560992510029791e+01 -8.886718750000000000e-01
3.025395123230526906e+01 -4.951171875000000000e+00
3.048153148591495665e+01 -5.395507812500000000e+00
3.071859211345480389e+01 -5.111328125000000000e+00
3.094963082506109231e+01 -4.912597656250000000e+00
3.117627296611294696e+01 -5.681152343750000000e+00
3.141332506221777976e+01 -1.254394531250000000e+00
3.164346609015746026e+01 -2.438476562500000000e+00
3.187010810568853003e+01 -2.893554687500000000e+00
3.210987740572659277e+01 -2.927734375000000000e+00
3.233643760925130550e+01 -2.156250000000000000e+00
3.256575578543902338e+01 -3.604492187500000000e+00
3.280463247346256139e+01 -4.049804687500000000e+00
3.303392980063398454e+01 -3.042480468750000000e+00
3.326049727578333659e+01 -2.709472656250000000e+00
3.349752214295193653e+01 -3.161132812500000000e+00
3.372774120157527022e+01 -2.194335937500000000e+00
3.395523867098722803e+01 -1.467285156250000000e+00
3.419414160996734608e+01 2.070312500000000000e-01
3.442346298953015094e+01 3.232910156250000000e+00
3.465075476077328176e+01 7.421875000000000000e+00
3.488507553687406926e+01 4.234375000000000000e+00
3.511822971544205529e+01 3.015625000000000000e+00
3.534472162834913433e+01 5.902343750000000000e+00
3.558364917079074985e+01 6.807617187500000000e+00
3.581397332602745109e+01 6.253906250000000000e+00
3.604973461619113095e+01 7.141601562500000000e+00
3.628536454661372090e+01 6.017578125000000000e+00
3.650943522891952853e+01 6.384277343750000000e+00
3.673664164756925743e+01 6.638183593750000000e+00
3.697315524382634067e+01 4.684570312500000000e+00
3.720417670554138567e+01 5.940429687500000000e+00
3.743915180321084790e+01 6.039062500000000000e+00
3.766971689442013371e+01 4.135253906250000000e+00
3.789891814095585687e+01 6.312011718750000000e+00
3.813386011110299023e+01 3.132812500000000000e+00
3.836447363847489100e+01 4.667480468750000000e+00
3.859365963570576241e+01 3.070312500000000000e+00
3.882856826811359952e+01 1.898437500000000000e+00
3.906104891135299795e+01 2.342773437500000000e+00
3.928896283413342871e+01 2.224609375000000000e+00
3.952030121156224141e+01 4.211914062500000000e+00
3.975581102302356840e+01 2.655273437500000000e+00
3.998314265624117070e+01 3.157226562500000000e+00
4.021798424814653572e+01 2.764648437500000000e+00
4.045260526064038231e+01 3.214843750000000000e+00
4.068020426014342661e+01 6.093261718750000000e+00
4.091689235166472827e+01 5.055664062500000000e+00
4.114737749777367526e+01 6.287109375000000000e+00
4.137113448540657146e+01 5.471191406250000000e+00
4.160739968114387466e+01 4.124023437500000000e+00
4.184259796355377148e+01 4.265625000000000000e+00
4.206964846518755508e+01 3.258789062500000000e+00
4.230823932010841304e+01 9.306640625000000000e-01
4.253692154106346379e+01 -6.552734375000000000e-01
4.276622519975364867e+01 -4.794921875000000000e-01
4.300114226755454183e+01 -2.148437500000000000e+00
4.322962615988916468e+01 -2.643554687500000000e+00
4.345543749133247502e+01 -3.853027343750000000e+00
4.369961366686737847e+01 -4.252929687500000000e+00
4.392682263813162535e+01 -5.334472656250000000e+00
4.416586862921599277e+01 -4.078125000000000000e+00
4.439541740934981817e+01 -9.497070312500000000e-01
4.462123577059054469e+01 -3.385742187500000000e+00
4.485330392861453674e+01 -4.010253906250000000e+00
4.508914265532774834e+01 -5.522460937500000000e+00
4.531203980136430687e+01 -3.038085937500000000e+00
4.554516553759469843e+01 -7.583007812500000000e+00
4.578599879970960274e+01 -7.328125000000000000e+00
4.601513405246089405e+01 -6.045898437500000000e+00
4.624785249061068271e+01 -8.581054687500000000e+00
4.647782688972662868e+01 -6.942871093750000000e+00
4.671270561130461374e+01 -1.186376953125000000e+01
4.694029870468978061e+01 -1.152929687500000000e+01
4.717258565574454110e+01 -1.069238281250000000e+01
4.740267502276989831e+01 -1.108203125000000000e+01
4.763730645480944759e+01 -1.162744140625000000e+01
4.787030980872322061e+01 -7.633789062500000000e+00
4.809211889932564077e+01 -8.289062500000000000e+00
4.833203302931332246e+01 -8.779785156250000000e+00
4.857490264444379591e+01 -7.063476562500000000e+00
4.879212610993860721e+01 -5.375488281250000000e+00
4.902910019618343540e+01 -2.954101562500000000e+00
4.925984940634469922e+01 -6.953125000000000000e-01
4.948462761281069788e+01 -5.156250000000000000e-01
4.972148552365223395e+01 2.112304687500000000e+00
4.995461873285483989e+01 -1.782226562500000000e+00
5.018157856126569527e+01 4.760742187500000000e-01
5.041859137713822747e+01 2.021484375000000000e+00
5.064946964985915656e+01 4.054687500000000000e+00
5.088377993118513132e+01 2.906250000000000000e+00
5.111635750756474295e+01 8.916015625000000000e-01
5.134426624700864750e+01 2.372070312500000000e+00
5.158722917279345666e+01 2.463867187500000000e+00
5.181200702605536890e+01 -7.207031250000000000e-01
5.203895324361997154e+01 -2.441406250000000000e-03
5.227562383039156657e+01 1.737304687500000000e+00
5.250282529220771721e+01 -1.339843750000000000e+00
5.273369646742941086e+01 -5.683593750000000000e-01
5.296789872477268091e+01 -1.847656250000000000e+00
5.320154330525809883e+01 -1.837890625000000000e+00
5.342841214254877968e+01 -5.537109375000000000e-01
5.366507379845978676e+01 3.735351562500000000e-01
5.389733935926619779e+01 1.890625000000000000e+00
5.412317461563338838e+01 1.415039062500000000e+00
5.435979840502085381e+01 1.594726562500000000e+00
5.459308304954612368e+01 2.947265625000000000e+00
5.481791646690885500e+01 1.142089843750000000e+00
5.505452289626526863e+01 3.610839843750000000e+00
5.528788890951523172e+01 5.618164062500000000e+00
5.551934046133339962e+01 1.053222656250000000e+00
5.575177103192459072e+01 8.173828125000000000e-01
5.598156774879521436e+01 2.975585937500000000e+00
5.620646025681816127e+01 1.765625000000000000e+00
5.644651299198653760e+01 4.296875000000000000e-02
5.667947180955653153e+01 1.946289062500000000e+00
5.690620121311815183e+01 4.311523437500000000e+00
5.714125455461385172e+01 3.613281250000000000e-01
5.737121876971758638e+01 4.448242187500000000e-01
5.760094459089316388e+01 8.300781250000000000e-02
5.783599581979274262e+01 1.254882812500000000e+00
5.806492877782119422e+01 8.525390625000000000e-01
5.830596749149322022e+01 2.268554687500000000e+00
5.853492059530952929e+01 2.083007812500000000e+00
5.876075518832766420e+01 6.811523437500000000e-01
5.900491242944525538e+01 -8.027343750000000000e-01
5.923050641692520912e+01 -4.038085937500000000e-01
5.945633023669847717e+01 -7.812500000000000000e-03
5.969544819122734225e+01 8.300781250000000000e-02
5.992604059252045090e+01 9.091796875000000000e-01
6.015134215357346648e+01 -1.036132812500000000e+00
6.038241521307156745e+01 -9.785156250000000000e-01
6.062075962889940683e+01 -1.745117187500000000e+00
6.084610716643027217e+01 -2.114257812500000000e+00
6.108227031944960572e+01 -2.145507812500000000e+00
6.131474186128093606e+01 -4.426269531250000000e+00
6.154275798194194635e+01 -3.937500000000000000e+00
6.177966610861972185e+01 -6.990234375000000000e+00
6.200948744014954173e+01 -5.543945312500000000e+00
6.223939031850034098e+01 -5.418945312500000000e+00
6.247171511486857298e+01 -7.745605468750000000e+00
6.270491888798716218e+01 -8.054687500000000000e+00
6.293226889575581140e+01 -9.475585937500000000e+00
6.316373163605487662e+01 -5.275390625000000000e+00
6.339897969183425630e+01 -5.596191406250000000e+00
6.362516459806164448e+01 -2.454101562500000000e+00
6.386115917299292732e+01 9.365234375000000000e-01
6.409309220719268296e+01 2.321289062500000000e+00
6.431992808750754875e+01 3.258789062500000000e+00
6.456085159446681132e+01 4.145019531250000000e+00
6.478949837679078883e+01 4.634765625000000000e+00
6.502583966868013476e+01 4.052734375000000000e+00
6.525844923910176476e+01 5.774414062500000000e+00
6.548380324473401970e+01 4.423828125000000000e+00
6.571779857293324767e+01 5.311523437500000000e+00
6.595263085006416759e+01 4.677734375000000000e+00
6.617898297247643313e+01 4.638183593750000000e+00
6.641805995841627919e+01 5.971679687500000000e+00
6.664794426313369513e+01 3.417480468750000000e+00
6.687420304814685323e+01 5.314453125000000000e+00
6.710262751146376559e+01 5.168945312500000000e+00
6.734217721525754996e+01 4.144531250000000000e+00
6.756797043554689708e+01 3.766601562500000000e+00
6.780191764940275334e+01 1.388671875000000000e+00
6.803793022962491932e+01 1.181640625000000000e+00
6.826554123162841847e+01 1.852050781250000000e+00
6.849662407467724279e+01 3.049804687500000000e+00
6.873265373111354393e+01 9.394531250000000000e-01
6.895741720102961381e+01 -2.219726562500000000e+00
6.919416596494892246e+01 -2.710937500000000000e+00
6.942693778735178967e+01 -3.990234375000000000e+00
6.965685723240324023e+01 -5.306640625000000000e+00
6.989691512010017505e+01 -4.586914062500000000e+00
7.011888735450790477e+01 -3.699218750000000000e+00
7.034923713407485479e+01 -1.896972656250000000e+00
7.058647218934203238e+01 -3.867675781250000000e+00
7.081604644199950371e+01 -4.380859375000000000e+00
7.104852668890691803e+01 -3.194335937500000000e+00
7.128125076254889336e+01 -3.699218750000000000e+00
7.150842593692462401e+01 -1.753906250000000000e+00
7.174539986399497593e+01 -1.830078125000000000e+00
7.197602615977609730e+01 -1.171875000000000000e+00
7.220627689690883244e+01 -6.835937500000000000e-01
7.244300439390252677e+01 -1.909667968750000000e+00
7.267080162300351276e+01 -1.656250000000000000e+00
7.290552919307535262e+01 -5.034179687500000000e-01
7.312576705052634907e+01 -3.338867187500000000e+00
7.337066470830382059e+01 -2.936523437500000000e+00
7.359572891272256356e+01 -3.420898437500000000e+00
7.382744673322542894e+01 -1.291503906250000000e+00
7.406813537003333181e+01 -6.811523437500000000e-01
7.429290430262196310e+01 5.019531250000000000e-01
7.452012630325782538e+01 2.294921875000000000e-01
7.475512686776289684e+01 -5.625000000000000000e-01
7.498518277512340546e+01 1.483398437500000000e+00
7.522480802647100973e+01 -2.392578125000000000e-01
7.544990155403445442e+01 -2.326171875000000000e+00
7.568238603385768215e+01 -6.240234375000000000e-01
7.591971759309018353e+01 -1.558105468750000000e+00
7.614987312417798648e+01 -2.453125000000000000e+00
7.637606715473037866e+01 -3.115234375000000000e-01
7.661426947611676042e+01 -4.375000000000000000e-01
7.684442133518518858e+01 7.778320312500000000e-01
7.707259854092754381e+01 -8.242187500000000000e-01
7.730922237909618389e+01 9.765625000000000000e-02
7.754006867972179862e+01 8.574218750000000000e-01
7.777106850615257372e+01 -4.516601562500000000e-01
7.800661589317635958e+01 -7.919921875000000000e-01
7.823392595190875909e+01 5.307617187500000000e-01
7.846211150120635125e+01 1.665527343750000000e+00
7.869872612155887737e+01 2.654296875000000000e+00
7.892867877652884090e+01 1.991210937500000000e+00
7.916242496337247303e+01 3.439453125000000000e+00
7.939856454003137287e+01 4.263671875000000000e+00
7.962507678538776190e+01 4.276367187500000000e+00
7.985526589665334996e+01 2.528808593750000000e+00
8.009334086512507156e+01 3.175781250000000000e+00
8.031824873254373642e+01 1.227539062500000000e+00
8.055787982839888173e+01 1.283203125000000000e+00
8.078811710597045703e+01 -5.439453125000000000e-01
8.101458794495800930e+01 8.242187500000000000e-01
8.124291378376813100e+01 -2.075195312500000000e+00
8.148049058342033391e+01 -1.774902343750000000e+00
8.170771069779294749e+01 -2.690429687500000000e+00
8.193767206456698204e+01 -2.306640625000000000e+00
8.217767011647782738e+01 -3.060546875000000000e+00
8.240327418790656111e+01 -1.847656250000000000e+00
8.264245844584439737e+01 -2.786132812500000000e+00
8.287240807775089024e+01 -8.251953125000000000e-01
8.309803971071704609e+01 -2.611328125000000000e+00
8.333720833862099653e+01 1.246582031250000000e+00
8.356718191302411469e+01 -3.901367187500000000e-01
8.380060434527433699e+01 -1.717773437500000000e+00
8.403195789781676694e+01 3.046875000000000000e-01
8.426193681401696267e+01 -7.812500000000000000e-03
8.449362384178550656e+01 1.276367187500000000e+00
8.472670717202419155e+01 -4.555664062500000000e-01
8.495427890396430826e+01 -2.010742187500000000e+00
8.518835873579030249e+01 -1.024902343750000000e+00
8.542194417292864728e+01 -2.832031250000000000e-01
8.565232334052160468e+01 7.329101562500000000e-01
8.588145420173543698e+01 7.929687500000000000e-01
8.611901180363392427e+01 -6.293945312500000000e-01
8.634784505539818156e+01 1.803710937500000000e+00
8.658254934000405001e+01 2.292968750000000000e+00
8.681376487438146228e+01 1.631347656250000000e+00
8.704259729830909009e+01 1.873046875000000000e+00
8.727726692339973624e+01 2.019531250000000000e+00
8.751110484552162916e+01 3.014648437500000000e+00
8.773661736284446988e+01 3.651367187500000000e+00
8.796121650611507903e+01 2.533203125000000000e+00
8.820327140301205304e+01 2.678222656250000000e+00
8.843391198394002117e+01 3.096191406250000000e+00
8.867325165353585703e+01 6.523437500000000000e-01
8.890045359055716290e+01 9.003906250000000000e-01
8.912685156324249647e+01 -7.363281250000000000e-01
8.936141941654540233e+01 -3.295898437500000000e-01
8.959277837239105224e+01 -3.742187500000000000e+00
8.982090997630183438e+01 -3.385742187500000000e+00
9.004637444108328737e+01 -6.776367187500000000e+00
9.028777879549627983e+01 -5.676757812500000000e+00
9.052001087454129902e+01 -2.622070312500000000e+00
9.075466667185975211e+01 -2.541015625000000000e+00
9.098999776335415390e+01 -3.320312500000000000e-01
9.121477416177378927e+01 -3.710937500000000000e-02
9.144941319476930630e+01 -1.241699218750000000e+00
9.167948228693262536e+01 -2.295898437500000000e+00
9.190953759371780052e+01 -2.478515625000000000e+00
9.214487535187743106e+01 -3.406250000000000000e+00
9.237454678783950612e+01 -4.464843750000000000e+00
9.260569382331107136e+01 -4.531250000000000000e+00
9.283890525989846765e+01 -4.360839843750000000e+00
9.306995131920592712e+01 -4.336914062500000000e+00
9.329906567798036576e+01 -4.868164062500000000e+00
9.353898160806988926e+01 -1.520019531250000000e+00
9.376719003347662351e+01 -1.318359375000000000e-02
9.399651145927521156e+01 1.196289062500000000e+00
9.423338143653819543e+01 -7.617187500000000000e-02
9.446007484291720857e+01 -1.120117187500000000e+00
9.469439558231869114e+01 2.922851562500000000e+00
9.492849874678927335e+01 2.270507812500000000e+00
9.515482251758174925e+01 2.518554687500000000e+00
9.538911261506990513e+01 3.216308593750000000e+00
9.562286125582323848e+01 2.177734375000000000e+00
9.584843503768905748e+01 3.054687500000000000e+00
9.608382956871690794e+01 2.853027343750000000e+00
9.631349017661648304e+01 3.267578125000000000e+00
9.654431679948419287e+01 4.916015625000000000e+00
9.678172795816703911e+01 5.808593750000000000e+00
9.701375093593486554e+01 5.655761718750000000e+00
9.723906330487324112e+01 2.918945312500000000e+00
9.747644772946864578e+01 5.222656250000000000e+00
9.770753564939718672e+01 2.149414062500000000e+00
9.793380941910680804e+01 3.452148437500000000e+00
9.817116727621237260e+01 2.192382812500000000e+00
9.840182607884054278e+01 2.841796875000000000e-01
9.863048434247448881e+01 1.301269531250000000e+00
9.886683514763791436e+01 -8.310546875000000000e-01
9.909754259615846195e+01 -1.595703125000000000e+00
9.932330067083483982e+01 6.308593750000000000e-01
9.956454626141757558e+01 6.293945312500000000e-01
9.979181579322016660e+01 1.098632812500000000e+00
1.000241777552994336e+02 2.128906250000000000e-01
1.002612846208692758e+02 7.402343750000000000e-01
1.004875589170744092e+02 -1.604492187500000000e+00
1.007220867278372225e+02 1.489257812500000000e-01
1.009560281950369358e+02 -2.101562500000000000e+00
1.011827642086015544e+02 -2.436523437500000000e+00
1.014168035767650053e+02 -2.800781250000000000e+00
1.016488112828975261e+02 -4.121582031250000000e+00
1.018775081902155648e+02 -2.865234375000000000e+00
1.021115204775012444e+02 -2.148437500000000000e+00
1.023455165823732500e+02 -1.470703125000000000e+00
1.025742467654066843e+02 -3.663574218750000000e+00
1.028020306848254108e+02 3.496093750000000000e-01
1.030402614939201271e+02 3.662109375000000000e-01
1.032669948683421239e+02 1.366210937500000000e+00
1.034873533529070926e+02 4.004882812500000000e+00
1.037362049893196740e+02 8.007812500000000000e-01
1.039637584059504718e+02 4.738769531250000000e+00
1.041915165148663505e+02 1.660156250000000000e-01
1.044317103721866147e+02 4.560546875000000000e-01
1.046585142120433432e+02 -2.325195312500000000e+00
1.049009789132830406e+02 -1.836914062500000000e+00
1.051264524060558756e+02 2.132812500000000000e+00
1.053571489008074877e+02 8.994140625000000000e-01
1.055756565135245069e+02 -1.634277343750000000e+00
1.058205373219022363e+02 -1.895507812500000000e+00
1.060489151855253738e+02 -1.386718750000000000e+00
1.062830227400502281e+02 -1.981445312500000000e+00
1.065159354807789782e+02 -1.226562500000000000e+00
1.067529774629604162e+02 -1.295898437500000000e+00
1.069777384234278088e+02 -6.679687500000000000e-01
1.072127460125606433e+02 -7.714843750000000000e-01
1.074553074531428933e+02 -4.912109375000000000e-01
1.076806478772656988e+02 -6.416015625000000000e-01
1.079075014607346077e+02 -1.722167968750000000e+00
1.081455514574004440e+02 -4.736328125000000000e-02
1.083697352911980261e+02 3.134765625000000000e-01
1.086022568868478686e+02 -3.320312500000000000e-02
1.088339325943268250e+02 4.204101562500000000e-01
1.090682151409098992e+02 1.767578125000000000e+00
1.092970121889278801e+02 2.389160156250000000e+00
1.095196651646353416e+02 4.580078125000000000e-01
1.097629642104628260e+02 2.001953125000000000e-01
1.099892005128855885e+02 -3.074218750000000000e+00
1.102265518431615874e+02 -5.175781250000000000e-02
1.104577138133070662e+02 1.368164062500000000e+00
1.106886704390273053e+02 1.907226562500000000e+00
1.109180697900007999e+02 2.612304687500000000e+00
1.111506249566647000e+02 -1.690429687500000000e+00
1.113834420109561734e+02 -1.477539062500000000e+00
1.116173758855991878e+02 -2.528320312500000000e+00
1.118489167390081889e+02 -1.306640625000000000e+00
1.120760327149231728e+02 8.393554687500000000e-01
1.123121134670553261e+02 1.591796875000000000e-01
1.125427460083139977e+02 -4.453125000000000000e-01
1.127729860448163208e+02 7.529296875000000000e-01
1.130068507556032387e+02 1.436523437500000000e+00
1.132384310163553778e+02 3.026367187500000000e+00
1.134655423799207767e+02 1.872070312500000000e+00
1.137015877523052154e+02 -3.730468750000000000e-01
1.139331878343884341e+02 2.259277343750000000e+00
1.141602972058002763e+02 1.646484375000000000e+00
1.144014475376650921e+02 1.553710937500000000e+00
1.146280322157205660e+02 6.660156250000000000e-01
1.148647849104766010e+02 -1.562500000000000000e-02
1.150961999926919930e+02 2.988281250000000000e+00
1.153226326047512771e+02 8.896484375000000000e-01
1.155594973400532126e+02 2.518554687500000000e+00
1.157873371656381778e+02 5.214843750000000000e-01
1.160220703299420393e+02 -6.542968750000000000e-01
1.162510481566384897e+02 -9.365234375000000000e-01
1.164857060616530475e+02 -1.270507812500000000e+00
1.167122397883237568e+02 -3.720703125000000000e-01
1.169489212872015287e+02 -5.058593750000000000e-01
1.171705276418358608e+02 9.765625000000000000e-01
1.174092960139072659e+02 -1.816406250000000000e-01
1.176436329126902365e+02 1.091796875000000000e+00
1.178769494056297731e+02 -4.468750000000000000e+00
1.181017365963413681e+02 -4.059570312500000000e+00
1.183352017448994502e+02 -3.507812500000000000e+00
1.185708226326676140e+02 -2.878906250000000000e+00
1.188011647479435169e+02 -3.172851562500000000e+00
1.190347063784000170e+02 -3.527832031250000000e+00
1.192664109227941367e+02 -4.178710937500000000e+00
1.194959388496355359e+02 -3.352539062500000000e+00
1.197311153046533718e+02 -4.298828125000000000e+00
1.199594786291680180e+02 -3.592773437500000000e+00
1.201883881263092064e+02 -5.138671875000000000e+00
1.204259688538946023e+02 -5.221679687500000000e+00
1.206560582558155943e+02 -6.246093750000000000e+00
1.208854875883627074e+02 -4.233398437500000000e+00
1.211242163514587560e+02 -5.331054687500000000e+00
1.213507220514886171e+02 -4.708007812500000000e+00
1.215840309885022634e+02 -3.888671875000000000e+00
1.218205768789873105e+02 -2.250976562500000000e+00
1.220479326414751142e+02 -9.521484375000000000e-01
1.222756497775455955e+02 6.152343750000000000e-02
1.225137295124412162e+02 -9.199218750000000000e-01
1.227427074928708919e+02 -2.597656250000000000e-01
1.229703768648589630e+02 -3.994140625000000000e-01
1.232048997479354284e+02 1.230468750000000000e+00
1.234348069804279362e+02 4.833984375000000000e-01
1.236681868575685712e+02 -8.427734375000000000e-01
1.238996556370979079e+02 -1.197265625000000000e+00
1.241299324295757174e+02 -2.735351562500000000e+00
1.243598324807001063e+02 3.125000000000000000e-02
1.245980022658739585e+02 1.565429687500000000e+00
1.248270321377130188e+02 2.857421875000000000e+00
1.250606882731756286e+02 2.397460937500000000e+00
1.252927606630881314e+02 2.800781250000000000e+00
1.255218069685178364e+02 3.597167968750000000e+00
1.257523436879962446e+02 3.280761718750000000e+00
1.259889643161902200e+02 1.857421875000000000e+00
1.262190810477683840e+02 1.628417968750000000e+00
1.264520043118725994e+02 2.283203125000000000e+00
1.266839717268277923e+02 3.551757812500000000e+00
1.269136842785957242e+02 3.064453125000000000e+00
1.271486561248597127e+02 2.620117187500000000e+00
1.273784237684982941e+02 3.838867187500000000e+00
1.276038026023667840e+02 2.001953125000000000e+00
1.278333596310027929e+02 2.174316406250000000e+00
1.280731528765488179e+02 3.916015625000000000e+00
1.283032362428858733e+02 4.760742187500000000e+00
1.285399730434893115e+02 5.101074218750000000e+00
1.287678817074071844e+02 2.590820312500000000e+00
1.290041826796389159e+02 6.277343750000000000e+00
1.292309288649055929e+02 5.682617187500000000e+00
1.294613188305855260e+02 2.815429687500000000e+00
1.296860945182896216e+02 4.940429687500000000e+00
1.299319386379863772e+02 5.503906250000000000e+00
1.301573380436263392e+02 2.176757812500000000e+00
1.303935993125289770e+02 -1.319335937500000000e+00
1.306266831896316489e+02 1.626953125000000000e+00
1.308520656520146872e+02 2.457031250000000000e+00
1.310883073069073816e+02 2.176757812500000000e+00
1.313214276879041336e+02 2.177734375000000000e-01
1.315472271386180978e+02 -2.021484375000000000e-01
1.317830151597320310e+02 1.806640625000000000e-01
1.320161721806396145e+02 -3.287109375000000000e+00
1.322419767366893097e+02 -3.687011718750000000e+00
1.324672129227253095e+02 -5.703125000000000000e+00
1.327109166169209402e+02 -8.707519531250000000e+00
1.329367260489681826e+02 -1.157031250000000000e+01
1.331745424541193756e+02 -1.261669921875000000e+01
1.334176213054399796e+02 -9.688476562500000000e+00
1.336342565986364832e+02 -1.119970703125000000e+01
1.338692714375436594e+02 -3.898437500000000000e+00
1.341009341157065933e+02 -6.755859375000000000e+00
1.343341783319699516e+02 -6.080078125000000000e+00
1.345661549838472411e+02 -4.250000000000000000e+00
1.347967420653873774e+02 -4.964843750000000000e+00
1.350215210156308672e+02 -5.977539062500000000e+00
1.352646277225401832e+02 -9.337890625000000000e+00
1.354915133907485938e+02 -7.725585937500000000e+00
1.357209903916156009e+02 -7.178710937500000000e+00
1.359603457746076742e+02 -3.575195312500000000e+00
1.361856971005774426e+02 -9.370117187500000000e-01
1.364157675722018439e+02 -1.141601562500000000e+00
1.366541559025034189e+02 1.555664062500000000e+00
1.368810555641754831e+02 2.006835937500000000e+00
1.371052160157025241e+02 1.312988281250000000e+00
1.373470360243864832e+02 3.078613281250000000e+00
1.375751922246319623e+02 4.131835937500000000e+00
1.378170183508865136e+02 4.126953125000000000e+00
1.380445183889775649e+02 3.931640625000000000e+00
1.382705966118662104e+02 4.483398437500000000e+00
1.385027143768322162e+02 2.226562500000000000e+00
1.387365491417750434e+02 -7.519531250000000000e-02
1.389646860717340928e+02 -8.554687500000000000e-01
1.392000359948090136e+02 8.427734375000000000e-01
1.394335907292331740e+02 2.361816406250000000e+00
1.396643905420617102e+02 3.767578125000000000e+00
1.398947425542521614e+02 4.265625000000000000e+00
1.401286879333517277e+02 2.926757812500000000e+00
1.403549064883915776e+02 2.243164062500000000e+00
1.405917833339561298e+02 4.552734375000000000e+00
1.408230794976514062e+02 4.801757812500000000e+00
1.410538670195285249e+02 3.494140625000000000e+00
1.412908006463604522e+02 2.650878906250000000e+00
1.415188998480854821e+02 6.816406250000000000e-01
1.417486058272963874e+02 2.651367187500000000e+00
1.419855570029850185e+02 2.029296875000000000e+00
1.422128543659516140e+02 3.852539062500000000e+00
1.424433451814013551e+02 4.172851562500000000e+00
1.426825422033396080e+02 3.895019531250000000e+00
1.429075757961715567e+02 2.869140625000000000e+00
1.431459232284876748e+02 1.043457031250000000e+00
1.433750695757863411e+02 1.602539062500000000e+00
1.436022969897191501e+02 1.693359375000000000e+00
1.438328252300245822e+02 2.997070312500000000e+00
1.440720307579647397e+02 6.489257812500000000e-01
1.442968009419053033e+02 4.251464843750000000e+00
1.445329290213287550e+02 -7.734375000000000000e-01
1.447665742570141560e+02 -2.802734375000000000e+00
1.449926240133656279e+02 -2.204589843750000000e+00
1.452249710860048708e+02 2.949218750000000000e-01
1.454593380496172301e+02 -1.742187500000000000e+00
1.456882775433547863e+02 -3.367187500000000000e+00
1.459196949529175527e+02 -1.043945312500000000e+00
1.461564158379939613e+02 -2.988281250000000000e-01
1.463850329935762318e+02 -1.369628906250000000e+00
1.466170472643882476e+02 -5.205078125000000000e-01
1.468508797524889928e+02 -1.599609375000000000e+00
1.470797878350553844e+02 3.105468750000000000e-01
1.473117533478673522e+02 -6.914062500000000000e-01
1.475458546232063668e+02 3.125000000000000000e-01
1.477725790794208365e+02 1.148437500000000000e+00
1.480089975826238629e+02 -9.174804687500000000e-01
1.482405735358358356e+02 5.556640625000000000e-01
1.484692975174898208e+02 -4.521484375000000000e-01
1.487104093955247777e+02 1.190429687500000000e+00
1.489233562662882377e+02 -1.890625000000000000e+00
1.491711136125470603e+02 1.030273437500000000e+00
1.494010194345822811e+02 -2.695312500000000000e-01
1.496278995828152176e+02 -3.535156250000000000e-01
1.498730983432588175e+02 -1.675781250000000000e+00
1.501020788356033222e+02 -4.843750000000000000e-01
1.503247246302887561e+02 1.380371093750000000e+00
1.505580035899836275e+02 2.630371093750000000e+00
1.507852833228482723e+02 1.781250000000000000e+00
1.510216215750694460e+02 4.847656250000000000e+00
1.512552313795843020e+02 3.780273437500000000e+00
1.514852414942719179e+02 5.511718750000000000e+00
1.517163868072599939e+02 1.896484375000000000e+00
1.519449725769857196e+02 1.245117187500000000e+00
1.521842537018936241e+02 2.936523437500000000e+00
1.524130497482678663e+02 2.664062500000000000e+00
1.526446434510892232e+02 -1.355468750000000000e+00
1.528830313411149007e+02 2.730468750000000000e+00
1.531059165761686813e+02 8.046875000000000000e-01
1.533369071551057914e+02 5.820312500000000000e-01
1.535736630701865124e+02 1.111328125000000000e+00
1.538025606478827001e+02 1.172363281250000000e+00
1.540340555943641903e+02 -1.953125000000000000e-01
1.542685676345689103e+02 1.376953125000000000e-01
1.544943958811511493e+02 1.372558593750000000e+00
1.547314655956950560e+02 -1.795898437500000000e+00
1.549633394137170512e+02 -1.907226562500000000e+00
1.551939350494260452e+02 -1.392578125000000000e+00
1.554309123904395449e+02 -9.033203125000000000e-02
1.556581113197069612e+02 3.896484375000000000e-01
1.558868276322304780e+02 6.313476562500000000e-01
1.561236455022511791e+02 2.604492187500000000e+00
1.563539213415917857e+02 2.462890625000000000e+00
1.565797354626553783e+02 2.832031250000000000e-02
1.568223480033290684e+02 2.288085937500000000e+00
1.570476560949580858e+02 1.578125000000000000e+00
1.572781801906505734e+02 3.283203125000000000e+00
1.575131199184683055e+02 2.879882812500000000e+00
1.577434567650836925e+02 2.833007812500000000e+00
1.579775347149936806e+02 6.445312500000000000e-02
1.582117775998801221e+02 -1.263671875000000000e+00
1.584382243204511269e+02 2.708007812500000000e+00
1.586750330219882130e+02 -3.564453125000000000e-01
1.589064921893029236e+02 -2.114257812500000000e+00
1.591340089338770554e+02 -2.651367187500000000e+00
1.593697542635425748e+02 -1.766113281250000000e+00
1.596012063109762380e+02 -4.048828125000000000e+00
1.598287705271501977e+02 -6.530273437500000000e+00
1.600616538518900143e+02 -6.165039062500000000e+00
1.602963309202239088e+02 -6.039062500000000000e+00
1.605253451409430170e+02 -7.612792968750000000e+00
1.607541455927528204e+02 -6.049316406250000000e+00
1.609925163365498975e+02 -4.805175781250000000e+00
1.612182929288316586e+02 -6.560546875000000000e+00
1.614539167664232195e+02 -4.494140625000000000e+00
1.616862890599120988e+02 -3.844726562500000000e+00
1.619101074162924192e+02 -4.396484375000000000e+00
1.621505370040417517e+02 -6.251464843750000000e+00
1.623830384901809225e+02 -1.572265625000000000e+00
1.626096135676220626e+02 -4.557617187500000000e+00
1.628481239360599204e+02 -5.126953125000000000e+00
1.630758371850213848e+02 -4.145507812500000000e+00
1.633061658588314913e+02 -3.673828125000000000e+00
1.635447260220486783e+02 -5.110351562500000000e+00
1.637715849743201488e+02 -4.434570312500000000e+00
1.640051364143967021e+02 -7.987304687500000000e+00
1.642375698946098339e+02 -3.112792968750000000e+00
1.644663519049483966e+02 -5.124511718750000000e+00
1.646998434394429296e+02 -3.928710937500000000e+00
1.649347656260395070e+02 -3.486328125000000000e+00
1.651452186519502447e+02 -1.392578125000000000e+00
1.654004001392235068e+02 -8.378906250000000000e-01
1.656288626877164347e+02 -1.875976562500000000e+00
1.658558855979410964e+02 -7.294921875000000000e-01
1.660994824840997808e+02 -2.668945312500000000e+00
1.663242523631595304e+02 -1.307617187500000000e+00
1.665515939313333433e+02 -3.009765625000000000e+00
1.667819500737239196e+02 -8.769531250000000000e-01
1.670189957010331909e+02 -1.013183593750000000e+00
1.672481340012695625e+02 -6.171875000000000000e-01
1.674766813825369809e+02 1.055175781250000000e+00
1.677137390014029279e+02 1.980468750000000000e+00
1.679428904605688047e+02 4.927734375000000000e+00
1.681676646164291640e+02 3.319335937500000000e+00
1.684084822141519453e+02 2.072265625000000000e+00
1.686349516676039002e+02 2.783691406250000000e+00
1.688728742283333020e+02 5.425292968750000000e+00
1.691049406248005198e+02 3.078613281250000000e+00
1.693324034062411272e+02 6.433105468750000000e+00
1.695723707099920716e+02 6.982421875000000000e+00
1.698041653160373698e+02 5.475585937500000000e+00
1.700289395550692007e+02 7.711914062500000000e+00
1.702652989142307263e+02 8.404785156250000000e+00
1.704944728969296648e+02 8.650878906250000000e+00
1.707201368331658955e+02 5.452148437500000000e+00
1.709600187503756672e+02 7.962890625000000000e+00
1.711865507004574170e+02 9.641601562500000000e+00
1.714184536350342114e+02 9.436523437500000000e+00
1.716529750441180795e+02 9.902343750000000000e+00
1.718831349912696282e+02 9.321289062500000000e+00
1.721199050558360000e+02 9.973632812500000000e+00
1.723521710161182909e+02 9.736816406250000000e+00
1.725796296580007834e+02 9.834960937500000000e+00
1.728079918234916192e+02 5.656250000000000000e+00
1.730469139707017803e+02 3.830078125000000000e+00
1.732726873901963813e+02 4.185546875000000000e+00
1.735093419968114290e+02 3.280273437500000000e+00
1.737388950570612280e+02 3.609375000000000000e+00
