#Time Flux
-8.394172130011097011e+01 -9.025390625000000000e+00
-8.360104947115991081e+01 -5.089843750000000000e+00
-8.327192134394908862e+01 -2.714843750000000000e+00
-8.292674704967151911e+01 -3.539062500000000000e+00
-8.259538575296033969e+01 -2.687500000000000000e+00
-8.224051398822462033e+01 -4.835937500000000000e+00
-8.192327722707386783e+01 -3.117187500000000000e+00
-8.157968662510816671e+01 -4.425781250000000000e+00
-8.125120931278155467e+01 -1.289062500000000000e+00
-8.091227270187641807e+01 -7.968750000000000000e-01
-8.057463399346352162e+01 1.732421875000000000e+00
-8.023793449792697174e+01 9.414062500000000000e-01
-7.990260733967528495e+01 3.843750000000000000e+00
-7.956505323256004658e+01 3.468750000000000000e+00
-7.923396029076326386e+01 1.859375000000000000e+00
-7.889219149748589643e+01 3.292968750000000000e+00
-7.855547454780088401e+01 2.267578125000000000e+00
-7.822012688356727494e+01 1.207031250000000000e+00
-7.788115780862489146e+01 -4.609375000000000000e-01
-7.754355522004391332e+01 2.855468750000000000e+00
-7.720684131619117352e+01 2.156250000000000000e+00
-7.687608597293774437e+01 1.230468750000000000e+00
-7.654079217429551818e+01 -3.386718750000000000e+00
-7.620417597963472645e+01 -3.367187500000000000e+00
-7.586494946988364063e+01 -1.992187500000000000e+00
-7.552987758087778047e+01 -5.250000000000000000e+00
-7.519213592368049603e+01 -3.798828125000000000e+00
-7.485557933509056738e+01 -2.351562500000000000e+00
-7.451780792211155813e+01 -2.066406250000000000e+00
-7.418263791479392921e+01 -3.625000000000000000e+00
-7.384502933275564374e+01 -7.167968750000000000e+00
-7.352242437940736863e+01 -1.143359375000000000e+01
-7.316493484882090570e+01 -5.568359375000000000e+00
-7.283533013527664934e+01 -3.492187500000000000e+00
-7.249854672435350267e+01 -5.603515625000000000e+00
-7.216364827558578554e+01 -3.892578125000000000e+00
-7.182635405026672970e+01 -3.406250000000000000e+00
-7.149355032552210787e+01 -4.685546875000000000e+00
-7.115458776922650941e+01 -1.939453125000000000e+00
-7.081497661442341496e+01 -1.568359375000000000e+00
-7.048026929336674584e+01 -2.189453125000000000e+00
-7.014651405939423512e+01 1.699218750000000000e+00
-6.980981385871990597e+01 -3.505859375000000000e+00
-6.947428920496923865e+01 2.500000000000000000e-01
-6.913672603795600935e+01 -1.132812500000000000e-01
-6.879996208067342423e+01 -2.636718750000000000e-01
-6.846501940680178677e+01 -1.945312500000000000e+00
-6.812563523769523499e+01 1.039062500000000000e+00
-6.779068398538953488e+01 1.064453125000000000e+00
-6.745335630806954441e+01 2.753906250000000000e+00
-6.711896119022981111e+01 3.007812500000000000e+00
-6.679572922131768564e+01 3.214843750000000000e+00
-6.644834165207424803e+01 8.470703125000000000e+00
-6.610095408633054603e+01 5.177734375000000000e+00
-6.577198836630140022e+01 5.658203125000000000e+00
-6.543587502543317669e+01 3.167968750000000000e+00
-6.509938602949171127e+01 1.125000000000000000e+00
-6.475878880335631038e+01 1.095703125000000000e+00
-6.442333586174953552e+01 2.734375000000000000e+00
-6.408947328545798428e+01 -2.527343750000000000e+00
-6.375470306741777904e+01 5.835937500000000000e+00
-6.341664944610266730e+01 7.574218750000000000e+00
-6.307291386435076674e+01 6.628906250000000000e+00
-6.274340501106786405e+01 5.693359375000000000e+00
-6.240889980206020482e+01 4.453125000000000000e+00
-6.207161883122876134e+01 4.117187500000000000e+00
-6.173852993679673773e+01 2.275390625000000000e+00
-6.141055509288793246e+01 2.667968750000000000e+00
-6.108465436094837742e+01 4.085937500000000000e+00
-6.072222744271175543e+01 5.035156250000000000e+00
-6.037048757478657990e+01 4.417968750000000000e+00
-6.005416601892312656e+01 3.603515625000000000e+00
-5.971461159136464403e+01 -1.714843750000000000e+00
-5.937984241124314622e+01 5.859375000000000000e-02
-5.904129526788227622e+01 -1.281250000000000000e+00
-5.870737643566104680e+01 -2.089843750000000000e+00
-5.836794314389442206e+01 -3.777343750000000000e+00
-5.803607049256288519e+01 -4.464843750000000000e+00
-5.769361750185669280e+01 -1.699218750000000000e+00
-5.736175660370327023e+01 -5.566406250000000000e+00
-5.702810983773872522e+01 -4.968750000000000000e+00
-5.669143568328280480e+01 -6.107421875000000000e+00
-5.635380293484251979e+01 -4.117187500000000000e+00
-5.601623576178184294e+01 -6.808593750000000000e+00
-5.568128404320333402e+01 -2.734375000000000000e-02
-5.534617029983206749e+01 -1.166015625000000000e+00
-5.501187669386172274e+01 1.730468750000000000e+00
-5.466937318246380073e+01 3.167968750000000000e+00
-5.433264036809151776e+01 2.199218750000000000e+00
-5.399504925359394747e+01 3.925781250000000000e+00
-5.365831906142221897e+01 5.634765625000000000e+00
-5.332317141986283104e+01 5.388671875000000000e+00
-5.299215625387381579e+01 4.656250000000000000e+00
-5.265330676534375698e+01 6.484375000000000000e-01
-5.231866350228364126e+01 2.455078125000000000e+00
-5.197693284202227915e+01 -2.863281250000000000e+00
-5.166074859995615043e+01 -7.128906250000000000e-01
-5.130841324416570615e+01 -1.777343750000000000e+00
-5.096929556927437943e+01 -1.832031250000000000e+00
-5.063242634382243068e+01 -3.125000000000000000e+00
-5.029575006541989524e+01 -8.669921875000000000e+00
-4.995977323137077519e+01 -5.929687500000000000e+00
-4.962072333085319542e+01 -2.332031250000000000e+00
-4.929379692709420624e+01 2.164062500000000000e+00
-4.894306993486361534e+01 -3.203125000000000000e-01
-4.860951716257898170e+01 -9.492187500000000000e-01
-4.827805448281333156e+01 1.130859375000000000e+00
-4.794182086947739663e+01 2.302734375000000000e+00
-4.760828037511294042e+01 3.515625000000000000e-02
-4.727094095312435229e+01 9.023437500000000000e-01
-4.693397869437524150e+01 3.664062500000000000e+00
-4.659665628252054148e+01 1.929687500000000000e+00
-4.625967727010049657e+01 4.535156250000000000e+00
-4.591889083394607951e+01 2.410156250000000000e+00
-4.558537610159021369e+01 1.546875000000000000e+00
-4.524869494637158596e+01 8.203125000000000000e-02
-4.490650062767645068e+01 -2.566406250000000000e+00
-4.457439334456347524e+01 -5.148437500000000000e+00
-4.423828266678202681e+01 -5.816406250000000000e+00
-4.390009199415425201e+01 -5.294921875000000000e+00
-4.356396543784677533e+01 -4.119140625000000000e+00
-4.323094369629006906e+01 -2.355468750000000000e+00
-4.289112193029001219e+01 -3.183593750000000000e+00
-4.256124228198370929e+01 -2.480468750000000000e+00
-4.222455682946446132e+01 -1.402343750000000000e+00
-4.188694315178929628e+01 -4.667968750000000000e+00
-4.157582248459993934e+01 1.191406250000000000e-01
-4.121407470033619802e+01 -2.189453125000000000e+00
-4.088108086766487759e+01 7.734375000000000000e-01
-4.052907450225063712e+01 -1.023437500000000000e+00
-4.020165690097263678e+01 1.630859375000000000e+00
-3.985475765736953235e+01 3.273437500000000000e+00
-3.952781632998846817e+01 6.300781250000000000e+00
-3.919112800396788998e+01 2.593750000000000000e+00
-3.885261692084981178e+01 3.425781250000000000e+00
-3.853724676131270144e+01 -2.597656250000000000e-01
-3.818852064968871218e+01 -5.882812500000000000e+00
-3.785224291099473248e+01 -8.945312500000000000e-01
-3.754153129807690448e+01 -6.710937500000000000e+00
-3.717792744842915909e+01 2.507812500000000000e+00
-3.682633960069159684e+01 -3.253906250000000000e+00
-3.650323059109058477e+01 2.628906250000000000e+00
-3.616693014056755828e+01 4.226562500000000000e+00
-3.583399876134035367e+01 7.193359375000000000e+00
-3.549261651509397097e+01 1.058789062500000000e+01
-3.517472026541594232e+01 1.096093750000000000e+01
-3.482346506057410807e+01 9.132812500000000000e+00
-3.448033805095172966e+01 7.695312500000000000e+00
-3.413297294156717498e+01 7.152343750000000000e+00
-3.381583562483194783e+01 4.988281250000000000e+00
-3.347880341404464843e+01 1.199218750000000000e+00
-3.315722480664089744e+01 4.035156250000000000e+00
-3.283504344105369910e+01 5.445312500000000000e+00
-3.246220730754868100e+01 4.697265625000000000e+00
-3.208140621642093038e+01 2.261718750000000000e+00
-3.179413975219387112e+01 -2.480468750000000000e+00
-3.145647684613538786e+01 -2.089843750000000000e+00
-3.111982814309186551e+01 2.240234375000000000e+00
-3.078192534472390207e+01 3.900390625000000000e+00
-3.044551678911403769e+01 5.728515625000000000e+00
-3.010740716277445017e+01 3.683593750000000000e+00
-2.977007253669637521e+01 8.046875000000000000e-01
-2.941310782231482790e+01 4.480468750000000000e+00
-2.909689496046149770e+01 1.416015625000000000e+00
-2.876885014596393830e+01 2.148437500000000000e-01
-2.843192692015230705e+01 1.152343750000000000e+00
-2.809455795482119811e+01 -8.437500000000000000e-01
-2.775764848918419148e+01 -2.246093750000000000e+00
-2.741060936174505969e+01 -4.566406250000000000e+00
-2.707919799433921071e+01 -2.322265625000000000e+00
-2.674113692138826082e+01 -3.746093750000000000e+00
-2.640909246462337023e+01 -3.859375000000000000e+00
-2.607168321528354227e+01 -6.117187500000000000e+00
-2.573493327708700917e+01 -6.611328125000000000e+00
-2.539253643374149760e+01 -7.849609375000000000e+00
-2.506053693086954581e+01 -7.164062500000000000e+00
-2.472509732194163234e+01 -4.046875000000000000e+00
-2.438634679042360176e+01 -4.123046875000000000e+00
-2.405933716463272276e+01 -4.171875000000000000e+00
-2.372285377481267687e+01 -4.361328125000000000e+00
-2.338512415171925340e+01 -5.273437500000000000e-01
-2.304854578314217406e+01 4.960937500000000000e-01
-2.271083170842456411e+01 6.308593750000000000e-01
-2.237423814799359434e+01 2.386718750000000000e+00
-2.203653952089069890e+01 9.652343750000000000e+00
-2.170084707386564560e+01 7.128906250000000000e+00
-2.136226581473636088e+01 1.190625000000000000e+01
-2.102652192344982041e+01 1.363671875000000000e+01
-2.068795918401917788e+01 8.636718750000000000e+00
-2.035219698316365111e+01 6.328125000000000000e+00
-2.001367603023476249e+01 5.429687500000000000e+00
-1.967787245533696705e+01 3.046875000000000000e-01
-1.934922109614910823e+01 -4.375000000000000000e-01
-1.901241053448063667e+01 -1.582031250000000000e+00
-1.867493314986552377e+01 3.679687500000000000e+00
-1.833820172851932284e+01 -9.296875000000000000e-01
-1.800227938566973762e+01 9.335937500000000000e-01
-1.766392578453172746e+01 -2.941406250000000000e+00
-1.732795585959689788e+01 -1.367187500000000000e-01
-1.698957247428251094e+01 -1.705078125000000000e+00
-1.666264386026585953e+01 -2.093750000000000000e+00
-1.633038438029370809e+01 -5.162109375000000000e+00
-1.597778469348179442e+01 -6.324218750000000000e+00
-1.560999213408706510e+01 -3.140625000000000000e+00
-1.530349839935718137e+01 -1.277343750000000000e+00
-1.496682276597215377e+01 -6.070312500000000000e+00
-1.462921218835310810e+01 -6.230468750000000000e+00
-1.430749935989342703e+01 -4.185546875000000000e+00
-1.396548530403805444e+01 -7.505859375000000000e+00
-1.362800004298389922e+01 -7.214843750000000000e+00
-1.329119623859213561e+01 -6.527343750000000000e+00
-1.295371452418532954e+01 5.625000000000000000e-01
-1.261673946964617699e+01 -1.214843750000000000e+00
-1.227942947942995033e+01 4.589843750000000000e+00
-1.194243729507468288e+01 4.207031250000000000e+00
-1.160029543920319384e+01 2.775390625000000000e+00
-1.126813557673483501e+01 5.882812500000000000e+00
-1.093603079405920653e+01 9.687500000000000000e-01
-1.059404209787743412e+01 3.332031250000000000e+00
-1.025657556264252435e+01 3.867187500000000000e-01
-9.904379798609454610e+00 6.191406250000000000e-01
-9.592599460353426366e+00 -4.843750000000000000e+00
-9.255949748352861661e+00 -4.824218750000000000e+00
-8.909156854817467774e+00 -2.957031250000000000e+00
-8.581082226330750018e+00 -3.867187500000000000e-01
-8.243998849772083304e+00 -7.031250000000000000e-02
-7.906798891949279096e+00 1.394531250000000000e+00
-7.569964367987893183e+00 3.078125000000000000e+00
-7.233046271234627511e+00 2.062500000000000000e+00
-6.895677280434654222e+00 -1.380859375000000000e+00
-6.563862683571812795e+00 -2.847656250000000000e+00
-6.221100375602304666e+00 2.195312500000000000e+00
-5.883949994983254328e+00 2.546875000000000000e+00
-5.526670827047098555e+00 3.832031250000000000e+00
-5.210145505713001057e+00 1.851562500000000000e+00
-4.877937153335381026e+00 2.214843750000000000e+00
-4.545890613998096796e+00 5.324218750000000000e+00
-4.218963966178023384e+00 -8.925781250000000000e-01
-3.871604501568697287e+00 -5.181640625000000000e+00
-3.539694467777906084e+00 -1.095703125000000000e+00
-3.186821667514436740e+00 -4.425781250000000000e+00
-2.855102651298523142e+00 -5.812500000000000000e+00
-2.523032635996685258e+00 -8.017578125000000000e+00
-2.186415872798590954e+00 -8.371093750000000000e+00
-1.848747027005344989e+00 -7.708984375000000000e+00
-1.511717505782428361e+00 -3.417968750000000000e-01
-1.194518086951916302e+00 -3.363281250000000000e+00
-8.370536497392322417e-01 -1.097656250000000000e+00
-5.209965124822133475e-01 1.398437500000000000e+00
-1.423402930309976000e-01 -9.179687500000000000e-01
1.839040369158624344e-01 -1.261718750000000000e+00
5.010348786266547449e-01 2.705078125000000000e+00
8.381080017240094548e-01 4.613281250000000000e+00
1.175319609584533964e+00 9.355468750000000000e+00
1.512405127301150287e+00 1.164453125000000000e+01
1.854750534286523589e+00 1.260156250000000000e+01
2.186991670357542716e+00 1.100000000000000000e+01
2.524323255783770037e+00 1.067578125000000000e+01
2.860998487245211663e+00 9.046875000000000000e+00
3.198173265488861716e+00 5.996093750000000000e+00
3.535551007749177188e+00 4.613281250000000000e+00
3.872457404183791141e+00 3.945312500000000000e+00
4.209590735070065648e+00 1.138671875000000000e+00
4.546741490084372117e+00 -3.458984375000000000e+00
4.883886520765059913e+00 -1.104882812500000000e+01
5.211032774706268356e+00 -1.159765625000000000e+01
5.553201860595237349e+00 -5.152343750000000000e+00
5.885112995237847144e+00 -6.523437500000000000e+00
6.222234514435825758e+00 -7.201171875000000000e+00
6.559407954093018134e+00 -6.810546875000000000e+00
6.896518093056641874e+00 -2.449218750000000000e+00
7.233702743567533844e+00 -3.224609375000000000e+00
7.570296941309663907e+00 -7.203125000000000000e+00
7.908147459929182332e+00 -5.781250000000000000e+00
8.245084738434655947e+00 -5.035156250000000000e+00
8.582291570295325300e+00 -6.361328125000000000e+00
8.919367861824269994e+00 -8.474609375000000000e+00
9.256585461392802472e+00 -4.853515625000000000e+00
9.593121163873604473e+00 -4.328125000000000000e+00
9.921109547794571881e+00 -3.738281250000000000e+00
1.025780941552480385e+01 -3.378906250000000000e-01
1.059431725487871745e+01 -5.390625000000000000e-01
1.093218177156029469e+01 -3.773437500000000000e+00
1.126914155047720101e+01 2.871093750000000000e-01
1.160639579084059392e+01 -3.769531250000000000e-01
1.194342407400412753e+01 1.853515625000000000e+00
1.228068856819268717e+01 2.222656250000000000e+00
1.261770658405234258e+01 5.984375000000000000e+00
1.295498119140725635e+01 2.115234375000000000e+00
1.329141775642261791e+01 3.734375000000000000e+00
1.362437222564020090e+01 6.076171875000000000e+00
1.396569307844680452e+01 7.921875000000000000e+00
1.430356345083413316e+01 8.511718750000000000e+00
1.463996849873279871e+01 8.894531250000000000e+00
1.496747800677562168e+01 1.020312500000000000e+01
1.530476638873312822e+01 9.679687500000000000e+00
1.564176000079109485e+01 5.494140625000000000e+00
1.597907806893604743e+01 6.818359375000000000e+00
1.631604195052872797e+01 8.376953125000000000e+00
1.664844468735418559e+01 7.083984375000000000e+00
1.699093045855954642e+01 6.925781250000000000e+00
1.732759569846473369e+01 3.062500000000000000e+00
1.766460548089466442e+01 6.308593750000000000e-01
1.800195094076084956e+01 -3.728515625000000000e+00
1.833888721861453064e+01 -7.595703125000000000e+00
1.867624138858778338e+01 -8.300781250000000000e+00
1.901254539789721321e+01 -9.023437500000000000e+00
1.934071900455421655e+01 -1.164843750000000000e+01
1.967746015979324170e+01 -1.112109375000000000e+01
2.001374364943973205e+01 -7.429687500000000000e+00
2.035187884675536907e+01 -5.957031250000000000e+00
2.068865600859803067e+01 -3.189453125000000000e+00
2.102603982073529210e+01 -3.404296875000000000e+00
2.136293731467534940e+01 -4.607421875000000000e+00
2.170048568252235555e+01 -5.574218750000000000e+00
2.203721860654999887e+01 -1.562500000000000000e+00
2.237461842648886545e+01 -1.156250000000000000e+00
2.271697561199789561e+01 -2.345703125000000000e+00
2.304909118755307418e+01 3.164062500000000000e-01
2.338643409779581361e+01 1.804687500000000000e+00
2.372319629632661986e+01 4.101562500000000000e-02
2.405940511733848552e+01 -3.328125000000000000e+00
2.437726178558654055e+01 -4.121093750000000000e+00
2.472441247845895873e+01 -4.359375000000000000e+00
2.506192935146793843e+01 -8.480468750000000000e+00
2.539870069547001208e+01 -7.183593750000000000e+00
2.574582469495305759e+01 -9.144531250000000000e+00
2.607840181324698392e+01 -9.003906250000000000e+00
2.641529866154041883e+01 -1.230859375000000000e+01
2.673742297672254153e+01 -9.328125000000000000e+00
2.708478114915453716e+01 -8.816406250000000000e+00
2.741676951723982825e+01 -2.675781250000000000e-01
2.776864987962414943e+01 -3.480468750000000000e+00
2.809585168632807495e+01 -1.685546875000000000e+00
2.843267328093801893e+01 -4.556640625000000000e+00
2.877013887795661162e+01 -3.019531250000000000e+00
2.910182110596679195e+01 1.345703125000000000e+00
2.943933827379032664e+01 6.025390625000000000e+00
2.977104194777291468e+01 7.484375000000000000e+00
3.008840541730717177e+01 1.608203125000000000e+01
3.041465009139878362e+01 1.807031250000000000e+01
3.078721443244214129e+01 1.120507812500000000e+01
3.111959144993249993e+01 1.050000000000000000e+01
3.146762676390056868e+01 1.322265625000000000e+01
3.179421258490734203e+01 1.489843750000000000e+01
3.213098603934062680e+01 9.693359375000000000e+00
3.246849877961327024e+01 9.705078125000000000e+00
3.280593623743300213e+01 9.832031250000000000e+00
3.314315397520834949e+01 5.550781250000000000e+00
3.348021761172969946e+01 6.289062500000000000e+00
3.380714188438253132e+01 7.312500000000000000e+00
3.414438255470298600e+01 4.617187500000000000e+00
3.449096510910692359e+01 2.261718750000000000e+00
3.481828257952261652e+01 6.835937500000000000e-01
3.515503310543803650e+01 1.019531250000000000e+00
3.549256798175670724e+01 -2.728515625000000000e+00
3.582998444416409711e+01 -7.617187500000000000e-01
3.617163557949925234e+01 -3.048828125000000000e+00
3.650902693469060978e+01 -1.523437500000000000e+00
3.684071013433219832e+01 -4.246093750000000000e+00
3.717787547749989585e+01 -7.455078125000000000e+00
3.751542313840005249e+01 -4.457031250000000000e+00
3.785215627617739642e+01 -4.736328125000000000e+00
3.818970793425947363e+01 -1.201171875000000000e+00
3.852576946382674805e+01 -6.367187500000000000e+00
3.885878141141392916e+01 -5.554687500000000000e+00
3.919138100258709301e+01 -4.265625000000000000e+00
3.952830800814228951e+01 -2.882812500000000000e+00
3.987000450506775451e+01 -4.103515625000000000e+00
4.020258718067600512e+01 -3.539062500000000000e+00
4.053948678349084389e+01 -5.757812500000000000e+00
4.087620412778719015e+01 -1.441406250000000000e+00
4.121377085166719212e+01 -7.460937500000000000e+00
4.155048486983227463e+01 -7.796875000000000000e+00
4.188805472747813496e+01 -6.652343750000000000e+00
4.221979616196722418e+01 -6.232421875000000000e+00
4.256233856401709659e+01 -3.986328125000000000e+00
4.289904709990818787e+01 -7.167968750000000000e-01
4.323610477505224026e+01 1.769531250000000000e+00
4.356837220519037146e+01 4.431640625000000000e+00
4.390090376684349849e+01 2.449218750000000000e+00
4.423783100456026318e+01 3.498046875000000000e+00
4.457453369205481408e+01 3.423828125000000000e+00
4.491157629743918278e+01 7.218750000000000000e+00
4.524387583803354573e+01 5.605468750000000000e+00
4.558639748287501448e+01 2.300781250000000000e+00
4.592373775297858174e+01 3.203125000000000000e-01
4.626012683231181200e+01 -1.011718750000000000e+00
4.659737794363840635e+01 -2.011718750000000000e+00
4.693496352571642660e+01 -2.787109375000000000e+00
4.727165955647009810e+01 -6.222656250000000000e+00
4.760394649151521662e+01 -2.320312500000000000e+00
4.794531209541952421e+01 -1.015625000000000000e-01
4.827349242443563071e+01 1.582031250000000000e+00
4.861103319820534807e+01 4.882812500000000000e-01
4.894714735182364507e+01 8.398437500000000000e-02
4.927942119790122888e+01 6.308593750000000000e-01
4.962142920580967598e+01 3.242187500000000000e+00
4.995901901880611717e+01 -1.796875000000000000e-01
5.029571110153059976e+01 -1.933593750000000000e+00
5.063270226898691817e+01 -3.015625000000000000e+00
5.097060009878589426e+01 1.468750000000000000e+00
5.130225012524851991e+01 3.406250000000000000e+00
5.164487663253351002e+01 6.859375000000000000e+00
5.198186585988483444e+01 6.134765625000000000e+00
5.231796181123269207e+01 6.429687500000000000e+00
5.264607504252455783e+01 1.796875000000000000e+00
5.298369263329362866e+01 1.390625000000000000e+00
5.332035127138044572e+01 -4.968750000000000000e+00
5.365672895930708819e+01 -4.613281250000000000e+00
5.399935552054330401e+01 -7.548828125000000000e+00
5.433226737300714149e+01 -1.480468750000000000e+00
5.466890338682389938e+01 -8.515625000000000000e-01
5.500591823526306712e+01 1.521484375000000000e+00
5.535327542766358988e+01 -2.988281250000000000e-01
5.568019997666092991e+01 8.634765625000000000e+00
5.601745517456549806e+01 4.695312500000000000e+00
5.635448159848206728e+01 6.296875000000000000e+00
5.669062567313727641e+01 4.406250000000000000e+00
5.703370029173265721e+01 -3.689453125000000000e+00
5.736491622328964013e+01 -2.847656250000000000e+00
5.772413185258477597e+01 1.425781250000000000e+00
5.803491628259098434e+01 3.839843750000000000e+00
5.836720365878102257e+01 6.480468750000000000e+00
5.870491058073088197e+01 8.109375000000000000e+00
5.904095340599391761e+01 1.833984375000000000e+00
5.937853194748791452e+01 -1.261718750000000000e+00
5.971575434977387431e+01 -2.140625000000000000e+00
6.005348065417632597e+01 1.468750000000000000e+00
6.040017031582434015e+01 -3.554687500000000000e+00
6.072709455754343821e+01 -5.580078125000000000e+00
6.106380465326523677e+01 -6.169921875000000000e+00
6.140070228420461262e+01 -5.421875000000000000e+00
6.173808870127263049e+01 -6.541015625000000000e+00
6.207565699681768479e+01 -7.683593750000000000e+00
6.239242260043795341e+01 -6.441406250000000000e+00
6.274925915522123887e+01 -1.226953125000000000e+01
6.308186345611420620e+01 -4.496093750000000000e+00
6.341358305080879632e+01 -1.179687500000000000e+00
6.375182590260368443e+01 -5.781250000000000000e-01
6.408832638779824720e+01 2.539062500000000000e-01
6.443044096098628870e+01 -8.125000000000000000e-01
6.476215237355003751e+01 2.093750000000000000e+00
6.507383835218524837e+01 3.408203125000000000e+00
6.543097070028235862e+01 9.394531250000000000e-01
6.577329897807010184e+01 -1.371093750000000000e+00
6.611072237626953552e+01 -3.123046875000000000e+00
6.644757871725539644e+01 -6.464843750000000000e+00
6.678500771570119809e+01 -7.578125000000000000e-01
6.713195441217163761e+01 -1.562500000000000000e-01
6.745888595985803704e+01 3.679687500000000000e+00
6.778621956453511643e+01 4.759765625000000000e+00
6.812441568022762794e+01 5.183593750000000000e+00
6.845066328037833614e+01 6.464843750000000000e+00
6.879734295979812941e+01 3.734375000000000000e+00
6.913479118583504146e+01 3.787109375000000000e+00
6.947230118916527886e+01 1.640625000000000000e-01
6.980907735606464826e+01 -7.402343750000000000e-01
7.014725978321069988e+01 -5.035156250000000000e+00
7.048372051263106641e+01 -3.246093750000000000e+00
7.082086328498886019e+01 -1.105468750000000000e+00
7.115799516761001087e+01 -8.593750000000000000e-01
7.149582154412922819e+01 -2.535156250000000000e+00
7.183193684161537362e+01 3.986328125000000000e+00
7.216874887300161845e+01 2.125000000000000000e+00
7.250146432311839817e+01 4.892578125000000000e+00
7.283346579734609350e+01 3.546875000000000000e+00
7.317130596582859425e+01 4.582031250000000000e+00
7.350774048334244526e+01 5.832031250000000000e+00
7.384491182934985432e+01 8.136718750000000000e+00
7.418172549505410984e+01 6.703125000000000000e+00
7.451919304619119089e+01 4.058593750000000000e+00
7.485601313927631395e+01 4.664062500000000000e+00
7.519347424609773611e+01 3.236328125000000000e+00
7.553030104956573609e+01 2.115234375000000000e+00
7.586775548267510771e+01 6.035156250000000000e-01
7.619984323571725326e+01 -2.246093750000000000e-01
7.654203680959076905e+01 -2.355468750000000000e+00
7.687864015987639732e+01 -1.496093750000000000e+00
7.721565328152007623e+01 -2.808593750000000000e+00
7.752799111868034743e+01 -1.994140625000000000e+00
7.788031059344905316e+01 2.414062500000000000e+00
7.821752379515569942e+01 -1.890625000000000000e+00
7.855438259777960752e+01 -1.179687500000000000e+00
7.889180524191729660e+01 1.171875000000000000e-02
7.922848274563062887e+01 1.515625000000000000e+00
7.956608674560598615e+01 -1.408203125000000000e+00
7.990278624442640876e+01 -3.671875000000000000e-01
8.023971678312170752e+01 -4.058593750000000000e+00
8.057709035253998309e+01 -2.304687500000000000e+00
8.091529781733692062e+01 2.500000000000000000e-01
8.125154054692697514e+01 7.597656250000000000e-01
8.158828763864528355e+01 3.523437500000000000e+00
8.192569939787705380e+01 3.605468750000000000e+00
8.225288311461156354e+01 4.195312500000000000e+00
8.259013790235954389e+01 1.826171875000000000e+00
8.292694065721212837e+01 1.792968750000000000e+00
8.326378636428796653e+01 3.304687500000000000e+00
8.360134029047489435e+01 4.005859375000000000e+00
8.393933057587122448e+01 2.761718750000000000e+00
8.427563125202445349e+01 2.966796875000000000e+00
8.461360780019452932e+01 -6.132812500000000000e-01
8.494992236678385211e+01 -4.261718750000000000e+00
8.529255724036147512e+01 -3.966796875000000000e+00
8.562421383735940594e+01 -9.931640625000000000e+00
8.595605880747052652e+01 -6.511718750000000000e+00
8.627810462022864613e+01 1.945312500000000000e+00
8.663094868619353406e+01 3.226562500000000000e+00
8.696336047396465574e+01 -5.843750000000000000e+00
8.734058630031273651e+01 -1.046875000000000000e+00
8.763763698757242082e+01 -3.273437500000000000e+00
8.797401942938753905e+01 -3.107421875000000000e+00
8.831191307626426124e+01 -1.057031250000000000e+01
8.864831202495710727e+01 -7.316406250000000000e+00
8.899091568040583411e+01 -8.789062500000000000e+00
8.931787839333946977e+01 -7.054687500000000000e+00
8.965502460486050040e+01 -9.087890625000000000e+00
8.999695545328637536e+01 -5.898437500000000000e+00
9.033474163395288770e+01 -5.625000000000000000e+00
9.067119147966090509e+01 -5.947265625000000000e+00
9.101374482909866970e+01 -4.501953125000000000e+00
9.134548521092014539e+01 -6.921875000000000000e+00
9.167790413488864942e+01 -4.298828125000000000e+00
9.201494315328071139e+01 -6.408203125000000000e+00
9.235219753465526082e+01 -4.318359375000000000e+00
9.268449069919728345e+01 -2.503906250000000000e+00
9.302100412093145110e+01 -3.050781250000000000e+00
9.333833379673882291e+01 -4.136718750000000000e+00
9.369544941974078256e+01 5.312500000000000000e-01
9.403304188355826909e+01 -6.562500000000000000e-01
9.438985836103495330e+01 5.949218750000000000e+00
9.470731739669275839e+01 7.410156250000000000e+00
9.504407461351280517e+01 4.609375000000000000e+00
9.538632567557195330e+01 8.703125000000000000e+00
9.571818449494398351e+01 9.802734375000000000e+00
9.605586808663059628e+01 1.117187500000000000e+01
9.639225936120749338e+01 5.605468750000000000e+00
9.671964140277037814e+01 6.113281250000000000e+00
9.705706460150389603e+01 4.410156250000000000e+00
9.739370800186165411e+01 -1.544921875000000000e+00
9.773133968924952342e+01 9.765625000000000000e-02
9.804256727840382268e+01 -5.900390625000000000e+00
9.841509461999487485e+01 -6.316406250000000000e+00
9.874230139588266297e+01 -6.472656250000000000e+00
9.910032235939428347e+01 2.304687500000000000e-01
9.941690062949697904e+01 -3.117187500000000000e+00
9.974384147550796342e+01 -3.035156250000000000e+00
1.000653981343710086e+02 -2.121093750000000000e+00
1.004182234478284386e+02 -1.650976562500000000e+01
1.007655771525241448e+02 -1.249609375000000000e+01
1.010924982795804112e+02 -1.058398437500000000e+01
1.014296357901620809e+02 -8.343750000000000000e+00
1.017667731826404065e+02 -9.150390625000000000e+00
1.021136993273609335e+02 3.798828125000000000e+00
1.024406257083243474e+02 4.238281250000000000e+00
1.027876698923424783e+02 3.109375000000000000e+00
1.031145934927550343e+02 -4.054687500000000000e+00
1.034520542386523232e+02 -1.867187500000000000e+00
1.038045602165618959e+02 -1.539062500000000000e+00
1.041267348298642332e+02 -2.535156250000000000e+00
1.044636086027634008e+02 -3.703125000000000000e+00
1.048006264922584307e+02 -2.876953125000000000e+00
1.051374350516558707e+02 -1.781250000000000000e+00
1.054745414752027273e+02 5.703125000000000000e-01
1.058069607071190887e+02 5.039062500000000000e-01
1.061391418161286708e+02 1.615234375000000000e+00
1.064665863241526154e+02 1.628906250000000000e+00
1.068129215788936790e+02 5.656250000000000000e+00
1.071551751127803982e+02 3.904296875000000000e+00
1.074872030648836017e+02 4.375000000000000000e+00
1.078243710780801621e+02 6.386718750000000000e+00
1.081614848003006273e+02 8.160156250000000000e+00
1.084986709541475420e+02 5.410156250000000000e+00
1.088357668890381547e+02 9.722656250000000000e+00
1.091729711295187144e+02 7.070312500000000000e-01
1.095106474168818238e+02 -6.582031250000000000e-01
1.098427305732431876e+02 -6.427734375000000000e+00
1.101849494027440812e+02 -4.453125000000000000e+00
1.105215729825935114e+02 -6.773437500000000000e+00
1.108586146150915965e+02 -6.660156250000000000e+00
1.111907070531337922e+02 -3.705078125000000000e+00
1.115228085613192661e+02 -4.601562500000000000e+00
1.118611555761299883e+02 -1.242187500000000000e+00
1.122177806716241832e+02 3.316406250000000000e+00
1.125347924422779613e+02 4.160156250000000000e+00
1.128716364013195346e+02 5.349609375000000000e+00
1.132098015231450177e+02 4.113281250000000000e+00
1.135459253374898765e+02 6.119140625000000000e+00
1.138833997443501573e+02 4.945312500000000000e+00
1.142204096934946733e+02 5.652343750000000000e+00
1.145577038522927467e+02 1.931640625000000000e+00
1.148946847786209560e+02 -1.136718750000000000e+00
1.152320083821171863e+02 -2.021484375000000000e+00
1.155641726665701015e+02 -6.287109375000000000e+00
1.158958812287673368e+02 -5.855468750000000000e+00
1.162228025509902523e+02 -5.910156250000000000e+00
1.165700116898512135e+02 -4.625000000000000000e+00
1.169083683531271731e+02 -4.062500000000000000e+00
1.172443019061644520e+02 -2.580078125000000000e+00
1.175818597026257919e+02 2.335937500000000000e+00
1.179187070578554426e+02 2.265625000000000000e+00
1.182570196756196879e+02 2.722656250000000000e+00
1.185928830166409682e+02 4.238281250000000000e-01
1.189304718375054506e+02 4.964843750000000000e+00
1.192671739658905210e+02 3.875000000000000000e+00
1.195941029536221833e+02 2.050781250000000000e+00
1.199414650644500000e+02 3.134765625000000000e+00
1.202781714403678279e+02 4.484375000000000000e+00
1.206069454706221791e+02 1.171875000000000000e+00
1.209427308335652356e+02 3.765625000000000000e+00
1.212812729060379411e+02 4.726562500000000000e+00
1.216169484408377457e+02 2.562500000000000000e+00
1.219556004688120652e+02 3.074218750000000000e+00
1.222912696113777713e+02 5.894531250000000000e+00
1.226289450592697392e+02 5.457031250000000000e+00
1.229655619071596959e+02 1.968750000000000000e+00
1.233032534731749763e+02 4.238281250000000000e+00
1.236398347900757813e+02 -4.109375000000000000e+00
1.239765389345990343e+02 -2.875000000000000000e+00
1.243141473874271981e+02 -3.402343750000000000e+00
1.246459747658695960e+02 -2.476562500000000000e+00
1.249884404262553801e+02 -2.443359375000000000e+00
1.253251173499007791e+02 -2.792968750000000000e+00
1.256541911142258527e+02 -2.671875000000000000e+00
1.259896640710609574e+02 5.546875000000000000e-01
1.263274281219049442e+02 4.687500000000000000e-01
1.266640528102501548e+02 2.921875000000000000e+00
1.269908883152126293e+02 2.011718750000000000e+00
1.273383640593887094e+02 6.835937500000000000e-01
1.276544833813019295e+02 1.550781250000000000e+00
1.280173476698544448e+02 -3.886718750000000000e-01
1.283492074110760086e+02 -2.226562500000000000e-01
1.286866939503815388e+02 6.875000000000000000e-01
1.290095122976595121e+02 4.138671875000000000e+00
1.293630080387075054e+02 3.710937500000000000e+00
1.297091949969465929e+02 5.191406250000000000e+00
1.300475565257793846e+02 4.523437500000000000e+00
1.303829700753407224e+02 3.285156250000000000e+00
1.307002293323160700e+02 1.162109375000000000e+00
1.310366494166807172e+02 -2.542968750000000000e+00
1.313732973901275045e+02 -4.859375000000000000e+00
1.317111635907780283e+02 -1.449218750000000000e+00
1.320488540503532420e+02 -2.648437500000000000e+00
1.323850049779502456e+02 -2.453125000000000000e+00
1.327231669418282252e+02 -1.130859375000000000e+00
1.330553413814809574e+02 -3.917968750000000000e+00
1.333974801542020430e+02 -4.119140625000000000e+00
1.337338346344255626e+02 -2.369140625000000000e+00
1.340704712181756122e+02 -2.175781250000000000e+00
1.344039528528260234e+02 2.099609375000000000e+00
1.347447657548469806e+02 2.371093750000000000e+00
1.350743988799795829e+02 4.597656250000000000e+00
1.354090423376764534e+02 2.859375000000000000e+00
1.357487324339518295e+02 3.863281250000000000e+00
1.360836590395626047e+02 3.666015625000000000e+00
1.364216765217819045e+02 3.828125000000000000e+00
1.367579570432350522e+02 9.082031250000000000e-01
1.370959915308479538e+02 1.876953125000000000e+00
1.374281153539081970e+02 2.695312500000000000e-01
1.377703067055766439e+02 -1.703125000000000000e+00
1.381069482106025816e+02 -2.628906250000000000e+00
1.384431751177395427e+02 -1.464843750000000000e+00
1.387808531096158333e+02 -1.662109375000000000e+00
1.391189380982899308e+02 -4.261718750000000000e+00
1.394510374049782513e+02 1.935546875000000000e+00
1.397871481332581425e+02 -4.779296875000000000e+00
1.401216899550191215e+02 -3.351562500000000000e+00
1.404471370559725472e+02 -5.277343750000000000e+00
1.407945123516941237e+02 -7.968750000000000000e+00
1.411306852724370913e+02 -3.166015625000000000e+00
1.414672976385332959e+02 -1.304687500000000000e+00
1.418049856538015376e+02 7.597656250000000000e-01
1.421446969721064875e+02 -1.132812500000000000e+00
1.424792862945720628e+02 -1.478515625000000000e+00
1.428174641910585194e+02 -3.261718750000000000e-01
1.431535872459059249e+02 -2.001953125000000000e+00
1.434917820516633071e+02 -1.462890625000000000e+00
1.438273306840855525e+02 1.101562500000000000e+00
1.441599421958558196e+02 -2.812500000000000000e+00
1.445016127844646121e+02 -2.554687500000000000e+00
1.448297113587972262e+02 -3.171875000000000000e+00
1.451560586334886978e+02 -2.855468750000000000e+00
1.455034263639605854e+02 -1.302734375000000000e+00
1.458400291602007428e+02 -3.050781250000000000e+00
1.461777288207810273e+02 -3.906250000000000000e+00
1.465448929457851932e+02 -3.035156250000000000e+00
1.468315980290568916e+02 -1.806640625000000000e+00
1.471858140625547264e+02 -2.968750000000000000e-01
1.475270006678177879e+02 7.460937500000000000e-01
1.478539452377220869e+02 2.539062500000000000e+00
1.481999517493749750e+02 3.812500000000000000e+00
1.485344750355281747e+02 1.298828125000000000e+00
1.488880675389291923e+02 2.792968750000000000e+00
1.492070657952167494e+02 1.585937500000000000e+00
1.495485194875290631e+02 2.964843750000000000e+00
1.498761807959268992e+02 -1.796875000000000000e-01
1.502145436215936058e+02 -7.226562500000000000e-02
1.505512410221120945e+02 1.300781250000000000e+00
1.508870814244434087e+02 -8.242187500000000000e-01
1.512247900529615947e+02 -1.494140625000000000e+00
1.515517257765783654e+02 -4.419921875000000000e+00
1.518990951124757487e+02 -3.605468750000000000e+00
1.522393253250912153e+02 -4.054687500000000000e+00
1.525742166263220270e+02 1.953125000000000000e-01
1.529011624730695758e+02 -3.144531250000000000e+00
1.532437434281559945e+02 -8.242187500000000000e-01
1.535798946553945825e+02 -1.085937500000000000e+00
1.539180559381925377e+02 -4.560546875000000000e+00
1.542498148239677676e+02 -1.898437500000000000e+00
1.545874191376345550e+02 -9.765625000000000000e-03
1.549232552224417816e+02 -8.867187500000000000e-01
1.552598496594215476e+02 -4.382812500000000000e+00
1.555975620492023666e+02 -4.939453125000000000e+00
1.559297858418608484e+02 -2.707031250000000000e+00
1.562709425840075141e+02 -1.445312500000000000e-01
1.566123141456910730e+02 -2.328125000000000000e+00
1.569514790321768487e+02 -3.074218750000000000e+00
1.572827715712552390e+02 5.468750000000000000e-01
1.576195174544627093e+02 -3.730468750000000000e+00
1.579570798270138994e+02 -4.605468750000000000e+00
1.582879467830417184e+02 -2.355468750000000000e+00
1.586333612737138026e+02 -1.314453125000000000e+00
1.589622871056045028e+02 -4.101562500000000000e+00
1.592960387046292965e+02 -3.242187500000000000e-01
1.596346312238559619e+02 -2.476562500000000000e+00
1.599703476291939808e+02 -3.347656250000000000e+00
1.603109678027386167e+02 -1.070312500000000000e+00
1.606446569272735871e+02 -1.564453125000000000e+00
1.609832815201037590e+02 3.593750000000000000e+00
1.613178888025067295e+02 5.902343750000000000e+00
1.616576070050135456e+02 5.982421875000000000e+00
1.619921786133053843e+02 5.589843750000000000e+00
1.623255990382708660e+02 5.855468750000000000e+00
1.626664687719530207e+02 6.617187500000000000e+00
1.630062588865287978e+02 7.218750000000000000e+00
1.633380215733336627e+02 3.179687500000000000e+00
1.636699836511101012e+02 6.218750000000000000e+00
1.640096249813714735e+02 5.527343750000000000e+00
1.643431469114981667e+02 4.601562500000000000e+00
1.646839659782118019e+02 1.468750000000000000e+00
1.650088042569690003e+02 -5.193359375000000000e+00
1.653660290273177225e+02 -6.476562500000000000e+00
1.656972067773999697e+02 -8.152343750000000000e+00
1.660326484170646495e+02 -1.301171875000000000e+01
1.663660723518984526e+02 -1.530078125000000000e+01
1.667026889248805901e+02 -6.886718750000000000e+00
1.670391274177672472e+02 -7.886718750000000000e+00
1.673791669567029601e+02 -6.246093750000000000e+00
1.677108524119244066e+02 -5.591796875000000000e+00
1.680513168936446391e+02 -6.484375000000000000e+00
1.683877133226414458e+02 -4.765625000000000000e+00
1.687159500808662926e+02 -4.916015625000000000e+00
1.690415737395305200e+02 -1.914062500000000000e+00
1.693889372214252376e+02 2.785156250000000000e+00
1.697290983483684101e+02 7.031250000000000000e+00
1.700607470615791499e+02 3.652343750000000000e+00
1.704056509344000574e+02 1.121484375000000000e+01
1.707375257069942904e+02 1.080468750000000000e+01
1.710595581523076021e+02 1.154296875000000000e+01
1.714069462255420717e+02 7.023437500000000000e+00
1.717467637737561290e+02 6.207031250000000000e+00
1.720812881043448783e+02 6.167968750000000000e+00
1.724241525963003596e+02 4.335937500000000000e+00
1.727556299201960996e+02 5.277343750000000000e+00
1.730969552621201615e+02 4.078125000000000000e+00
1.734276915901458267e+02 5.894531250000000000e+00
1.737633521323104162e+02 8.294921875000000000e+00
1.741043136463695760e+02 1.112500000000000000e+01
1.744376921596694103e+02 1.262304687500000000e+01
1.747725580791913558e+02 1.340234375000000000e+01
1.751362621577018786e+02 1.139062500000000000e+01
1.754483660084803205e+02 1.153515625000000000e+01
1.757875359745879109e+02 8.484375000000000000e+00
1.761212145952587775e+02 5.636718750000000000e+00
1.764580825238837747e+02 5.482421875000000000e+00
1.767940816980105865e+02 4.226562500000000000e+00
1.771286352363231913e+02 5.230468750000000000e+00
1.774684189679599058e+02 4.445312500000000000e+00
1.778006220949604028e+02 3.814453125000000000e+00
1.781252100068228401e+02 0.000000000000000000e+00
1.784725872564591782e+02 4.707031250000000000e+00
1.788144621069359630e+02 8.632812500000000000e-01
1.791530624225774488e+02 2.539062500000000000e+00
1.794861681399336817e+02 -2.984375000000000000e+00
1.798212288114660851e+02 -5.765625000000000000e+00
1.801529536460721488e+02 -3.867187500000000000e+00
1.804941335802279241e+02 -1.457031250000000000e+00
1.808272955832281355e+02 -5.921875000000000000e+00
1.811684626628040746e+02 -9.218750000000000000e+00
1.815054085958756218e+02 -4.769531250000000000e+00
1.818413892728265182e+02 -3.312500000000000000e+00
1.821759796037577530e+02 -4.105468750000000000e+00
1.825185164740247501e+02 -2.691406250000000000e+00
1.828503214789807885e+02 -2.398437500000000000e+00
1.831848066582891192e+02 7.539062500000000000e-01
1.835222237016490396e+02 4.140625000000000000e-01
1.838591446082785410e+02 7.773437500000000000e-01
1.841785708393718437e+02 -1.367187500000000000e+00
1.845299921935074394e+02 -6.738281250000000000e+00
1.848656815305500913e+02 -3.285156250000000000e+00
1.852078211506371304e+02 -7.652343750000000000e+00
1.855413857416926362e+02 -9.246093750000000000e+00
1.858821598349089186e+02 -5.710937500000000000e+00
1.862170795827911434e+02 -5.093750000000000000e+00
1.865529022193367723e+02 -3.179687500000000000e+00
1.868900447660482200e+02 -2.548828125000000000e+00
1.872252661659872501e+02 2.548828125000000000e+00
1.875630194868633680e+02 2.253906250000000000e+00
1.878951715292672304e+02 4.009765625000000000e+00
1.882321288338128511e+02 2.187500000000000000e+00
1.885695050659518017e+02 4.824218750000000000e+00
1.889064681486555060e+02 3.683593750000000000e+00
1.892438388922158481e+02 6.113281250000000000e+00
1.895808075151574599e+02 3.968750000000000000e+00
1.899156531380791648e+02 4.351562500000000000e+00
1.902551471292384235e+02 4.671875000000000000e+00
1.905820997243202441e+02 -1.406250000000000000e-01
1.909238282725923455e+02 1.093750000000000000e-01
1.912655054217492818e+02 -3.664062500000000000e+00
1.915963285017124349e+02 -5.109375000000000000e+00
1.919398424401287286e+02 -2.068359375000000000e+00
1.922706697144158738e+02 -3.351562500000000000e+00
1.926103006555483717e+02 -7.433593750000000000e+00
1.929468008077487866e+02 -8.791015625000000000e+00
1.932774938343023905e+02 -6.121093750000000000e+00
1.936154667310501338e+02 -8.730468750000000000e-01
1.939518180568771868e+02 1.777343750000000000e-01
1.942859132748405955e+02 1.683593750000000000e+00
1.946223952867981097e+02 -5.312500000000000000e-01
1.949576690827844061e+02 1.789062500000000000e+00
1.953089515605417432e+02 1.462890625000000000e+00
1.956345757838050758e+02 7.070312500000000000e-01
1.959693274505617069e+02 4.843750000000000000e-01
1.963089067909593268e+02 1.613281250000000000e+00
1.966470729003630709e+02 -7.148437500000000000e-01
1.969806765183375603e+02 -1.789062500000000000e+00
1.973154193231888200e+02 -4.943359375000000000e+00
1.976503890265445307e+02 -5.816406250000000000e+00
1.979871602844428935e+02 -1.960937500000000000e+00
1.983226323283378747e+02 -4.585937500000000000e+00
1.986601682153661272e+02 -4.060546875000000000e+00
1.989969434781741597e+02 -3.816406250000000000e+00
1.993358215449549107e+02 -4.906250000000000000e+00
1.996712551338422941e+02 -2.984375000000000000e+00
2.000088286843194396e+02 -2.351562500000000000e+00
2.003439446461338775e+02 -1.066406250000000000e+00
2.006793042602394337e+02 5.937500000000000000e-01
2.010166619287111303e+02 4.738281250000000000e+00
2.013511160926275920e+02 5.941406250000000000e+00
2.016883829206011285e+02 4.210937500000000000e+00
2.020232948825210997e+02 5.996093750000000000e+00
2.023627187868727049e+02 6.576171875000000000e+00
2.026976224118658365e+02 8.195312500000000000e+00
2.030344287301919621e+02 9.378906250000000000e+00
2.033719501252231794e+02 3.335937500000000000e+00
2.037074274919606864e+02 7.718750000000000000e+00
2.040425229177012625e+02 3.710937500000000000e-02
2.043694692888961981e+02 5.390625000000000000e-01
2.047153111361540709e+02 -1.476562500000000000e+00
2.050497776674886268e+02 -2.046875000000000000e+00
2.053911768236207536e+02 -4.609375000000000000e-01
2.057279402294256840e+02 -3.234375000000000000e+00
2.060655038845247873e+02 -4.335937500000000000e-01
2.063984615262591547e+02 -2.691406250000000000e+00
2.067292296904447255e+02 -3.001953125000000000e+00
2.070641349539107807e+02 2.226562500000000000e-01
2.074115146206784459e+02 2.410156250000000000e+00
2.077547624661816599e+02 3.867187500000000000e+00
2.080843583377530592e+02 2.605468750000000000e+00
2.084169092893279753e+02 2.136718750000000000e+00
2.087560471419052419e+02 -2.031250000000000000e-01
2.090996305205366923e+02 -1.654296875000000000e+00
2.094290124609171357e+02 -2.105468750000000000e+00
2.097626319407491451e+02 -4.156250000000000000e+00
2.101033424627086674e+02 -4.933593750000000000e+00
2.104398619561179089e+02 -5.535156250000000000e+00
2.107738798613964093e+02 -2.326171875000000000e+00
2.111127437230711621e+02 -4.488281250000000000e+00
2.114382585856429273e+02 -5.578125000000000000e+00
2.117856443936680648e+02 -5.312500000000000000e-01
2.121154417186989463e+02 -4.242187500000000000e+00
2.124494955945692993e+02 -1.281250000000000000e+00
2.127944935849002945e+02 -5.175781250000000000e+00
2.131275936110097859e+02 -2.638671875000000000e+00
2.134664582702531561e+02 -4.513671875000000000e+00
2.138033141196716542e+02 -1.710937500000000000e+00
2.141370036505645658e+02 -1.736328125000000000e+00
2.144701315627092413e+02 -1.914062500000000000e+00
2.148113320136358197e+02 1.386718750000000000e-01
2.151444737077829927e+02 -7.812500000000000000e-03
2.154816088300097761e+02 -3.599609375000000000e+00
2.158188157427278497e+02 1.445312500000000000e-01
2.161559454173287520e+02 3.378906250000000000e-01
2.164931578635290066e+02 2.113281250000000000e+00
2.168261894253257083e+02 3.640625000000000000e+00
2.171650645115656744e+02 5.265625000000000000e+00
2.174967705896770269e+02 4.750000000000000000e+00
2.178369511117707020e+02 5.398437500000000000e+00
2.181748481533715562e+02 5.988281250000000000e+00
2.185099229661495883e+02 5.324218750000000000e+00
2.188506256873439497e+02 8.750000000000000000e-01
2.191829074773186790e+02 2.843750000000000000e+00
2.195220496959943830e+02 2.890625000000000000e-01
2.198776768160524284e+02 -1.160156250000000000e+00
2.201963696653463103e+02 -9.257812500000000000e-01
2.205329101145721324e+02 -1.498046875000000000e+00
2.208636758490098373e+02 2.195312500000000000e+00
2.212059114695212543e+02 3.773437500000000000e+00
2.215341867284801083e+02 2.638671875000000000e+00
2.218802456516705774e+02 5.859375000000000000e+00
2.222123420150961692e+02 3.001953125000000000e+00
2.225492696182042209e+02 1.328125000000000000e+00
2.228866753254038713e+02 3.632812500000000000e+00
2.232340591560601979e+02 3.876953125000000000e+00
2.235584865986456293e+02 -1.140625000000000000e+00
2.238949066682241664e+02 1.453125000000000000e+00
2.242353422800875933e+02 -2.140625000000000000e+00
2.245670252348127462e+02 -4.792968750000000000e+00
2.249058336987577604e+02 -1.601562500000000000e+00
2.252413547234455393e+02 -6.023437500000000000e+00
2.255762205529166238e+02 -2.570312500000000000e+00
2.259109595995902282e+02 -4.255859375000000000e+00
2.262479185955450021e+02 -1.777343750000000000e+00
2.265900131213702764e+02 -1.533203125000000000e+00
2.269206878416072755e+02 -1.458984375000000000e+00
2.272570640246339622e+02 -1.156250000000000000e+00
2.275934335789340821e+02 1.132812500000000000e+00
2.279313913974110051e+02 2.019531250000000000e+00
2.282693439038732208e+02 -2.605468750000000000e+00
2.286044294719135905e+02 -7.812500000000000000e-02
2.289420650982490315e+02 -5.234375000000000000e-01
2.292787592191630210e+02 1.728515625000000000e+00
2.296163802284488611e+02 1.953125000000000000e-02
2.299465717430572340e+02 4.156250000000000000e+00
2.302886022739903922e+02 6.300781250000000000e+00
2.306209122440847068e+02 6.792968750000000000e+00
2.309556513793285717e+02 4.949218750000000000e+00
2.312936014395447160e+02 5.236328125000000000e+00
2.316325856341860572e+02 2.773437500000000000e+00
2.319662638109064119e+02 4.121093750000000000e+00
2.323043098526322296e+02 -1.210937500000000000e+00
2.326422559333324784e+02 -1.921875000000000000e+00
2.329760726752929827e+02 -2.226562500000000000e-01
2.333128578609421595e+02 -2.558593750000000000e-01
2.336516860277620253e+02 1.171875000000000000e+00
2.339871844554318443e+02 1.626953125000000000e+00
2.343247318441709126e+02 -4.218750000000000000e-01
2.346615108609758238e+02 3.087890625000000000e+00
2.349964858198576110e+02 2.925781250000000000e+00
2.353272936514399589e+02 4.429687500000000000e+00
2.356665097298675278e+02 4.957031250000000000e+00
2.360003371759876813e+02 5.144531250000000000e+00
2.363390791325207374e+02 2.425781250000000000e+00
2.366772412406571107e+02 4.351562500000000000e+00
2.370151625484788269e+02 1.435546875000000000e+00
2.373502834044224983e+02 4.453125000000000000e-01
2.376877013779583194e+02 -1.785156250000000000e+00
2.380233216794504756e+02 -3.414062500000000000e+00
2.383581570548115565e+02 -4.492187500000000000e+00
2.386976492643435108e+02 -4.562500000000000000e+00
2.390363221756549592e+02 -3.429687500000000000e+00
2.393694446854563864e+02 3.906250000000000000e-01
2.397106319305009947e+02 1.296875000000000000e+00
2.400437790966819591e+02 1.111328125000000000e+00
2.403811746919375878e+02 3.707031250000000000e+00
2.406976789219691852e+02 4.648437500000000000e-01
2.410475764580688178e+02 3.328125000000000000e+00
2.414066218296927673e+02 2.941406250000000000e+00
2.417271852199334035e+02 5.255859375000000000e+00
2.420604968163013382e+02 6.394531250000000000e+00
2.424041908546708441e+02 7.277343750000000000e+00
2.427348049408672068e+02 5.523437500000000000e+00
2.430705350772032602e+02 6.878906250000000000e+00
2.434072969747058153e+02 5.935546875000000000e+00
2.437461901943493103e+02 3.033203125000000000e+00
2.440798192653522278e+02 3.859375000000000000e+00
2.444142595854860929e+02 1.656250000000000000e+00
2.447559423711345801e+02 -1.705078125000000000e+00
2.450828865356770905e+02 -4.058593750000000000e+00
2.454231393047520555e+02 -7.664062500000000000e+00
2.457691793578046600e+02 -4.955078125000000000e+00
2.460974744699123562e+02 -4.675781250000000000e+00
2.464332768583760753e+02 -2.824218750000000000e+00
2.467704567011674044e+02 -4.498046875000000000e+00
2.471075828218006336e+02 -3.875000000000000000e+00
2.474434273332654470e+02 -3.484375000000000000e+00
2.477818882210765423e+02 -2.898437500000000000e+00
2.481191157928947177e+02 -1.201171875000000000e+00
2.484561934566725085e+02 -7.695312500000000000e-01
2.487920735767903011e+02 -1.757812500000000000e+00
2.491288153572086514e+02 7.539062500000000000e-01
2.494616079172334366e+02 -2.148437500000000000e+00
2.497987866926811193e+02 -2.281250000000000000e+00
2.501383342931397635e+02 -3.242187500000000000e+00
2.504704406708914917e+02 -6.289062500000000000e-01
2.508060417950898682e+02 -2.316406250000000000e+00
2.511433808765973481e+02 -2.373046875000000000e+00
2.514803447017973212e+02 1.914062500000000000e-01
2.518094338199290974e+02 -1.724609375000000000e+00
2.521546478462321375e+02 -4.859375000000000000e+00
