#Time Flux
-7.137454130978873934e+00 -2.582031250000000000e+00
-7.109715952181456800e+00 -4.585937500000000000e+00
-7.079424824672518213e+00 3.851562500000000000e+00
-7.051204441468204465e+00 -2.304687500000000000e-01
-7.021522350117574973e+00 8.160156250000000000e+00
-6.994516788766944160e+00 2.539062500000000000e+00
-6.966650360525679986e+00 -1.765625000000000000e+00
-6.936215634115988848e+00 -1.562500000000000000e-02
-6.908969307350471212e+00 -4.421875000000000000e+00
-6.878643428536300064e+00 3.906250000000000000e-01
-6.851630200355270262e+00 -3.230468750000000000e+00
-6.823620408525901126e+00 -4.218750000000000000e+00
-6.793339863213535779e+00 4.148437500000000000e+00
-6.764779174418727337e+00 1.785156250000000000e+00
-6.735600900189304241e+00 7.921875000000000000e+00
-6.708593837487409672e+00 4.101562500000000000e+00
-6.680371989228678586e+00 6.632812500000000000e+00
-6.650374346990641783e+00 9.265625000000000000e+00
-6.622886280008369653e+00 9.671875000000000000e+00
-6.593257032849621169e+00 1.214453125000000000e+01
-6.565749699765287772e+00 1.215625000000000000e+01
-6.537560643882759592e+00 9.531250000000000000e+00
-6.507255005073151466e+00 5.804687500000000000e+00
-6.479852676001602418e+00 8.128906250000000000e+00
-6.450962364107105884e+00 8.558593750000000000e+00
-6.422716885753029459e+00 1.311328125000000000e+01
-6.394309632245512631e+00 1.365820312500000000e+01
-6.364509027863025636e+00 4.460937500000000000e+00
-6.336830913295706580e+00 1.112500000000000000e+01
-6.308244892430803219e+00 8.121093750000000000e+00
-6.279684023897711853e+00 1.491015625000000000e+01
-6.250917055861037852e+00 1.373828125000000000e+01
-6.221474185255576828e+00 1.935156250000000000e+01
-6.193800965836125272e+00 1.225000000000000000e+01
-6.165487364092481215e+00 1.416406250000000000e+01
-6.136725011632098159e+00 2.139257812500000000e+01
-6.108242174914447986e+00 1.722656250000000000e+01
-6.078331543323074015e+00 2.051171875000000000e+01
-6.049580092409517107e+00 1.392968750000000000e+01
-6.022459490804688897e+00 2.334375000000000000e+01
-5.993618306469866042e+00 2.038867187500000000e+01
-5.964856576016728695e+00 1.791796875000000000e+01
-5.935429930130457166e+00 2.346875000000000000e+01
-5.907678654391329331e+00 1.953125000000000000e+01
-5.879431422870478485e+00 1.832031250000000000e+01
-5.850585451021029115e+00 1.967187500000000000e+01
-5.822394622107847084e+00 2.561718750000000000e+01
-5.792467944709724037e+00 2.360937500000000000e+01
-5.763952037767072767e+00 2.357031250000000000e+01
-5.736523922484902727e+00 2.327734375000000000e+01
-5.707552697486530491e+00 2.655859375000000000e+01
-5.679336484492715442e+00 2.560937500000000000e+01
-5.649428225697274542e+00 3.160156250000000000e+01
-5.621259792740332273e+00 2.809179687500000000e+01
-5.593375403191824802e+00 2.705468750000000000e+01
-5.564515985721783409e+00 2.367968750000000000e+01
-5.536094059438436688e+00 2.377343750000000000e+01
-5.506418987740737236e+00 3.021093750000000000e+01
-5.477088627368022600e+00 2.278906250000000000e+01
-5.450347551324451700e+00 2.857031250000000000e+01
-5.421536815441065471e+00 3.540625000000000000e+01
-5.393253507092786947e+00 3.139062500000000000e+01
-5.363412969140785691e+00 2.929687500000000000e+01
-5.335512762819544008e+00 2.305468750000000000e+01
-5.307319504817936462e+00 3.064843750000000000e+01
-5.278381016174485296e+00 3.365625000000000000e+01
-5.250019997884191270e+00 2.989062500000000000e+01
-5.220342810225240271e+00 3.381640625000000000e+01
-5.192770916030450934e+00 3.200781250000000000e+01
-5.164291563543596197e+00 3.891406250000000000e+01
-5.135344888814820763e+00 3.691406250000000000e+01
-5.106982934716324252e+00 3.216406250000000000e+01
-5.077195715083437477e+00 3.766406250000000000e+01
-5.049648386438800429e+00 3.044531250000000000e+01
-5.021372215687133433e+00 3.125781250000000000e+01
-4.992359922957376739e+00 3.757812500000000000e+01
-4.963945967005383153e+00 3.233203125000000000e+01
-4.934266717809343561e+00 3.191210937500000000e+01
-4.906615268873590452e+00 3.704296875000000000e+01
-4.878448093405491903e+00 3.338281250000000000e+01
-4.849320894480598554e+00 4.332421875000000000e+01
-4.820729934759754087e+00 4.241406250000000000e+01
-4.791126116135931312e+00 4.368359375000000000e+01
-4.763661215191415721e+00 3.730859375000000000e+01
-4.735415464901048921e+00 4.829687500000000000e+01
-4.706236506837690570e+00 3.934375000000000000e+01
-4.678046362154610449e+00 4.197656250000000000e+01
-4.648190410545332441e+00 3.841796875000000000e+01
-4.620948955474286635e+00 2.763281250000000000e+01
-4.592583973916596563e+00 3.860546875000000000e+01
-4.563242902454049954e+00 4.073046875000000000e+01
-4.535004878635128023e+00 4.392578125000000000e+01
-4.505194598073007484e+00 4.615625000000000000e+01
-4.477734457509207289e+00 3.994140625000000000e+01
-4.449743858070196012e+00 4.918750000000000000e+01
-4.420243475827298596e+00 4.885937500000000000e+01
-4.392038548914594998e+00 4.441406250000000000e+01
-4.362070222472620884e+00 4.650781250000000000e+01
-4.334698132181650010e+00 5.041406250000000000e+01
-4.306509682096482550e+00 4.653515625000000000e+01
-4.277591347912046871e+00 5.261718750000000000e+01
-4.249003004788416860e+00 4.604492187500000000e+01
-4.218986859862273064e+00 4.969921875000000000e+01
-4.191661806155600800e+00 4.172265625000000000e+01
-4.163472603790985715e+00 5.375781250000000000e+01
-4.134290819414200513e+00 5.490625000000000000e+01
-4.105967471376086309e+00 4.855078125000000000e+01
-4.076037702481237091e+00 5.356640625000000000e+01
-4.048625479194591037e+00 5.395117187500000000e+01
-4.020619492858731547e+00 4.937500000000000000e+01
-3.991117687140210535e+00 6.098437500000000000e+01
-3.963024464763154953e+00 5.384375000000000000e+01
-3.933048515608692952e+00 5.475781250000000000e+01
-3.905589201539108046e+00 4.701562500000000000e+01
-3.877309087450477421e+00 5.885546875000000000e+01
-3.848153676722450456e+00 5.500195312500000000e+01
-3.819994780052955008e+00 5.297656250000000000e+01
-3.789961351914364229e+00 5.747656250000000000e+01
-3.762700875610565987e+00 4.942968750000000000e+01
-3.733656517521534823e+00 4.791015625000000000e+01
-3.705117923154194415e+00 5.932421875000000000e+01
-3.677029769549893246e+00 5.686328125000000000e+01
-3.646847592238120939e+00 5.943750000000000000e+01
-3.619676229474261930e+00 5.724609375000000000e+01
-3.590714742446134977e+00 5.797265625000000000e+01
-3.562172379891745067e+00 6.210156250000000000e+01
-3.533935547660664866e+00 4.954687500000000000e+01
-3.503884837256457274e+00 6.766015625000000000e+01
-3.476637217823135728e+00 5.682812500000000000e+01
-3.447686881309191875e+00 6.242578125000000000e+01
-3.419142762586016460e+00 6.260156250000000000e+01
-3.390906000204129356e+00 5.655468750000000000e+01
-3.360902139552212731e+00 6.567968750000000000e+01
-3.333443982763704128e+00 5.808984375000000000e+01
-3.304659020361423671e+00 6.093359375000000000e+01
-3.276113032124595037e+00 6.272656250000000000e+01
-3.247930325300888654e+00 6.700000000000000000e+01
-3.217750967473048007e+00 6.022656250000000000e+01
-3.190557202710582629e+00 5.805468750000000000e+01
-3.161631109478758361e+00 6.250000000000000000e+01
-3.133083288631933527e+00 5.231250000000000000e+01
-3.104847341615684542e+00 5.948437500000000000e+01
-3.074828941628670265e+00 6.375781250000000000e+01
-3.047520464343815405e+00 5.876953125000000000e+01
-3.019020798638845093e+00 6.194531250000000000e+01
-2.990053731862172270e+00 6.516406250000000000e+01
-2.961817730945629279e+00 6.862500000000000000e+01
-2.931963951746730856e+00 7.197656250000000000e+01
-2.904481523702397539e+00 6.434375000000000000e+01
-2.875916256052132525e+00 7.228906250000000000e+01
-2.847640685816045902e+00 6.327343750000000000e+01
-2.818648446911563354e+00 6.748437500000000000e+01
-2.788924715232134588e+00 7.259375000000000000e+01
-2.761442588517947883e+00 6.470898437500000000e+01
-2.732885784377995009e+00 7.477929687500000000e+01
-2.704249184981843968e+00 6.589453125000000000e+01
-2.675467392931942356e+00 6.605468750000000000e+01
-2.645718807717361898e+00 7.332031250000000000e+01
-2.618403708587120349e+00 7.163281250000000000e+01
-2.589855305777145844e+00 7.037890625000000000e+01
-2.561218093625310388e+00 7.577734375000000000e+01
-2.532577602552944285e+00 7.455468750000000000e+01
-2.503009884221963688e+00 7.013281250000000000e+01
-2.475364834007759640e+00 6.029687500000000000e+01
-2.446888524319543734e+00 7.128125000000000000e+01
-2.418187053731625014e+00 7.243750000000000000e+01
-2.389699409584725487e+00 7.831250000000000000e+01
-2.359645427014488206e+00 8.391406250000000000e+01
-2.332342394882974901e+00 6.588281250000000000e+01
-2.303855584753360830e+00 7.746484375000000000e+01
-2.275155915343301416e+00 7.967968750000000000e+01
-2.246506750569121635e+00 7.176171875000000000e+01
-2.216767346466077981e+00 8.276562500000000000e+01
-2.189267332976601921e+00 6.994531250000000000e+01
-2.160763877828994595e+00 8.051953125000000000e+01
-2.132374343103165870e+00 7.378906250000000000e+01
-2.103640421890165868e+00 7.654687500000000000e+01
-2.073571873442137559e+00 7.923437500000000000e+01
-2.046431005680933168e+00 6.439453125000000000e+01
-2.017733371168414891e+00 8.656640625000000000e+01
-1.989341921708856376e+00 7.333593750000000000e+01
-1.960436041081290881e+00 8.423828125000000000e+01
-1.930688438793005446e+00 8.896875000000000000e+01
-1.903235167287451901e+00 7.211718750000000000e+01
-1.874702857355568852e+00 8.509375000000000000e+01
-1.846429432501068391e+00 7.563085937500000000e+01
-1.817219872406177217e+00 7.171875000000000000e+01
-1.787649116687681783e+00 7.064843750000000000e+01
-1.760170342338224003e+00 6.691796875000000000e+01
-1.731672386318077628e+00 8.682421875000000000e+01
-1.703031576296151428e+00 7.868750000000000000e+01
-1.674365274080653165e+00 8.179687500000000000e+01
-1.644757808182756520e+00 8.028125000000000000e+01
-1.617163832467443996e+00 7.086718750000000000e+01
-1.588641858182509026e+00 7.433593750000000000e+01
-1.560369074656378530e+00 8.209375000000000000e+01
-1.531532525425621571e+00 7.797656250000000000e+01
-1.501715824164701729e+00 8.275781250000000000e+01
-1.474128090326079388e+00 6.889062500000000000e+01
-1.445565885367326331e+00 8.528906250000000000e+01
-1.417212599558425268e+00 8.144531250000000000e+01
-1.388499267761847733e+00 8.552343750000000000e+01
-1.358673834187637652e+00 9.625000000000000000e+01
-1.333542393680296811e+00 7.117187500000000000e+01
-1.302728775844123277e+00 8.801171875000000000e+01
-1.273938286634173522e+00 7.656640625000000000e+01
-1.245463546132530297e+00 9.496875000000000000e+01
-1.215913637471761177e+00 8.156640625000000000e+01
-1.188411881687251537e+00 7.286328125000000000e+01
-1.159691496958664914e+00 8.453515625000000000e+01
-1.130907159305305498e+00 8.703906250000000000e+01
-1.102432943460929238e+00 8.264062500000000000e+01
-1.072879139515510616e+00 9.475781250000000000e+01
-1.045201626536726991e+00 7.610937500000000000e+01
-1.016557099102097794e+00 8.982031250000000000e+01
-9.876365383838496825e-01 8.334375000000000000e+01
-9.595128010017326403e-01 8.496875000000000000e+01
-9.304120482996331987e-01 9.081250000000000000e+01
-9.027113251920830805e-01 7.771484375000000000e+01
-8.740653400707074638e-01 8.591406250000000000e+01
-8.446066803312355376e-01 8.845312500000000000e+01
-8.164770561173320118e-01 8.692578125000000000e+01
-7.873798473886672866e-01 9.787500000000000000e+01
-7.600427352274543580e-01 7.704687500000000000e+01
-7.313847538484274935e-01 9.575781250000000000e+01
-7.015768084251980952e-01 8.329687500000000000e+01
-6.733332835489029833e-01 8.350781250000000000e+01
-6.451056500468936861e-01 1.000078125000000000e+02
-6.170147963469041485e-01 8.810937500000000000e+01
-5.883492207889808867e-01 9.127343750000000000e+01
-5.585468229050825073e-01 8.666406250000000000e+01
-5.303165929215971630e-01 8.784375000000000000e+01
-5.020778582571026050e-01 9.517968750000000000e+01
-4.746481773167907647e-01 8.871484375000000000e+01
-4.452352690949155090e-01 8.919921875000000000e+01
-4.151611413871663103e-01 8.764062500000000000e+01
-3.872669279359008954e-01 8.539062500000000000e+01
-3.590786821552498509e-01 1.064687500000000000e+02
-3.316148534599925313e-01 9.706640625000000000e+01
-3.014680767837560893e-01 9.580468750000000000e+01
-2.723062460924801087e-01 9.311328125000000000e+01
-2.442336953523529530e-01 8.744921875000000000e+01
-2.160223864216774814e-01 9.775781250000000000e+01
-1.892319215109878883e-01 8.225781250000000000e+01
-1.590793854568239851e-01 6.640625000000000000e-01
-1.299222231583740950e-01 -1.564140625000000000e+03
-1.012284417155093763e-01 -4.244164062500000000e+03
-7.273474216259856462e-02 -5.896234375000000000e+03
-4.453756693490262819e-02 -6.384824218750000000e+03
-1.546325813707838392e-02 -6.551507812500000000e+03
1.400238902485284598e-02 -6.577984375000000000e+03
4.285975516562423593e-02 -6.407429687500000000e+03
7.081322184937377529e-02 -5.944664062500000000e+03
9.945379131345255530e-02 -4.378246093750000000e+03
1.282809571141356741e-01 -1.728882812500000000e+03
1.570412313862732390e-01 -2.675390625000000000e+01
1.853909326398941460e-01 8.991210937500000000e+01
2.135810933436168568e-01 9.855468750000000000e+01
2.426296206390254895e-01 8.246875000000000000e+01
2.706810458084802917e-01 8.778125000000000000e+01
2.998247871230770301e-01 8.790625000000000000e+01
3.284822947220789047e-01 8.975781250000000000e+01
3.567432862273953731e-01 8.850390625000000000e+01
3.856135058179059882e-01 8.003125000000000000e+01
4.136602742464496885e-01 8.945312500000000000e+01
4.428576163275348421e-01 9.115234375000000000e+01
4.714920554213790638e-01 8.520312500000000000e+01
4.999094422670786741e-01 8.765625000000000000e+01
5.287040817852250996e-01 8.503906250000000000e+01
5.567556594005438342e-01 9.058203125000000000e+01
5.854657764036250711e-01 8.205468750000000000e+01
6.145435058292321173e-01 8.281640625000000000e+01
6.428034389883059418e-01 9.422851562500000000e+01
6.717412892535215008e-01 8.212500000000000000e+01
6.998512590674330625e-01 8.764062500000000000e+01
7.284968387691055369e-01 7.932812500000000000e+01
7.575398126808075006e-01 8.611328125000000000e+01
7.859736099705223467e-01 8.672656250000000000e+01
8.147132271935841885e-01 7.797656250000000000e+01
8.428313705395780175e-01 8.646093750000000000e+01
8.713025997302423775e-01 7.762500000000000000e+01
9.005923366310639722e-01 8.050781250000000000e+01
9.295631088708926626e-01 8.703906250000000000e+01
9.576772911432485103e-01 8.218750000000000000e+01
9.859068774697483661e-01 8.753906250000000000e+01
1.014988618809445242e+00 8.751953125000000000e+01
1.043614329124284978e+00 8.711523437500000000e+01
1.072593810061475139e+00 9.248046875000000000e+01
1.100701049161283862e+00 8.195312500000000000e+01
1.128900301492329561e+00 8.649218750000000000e+01
1.157590020281249465e+00 8.247265625000000000e+01
1.186643837739929097e+00 8.114843750000000000e+01
1.215069693134562812e+00 8.471875000000000000e+01
1.243546417629882939e+00 7.517968750000000000e+01
1.271962382709094896e+00 9.021875000000000000e+01
1.300621078921439633e+00 8.085156250000000000e+01
1.329688813146095328e+00 8.878515625000000000e+01
1.358655171806416817e+00 9.281640625000000000e+01
1.386775247865033478e+00 7.931445312500000000e+01
1.414990229454193837e+00 9.134375000000000000e+01
1.444086831675383209e+00 7.810937500000000000e+01
1.472726036679706141e+00 8.232031250000000000e+01
1.500983579206188523e+00 9.036523437500000000e+01
1.529617112282036118e+00 7.745312500000000000e+01
1.558017974095779579e+00 8.765625000000000000e+01
1.586513514276761683e+00 8.314843750000000000e+01
1.615759610260113277e+00 8.774218750000000000e+01
1.644716379417472396e+00 8.296875000000000000e+01
1.672737882158012113e+00 7.825781250000000000e+01
1.701045815602189037e+00 7.803125000000000000e+01
1.729494751273577435e+00 8.010937500000000000e+01
1.758807992511528084e+00 8.610937500000000000e+01
1.787197549499676796e+00 8.687500000000000000e+01
1.815911958126957160e+00 7.678906250000000000e+01
1.844073454080277230e+00 8.130468750000000000e+01
1.872353080915885926e+00 8.073437500000000000e+01
1.901837783350675437e+00 8.256640625000000000e+01
1.929829309004100324e+00 8.767578125000000000e+01
1.958802408187816368e+00 8.089453125000000000e+01
1.987101289409398674e+00 7.273437500000000000e+01
2.016217847494123916e+00 8.624218750000000000e+01
2.044889910182781989e+00 8.174218750000000000e+01
2.072862129299148037e+00 7.937500000000000000e+01
2.101911201255482808e+00 7.615625000000000000e+01
2.130141231546666347e+00 8.471093750000000000e+01
2.159250660684199019e+00 8.114062500000000000e+01
2.187930853877141146e+00 7.654687500000000000e+01
2.215496600403817240e+00 7.247656250000000000e+01
2.244793303666707374e+00 7.191406250000000000e+01
2.272577074937327524e+00 8.326562500000000000e+01
2.302512113008610584e+00 7.592187500000000000e+01
2.330949668788708351e+00 7.930078125000000000e+01
2.359325054639764829e+00 7.443750000000000000e+01
2.387828591322655569e+00 7.561718750000000000e+01
2.415900103402726984e+00 7.892578125000000000e+01
2.445316083872318913e+00 7.601562500000000000e+01
2.473961033927309927e+00 7.438281250000000000e+01
2.502356991629920202e+00 6.629687500000000000e+01
2.530232403944857822e+00 7.203515625000000000e+01
2.558654068116776870e+00 7.392187500000000000e+01
2.588115011857116343e+00 7.804687500000000000e+01
2.616972589972164087e+00 7.639843750000000000e+01
2.645388813026936958e+00 7.427343750000000000e+01
2.673963430077614944e+00 7.232031250000000000e+01
2.702240122768049702e+00 6.785937500000000000e+01
2.731168050682260429e+00 6.413281250000000000e+01
2.759978172514024664e+00 6.817187500000000000e+01
2.788960924709639855e+00 6.628125000000000000e+01
2.816668443476809003e+00 7.336328125000000000e+01
2.844730902156481278e+00 6.928906250000000000e+01
2.874201632446290233e+00 6.668750000000000000e+01
2.903098859243801400e+00 6.650781250000000000e+01
2.932530294469543719e+00 7.490625000000000000e+01
2.959701149804894627e+00 6.503906250000000000e+01
2.988032476678689875e+00 6.601953125000000000e+01
3.017235048267554731e+00 6.212500000000000000e+01
3.046064789346445423e+00 6.396875000000000000e+01
3.074484283613553970e+00 5.857812500000000000e+01
3.103004376774375572e+00 5.809375000000000000e+01
3.131323369396628920e+00 6.216406250000000000e+01
3.159813597007868680e+00 5.994531250000000000e+01
3.189095438379325742e+00 5.938281250000000000e+01
3.217124598007041314e+00 6.419140625000000000e+01
3.245766609427372273e+00 6.073828125000000000e+01
3.273846141927389652e+00 5.407031250000000000e+01
3.303758736638023663e+00 5.827343750000000000e+01
3.332089160881082535e+00 6.422656250000000000e+01
3.359766979012597687e+00 5.246093750000000000e+01
3.388799362554417272e+00 5.876953125000000000e+01
3.417131689785072979e+00 5.535937500000000000e+01
3.446793957944514375e+00 6.035937500000000000e+01
3.475116876302422497e+00 6.375000000000000000e+01
3.502800823475077152e+00 5.846875000000000000e+01
3.531832164743244462e+00 5.894531250000000000e+01
3.559922827428419367e+00 5.543750000000000000e+01
3.589828962951337132e+00 5.479687500000000000e+01
3.618144689054247465e+00 5.167968750000000000e+01
3.645834786557493601e+00 5.342968750000000000e+01
3.674584911009979749e+00 5.598437500000000000e+01
3.702961247820677926e+00 4.959375000000000000e+01
3.732590320288442953e+00 4.673828125000000000e+01
3.761004123757512474e+00 4.698437500000000000e+01
3.788868768739298787e+00 4.589453125000000000e+01
3.817234593245506957e+00 4.713281250000000000e+01
3.846230824427529171e+00 4.669531250000000000e+01
3.875899221737249434e+00 5.159375000000000000e+01
3.904200206982864074e+00 5.735937500000000000e+01
3.932288637032735679e+00 4.831640625000000000e+01
3.960930265388450167e+00 4.219140625000000000e+01
3.989489693385909419e+00 4.070312500000000000e+01
4.018190693605619757e+00 4.356640625000000000e+01
4.047069435416116079e+00 4.365234375000000000e+01
4.074872770211932504e+00 4.260156250000000000e+01
4.103676200423898024e+00 4.457812500000000000e+01
4.132517488908266756e+00 4.159375000000000000e+01
4.161221789327727905e+00 4.145312500000000000e+01
4.190102152567188654e+00 4.533203125000000000e+01
4.217836637309524406e+00 3.635156250000000000e+01
4.246322430668646675e+00 4.151953125000000000e+01
4.275084450172897732e+00 4.200000000000000000e+01
4.304252884576898808e+00 4.119140625000000000e+01
4.333283415543633055e+00 4.402343750000000000e+01
4.361004585118458010e+00 4.256250000000000000e+01
4.388483335578262867e+00 4.933203125000000000e+01
4.418152725584842955e+00 4.321875000000000000e+01
4.447468481403593188e+00 4.276562500000000000e+01
4.476311113742781345e+00 4.421875000000000000e+01
4.503965231811726255e+00 3.672265625000000000e+01
4.531516566881242269e+00 3.799218750000000000e+01
4.561600561954325173e+00 3.117968750000000000e+01
4.590130863684734663e+00 3.248437500000000000e+01
4.619200249134220115e+00 2.632812500000000000e+01
4.647630956669711821e+00 3.327343750000000000e+01
4.674076949195544728e+00 3.395312500000000000e+01
4.704229171728695036e+00 2.521875000000000000e+01
4.733819447513530676e+00 3.055078125000000000e+01
4.762366503265297979e+00 2.914843750000000000e+01
4.790457130202792513e+00 3.213281250000000000e+01
4.818050922020791660e+00 3.571093750000000000e+01
4.847656033091258365e+00 2.552343750000000000e+01
4.875982718757981615e+00 3.237500000000000000e+01
4.905394294705843095e+00 3.226562500000000000e+01
4.933313018543509898e+00 3.072656250000000000e+01
4.960616187044712078e+00 3.946484375000000000e+01
4.990285764333265206e+00 2.879296875000000000e+01
5.018799470897292281e+00 3.248437500000000000e+01
5.048298413920630168e+00 3.761718750000000000e+01
5.076344249842174250e+00 3.312890625000000000e+01
5.103191595481142429e+00 3.507031250000000000e+01
5.133184481653071174e+00 2.891015625000000000e+01
5.161650999884356494e+00 2.895312500000000000e+01
5.191331183986104492e+00 2.700781250000000000e+01
5.219541863018474004e+00 2.580468750000000000e+01
5.247135414584352731e+00 2.905468750000000000e+01
5.276238836008054989e+00 2.542187500000000000e+01
5.304856038280931330e+00 2.517968750000000000e+01
5.334242449865914892e+00 2.491015625000000000e+01
5.362406551771806917e+00 2.779687500000000000e+01
5.389267917184291434e+00 2.906250000000000000e+01
5.419593637333072422e+00 2.896875000000000000e+01
5.447884383276331732e+00 3.000000000000000000e+01
5.477276896189508193e+00 3.057812500000000000e+01
5.505277123107767068e+00 2.769531250000000000e+01
5.532748926115806043e+00 2.367187500000000000e+01
5.562458348583060541e+00 2.667968750000000000e+01
5.590744486579266592e+00 2.994531250000000000e+01
5.620319263606873506e+00 2.808593750000000000e+01
5.648212261759745445e+00 2.588671875000000000e+01
5.675322253696304386e+00 3.257421875000000000e+01
5.705348374338576889e+00 2.479687500000000000e+01
5.733775725477668672e+00 1.979296875000000000e+01
5.763362608336965565e+00 2.450976562500000000e+01
5.791345596439164467e+00 2.060937500000000000e+01
5.818362463337489743e+00 2.691406250000000000e+01
5.848384855026019125e+00 2.350781250000000000e+01
5.877029914161623125e+00 2.498437500000000000e+01
5.906401521317654613e+00 2.321875000000000000e+01
5.934168495177296165e+00 2.336718750000000000e+01
5.961271231652855107e+00 2.465625000000000000e+01
5.991572832934945581e+00 2.017968750000000000e+01
6.019997539558616495e+00 2.258203125000000000e+01
6.049442732906673115e+00 1.774609375000000000e+01
6.077304999496682569e+00 2.011718750000000000e+01
6.104310644722200863e+00 1.800390625000000000e+01
6.134457767732023115e+00 1.823437500000000000e+01
6.162869421960264660e+00 2.007031250000000000e+01
6.192482860806112654e+00 1.443750000000000000e+01
6.220448148220562246e+00 1.662500000000000000e+01
6.247203373242399493e+00 1.236718750000000000e+01
6.277646276463361374e+00 1.413281250000000000e+01
6.306054114130901667e+00 1.428906250000000000e+01
6.335515142799174271e+00 6.828125000000000000e+00
6.363366917415824275e+00 1.158203125000000000e+01
6.390534812446524882e+00 1.842187500000000000e+01
6.420374251506988372e+00 1.080468750000000000e+01
6.449082513179391185e+00 1.110937500000000000e+01
6.478562997621256869e+00 8.105468750000000000e+00
6.506278917649474636e+00 1.291406250000000000e+01
6.533138898781803761e+00 1.517968750000000000e+01
6.563110147582474241e+00 1.164843750000000000e+01
6.591963238943632675e+00 1.219921875000000000e+01
6.621366920970555014e+00 1.243359375000000000e+01
6.649179697160160885e+00 9.792968750000000000e+00
6.676610958711783894e+00 8.992187500000000000e+00
6.706443796325007867e+00 5.859375000000000000e+00
6.734614881959632982e+00 1.601171875000000000e+01
6.764403215160651683e+00 8.654296875000000000e+00
6.792212543357617704e+00 7.042968750000000000e+00
6.819648909018972915e+00 3.207031250000000000e+00
6.849478443231024727e+00 3.453125000000000000e+00
6.877421931729710280e+00 4.312500000000000000e+00
6.907212241009233367e+00 4.671875000000000000e+00
6.935145461139345713e+00 4.105468750000000000e+00
6.963080556722621495e+00 5.929687500000000000e+00
6.992513172915611364e+00 9.781250000000000000e+00
7.020450004263501853e+00 5.851562500000000000e+00
7.050704854426491863e+00 6.828125000000000000e+00
7.078166707180528761e+00 4.453125000000000000e+00
7.105586270209524713e+00 5.433593750000000000e+00
7.135712503242906735e+00 -4.296875000000000000e-01
7.163952772503147770e+00 1.671875000000000000e+00
7.193281448681204893e+00 -7.812500000000000000e-01
7.221204603820254420e+00 -8.593750000000000000e-02
7.248762867064463933e+00 5.375000000000000000e+00
7.278582481054005626e+00 -1.234375000000000000e+00
7.306548631424899298e+00 2.167968750000000000e+00
7.336282471347796985e+00 -2.781250000000000000e+00
7.364265603857948150e+00 -1.257812500000000000e+00
7.391528791385525210e+00 1.101562500000000000e+00
7.421617159515850659e+00 -3.679687500000000000e+00
7.449590688871918331e+00 3.773437500000000000e+00
7.479311273629857482e+00 5.289062500000000000e+00
7.507280451014551659e+00 2.718750000000000000e+00
7.534843823686042441e+00 1.859375000000000000e+00
7.564396259871127626e+00 8.671875000000000000e-01
7.592844374881597247e+00 -2.664062500000000000e+00
7.622214348254852112e+00 -1.015625000000000000e+00
7.650318401321740680e+00 -4.203125000000000000e+00
7.677610061663898477e+00 -1.789062500000000000e+00
7.707234024914951576e+00 -5.507812500000000000e-01
7.735625281730865055e+00 2.648437500000000000e+00
7.765129647885622433e+00 2.359375000000000000e+00
7.792779685402621226e+00 -5.343750000000000000e+00
7.820650730276128115e+00 -3.394531250000000000e+00
7.850269971947282599e+00 -5.007812500000000000e+00
7.878662990367121921e+00 -7.406250000000000000e+00
7.907085033076809211e+00 -1.284765625000000000e+01
7.934017995580269655e+00 -8.703125000000000000e+00
7.963821871265164276e+00 -3.093750000000000000e+00
7.992421148189068347e+00 -8.765625000000000000e+00
8.021700783637317755e+00 -3.132812500000000000e+00
8.051211415730357146e+00 -4.039062500000000000e+00
8.077955441273534376e+00 -4.353515625000000000e+00
8.106447478025234687e+00 -6.125000000000000000e+00
8.135452182964117540e+00 -5.976562500000000000e+00
8.164738661534176600e+00 -8.367187500000000000e+00
8.191795828969922866e+00 -7.492187500000000000e+00
8.219842625003147774e+00 -1.089843750000000000e+01
8.249900352337927956e+00 -1.116601562500000000e+01
8.277812122186649191e+00 -8.468750000000000000e+00
8.307216719993366638e+00 -1.007031250000000000e+01
8.334837189249235223e+00 -7.089843750000000000e+00
8.363111851486372927e+00 -7.789062500000000000e+00
8.392939554346295239e+00 -6.345703125000000000e+00
8.421514404145172605e+00 -8.523437500000000000e+00
8.450814270535449424e+00 -5.273437500000000000e+00
8.477595608392288540e+00 -1.003125000000000000e+01
8.507984552791441502e+00 -8.031250000000000000e+00
8.535853380855286332e+00 -1.243750000000000000e+01
8.563874777887892975e+00 -1.317968750000000000e+01
8.593575217319536108e+00 -7.271484375000000000e+00
8.620920047294355015e+00 -4.351562500000000000e+00
8.650099899565848460e+00 -7.261718750000000000e+00
8.678893982412290597e+00 -1.243750000000000000e+01
8.707576527249957010e+00 -1.039843750000000000e+01
8.736970092717907477e+00 -9.031250000000000000e+00
8.765329344908904474e+00 -1.328125000000000000e+01
8.792205572583533524e+00 -1.103125000000000000e+01
8.821654701289094902e+00 -1.025390625000000000e+01
8.849739281788577827e+00 -1.297656250000000000e+01
8.879654002945695623e+00 -1.873437500000000000e+01
8.907283058314224178e+00 -1.409375000000000000e+01
8.936172216054419692e+00 -1.192578125000000000e+01
8.965096228509420229e+00 -8.335937500000000000e+00
8.994309005684073099e+00 -1.149218750000000000e+01
9.022421582841989363e+00 -1.822656250000000000e+01
9.051410747380513655e+00 -1.989062500000000000e+01
9.078058023522098452e+00 -1.625781250000000000e+01
9.108015620245595301e+00 -1.814843750000000000e+01
9.135811026154049941e+00 -1.661718750000000000e+01
9.165732678857690274e+00 -1.711718750000000000e+01
9.193364018695010742e+00 -1.848437500000000000e+01
9.220888462225939719e+00 -1.657812500000000000e+01
9.250779053214660763e+00 -1.940625000000000000e+01
9.279031105791862188e+00 -2.067187500000000000e+01
9.308503602485789230e+00 -1.765625000000000000e+01
9.336127192814608122e+00 -2.070703125000000000e+01
9.363718384193012056e+00 -1.573828125000000000e+01
9.393249459569659621e+00 -1.697656250000000000e+01
9.423401853666319994e+00 -1.638281250000000000e+01
9.450082127356976613e+00 -1.135156250000000000e+01
9.478892304288887516e+00 -1.878906250000000000e+01
9.506845593715503639e+00 -1.424218750000000000e+01
9.535920691278937156e+00 -1.690625000000000000e+01
9.565093452650533123e+00 -2.623437500000000000e+01
9.593897283440922408e+00 -1.828906250000000000e+01
9.621877734324499443e+00 -2.388281250000000000e+01
9.649781511641881693e+00 -2.202734375000000000e+01
9.678952310695370542e+00 -1.868359375000000000e+01
9.708124603720850843e+00 -1.706250000000000000e+01
9.736930817074492595e+00 -1.442578125000000000e+01
9.764918063949863836e+00 -1.981250000000000000e+01
9.792902472364609423e+00 -1.855468750000000000e+01
9.821983817301719100e+00 -1.697656250000000000e+01
9.851155840130875418e+00 -1.906250000000000000e+01
9.879964254432591630e+00 -2.293359375000000000e+01
9.908019471129659195e+00 -2.508203125000000000e+01
9.935844744184683108e+00 -1.576171875000000000e+01
9.965092158363454189e+00 -1.978125000000000000e+01
9.994025793287226733e+00 -2.536718750000000000e+01
1.002299779562588178e+01 -1.262695312500000000e+01
1.005099885167217622e+01 -2.874609375000000000e+01
1.007887625611703264e+01 -1.978906250000000000e+01
1.010804684139924881e+01 -2.135156250000000000e+01
1.013706156657696589e+01 -2.289453125000000000e+01
1.016570750193808692e+01 -2.203125000000000000e+01
1.019403925983422710e+01 -2.928320312500000000e+01
1.022198805533228239e+01 -2.498437500000000000e+01
1.025062322755134758e+01 -2.376171875000000000e+01
1.028024916017725232e+01 -2.384375000000000000e+01
1.030826147530674852e+01 -2.942968750000000000e+01
1.033714666037310437e+01 -3.085937500000000000e+01
1.036501643391350314e+01 -2.582812500000000000e+01
1.039419511201054291e+01 -2.560156250000000000e+01
1.042313292368686994e+01 -2.603906250000000000e+01
1.045081759398423671e+01 -2.133593750000000000e+01
1.048045288636000549e+01 -2.978906250000000000e+01
1.050797117524063218e+01 -2.566015625000000000e+01
1.053705321486798496e+01 -2.396093750000000000e+01
1.056560802927180021e+01 -3.060937500000000000e+01
1.059432109583135961e+01 -3.073046875000000000e+01
1.062349432597635968e+01 -3.517578125000000000e+01
1.065100274276493586e+01 -3.614843750000000000e+01
1.068008170550622893e+01 -2.876562500000000000e+01
1.070853616480344783e+01 -3.160156250000000000e+01
1.073735093845530564e+01 -2.420312500000000000e+01
1.076620093663294142e+01 -2.991015625000000000e+01
1.079403447414016703e+01 -2.647656250000000000e+01
1.082266000319427413e+01 -2.680078125000000000e+01
1.085167748573059043e+01 -3.262500000000000000e+01
1.087991048655355186e+01 -3.147656250000000000e+01
1.090924139172491891e+01 -3.299218750000000000e+01
1.093700170234570024e+01 -2.639062500000000000e+01
1.096524062581998749e+01 -3.525000000000000000e+01
1.099466655620972944e+01 -3.060156250000000000e+01
1.102240914551331841e+01 -2.778906250000000000e+01
1.105220498955121755e+01 -3.146093750000000000e+01
1.107977603772103592e+01 -2.957031250000000000e+01
1.110799791948487325e+01 -3.050781250000000000e+01
1.113774701808489453e+01 -3.639843750000000000e+01
1.116570512572620189e+01 -3.130078125000000000e+01
1.119504421332015554e+01 -3.439843750000000000e+01
1.122294469531842864e+01 -2.601171875000000000e+01
1.125219628003999972e+01 -3.080468750000000000e+01
1.128074377313215138e+01 -3.199609375000000000e+01
1.130900344780063094e+01 -3.648437500000000000e+01
1.133817694901673434e+01 -3.453710937500000000e+01
1.136610614587607770e+01 -3.032031250000000000e+01
1.139477909185584004e+01 -3.214453125000000000e+01
1.142378229736687700e+01 -3.330468750000000000e+01
1.145203433927205694e+01 -3.486718750000000000e+01
1.148092315975881306e+01 -3.460937500000000000e+01
1.150902167080638705e+01 -3.023828125000000000e+01
1.153780888465039034e+01 -3.221093750000000000e+01
1.156685140864630057e+01 -2.989062500000000000e+01
1.159506531607591384e+01 -2.853906250000000000e+01
1.162424315017934617e+01 -3.365625000000000000e+01
1.165194426761825142e+01 -3.371093750000000000e+01
1.168083861569388837e+01 -3.452343750000000000e+01
1.170988621003544949e+01 -3.311718750000000000e+01
1.173855910807028913e+01 -3.643750000000000000e+01
1.176698498978438678e+01 -3.860546875000000000e+01
1.179490328282687983e+01 -3.548437500000000000e+01
1.182386833532504689e+01 -3.365625000000000000e+01
1.185289823312678692e+01 -3.486328125000000000e+01
1.188205078806517179e+01 -2.932031250000000000e+01
1.190984916029924179e+01 -3.524218750000000000e+01
1.193780012771143362e+01 -3.291406250000000000e+01
1.196689799320151515e+01 -3.484570312500000000e+01
1.199582999922487048e+01 -4.027343750000000000e+01
1.202546661924850291e+01 -3.489453125000000000e+01
1.205321016582814408e+01 -4.020312500000000000e+01
1.208089513434130069e+01 -3.428906250000000000e+01
1.210992773943357470e+01 -4.057031250000000000e+01
1.213878063838148336e+01 -4.171875000000000000e+01
1.216810786269947187e+01 -3.833593750000000000e+01
1.219591733548372403e+01 -3.968750000000000000e+01
1.222393253808582969e+01 -3.344531250000000000e+01
1.225339602694460339e+01 -3.152343750000000000e+01
1.228191092211992341e+01 -4.060156250000000000e+01
1.231113638698174384e+01 -3.094531250000000000e+01
1.233895134780982161e+01 -4.020312500000000000e+01
1.236697002599136042e+01 -3.650000000000000000e+01
1.239654928423892066e+01 -4.774609375000000000e+01
1.242485782493405821e+01 -4.393750000000000000e+01
1.245370763818860205e+01 -3.421484375000000000e+01
1.248185121030304323e+01 -3.865625000000000000e+01
1.250993029791474243e+01 -3.831250000000000000e+01
1.253945309238209305e+01 -4.396093750000000000e+01
1.256789654241821808e+01 -4.110937500000000000e+01
1.259673732982187566e+01 -3.673437500000000000e+01
1.262488237657283641e+01 -4.642187500000000000e+01
1.265288103804261155e+01 -4.112109375000000000e+01
1.268204640922917470e+01 -4.289062500000000000e+01
1.271093507608986073e+01 -3.911718750000000000e+01
1.273931181103368360e+01 -3.896875000000000000e+01
1.276791363038331362e+01 -5.021484375000000000e+01
1.279608219472607900e+01 -3.682031250000000000e+01
1.282464207184499116e+01 -4.350781250000000000e+01
1.285381056152334267e+01 -3.819921875000000000e+01
1.288234265814359603e+01 -3.772656250000000000e+01
1.291094482150414002e+01 -4.616796875000000000e+01
1.293911951930818915e+01 -3.794531250000000000e+01
1.296810572538228890e+01 -4.781250000000000000e+01
1.299710648283436498e+01 -4.555078125000000000e+01
1.302481039760861492e+01 -4.081250000000000000e+01
1.305397610016928844e+01 -4.507812500000000000e+01
1.308196396208433399e+01 -4.303906250000000000e+01
1.311113529140706824e+01 -4.001953125000000000e+01
1.313970268476907677e+01 -4.293750000000000000e+01
1.316783919500123190e+01 -4.582031250000000000e+01
1.319685926510012308e+01 -5.445312500000000000e+01
1.322509291256623243e+01 -5.248437500000000000e+01
1.325416494614032281e+01 -5.408593750000000000e+01
1.328291009913743537e+01 -4.885937500000000000e+01
1.331086790228111383e+01 -3.893750000000000000e+01
1.333963872615219515e+01 -5.973828125000000000e+01
1.336844851549919966e+01 -1.184453125000000000e+02
1.339776806330605119e+01 -2.136894531250000000e+02
1.342562292217985487e+01 -2.622460937500000000e+02
1.345418401459840574e+01 -2.683710937500000000e+02
1.348266860655655108e+01 -2.697109375000000000e+02
1.351149046491280004e+01 -2.607109375000000000e+02
1.354065241007068110e+01 -2.646640625000000000e+02
1.356852171167190590e+01 -2.698125000000000000e+02
1.359692534665775199e+01 -2.550742187500000000e+02
1.362594458007244924e+01 -1.853203125000000000e+02
1.365441930573567220e+01 -8.348437500000000000e+01
1.368398008119770992e+01 -5.185937500000000000e+01
1.371155543657584985e+01 -5.048437500000000000e+01
1.373991628198736414e+01 -4.220312500000000000e+01
1.376872858068906424e+01 -4.367968750000000000e+01
1.379745888883323346e+01 -4.487109375000000000e+01
1.382628325178515816e+01 -4.438476562500000000e+01
1.385471708596265827e+01 -5.467968750000000000e+01
1.388298303101730014e+01 -3.831640625000000000e+01
1.391175862436590904e+01 -4.657421875000000000e+01
1.394049851098449722e+01 -4.308398437500000000e+01
1.396989279077292245e+01 -4.645703125000000000e+01
1.399763432684121511e+01 -5.296875000000000000e+01
1.402601178829756279e+01 -4.316406250000000000e+01
1.405454722204896001e+01 -5.382031250000000000e+01
1.408341774248289013e+01 -4.937500000000000000e+01
1.411276611265369141e+01 -4.936718750000000000e+01
1.414067570569604726e+01 -5.242187500000000000e+01
1.416907861402632562e+01 -4.935937500000000000e+01
1.419781852521497711e+01 -5.276562500000000000e+01
1.422632027400371868e+01 -5.255078125000000000e+01
1.425537181341346304e+01 -5.012109375000000000e+01
1.428371689404448119e+01 -5.412500000000000000e+01
1.431209166089620943e+01 -4.674218750000000000e+01
1.434061041943069625e+01 -5.059375000000000000e+01
1.436949218849509791e+01 -4.735156250000000000e+01
1.439840137839050449e+01 -5.132031250000000000e+01
1.442674120063783150e+01 -5.945312500000000000e+01
1.445512375158733143e+01 -4.764062500000000000e+01
1.448387854410918152e+01 -5.185546875000000000e+01
1.451252943775649484e+01 -5.458593750000000000e+01
1.454185133124140705e+01 -5.380468750000000000e+01
1.456979969920066509e+01 -5.957812500000000000e+01
1.459812987669953799e+01 -4.984375000000000000e+01
1.462714333640635544e+01 -5.648437500000000000e+01
1.465541747344517631e+01 -5.325781250000000000e+01
1.468487968835127688e+01 -5.150781250000000000e+01
1.471284101583878368e+01 -5.983593750000000000e+01
1.474116389066866084e+01 -4.898046875000000000e+01
1.477034957627814471e+01 -5.032812500000000000e+01
1.479824406101211309e+01 -4.707812500000000000e+01
1.482790803777773547e+01 -5.242187500000000000e+01
1.485603497051408795e+01 -4.824218750000000000e+01
1.488418464603857316e+01 -5.300781250000000000e+01
1.491296850714513056e+01 -5.667187500000000000e+01
1.494132398293215047e+01 -5.210937500000000000e+01
1.497093647928143767e+01 -4.942187500000000000e+01
1.499892367728025278e+01 -4.932812500000000000e+01
1.502708925925543149e+01 -4.507226562500000000e+01
1.505599853749242101e+01 -5.598437500000000000e+01
1.508435153823149122e+01 -5.459375000000000000e+01
1.511354873760351047e+01 -5.451171875000000000e+01
1.514196512191701771e+01 -5.187500000000000000e+01
1.517026998083555789e+01 -4.630859375000000000e+01
1.519925672629781133e+01 -5.124218750000000000e+01
1.522734776533430079e+01 -5.074218750000000000e+01
1.525657823656578849e+01 -5.018750000000000000e+01
1.528496643889628714e+01 -5.569921875000000000e+01
1.531327136446308756e+01 -4.629687500000000000e+01
1.534205856238201449e+01 -4.783593750000000000e+01
1.537029398946795311e+01 -5.208593750000000000e+01
1.539960762470795608e+01 -4.576953125000000000e+01
1.542804793888935677e+01 -5.150781250000000000e+01
1.545630032488808681e+01 -5.146093750000000000e+01
1.548531332549921302e+01 -5.717968750000000000e+01
1.551326415803265846e+01 -5.139843750000000000e+01
1.554222433463552022e+01 -5.439062500000000000e+01
1.557108941116748468e+01 -5.463281250000000000e+01
1.559932909585442573e+01 -4.760156250000000000e+01
1.562811865636410147e+01 -5.209375000000000000e+01
1.565646227286407921e+01 -4.746093750000000000e+01
1.568525476381442729e+01 -5.573437500000000000e+01
1.571413079259072987e+01 -5.375000000000000000e+01
1.574235807741608184e+01 -4.866406250000000000e+01
1.577114866063435983e+01 -4.891406250000000000e+01
1.579948198640485302e+01 -5.025000000000000000e+01
1.582802588767906649e+01 -5.218750000000000000e+01
1.585717228309513160e+01 -4.948437500000000000e+01
1.588528694683844655e+01 -4.251171875000000000e+01
1.591395917104974700e+01 -5.003906250000000000e+01
1.594251769899921456e+01 -4.472656250000000000e+01
1.597106199752550104e+01 -4.910546875000000000e+01
1.600021358261292193e+01 -5.417968750000000000e+01
1.602822384746282580e+01 -4.810156250000000000e+01
1.605699093295853430e+01 -5.500000000000000000e+01
1.608554546442821120e+01 -4.638281250000000000e+01
1.611434626731612241e+01 -4.885937500000000000e+01
1.614325509121990621e+01 -5.340625000000000000e+01
1.617126085504601463e+01 -4.778906250000000000e+01
1.619956606219757234e+01 -5.171484375000000000e+01
1.622858977479150155e+01 -4.442578125000000000e+01
1.625778412619033020e+01 -5.335156250000000000e+01
1.628630424390099662e+01 -4.777343750000000000e+01
1.631438572824771427e+01 -4.359765625000000000e+01
1.634210659275796473e+01 -5.596484375000000000e+01
1.637160090034223359e+01 -4.571093750000000000e+01
1.640017051454076835e+01 -4.983593750000000000e+01
1.642933803525956904e+01 -5.124218750000000000e+01
1.645699255836805719e+01 -4.471093750000000000e+01
1.648519296467355844e+01 -5.528125000000000000e+01
1.651456412680630947e+01 -4.989453125000000000e+01
1.654320658270687971e+01 -5.567968750000000000e+01
1.657237339456220226e+01 -4.944140625000000000e+01
1.660045163540343083e+01 -4.344140625000000000e+01
1.662867659197554460e+01 -5.192578125000000000e+01
1.665790803723591651e+01 -5.132421875000000000e+01
1.668593263044117947e+01 -4.822656250000000000e+01
1.671539499069251633e+01 -5.828906250000000000e+01
1.674340842168199117e+01 -4.263281250000000000e+01
1.677171344589050861e+01 -6.049218750000000000e+01
1.680062532033111111e+01 -4.645507812500000000e+01
1.682905918270489209e+01 -4.835156250000000000e+01
1.685842276464893530e+01 -4.825000000000000000e+01
1.688599738520628790e+01 -5.175000000000000000e+01
1.691431844398692874e+01 -5.750781250000000000e+01
1.694365593076139831e+01 -5.594726562500000000e+01
1.697333287109525557e+01 -5.602343750000000000e+01
1.700145044043085818e+01 -4.819531250000000000e+01
1.702902494245558529e+01 -4.639062500000000000e+01
1.705736039036645479e+01 -5.260156250000000000e+01
1.708668653376657076e+01 -4.801953125000000000e+01
1.711514271668647424e+01 -4.667968750000000000e+01
1.714447811805359834e+01 -5.678125000000000000e+01
1.717095043191167036e+01 -5.109375000000000000e+01
1.720082408975913424e+01 -5.441015625000000000e+01
1.722976705128013819e+01 -5.113281250000000000e+01
1.725818447295977975e+01 -5.350781250000000000e+01
1.728717586856625132e+01 -5.290625000000000000e+01
1.731524190388589091e+01 -4.726562500000000000e+01
1.734386096491989449e+01 -5.101562500000000000e+01
1.737279483326921437e+01 -4.607812500000000000e+01
1.740099310452897896e+01 -4.421093750000000000e+01
1.743020666736380520e+01 -5.034765625000000000e+01
1.745819574160588061e+01 -5.175781250000000000e+01
1.748648578900400707e+01 -4.796093750000000000e+01
1.751582261728828271e+01 -4.248437500000000000e+01
1.754395965223224607e+01 -4.905468750000000000e+01
1.757303384184356432e+01 -5.011718750000000000e+01
1.760113549036527303e+01 -4.444531250000000000e+01
1.762942518078508414e+01 -5.392578125000000000e+01
1.765885030349665286e+01 -4.144921875000000000e+01
1.768718055114100451e+01 -4.555859375000000000e+01
1.771606203608839891e+01 -5.122265625000000000e+01
1.774308531098741781e+01 -4.351562500000000000e+01
1.777239876927613338e+01 -4.242968750000000000e+01
1.780187809185219194e+01 -4.873437500000000000e+01
1.783053112729856338e+01 -5.055859375000000000e+01
1.785888829586704318e+01 -4.713085937500000000e+01
1.788611899215921852e+01 -5.104687500000000000e+01
1.791561112640710007e+01 -4.235937500000000000e+01
1.794510502652846284e+01 -4.107812500000000000e+01
1.797339334864454585e+01 -3.850781250000000000e+01
1.800191835688613295e+01 -4.694140625000000000e+01
1.803033427706133196e+01 -4.108203125000000000e+01
1.805840987451914614e+01 -5.329687500000000000e+01
1.808790059744564260e+01 -4.592968750000000000e+01
1.811660319442187728e+01 -4.480078125000000000e+01
1.814514647655610347e+01 -4.415625000000000000e+01
1.817336891140177002e+01 -3.922265625000000000e+01
1.820143893768794285e+01 -4.590625000000000000e+01
1.823090101262420504e+01 -4.342187500000000000e+01
1.825916773398749626e+01 -5.055468750000000000e+01
1.828797864476157642e+01 -3.705468750000000000e+01
1.831522015379615453e+01 -4.224609375000000000e+01
1.834437507289137415e+01 -4.678125000000000000e+01
1.837308824015784126e+01 -3.984375000000000000e+01
1.840219684546865153e+01 -3.825000000000000000e+01
1.843100887167249979e+01 -4.254687500000000000e+01
1.845930152456771367e+01 -3.934375000000000000e+01
1.848749699836729476e+01 -3.958593750000000000e+01
1.851654393311655156e+01 -3.782812500000000000e+01
1.854518999425121706e+01 -3.651562500000000000e+01
1.857384695348892123e+01 -3.186718750000000000e+01
1.860232910480176116e+01 -3.554687500000000000e+01
1.863067302279178961e+01 -3.992578125000000000e+01
1.865957670218885767e+01 -3.342968750000000000e+01
1.868819062073915305e+01 -4.221093750000000000e+01
1.871534724848795506e+01 -3.374218750000000000e+01
1.874535678745946399e+01 -3.618750000000000000e+01
1.877367348963069205e+01 -3.580859375000000000e+01
1.880161428715283378e+01 -2.766796875000000000e+01
1.883125577704626608e+01 -3.531250000000000000e+01
1.885934235293169081e+01 -3.173828125000000000e+01
1.888632524955299274e+01 -3.371093750000000000e+01
1.891658442604488144e+01 -3.715625000000000000e+01
1.894465009024125735e+01 -2.394531250000000000e+01
1.897431360698065816e+01 -2.844531250000000000e+01
1.900237827627714182e+01 -2.513281250000000000e+01
1.902909402499475533e+01 -3.214843750000000000e+01
1.905955854593801035e+01 -3.100781250000000000e+01
1.908824870557876352e+01 -3.067187500000000000e+01
1.911734277643664370e+01 -3.016406250000000000e+01
1.914541415183410322e+01 -2.388281250000000000e+01
1.917226440364516549e+01 -2.962500000000000000e+01
1.920261890685060990e+01 -2.678515625000000000e+01
1.923170748255760998e+01 -2.479687500000000000e+01
1.926035445836382110e+01 -3.041406250000000000e+01
1.928845012960735517e+01 -2.212109375000000000e+01
1.931515434506267326e+01 -3.058593750000000000e+01
1.934567175839287145e+01 -2.957812500000000000e+01
1.937431305594512310e+01 -2.519531250000000000e+01
1.940340125038311214e+01 -2.989062500000000000e+01
1.943148605981767219e+01 -2.582031250000000000e+01
1.945818448494950559e+01 -2.941406250000000000e+01
1.948865292606285138e+01 -2.922656250000000000e+01
1.951624189282282629e+01 -2.075781250000000000e+01
1.954640997970735228e+01 -2.200781250000000000e+01
1.957452189212997951e+01 -2.420312500000000000e+01
1.960121471203868992e+01 -2.492968750000000000e+01
1.963169096735225239e+01 -2.305078125000000000e+01
1.965982948968295219e+01 -2.534375000000000000e+01
1.968933336041163429e+01 -2.591796875000000000e+01
1.971755782676771673e+01 -1.719531250000000000e+01
1.974424482562293548e+01 -2.430468750000000000e+01
1.977471648084016920e+01 -2.701562500000000000e+01
1.980286530639560638e+01 -1.925000000000000000e+01
1.983169250580349896e+01 -2.045312500000000000e+01
1.986005046860069356e+01 -1.939062500000000000e+01
1.988727492616138903e+01 -2.123437500000000000e+01
1.991756870751867226e+01 -2.696093750000000000e+01
1.994590122543369048e+01 -2.123046875000000000e+01
1.997405033318489131e+01 -2.687890625000000000e+01
2.000362970279891783e+01 -1.801562500000000000e+01
2.003020801645139670e+01 -2.471093750000000000e+01
2.006025137291871019e+01 -2.280468750000000000e+01
2.008804042790993449e+01 -1.811718750000000000e+01
2.011560213458112045e+01 -2.257812500000000000e+01
2.014577201190156686e+01 -2.120312500000000000e+01
2.017333518766512412e+01 -2.344140625000000000e+01
2.020311832020915688e+01 -1.830468750000000000e+01
2.023125768399995295e+01 -2.046875000000000000e+01
2.026081059972885257e+01 -1.814062500000000000e+01
2.028881454688423602e+01 -1.611718750000000000e+01
2.031636524886247486e+01 -1.985937500000000000e+01
2.034570712987640562e+01 -1.753906250000000000e+01
2.037429857348115192e+01 -1.635156250000000000e+01
2.040384996075691149e+01 -1.494531250000000000e+01
2.043203271304388835e+01 -9.332031250000000000e+00
2.045939539702207099e+01 -1.696484375000000000e+01
2.048874345566598620e+01 -1.059375000000000000e+01
2.051733950611605550e+01 -1.670703125000000000e+01
2.054688943657775368e+01 -9.429687500000000000e+00
2.057524788028664275e+01 -1.210937500000000000e+01
2.060242533213435223e+01 -1.496093750000000000e+01
2.063177973058934711e+01 -1.011718750000000000e+01
2.066038048186100795e+01 -9.753906250000000000e+00
2.068921913930159917e+01 -1.251562500000000000e+01
2.071794184920333848e+01 -1.260937500000000000e+01
2.074538733085169895e+01 -1.680078125000000000e+01
2.077407590101478974e+01 -6.941406250000000000e+00
2.080302553347245009e+01 -1.341015625000000000e+01
2.083225293323255300e+01 -1.611718750000000000e+01
2.086115564693260893e+01 -4.687500000000000000e+00
2.088827289947729682e+01 -1.213281250000000000e+01
2.091682392654350409e+01 -2.851562500000000000e+00
2.094625458806265073e+01 -6.722656250000000000e+00
2.097600765238994924e+01 -8.992187500000000000e+00
2.100419656089012932e+01 -6.972656250000000000e+00
2.103145902411084478e+01 -1.397265625000000000e+01
2.106013706479547665e+01 1.601562500000000000e+00
2.108925107501395146e+01 -1.235937500000000000e+01
2.111904718711694429e+01 -8.726562500000000000e+00
2.114723751792131878e+01 -5.894531250000000000e+00
2.117435069673737402e+01 -1.041406250000000000e+01
2.120256711311823850e+01 -5.210937500000000000e+00
2.123237300723594956e+01 -6.578125000000000000e+00
2.126023216939134386e+01 -1.049609375000000000e+01
2.129011187817566153e+01 -1.453125000000000000e+00
2.131753057592173661e+01 -5.191406250000000000e+00
2.134559945232333078e+01 -6.687500000000000000e+00
2.137558510489406771e+01 -4.617187500000000000e+00
2.140285118010025656e+01 -7.773437500000000000e-01
2.143331936064293330e+01 1.792968750000000000e+00
