#Time Flux
-1.496708470818703063e+00 9.339843750000000000e+00
-1.491168006861698814e+00 9.433593750000000000e+00
-1.485164138994150562e+00 1.343554687500000000e+01
-1.478830778592964634e+00 1.075390625000000000e+01
-1.472788970168039668e+00 1.215820312500000000e+01
-1.466887688540737145e+00 7.492187500000000000e+00
-1.461103102592460345e+00 7.808593750000000000e+00
-1.454781830914726015e+00 1.209570312500000000e+01
-1.449294205500336830e+00 8.812500000000000000e+00
-1.443018580608622869e+00 6.359375000000000000e+00
-1.436949585535330698e+00 9.878906250000000000e+00
-1.431074646894558100e+00 9.976562500000000000e+00
-1.425131860516557936e+00 9.558593750000000000e+00
-1.418943201068032067e+00 1.096875000000000000e+01
-1.413054744742112234e+00 1.141796875000000000e+01
-1.407193036015087273e+00 9.902343750000000000e+00
-1.401033884634671267e+00 9.835937500000000000e+00
-1.394888133709173417e+00 7.099609375000000000e+00
-1.389160453552904073e+00 6.992187500000000000e+00
-1.383083737666311208e+00 9.695312500000000000e+00
-1.377166375619708560e+00 6.308593750000000000e+00
-1.370973682936892146e+00 8.802734375000000000e+00
-1.364945490669924766e+00 9.738281250000000000e+00
-1.359059982296457747e+00 4.539062500000000000e+00
-1.352659060550649883e+00 1.026757812500000000e+01
-1.347123230680153938e+00 1.107031250000000000e+01
-1.341079578338394640e+00 7.894531250000000000e+00
-1.335025680411490612e+00 5.062500000000000000e+00
-1.329264936197432689e+00 7.775390625000000000e+00
-1.322921655315440148e+00 7.632812500000000000e+00
-1.316986491023271810e+00 6.738281250000000000e+00
-1.311008593373117037e+00 8.384765625000000000e+00
-1.305107788626628462e+00 7.669921875000000000e+00
-1.299058999706176110e+00 6.482421875000000000e+00
-1.292796257359441370e+00 3.539062500000000000e+00
-1.287037375062936917e+00 5.437500000000000000e+00
-1.280912902289855992e+00 6.554687500000000000e+00
-1.275105738226557150e+00 1.437500000000000000e+00
-1.269217372690036427e+00 4.523437500000000000e+00
-1.262993709737202153e+00 9.664062500000000000e+00
-1.256937182268302422e+00 2.962890625000000000e+00
-1.250996989925624803e+00 2.917968750000000000e+00
-1.245031933471182128e+00 3.681640625000000000e+00
-1.238961473463859875e+00 5.382812500000000000e+00
-1.233009446645155549e+00 3.390625000000000000e+00
-1.227151280203543138e+00 7.617187500000000000e+00
-1.220799092792731244e+00 6.867187500000000000e+00
-1.215138724241114687e+00 3.896484375000000000e+00
-1.209148615635058377e+00 -2.226562500000000000e-01
-1.203017253676080145e+00 2.894531250000000000e+00
-1.197033908523735590e+00 4.058593750000000000e+00
-1.191093135410483228e+00 6.298828125000000000e+00
-1.185021568053343799e+00 1.621093750000000000e+00
-1.179179912291147048e+00 5.021484375000000000e+00
-1.173138897458557039e+00 6.507812500000000000e+00
-1.167159886656008894e+00 2.029296875000000000e+00
-1.160927566492318874e+00 1.361328125000000000e+00
-1.155164697327563772e+00 2.785156250000000000e+00
-1.149083922158752102e+00 4.363281250000000000e+00
-1.142987962921324652e+00 4.328125000000000000e+00
-1.136988227677647956e+00 1.195312500000000000e+00
-1.130858598706254270e+00 5.542968750000000000e+00
-1.124979788794007618e+00 -3.750000000000000000e-01
-1.118777737225173041e+00 -1.718750000000000000e-01
-1.113129265235329513e+00 -1.375000000000000000e+00
-1.107029032929858658e+00 2.033203125000000000e+00
-1.101060943889024202e+00 -4.726562500000000000e-01
-1.095275245548691601e+00 1.679687500000000000e-01
-1.089170793653465807e+00 1.523437500000000000e-01
-1.082877188488055253e+00 -1.746093750000000000e+00
-1.077084217660740251e+00 3.496093750000000000e-01
-1.071345142714562826e+00 -2.363281250000000000e+00
-1.065040997364121722e+00 -3.123046875000000000e+00
-1.058784970409760717e+00 -8.789062500000000000e-01
-1.052997478356701322e+00 -1.000000000000000000e+00
-1.047002743245684542e+00 -1.460937500000000000e+00
-1.040963652238133363e+00 -2.066406250000000000e+00
-1.035039380069065373e+00 1.742187500000000000e+00
-1.029130069240636658e+00 -4.406250000000000000e+00
-1.022876544950122479e+00 -3.574218750000000000e+00
-1.017051249025826110e+00 -5.781250000000000000e-01
-1.011258490856562275e+00 2.804687500000000000e+00
-1.004869082360528409e+00 7.304687500000000000e-01
-9.989411829883465543e-01 -3.902343750000000000e+00
-9.931383778530289419e-01 -5.937500000000000000e-01
-9.870131343413959257e-01 -6.076171875000000000e+00
-9.807410804605751764e-01 -4.685546875000000000e+00
-9.749770568378153257e-01 -2.675781250000000000e+00
-9.691994509485084563e-01 -1.371093750000000000e+00
-9.629355186007160228e-01 -1.871093750000000000e+00
-9.567891356127802283e-01 6.113281250000000000e-01
-9.510631432785885409e-01 -6.992187500000000000e+00
-9.449877150691463612e-01 -4.257812500000000000e-01
-9.389967346214689314e-01 -1.132812500000000000e-01
-9.331287065142532811e-01 -5.281250000000000000e+00
-9.270943020237609744e-01 -4.082031250000000000e+00
-9.207772098743589595e-01 -3.230468750000000000e+00
-9.150368008777149953e-01 -4.591796875000000000e+00
-9.091566506176604889e-01 -3.761718750000000000e+00
-9.028379172086715698e-01 -2.396484375000000000e+00
-8.968629743176279590e-01 -5.292968750000000000e+00
-8.911793367369682528e-01 -6.996093750000000000e+00
-8.849654123259824701e-01 -1.156250000000000000e+00
-8.790348179027205333e-01 -8.929687500000000000e+00
-8.729915974690811709e-01 -7.054687500000000000e+00
-8.671058813779382035e-01 -5.849609375000000000e+00
-8.609131089833681472e-01 -6.662109375000000000e+00
-8.550272774446057156e-01 -5.410156250000000000e+00
-8.491422792722005397e-01 -8.078125000000000000e+00
-8.429318884082022123e-01 -7.425781250000000000e+00
-8.368841992487432435e-01 -6.792968750000000000e+00
-8.310620999181992374e-01 -8.435546875000000000e+00
-8.249293690751073882e-01 -9.097656250000000000e+00
-8.190605404233792797e-01 -6.429687500000000000e+00
-8.129569148914015386e-01 -7.562500000000000000e+00
-8.071848024046630599e-01 -7.351562500000000000e+00
-8.008773238252615556e-01 -6.470703125000000000e+00
-7.951151717279572040e-01 -6.921875000000000000e+00
-7.890650144217943307e-01 -1.265429687500000000e+01
-7.828020012966590002e-01 -6.562500000000000000e+00
-7.769020755222300068e-01 -8.976562500000000000e+00
-7.708841722123906948e-01 -9.033203125000000000e+00
-7.649365243851207197e-01 -7.488281250000000000e+00
-7.589305667133885436e-01 -1.185546875000000000e+01
-7.530717324771103449e-01 -6.269531250000000000e+00
-7.469721248853602447e-01 -1.228125000000000000e+01
-7.407234825077466667e-01 -8.574218750000000000e+00
-7.349468233805964701e-01 -8.158203125000000000e+00
-7.290808559773722664e-01 -7.699218750000000000e+00
-7.228317382796376478e-01 -1.171484375000000000e+01
-7.170974978289450519e-01 -9.693359375000000000e+00
-7.111356807690754067e-01 -1.045312500000000000e+01
-7.050858616130426526e-01 -1.119726562500000000e+01
-6.987806660581554752e-01 -9.046875000000000000e+00
-6.931227910499728750e-01 -9.361328125000000000e+00
-6.869798839397844858e-01 -1.072460937500000000e+01
-6.810301881232589949e-01 -1.105078125000000000e+01
-6.750502289396536071e-01 -1.123046875000000000e+01
-6.690631447054329328e-01 -6.976562500000000000e+00
-6.628313323235488497e-01 -9.703125000000000000e+00
-6.570389592125138734e-01 -1.311718750000000000e+01
-6.512354515143670142e-01 -1.188867187500000000e+01
-6.451465158097562380e-01 -1.091796875000000000e+01
-6.389649697302957065e-01 -1.341796875000000000e+01
-6.330533867803751491e-01 -1.163671875000000000e+01
-6.270350128361315001e-01 -1.100976562500000000e+01
-6.209110056588542648e-01 -1.244335937500000000e+01
-6.149318716816196684e-01 -1.421484375000000000e+01
-6.089684933504031505e-01 -1.676171875000000000e+01
-6.029726620618021116e-01 -1.381640625000000000e+01
-5.971390943268488627e-01 -1.427734375000000000e+01
-5.910101052795653231e-01 -1.277734375000000000e+01
-5.848126790879177861e-01 -1.600585937500000000e+01
-5.789449106596293859e-01 -1.095703125000000000e+01
-5.732272686036594678e-01 -1.358007812500000000e+01
-5.669691770235658623e-01 -1.270703125000000000e+01
-5.608980720717227086e-01 -1.290039062500000000e+01
-5.551640686935570557e-01 -1.360742187500000000e+01
-5.491247181416838430e-01 -1.305468750000000000e+01
-5.429806584033940453e-01 -1.129882812500000000e+01
-5.368713146308436990e-01 -1.578125000000000000e+01
-5.310575671755941585e-01 -1.365039062500000000e+01
-5.250295306432235520e-01 -1.840625000000000000e+01
-5.190609940618742257e-01 -1.292968750000000000e+01
-5.132907496226835065e-01 -1.291406250000000000e+01
-5.070433636865345761e-01 -1.511914062500000000e+01
-5.012988838352612220e-01 -1.358593750000000000e+01
-4.951850988873047754e-01 -1.105859375000000000e+01
-4.889947246738302056e-01 -1.388476562500000000e+01
-4.830813596781808883e-01 -1.723437500000000000e+01
-4.768704432717640884e-01 -1.351562500000000000e+01
-4.711483139981282875e-01 -1.664453125000000000e+01
-4.649426221294561401e-01 -1.709765625000000000e+01
-4.588073998820618726e-01 -1.254882812500000000e+01
-4.531401688618643675e-01 -1.234765625000000000e+01
-4.471245382737834007e-01 -1.531640625000000000e+01
-4.414253547001862898e-01 -1.660937500000000000e+01
-4.351766243344172835e-01 -1.417968750000000000e+01
-4.289459354986320250e-01 -1.083203125000000000e+01
-4.231377024079847615e-01 -1.847851562500000000e+01
-4.170157876724260859e-01 -1.768750000000000000e+01
-4.112039532119524665e-01 -1.826562500000000000e+01
-4.049013813200872391e-01 -1.545312500000000000e+01
-3.991455849427438807e-01 -1.466015625000000000e+01
-3.931566885803476907e-01 -9.824218750000000000e+00
-3.868922029250825290e-01 -1.426367187500000000e+01
-3.810456117353169248e-01 -1.898437500000000000e+01
-3.748148226877674460e-01 -1.459375000000000000e+01
-3.690138303172716405e-01 -1.621289062500000000e+01
-3.629857191917835735e-01 -1.741406250000000000e+01
-3.570466619421495125e-01 -1.592187500000000000e+01
-3.510465777289937250e-01 -1.561718750000000000e+01
-3.450052315674838610e-01 -1.648437500000000000e+01
-3.392801487570977770e-01 -1.801953125000000000e+01
-3.330557809676975012e-01 -1.826953125000000000e+01
-3.268232647533295676e-01 -1.702343750000000000e+01
-3.210652300404035486e-01 -1.927734375000000000e+01
-3.150003255723277107e-01 -1.729687500000000000e+01
-3.090488218804239295e-01 -2.089843750000000000e+01
-3.029596190390293486e-01 -1.941406250000000000e+01
-2.971570880617946386e-01 -1.846484375000000000e+01
-2.911319106497103348e-01 -1.914257812500000000e+01
-2.850235629848612007e-01 -1.490820312500000000e+01
-2.790912640084570739e-01 -2.444140625000000000e+01
-2.729167197758215480e-01 -1.589843750000000000e+01
-2.668789248346001841e-01 -1.630468750000000000e+01
-2.608824362760060467e-01 -2.017968750000000000e+01
-2.550000673218164593e-01 -1.768750000000000000e+01
-2.490479294792748988e-01 -1.702539062500000000e+01
-2.429822841950226575e-01 -1.830468750000000000e+01
-2.373067152730072848e-01 -2.215429687500000000e+01
-2.309594866201223340e-01 -1.762109375000000000e+01
-2.247828716244839597e-01 -1.609375000000000000e+01
-2.188965937530156225e-01 -2.099218750000000000e+01
-2.131083236599806696e-01 -1.859765625000000000e+01
-2.068746864497370552e-01 -2.009765625000000000e+01
-2.009822978579904884e-01 -1.759570312500000000e+01
-1.951003984504495747e-01 -1.808203125000000000e+01
-1.890679873322369531e-01 -1.724609375000000000e+01
-1.829197397528332658e-01 -1.720898437500000000e+01
-1.770806515341973864e-01 -2.264062500000000000e+01
-1.707771470246370882e-01 -1.449218750000000000e+01
-1.649126472075295169e-01 -1.503515625000000000e+01
-1.590743073029443622e-01 -1.629687500000000000e+01
-1.531615441017493140e-01 -1.813085937500000000e+01
-1.469758422099403106e-01 -2.107421875000000000e+01
-1.408424264263885561e-01 -1.956445312500000000e+01
-1.351552049090969376e-01 -2.288281250000000000e+01
-1.288281478628050536e-01 -2.004687500000000000e+01
-1.229950818451470695e-01 -2.034375000000000000e+01
-1.169480834942078218e-01 -1.988671875000000000e+01
-1.110361015307717025e-01 -1.702929687500000000e+01
-1.049957592331338674e-01 -2.315625000000000000e+01
-9.909379548480501398e-02 -2.034375000000000000e+01
-9.300673617326538078e-02 -2.008593750000000000e+01
-8.695152399013750255e-02 -1.948828125000000000e+01
-8.092805832347949035e-02 -1.965625000000000000e+01
-7.504084295578650199e-02 -2.275000000000000000e+01
-6.860992036672541872e-02 -1.616796875000000000e+01
-6.298131174844456837e-02 -1.780078125000000000e+01
-5.719116421460057609e-02 -2.137890625000000000e+01
-5.112997612013714388e-02 -1.949609375000000000e+01
-4.544626979622989893e-02 -2.045703125000000000e+01
-3.914509233436547220e-02 -1.948437500000000000e+01
-3.306896506546763703e-02 -2.247070312500000000e+01
-2.671026802636333741e-02 -2.156250000000000000e+01
-2.094146321906009689e-02 -1.602343750000000000e+01
-1.485974150637048297e-02 -2.045703125000000000e+01
-8.866627438692376018e-03 -1.972265625000000000e+01
-2.970575071230996400e-03 -2.177734375000000000e+01
2.866122835257556289e-03 -1.662109375000000000e+01
9.026131243444979191e-03 -1.875781250000000000e+01
1.511346292681992054e-02 -1.984765625000000000e+01
2.091237075728713535e-02 -1.787695312500000000e+01
2.699321573891211301e-02 -2.292968750000000000e+01
3.334254745641374029e-02 -1.784960937500000000e+01
3.912997496081516147e-02 -1.982421875000000000e+01
4.490173478188808076e-02 -1.919335937500000000e+01
5.092967144446447492e-02 -2.131250000000000000e+01
5.671135022566886619e-02 -1.886328125000000000e+01
6.289415251012542285e-02 -1.523437500000000000e+01
6.896937507190159522e-02 -2.586718750000000000e+01
7.506333685159916058e-02 -1.680859375000000000e+01
8.107276704686228186e-02 -2.142773437500000000e+01
8.698682126487256028e-02 -1.968750000000000000e+01
9.312086545105557889e-02 -1.835937500000000000e+01
9.857468241534661502e-02 -1.918359375000000000e+01
1.047592472168616951e-01 -2.056250000000000000e+01
1.108422542383777909e-01 -2.034765625000000000e+01
1.171192490801331587e-01 -2.007031250000000000e+01
1.228537194874661509e-01 -1.853515625000000000e+01
1.290351166971959174e-01 -2.456250000000000000e+01
1.352321901213144884e-01 -1.874218750000000000e+01
1.411546835879562423e-01 -2.385351562500000000e+01
1.468687050146399997e-01 -1.566796875000000000e+01
1.529689357776078396e-01 -2.375390625000000000e+01
1.587259485168033279e-01 -2.016015625000000000e+01
1.649630048777908087e-01 -2.010937500000000000e+01
1.711364231450716034e-01 -2.208984375000000000e+01
1.771349083937820978e-01 -2.150781250000000000e+01
1.829196475518983789e-01 -1.852734375000000000e+01
1.891002741394913755e-01 -1.843945312500000000e+01
1.950843356389668770e-01 -2.258203125000000000e+01
2.007387875637505203e-01 -2.349218750000000000e+01
2.068548179777280893e-01 -2.027343750000000000e+01
2.129309848096454516e-01 -2.291406250000000000e+01
2.189334061185945757e-01 -2.286718750000000000e+01
2.249846227641683072e-01 -1.857421875000000000e+01
2.310961314287851565e-01 -2.201953125000000000e+01
2.370904549024999142e-01 -1.664843750000000000e+01
2.430760931165423244e-01 -2.089453125000000000e+01
2.490004980427329428e-01 -2.107812500000000000e+01
2.547085853293538094e-01 -1.889453125000000000e+01
2.606896570068784058e-01 -1.969531250000000000e+01
2.670056664865114726e-01 -1.855468750000000000e+01
2.729982417586143129e-01 -1.993359375000000000e+01
2.791119787871139124e-01 -2.294140625000000000e+01
2.849467747437302023e-01 -2.034570312500000000e+01
2.911274269717978314e-01 -2.153515625000000000e+01
2.968589913289179094e-01 -1.884765625000000000e+01
3.028900584613438696e-01 -2.102343750000000000e+01
3.090990676137153059e-01 -2.107421875000000000e+01
3.145776720630237833e-01 -2.072656250000000000e+01
3.208521906635724008e-01 -2.203515625000000000e+01
3.270726017581182532e-01 -1.555468750000000000e+01
3.329195682017598301e-01 -2.281640625000000000e+01
3.390741124312626198e-01 -1.747265625000000000e+01
3.450283930142177269e-01 -1.825976562500000000e+01
3.511727496515959501e-01 -2.007421875000000000e+01
3.568628535758762155e-01 -2.423828125000000000e+01
3.627885031746700406e-01 -2.001562500000000000e+01
3.689629127620719373e-01 -2.017968750000000000e+01
3.749592988606309518e-01 -2.411328125000000000e+01
3.812571796515840106e-01 -1.446875000000000000e+01
3.871323680868954398e-01 -2.203515625000000000e+01
3.931667325377929956e-01 -2.078125000000000000e+01
3.987388551904587075e-01 -1.899609375000000000e+01
4.049906943946552929e-01 -2.272070312500000000e+01
4.110499528032960370e-01 -1.745703125000000000e+01
4.167058710809214972e-01 -2.244921875000000000e+01
4.229910930080222897e-01 -1.902343750000000000e+01
4.290862304478650913e-01 -1.738671875000000000e+01
4.350129002377798315e-01 -2.060351562500000000e+01
4.407867787012946792e-01 -2.108984375000000000e+01
4.470233728279708885e-01 -2.325000000000000000e+01
4.531612056889571249e-01 -1.948437500000000000e+01
4.588826369799789973e-01 -2.216406250000000000e+01
4.648867034266004339e-01 -1.855468750000000000e+01
4.708117283298633993e-01 -2.024218750000000000e+01
4.768100121764291544e-01 -1.908593750000000000e+01
4.832644854832324199e-01 -1.821875000000000000e+01
4.891180034101125784e-01 -2.012695312500000000e+01
4.950575372640741989e-01 -1.891796875000000000e+01
5.007155802450142801e-01 -2.093164062500000000e+01
5.071301183670584578e-01 -2.227539062500000000e+01
5.130600245101959445e-01 -1.907031250000000000e+01
5.187486710092343856e-01 -2.153515625000000000e+01
5.251478959580708761e-01 -1.616796875000000000e+01
5.312466345421853475e-01 -1.897656250000000000e+01
5.370961023945710622e-01 -2.249414062500000000e+01
5.428728465994936414e-01 -2.005859375000000000e+01
5.491746155239525251e-01 -1.718359375000000000e+01
5.552547521692758892e-01 -1.991406250000000000e+01
5.608068733490654267e-01 -1.975390625000000000e+01
5.669929256146133412e-01 -1.668164062500000000e+01
5.730657891690498218e-01 -1.909570312500000000e+01
5.789355485685518943e-01 -1.936718750000000000e+01
5.852594937896355987e-01 -1.676562500000000000e+01
5.912470581497473177e-01 -1.919335937500000000e+01
5.971082651813048869e-01 -2.091015625000000000e+01
6.027199767049751244e-01 -2.112695312500000000e+01
6.091037634978420101e-01 -2.064648437500000000e+01
6.151810443807335105e-01 -1.743164062500000000e+01
6.208207541931187734e-01 -1.854101562500000000e+01
6.272388126235455275e-01 -1.833984375000000000e+01
6.330478031231905334e-01 -1.675585937500000000e+01
6.391084951719676610e-01 -1.800781250000000000e+01
6.450019630428869277e-01 -1.977343750000000000e+01
6.510946385678835213e-01 -1.531054687500000000e+01
6.571993951656622812e-01 -1.851562500000000000e+01
6.629291124700102955e-01 -2.040039062500000000e+01
6.691067573847249150e-01 -1.366406250000000000e+01
6.747665064685861580e-01 -1.825781250000000000e+01
6.808799743339477573e-01 -2.004687500000000000e+01
6.872211046720622107e-01 -1.679492187500000000e+01
6.931257147443830036e-01 -1.461718750000000000e+01
6.992097791153355502e-01 -1.751562500000000000e+01
7.048781232406327035e-01 -1.782226562500000000e+01
7.105765136366244406e-01 -1.721093750000000000e+01
7.168598430289421231e-01 -1.642968750000000000e+01
7.228382428947952576e-01 -1.677343750000000000e+01
7.293398710789915640e-01 -1.433984375000000000e+01
7.349644993955735117e-01 -1.823437500000000000e+01
7.409844860740122385e-01 -1.524804687500000000e+01
7.471403998715686612e-01 -2.079882812500000000e+01
7.529615640378324315e-01 -1.604296875000000000e+01
7.590887335682054982e-01 -1.512109375000000000e+01
7.649706088195671327e-01 -1.863671875000000000e+01
7.712344838691933546e-01 -1.277539062500000000e+01
7.767271308148337994e-01 -1.580664062500000000e+01
7.830284893534553703e-01 -2.095898437500000000e+01
7.893905065066064708e-01 -1.422656250000000000e+01
7.951074966404121369e-01 -1.617187500000000000e+01
8.011536833291756921e-01 -1.720312500000000000e+01
8.068504946641041897e-01 -1.516406250000000000e+01
8.127340496212127618e-01 -1.417968750000000000e+01
8.189711572304076981e-01 -1.779296875000000000e+01
8.249697660648962483e-01 -1.694531250000000000e+01
8.310701354930642992e-01 -1.134375000000000000e+01
8.367510453826980665e-01 -1.801953125000000000e+01
8.429903711512451991e-01 -1.811132812500000000e+01
8.490112539075198583e-01 -1.726562500000000000e+01
8.549671425098495092e-01 -1.932421875000000000e+01
8.608848004587343894e-01 -1.701171875000000000e+01
8.669948001479497179e-01 -1.790234375000000000e+01
8.730734864511759952e-01 -1.886718750000000000e+01
8.788560907487408258e-01 -1.598828125000000000e+01
8.850683217460755259e-01 -1.738671875000000000e+01
8.909661678262636997e-01 -1.696484375000000000e+01
8.970804559867247008e-01 -1.675390625000000000e+01
9.031063728580193128e-01 -1.783789062500000000e+01
9.087832226614409592e-01 -1.865234375000000000e+01
9.147441096538386773e-01 -1.952929687500000000e+01
9.208523077104473487e-01 -1.626171875000000000e+01
9.269056764605920762e-01 -1.617578125000000000e+01
9.332151321941637434e-01 -1.472265625000000000e+01
9.388129085127729923e-01 -1.806250000000000000e+01
9.451335913072398398e-01 -1.318164062500000000e+01
9.508254870452219620e-01 -1.770312500000000000e+01
9.569587076512107160e-01 -1.839062500000000000e+01
9.629868099727900699e-01 -1.570703125000000000e+01
9.687528828580980189e-01 -1.749609375000000000e+01
9.750714423789759167e-01 -1.886914062500000000e+01
9.810190936768776737e-01 -1.486718750000000000e+01
9.868606119416654110e-01 -2.077343750000000000e+01
9.928675277187721804e-01 -1.118554687500000000e+01
9.989001971189281903e-01 -1.427929687500000000e+01
1.005089992795547005e+00 -2.026562500000000000e+01
1.010722004466515500e+00 -1.093359375000000000e+01
1.016972450372122694e+00 -1.340234375000000000e+01
1.023015832237433642e+00 -1.807421875000000000e+01
1.028984681732254103e+00 -1.550000000000000000e+01
1.035263589637906989e+00 -1.041406250000000000e+01
1.040975925701786764e+00 -1.260156250000000000e+01
1.047197364772728179e+00 -1.180078125000000000e+01
1.052868717142700916e+00 -1.240820312500000000e+01
1.058909814979415387e+00 -1.519140625000000000e+01
1.065030325691623148e+00 -1.097656250000000000e+01
1.070603656851744745e+00 -1.558203125000000000e+01
1.076919380662729964e+00 -1.483593750000000000e+01
1.082979720806179103e+00 -1.612109375000000000e+01
1.088930107158375904e+00 -1.530078125000000000e+01
1.094775409925205167e+00 -8.902343750000000000e+00
1.101067638563108630e+00 -1.424023437500000000e+01
1.107178611069684848e+00 -1.135937500000000000e+01
1.112828049794188701e+00 -1.501562500000000000e+01
1.118808415107196197e+00 -1.513867187500000000e+01
1.124894747918006033e+00 -1.427148437500000000e+01
1.131060876283299876e+00 -1.459179687500000000e+01
1.137297264031076338e+00 -1.466406250000000000e+01
1.143127633895346662e+00 -1.836523437500000000e+01
1.149153040372766554e+00 -8.607421875000000000e+00
1.154613389131554868e+00 -1.320703125000000000e+01
1.160979722408228554e+00 -1.391796875000000000e+01
1.166933062166208401e+00 -1.204101562500000000e+01
1.172766748521098634e+00 -1.192187500000000000e+01
1.179088691031211056e+00 -1.237500000000000000e+01
1.185088499769335613e+00 -1.461328125000000000e+01
1.191096470793127082e+00 -1.709960937500000000e+01
1.196812160669651348e+00 -1.513281250000000000e+01
1.203017923078732565e+00 -1.254687500000000000e+01
1.209152199655363802e+00 -1.214062500000000000e+01
1.214960506971692666e+00 -1.360937500000000000e+01
1.220933452845201828e+00 -1.533593750000000000e+01
1.226737730990862474e+00 -1.373437500000000000e+01
1.233228685068752384e+00 -1.382226562500000000e+01
1.239311454952257918e+00 -1.236132812500000000e+01
1.244963304619886912e+00 -1.050976562500000000e+01
1.250979752232524334e+00 -1.247460937500000000e+01
1.256754597383405780e+00 -1.153710937500000000e+01
1.263140601506165694e+00 -1.437109375000000000e+01
1.269076688913628459e+00 -1.302343750000000000e+01
1.274876612755178940e+00 -1.297265625000000000e+01
1.281151912728091702e+00 -1.323632812500000000e+01
1.286946210067981156e+00 -1.193164062500000000e+01
1.293264422296488192e+00 -1.366796875000000000e+01
1.298898822456976632e+00 -9.058593750000000000e+00
1.305145898208138533e+00 -1.106640625000000000e+01
1.311317250278079882e+00 -1.431250000000000000e+01
1.316867339017335325e+00 -1.423437500000000000e+01
1.323041892137553077e+00 -1.247265625000000000e+01
1.328668148737051524e+00 -1.257031250000000000e+01
1.334981812207843177e+00 -1.326171875000000000e+01
1.341159763840551022e+00 -1.123437500000000000e+01
1.347113081053976202e+00 -1.273632812500000000e+01
1.353148359696206171e+00 -1.096093750000000000e+01
1.358771433802758111e+00 -9.546875000000000000e+00
1.365132808132329956e+00 -9.515625000000000000e+00
1.370743180807039607e+00 -1.106250000000000000e+01
1.377049079434073064e+00 -1.129296875000000000e+01
1.383332333010912407e+00 -1.097265625000000000e+01
1.389085627655731514e+00 -1.151953125000000000e+01
1.395166233796771849e+00 -1.190429687500000000e+01
1.401006622341810726e+00 -7.484375000000000000e+00
1.406989800845622085e+00 -1.302539062500000000e+01
1.413004576126695611e+00 -1.173046875000000000e+01
1.418960561553831212e+00 -9.578125000000000000e+00
1.425164825013780501e+00 -9.722656250000000000e+00
1.430811963058658876e+00 -1.275390625000000000e+01
1.437138835353835020e+00 -8.636718750000000000e+00
1.443251919867179822e+00 -8.583984375000000000e+00
1.449013530102092773e+00 -1.117773437500000000e+01
1.455090959432709496e+00 -1.440234375000000000e+01
1.460819233532674843e+00 -1.079687500000000000e+01
1.466598895895003807e+00 -1.426171875000000000e+01
1.472861016547540203e+00 -1.549609375000000000e+01
1.479051150556188077e+00 -1.005664062500000000e+01
1.485189771297882544e+00 -6.943359375000000000e+00
1.490975239001272712e+00 -1.066796875000000000e+01
1.497189460187655641e+00 -9.697265625000000000e+00
1.502857321436749771e+00 -1.289453125000000000e+01
1.508852677172399126e+00 -9.929687500000000000e+00
1.514723344094818458e+00 -1.098828125000000000e+01
1.521065020519017708e+00 -1.144140625000000000e+01
1.527219931595027447e+00 -9.748046875000000000e+00
1.532764867013611365e+00 -1.042578125000000000e+01
1.539143786252680002e+00 -1.197851562500000000e+01
1.545241468102176441e+00 -7.138671875000000000e+00
1.551139895003871061e+00 -1.161328125000000000e+01
1.556893134409619961e+00 -8.253906250000000000e+00
1.562901440476707648e+00 -8.011718750000000000e+00
1.568988724786322564e+00 -9.980468750000000000e+00
1.575048208025691565e+00 -1.087695312500000000e+01
1.581211455035372637e+00 -8.515625000000000000e+00
1.587122336044558324e+00 -8.945312500000000000e+00
1.592804098545457236e+00 -8.464843750000000000e+00
1.599232893218868412e+00 -8.410156250000000000e+00
1.604982201079110382e+00 -7.863281250000000000e+00
1.611002371719223447e+00 -1.189453125000000000e+01
1.616928899027698208e+00 -6.097656250000000000e+00
1.623080838628084166e+00 -6.789062500000000000e+00
1.629092584757017903e+00 -1.117382812500000000e+01
1.634861922415439039e+00 -7.679687500000000000e+00
1.640942735830321908e+00 -7.617187500000000000e+00
1.646885350244701840e+00 -1.006835937500000000e+01
1.652914106118259951e+00 -9.656250000000000000e+00
1.658976082762819715e+00 -6.441406250000000000e+00
1.664805381933547324e+00 -8.468750000000000000e+00
1.670878576849645469e+00 -7.796875000000000000e+00
1.676688892082893290e+00 -4.402343750000000000e+00
1.683207911359204445e+00 -5.814453125000000000e+00
1.689120953422388993e+00 -6.183593750000000000e+00
1.694895827080472372e+00 -7.279296875000000000e+00
1.701128725784656126e+00 -4.437500000000000000e+00
1.706841753333719680e+00 -7.640625000000000000e+00
1.712755423515773145e+00 -6.396484375000000000e+00
1.718823519055149518e+00 -9.367187500000000000e+00
1.724904995513497852e+00 -3.523437500000000000e+00
1.730980473043018719e+00 -1.296679687500000000e+01
1.737024841138918418e+00 -4.402343750000000000e+00
1.743267754136468284e+00 -8.222656250000000000e+00
1.748891364532028092e+00 -6.208984375000000000e+00
1.754939200392982457e+00 -7.167968750000000000e+00
1.761146154072775971e+00 -6.068359375000000000e+00
1.766747003275668249e+00 -6.218750000000000000e+00
1.772915315930731595e+00 -3.523437500000000000e+00
1.778803187444282230e+00 -6.734375000000000000e+00
1.785075533218332566e+00 -4.433593750000000000e+00
1.791148135893308790e+00 -4.453125000000000000e+00
1.797066608502063900e+00 -6.957031250000000000e+00
1.803266187795088626e+00 7.343750000000000000e-01
1.809010322311223717e+00 -4.476562500000000000e+00
1.814946248301566811e+00 -4.976562500000000000e+00
1.820992636843584478e+00 -2.871093750000000000e-01
1.826632655069261091e+00 -5.156250000000000000e+00
1.832967160269618034e+00 -6.017578125000000000e+00
1.838691964578174520e+00 -1.839843750000000000e+00
1.845017820869543357e+00 -6.177734375000000000e+00
1.850779924301605206e+00 -4.277343750000000000e+00
1.857007087208330631e+00 -3.904296875000000000e+00
1.863262409737217240e+00 -2.201171875000000000e+00
1.868898495093162637e+00 -4.601562500000000000e+00
1.874891089035372715e+00 -6.777343750000000000e+00
1.880899804011278320e+00 -2.554687500000000000e+00
1.887102960310585331e+00 -5.810546875000000000e+00
1.892997501374338754e+00 -2.773437500000000000e+00
1.898823156036087312e+00 -6.167968750000000000e+00
1.905176422878867015e+00 1.406250000000000000e-01
1.910776321259618271e+00 -3.234375000000000000e+00
1.916988082317402586e+00 -6.679687500000000000e+00
1.923062840691272868e+00 -6.119140625000000000e+00
1.928788152057677507e+00 -1.738281250000000000e+00
1.935126465767098125e+00 -2.369140625000000000e+00
1.941153941021184437e+00 -4.357421875000000000e+00
1.947173247233877191e+00 -7.330078125000000000e+00
1.952835725252953125e+00 -2.435546875000000000e+00
1.959112624404951930e+00 -7.236328125000000000e+00
1.965193052183167310e+00 -6.484375000000000000e+00
1.970899010913853999e+00 -5.785156250000000000e+00
1.976994862408901099e+00 1.992187500000000000e-01
1.982799651246750727e+00 -3.482421875000000000e+00
1.989014883874915540e+00 -5.341796875000000000e+00
1.995196677296917187e+00 -1.662109375000000000e+00
2.000990455562714487e+00 -6.011718750000000000e+00
2.007329177988140145e+00 -4.599609375000000000e+00
2.012862703693826916e+00 -5.175781250000000000e-01
2.019125639057165245e+00 -4.648437500000000000e+00
2.024839222325681476e+00 -3.132812500000000000e+00
2.030860077200486558e+00 -3.117187500000000000e+00
2.037098567885550437e+00 -2.820312500000000000e+00
2.042950104951160029e+00 -2.873046875000000000e+00
2.049324858624459011e+00 -2.537109375000000000e+00
2.055002393783070147e+00 -4.960937500000000000e-01
2.061186991326394491e+00 -4.304687500000000000e+00
2.066907051237649284e+00 -1.261718750000000000e+00
2.072910759248770773e+00 -2.621093750000000000e+00
2.079052448279981036e+00 -2.933593750000000000e+00
2.084737161196244415e+00 1.406250000000000000e-01
2.091000044543761760e+00 -2.734375000000000000e-01
2.097213647950411541e+00 -1.269531250000000000e+00
2.102879254831350408e+00 -8.242187500000000000e-01
2.109229714958928525e+00 3.123046875000000000e+00
2.114807826685137115e+00 -2.210937500000000000e+00
2.121043536757497350e+00 -4.376953125000000000e+00
2.126780307531589642e+00 -2.357421875000000000e+00
2.132945827557705343e+00 4.107421875000000000e+00
2.139307827026641462e+00 9.296875000000000000e-01
2.144852560551953502e+00 3.199218750000000000e+00
2.151200041655101813e+00 2.335937500000000000e+00
2.157014744916523341e+00 -6.894531250000000000e-01
2.163017989030777244e+00 2.837890625000000000e+00
2.169071576841815840e+00 7.460937500000000000e-01
2.175081133776984643e+00 -9.257812500000000000e-01
2.181181103496783180e+00 2.421875000000000000e-01
2.186756040176987881e+00 -1.406250000000000000e-01
2.193163225594616961e+00 1.347656250000000000e+00
2.199216481451003347e+00 2.343750000000000000e+00
2.205047190596815199e+00 -7.265625000000000000e-01
2.211378640247858129e+00 -7.011718750000000000e-01
2.216881463657045970e+00 3.488281250000000000e+00
2.222843008676136378e+00 1.974609375000000000e+00
2.228858050875714980e+00 -4.433593750000000000e-01
2.234909691585926339e+00 2.679687500000000000e+00
2.241029395539953839e+00 8.984375000000000000e-01
2.246746821860142518e+00 2.320312500000000000e+00
2.253207007703167619e+00 5.757812500000000000e+00
2.259103677839448210e+00 2.941406250000000000e+00
2.264914803079591366e+00 1.771484375000000000e+00
2.270783181753358804e+00 5.449218750000000000e+00
2.277039699001761619e+00 1.781250000000000000e+00
2.283246415361645631e+00 5.242187500000000000e+00
2.288843394202558557e+00 1.035156250000000000e-01
2.295057022536639124e+00 -3.710937500000000000e-01
2.301013600721489638e+00 7.212890625000000000e+00
2.306932520674308762e+00 -2.539062500000000000e-01
2.313079133782593999e+00 2.835937500000000000e+00
2.318898935402103234e+00 2.656250000000000000e+00
2.324786069635592867e+00 2.453125000000000000e+00
2.330876026670011925e+00 4.082031250000000000e-01
2.336872005631448701e+00 5.056640625000000000e+00
2.343083941166696604e+00 1.207031250000000000e+00
2.348754722912417492e+00 2.835937500000000000e+00
2.355145657333196141e+00 3.542968750000000000e+00
2.361027087878028397e+00 3.617187500000000000e+00
2.366749330540187657e+00 3.046875000000000000e+00
2.372939411427068990e+00 5.589843750000000000e+00
2.379168022984231357e+00 2.648437500000000000e+00
2.384978699625207810e+00 4.757812500000000000e+00
2.390929495835734997e+00 8.820312500000000000e+00
2.397133673512144014e+00 5.988281250000000000e+00
2.402770959532062989e+00 6.699218750000000000e+00
2.408943564914807212e+00 7.367187500000000000e+00
2.415104496343701612e+00 1.570312500000000000e+00
2.421034197795961518e+00 8.507812500000000000e+00
2.426921740938269068e+00 6.234375000000000000e+00
2.432795422933850205e+00 9.914062500000000000e+00
2.438994093823566800e+00 7.488281250000000000e+00
2.445007873349823058e+00 9.736328125000000000e+00
2.450825488973350730e+00 1.898437500000000000e+00
2.457163883074827027e+00 9.492187500000000000e+00
2.462928352782910224e+00 1.104687500000000000e+01
2.468826544580224436e+00 6.226562500000000000e+00
2.475067039646091871e+00 1.002734375000000000e+01
2.480949728505947860e+00 6.285156250000000000e+00
2.486958667839644477e+00 8.062500000000000000e+00
2.492945422622142360e+00 3.785156250000000000e+00
2.498907639714161633e+00 9.732421875000000000e+00
2.504594847428961657e+00 1.210937500000000000e+01
2.510907011030212743e+00 1.153125000000000000e+01
2.517197651395690627e+00 1.168750000000000000e+01
2.522779143047955586e+00 6.005859375000000000e+00
2.528888909986562794e+00 7.992187500000000000e+00
2.534882614956586622e+00 8.796875000000000000e+00
2.540847057221981231e+00 1.116406250000000000e+01
2.546940698193793651e+00 5.562500000000000000e+00
2.552988567047577817e+00 9.464843750000000000e+00
2.559175076625251677e+00 9.664062500000000000e+00
2.565057025309215533e+00 7.451171875000000000e+00
2.570987209612212609e+00 8.003906250000000000e+00
2.577184461712022312e+00 1.005859375000000000e+01
2.582751309546438279e+00 8.535156250000000000e+00
2.589021125786530320e+00 6.933593750000000000e+00
2.595107381421257742e+00 1.090625000000000000e+01
2.601041868339962093e+00 8.166015625000000000e+00
2.606784393858106341e+00 1.195703125000000000e+01
2.613073965170769952e+00 6.238281250000000000e+00
2.619143062067450956e+00 6.578125000000000000e+00
2.624947433450870449e+00 1.185351562500000000e+01
2.630845479219715344e+00 7.205078125000000000e+00
2.636976387584581971e+00 1.003710937500000000e+01
2.642974266374949366e+00 1.433593750000000000e+01
2.648961120576132089e+00 1.103515625000000000e+01
2.654860952854505740e+00 1.127734375000000000e+01
2.661203427920554532e+00 1.131640625000000000e+01
2.666826910048257560e+00 1.197656250000000000e+01
2.673096776437887456e+00 1.150000000000000000e+01
2.678979682183125988e+00 8.074218750000000000e+00
2.684861514266231097e+00 1.313476562500000000e+01
2.691095732421672437e+00 1.545312500000000000e+01
2.696888901209604228e+00 1.368945312500000000e+01
2.703207345675764373e+00 9.646484375000000000e+00
2.708903776983788703e+00 1.411328125000000000e+01
2.715100359804637264e+00 1.240039062500000000e+01
2.720941385086916853e+00 1.552539062500000000e+01
2.727066990919411182e+00 1.450781250000000000e+01
2.732926790100464132e+00 1.002148437500000000e+01
2.738703361523221247e+00 1.504882812500000000e+01
2.744860482391231926e+00 1.424414062500000000e+01
2.751115203707740875e+00 1.245898437500000000e+01
2.757029434706055326e+00 9.240234375000000000e+00
2.763364455739065306e+00 1.540625000000000000e+01
2.768992014891409781e+00 1.378710937500000000e+01
2.775176342307531741e+00 1.094531250000000000e+01
2.781077565610758029e+00 1.377734375000000000e+01
2.786835916827840265e+00 1.458203125000000000e+01
2.792920011466776486e+00 1.301562500000000000e+01
2.798974236600770382e+00 1.500781250000000000e+01
2.805044992528564762e+00 1.623437500000000000e+01
2.811043598219839623e+00 1.872656250000000000e+01
2.817157031415263191e+00 1.191406250000000000e+01
2.822955617004481610e+00 1.471093750000000000e+01
2.829231046882341616e+00 1.369531250000000000e+01
2.835081847159017343e+00 1.659375000000000000e+01
2.840707318995555397e+00 1.341796875000000000e+01
2.846946648933226243e+00 1.982812500000000000e+01
2.853059134293289389e+00 1.442578125000000000e+01
2.858959692886855919e+00 1.385937500000000000e+01
2.865238189639057964e+00 1.564843750000000000e+01
2.871037589640764054e+00 1.462500000000000000e+01
2.876916507360874675e+00 1.610937500000000000e+01
2.882841791113605723e+00 1.404687500000000000e+01
2.889001017036207486e+00 1.713085937500000000e+01
2.894936507189413533e+00 1.364453125000000000e+01
2.900830908540228847e+00 1.673828125000000000e+01
2.906887904566247016e+00 1.600000000000000000e+01
2.912995569378836080e+00 1.643750000000000000e+01
2.918940652380115353e+00 1.303906250000000000e+01
2.924680717027513310e+00 1.475390625000000000e+01
2.931150433636503294e+00 1.908007812500000000e+01
2.936996993397769984e+00 1.829687500000000000e+01
2.942756002219539369e+00 1.463671875000000000e+01
2.949071728136914317e+00 2.019531250000000000e+01
2.955247209374647355e+00 1.841601562500000000e+01
2.961105233618582133e+00 1.595703125000000000e+01
2.966972665002685972e+00 2.042968750000000000e+01
2.973132095343316905e+00 1.746679687500000000e+01
2.979080761113436893e+00 1.553515625000000000e+01
2.984677565051242709e+00 2.033984375000000000e+01
2.991025199131399859e+00 2.178515625000000000e+01
2.997072866601229180e+00 2.073828125000000000e+01
3.002751245654508239e+00 1.645117187500000000e+01
3.009074447487364523e+00 2.168359375000000000e+01
3.015153620959608816e+00 1.840625000000000000e+01
3.020922887451888528e+00 1.546484375000000000e+01
3.026772692028316669e+00 1.606835937500000000e+01
3.033320816190098412e+00 2.031835937500000000e+01
3.039006795966997743e+00 1.860937500000000000e+01
3.044861773912998615e+00 1.603125000000000000e+01
3.050894318501377711e+00 2.164843750000000000e+01
3.056960899008117849e+00 2.213867187500000000e+01
3.063209714069671463e+00 1.905664062500000000e+01
3.068979552917880937e+00 1.749023437500000000e+01
3.075240125421260018e+00 2.183984375000000000e+01
3.080807605554582551e+00 1.809765625000000000e+01
3.086784232480567880e+00 1.542773437500000000e+01
3.092877963386854390e+00 2.025585937500000000e+01
3.098912791770999320e+00 1.992968750000000000e+01
3.104818671527027618e+00 1.744140625000000000e+01
3.111061337374849245e+00 2.267968750000000000e+01
3.117194273450877517e+00 1.974609375000000000e+01
3.122810317989205942e+00 1.911718750000000000e+01
3.128941361646866426e+00 1.541015625000000000e+01
3.135246322432067245e+00 2.250390625000000000e+01
3.140770271318615414e+00 2.301171875000000000e+01
3.146995379240252078e+00 1.769140625000000000e+01
3.152952262717008125e+00 2.326953125000000000e+01
3.158778315722884145e+00 2.196093750000000000e+01
3.164903023432998452e+00 1.807031250000000000e+01
3.171122688108880538e+00 1.860937500000000000e+01
3.177284321114711929e+00 2.068554687500000000e+01
3.182860684588376898e+00 1.788281250000000000e+01
3.188836610639555147e+00 1.941992187500000000e+01
3.195047073859313969e+00 2.080078125000000000e+01
3.201033550612919498e+00 2.057031250000000000e+01
3.206990169514028821e+00 1.542968750000000000e+01
3.212911381051526405e+00 2.285937500000000000e+01
3.219008697422395926e+00 2.274218750000000000e+01
3.224856260661908891e+00 1.532421875000000000e+01
3.230974671823787503e+00 2.158203125000000000e+01
3.237398464509169571e+00 2.431250000000000000e+01
3.242923838392016478e+00 1.728515625000000000e+01
3.248999844421632588e+00 2.186328125000000000e+01
3.254955303465976613e+00 2.740429687500000000e+01
3.260934879130218178e+00 2.298046875000000000e+01
3.266978656647552270e+00 2.038671875000000000e+01
3.272969590587308630e+00 2.062109375000000000e+01
3.278893139271531254e+00 2.453515625000000000e+01
3.284731379404547624e+00 1.805468750000000000e+01
3.290911412332206964e+00 2.694140625000000000e+01
3.296816586989734787e+00 2.319531250000000000e+01
3.302901364513672888e+00 2.410937500000000000e+01
3.309058895352791296e+00 2.294140625000000000e+01
3.315057965552114183e+00 2.346289062500000000e+01
3.321030181439709850e+00 2.105078125000000000e+01
3.326966639098827727e+00 2.223437500000000000e+01
3.332816112379077822e+00 2.239648437500000000e+01
3.338967912844964303e+00 2.522460937500000000e+01
3.344870554145018104e+00 2.176562500000000000e+01
3.351143168736598454e+00 1.867578125000000000e+01
3.356775447064137552e+00 1.899218750000000000e+01
3.362810385428019799e+00 2.178515625000000000e+01
3.369275742621539393e+00 2.386132812500000000e+01
3.374923072951787617e+00 2.508203125000000000e+01
3.380972640035906807e+00 2.309375000000000000e+01
3.386819966191978892e+00 2.026757812500000000e+01
3.392913933377712965e+00 2.298828125000000000e+01
3.398829165911593009e+00 2.192968750000000000e+01
3.405049378248804715e+00 2.155273437500000000e+01
3.411157685703074094e+00 2.323828125000000000e+01
3.416994244198576780e+00 2.469531250000000000e+01
3.422985199322283734e+00 2.078125000000000000e+01
3.429080671281553805e+00 1.919140625000000000e+01
3.434954338932584506e+00 2.286718750000000000e+01
3.440929607117141131e+00 2.461718750000000000e+01
3.447007891838438809e+00 2.260546875000000000e+01
3.453063893699436449e+00 2.000976562500000000e+01
3.458942775352625176e+00 2.358593750000000000e+01
3.464979433425469324e+00 2.188281250000000000e+01
3.471153252950898604e+00 2.483398437500000000e+01
3.476839317485428182e+00 2.040625000000000000e+01
3.483120905686519109e+00 2.368359375000000000e+01
3.488933047716272995e+00 2.562500000000000000e+01
3.494740956881287275e+00 2.373046875000000000e+01
3.500850373704452068e+00 2.180468750000000000e+01
3.507172483914473560e+00 2.296484375000000000e+01
3.513071464960376034e+00 2.212500000000000000e+01
3.518932221260911319e+00 2.507226562500000000e+01
3.525023508773301728e+00 2.611328125000000000e+01
3.531193951686873334e+00 1.966406250000000000e+01
3.536746131088875700e+00 2.397656250000000000e+01
3.542996590127586387e+00 1.963671875000000000e+01
3.549052113226935035e+00 2.099023437500000000e+01
3.555042819702066481e+00 2.302734375000000000e+01
3.560801662300946191e+00 2.305859375000000000e+01
3.567114368510374334e+00 2.217968750000000000e+01
3.573322500637004850e+00 2.201757812500000000e+01
3.578920078529336024e+00 2.285546875000000000e+01
3.585213933671184350e+00 2.561523437500000000e+01
3.591055351200338919e+00 2.644140625000000000e+01
3.596742313922732137e+00 2.285546875000000000e+01
3.603016736335121095e+00 2.286718750000000000e+01
3.609241822439798852e+00 2.438281250000000000e+01
3.615149251658294816e+00 2.169531250000000000e+01
3.620949746771657374e+00 2.369140625000000000e+01
3.627093454691930674e+00 2.218164062500000000e+01
3.633134547653753543e+00 2.524804687500000000e+01
3.638911369467678014e+00 2.580468750000000000e+01
3.645058788853930309e+00 2.457031250000000000e+01
3.651013385140686296e+00 2.240625000000000000e+01
3.656949370913935127e+00 2.359570312500000000e+01
3.662854416103073163e+00 2.647656250000000000e+01
3.669017807966156397e+00 2.394726562500000000e+01
3.674985179779469036e+00 2.174609375000000000e+01
3.680679688826785423e+00 2.255664062500000000e+01
3.687211100881540915e+00 2.301171875000000000e+01
3.692784083206788637e+00 2.390625000000000000e+01
3.698830295943480451e+00 1.957031250000000000e+01
3.705139989207964391e+00 2.276953125000000000e+01
3.711338466164306737e+00 2.337109375000000000e+01
3.717166554390132660e+00 2.367382812500000000e+01
3.722876549025386339e+00 2.101757812500000000e+01
3.729132099004345946e+00 2.845507812500000000e+01
3.734717066210578196e+00 2.410351562500000000e+01
3.741019196339038899e+00 2.428515625000000000e+01
3.747229455344495364e+00 2.275781250000000000e+01
3.752860124583094148e+00 2.374218750000000000e+01
3.758761001543462044e+00 2.500390625000000000e+01
3.765084300815942697e+00 1.981640625000000000e+01
3.770944125113601331e+00 2.624218750000000000e+01
3.776991223821823951e+00 2.141796875000000000e+01
3.782894997249968583e+00 2.349023437500000000e+01
3.789284218026296003e+00 2.286132812500000000e+01
3.794822804833529517e+00 2.517968750000000000e+01
3.800889749698399100e+00 2.350390625000000000e+01
3.807044277258682996e+00 2.437890625000000000e+01
3.813022157730301842e+00 2.619140625000000000e+01
3.819233305184752680e+00 2.464062500000000000e+01
3.824997370971686905e+00 1.819726562500000000e+01
3.831175337418244453e+00 2.583398437500000000e+01
3.836686850932892412e+00 2.299414062500000000e+01
3.842819498597236816e+00 2.410742187500000000e+01
3.849339222237176728e+00 2.401562500000000000e+01
3.854892830760945799e+00 2.412500000000000000e+01
3.860923466549138539e+00 2.315429687500000000e+01
3.866784015157463728e+00 2.227929687500000000e+01
3.873047545996087138e+00 1.963671875000000000e+01
3.878871938497468363e+00 2.076953125000000000e+01
3.884984467964386567e+00 2.139453125000000000e+01
3.891313524509314448e+00 2.438281250000000000e+01
3.896813440631376579e+00 2.330468750000000000e+01
3.903060705022653565e+00 2.192968750000000000e+01
3.908896100860147271e+00 2.047656250000000000e+01
3.914795937729650177e+00 2.328710937500000000e+01
3.920928312305477448e+00 2.444140625000000000e+01
3.927134469449811149e+00 1.981054687500000000e+01
3.933087190493097296e+00 2.241406250000000000e+01
3.938578873312508222e+00 2.312890625000000000e+01
3.944876149376796093e+00 2.128710937500000000e+01
3.951173976027348544e+00 2.155273437500000000e+01
3.956820270297612296e+00 1.955859375000000000e+01
3.963081987028999720e+00 2.198046875000000000e+01
3.968831851489085238e+00 2.233789062500000000e+01
3.974981802013644483e+00 1.936132812500000000e+01
3.980940816982183605e+00 2.084375000000000000e+01
3.987061032108613290e+00 2.238281250000000000e+01
3.993475170937017538e+00 2.240625000000000000e+01
3.998965838371077552e+00 1.882031250000000000e+01
4.005052808068285231e+00 2.073437500000000000e+01
4.011066961378674023e+00 2.249218750000000000e+01
4.016973660007352009e+00 1.999609375000000000e+01
4.023099979567632545e+00 2.060351562500000000e+01
4.028930830725585110e+00 2.265625000000000000e+01
4.034927776701806579e+00 1.964843750000000000e+01
4.040731220935413148e+00 2.462890625000000000e+01
4.046652705317683285e+00 2.144531250000000000e+01
4.052939584158593789e+00 2.211718750000000000e+01
4.058921008923789486e+00 2.203515625000000000e+01
4.065191112604225054e+00 2.425781250000000000e+01
4.070756870234617963e+00 1.746093750000000000e+01
4.076829007470223587e+00 1.712890625000000000e+01
4.082984754037170205e+00 2.016796875000000000e+01
4.088818510201235767e+00 1.920312500000000000e+01
4.094991675050550839e+00 1.684765625000000000e+01
4.100872511662601028e+00 2.202734375000000000e+01
4.106938301403715741e+00 2.254101562500000000e+01
4.112757932452950627e+00 1.351367187500000000e+01
4.118951869801094290e+00 1.958984375000000000e+01
4.125229574281547684e+00 2.435937500000000000e+01
4.131086615678214002e+00 1.657421875000000000e+01
4.136993781314231455e+00 2.010937500000000000e+01
4.142843367611931171e+00 1.969531250000000000e+01
4.148611397471540840e+00 1.948242187500000000e+01
4.154932372679468244e+00 1.865429687500000000e+01
4.161075268813874573e+00 1.723828125000000000e+01
4.167058749320858624e+00 1.948828125000000000e+01
4.172630648085032590e+00 1.912890625000000000e+01
4.178970958328136476e+00 1.454296875000000000e+01
4.185157337888085749e+00 1.871484375000000000e+01
4.190980685885733692e+00 1.829101562500000000e+01
4.197007380633294815e+00 1.660546875000000000e+01
4.202903737153974362e+00 1.915429687500000000e+01
4.208917534713691566e+00 1.974609375000000000e+01
4.214865018337150104e+00 1.360156250000000000e+01
4.221051457338035107e+00 2.233789062500000000e+01
4.227119459297682624e+00 1.260742187500000000e+01
4.232775099451828282e+00 1.713085937500000000e+01
4.239142440266732592e+00 1.884179687500000000e+01
4.244959709278191440e+00 1.797265625000000000e+01
4.250610167189734057e+00 1.561718750000000000e+01
4.256865295166790020e+00 1.721875000000000000e+01
4.263213019999966491e+00 1.653906250000000000e+01
4.268969086697325110e+00 1.658984375000000000e+01
4.274777080183412181e+00 1.754687500000000000e+01
4.281001873925561085e+00 1.945703125000000000e+01
4.287175619007030036e+00 1.776171875000000000e+01
4.292823079602385405e+00 1.405859375000000000e+01
4.299080923214205541e+00 1.609960937500000000e+01
4.304921559698414057e+00 1.501953125000000000e+01
4.310751198354410008e+00 1.758398437500000000e+01
4.316857645178970415e+00 1.345507812500000000e+01
4.323152624267095234e+00 1.378515625000000000e+01
4.329255103446485009e+00 2.190625000000000000e+01
4.334710162162082270e+00 1.857226562500000000e+01
4.341177676633378724e+00 1.440625000000000000e+01
4.347104071021021809e+00 1.650000000000000000e+01
4.352726536941190716e+00 1.309765625000000000e+01
4.359031099422281841e+00 1.537500000000000000e+01
4.365233088079548907e+00 1.550781250000000000e+01
4.371115591806301381e+00 1.526562500000000000e+01
4.376878241550002713e+00 1.411328125000000000e+01
4.383092159907391760e+00 1.250781250000000000e+01
4.388948723404610064e+00 1.920312500000000000e+01
4.394977199863205897e+00 1.710937500000000000e+01
4.401121815782971680e+00 1.576953125000000000e+01
4.407092438035761006e+00 1.071484375000000000e+01
4.412696964569477132e+00 1.594921875000000000e+01
4.418997144894092344e+00 1.350000000000000000e+01
4.425045257146848598e+00 1.182421875000000000e+01
4.431058877504256088e+00 1.370312500000000000e+01
4.436759845470078290e+00 1.158203125000000000e+01
4.443083547143032774e+00 1.400000000000000000e+01
4.448808066641504411e+00 1.117578125000000000e+01
4.454838501129415818e+00 1.360156250000000000e+01
4.461148067202884704e+00 1.050976562500000000e+01
4.466982783465937246e+00 9.972656250000000000e+00
4.473133359111670870e+00 1.265234375000000000e+01
4.478976236328890081e+00 1.362890625000000000e+01
4.485147651837905869e+00 9.476562500000000000e+00
4.490849662404798437e+00 1.047265625000000000e+01
4.496977173374034464e+00 1.599414062500000000e+01
