#Time Flux
-1.756469809192634735e+00 -4.851562500000000000e+00
-1.749377975104258631e+00 -5.187500000000000000e+00
-1.742305328905403350e+00 -3.945312500000000000e+00
-1.735396210947508955e+00 -3.355468750000000000e+00
-1.728598534793412966e+00 -2.671875000000000000e+00
-1.721445407949447670e+00 5.546875000000000000e-01
-1.714177748880118202e+00 -4.835937500000000000e+00
-1.707383992737594447e+00 -2.757812500000000000e+00
-1.700413331044250853e+00 -4.656250000000000000e+00
-1.692964447888805957e+00 -5.175781250000000000e+00
-1.686282247437914883e+00 -4.968750000000000000e+00
-1.679427417912633835e+00 -3.773437500000000000e+00
-1.671694105395986618e+00 -1.656250000000000000e+00
-1.665366929341632662e+00 -3.867187500000000000e+00
-1.658118364056305971e+00 -1.445312500000000000e+00
-1.650700564318047903e+00 -3.914062500000000000e+00
-1.644037807802257056e+00 -1.339843750000000000e+00
-1.637204443461723002e+00 -6.699218750000000000e+00
-1.629651776884330161e+00 -3.640625000000000000e+00
-1.622896976370773459e+00 1.953125000000000000e+00
-1.615509846452386711e+00 -2.625000000000000000e+00
-1.608657510442569993e+00 -4.730468750000000000e+00
-1.601580436042914002e+00 -4.375000000000000000e-01
-1.594456434163409320e+00 -6.816406250000000000e+00
-1.587531600817219335e+00 -3.734375000000000000e+00
-1.580287475448737489e+00 -3.382812500000000000e+00
-1.573463161956165202e+00 -9.000000000000000000e+00
-1.566504297525443512e+00 -4.929687500000000000e+00
-1.559050966921639692e+00 -5.554687500000000000e+00
-1.552396096220818755e+00 -2.343750000000000000e+00
-1.545323815455920347e+00 -2.082031250000000000e+00
-1.537997353099779474e+00 -3.980468750000000000e+00
-1.531100519960800099e+00 -7.203125000000000000e+00
-1.524355982958362610e+00 8.164062500000000000e-01
-1.517318208137528934e+00 -2.375000000000000000e+00
-1.510179804458191555e+00 -6.042968750000000000e+00
-1.503288930811099711e+00 -1.574218750000000000e+00
-1.496228592314233552e+00 -5.679687500000000000e+00
-1.488809219583049348e+00 -9.859375000000000000e+00
-1.482126213707111617e+00 -7.242187500000000000e+00
-1.475495242265515650e+00 -1.296875000000000000e+00
-1.468058378413640064e+00 -4.382812500000000000e+00
-1.461081339464604945e+00 -3.648437500000000000e+00
-1.454146849874812908e+00 -3.257812500000000000e+00
-1.446756879794119932e+00 -4.070312500000000000e+00
-1.440063587637729015e+00 -5.156250000000000000e+00
-1.433233513306444884e+00 -6.269531250000000000e+00
-1.425350635349984074e+00 -2.406250000000000000e+00
-1.418574059912758756e+00 -4.011718750000000000e+00
-1.411671238880424895e+00 -1.150781250000000000e+01
-1.404277135376523766e+00 -6.882812500000000000e+00
-1.397389620334839044e+00 1.144531250000000000e+00
-1.390498869205419652e+00 -7.781250000000000000e+00
-1.383245670079047862e+00 -6.523437500000000000e+00
-1.376146235184513067e+00 -3.085937500000000000e+00
-1.369117254806037742e+00 -7.367187500000000000e+00
-1.362184879762004641e+00 -5.203125000000000000e+00
-1.355125072019926158e+00 -4.343750000000000000e+00
-1.348088983659104123e+00 -1.090625000000000000e+01
-1.341313251584268507e+00 -5.226562500000000000e+00
-1.333926886377473586e+00 -1.073437500000000000e+01
-1.327008124489506891e+00 -9.621093750000000000e+00
-1.320207742026711095e+00 -6.742187500000000000e+00
-1.313016060164080123e+00 -4.042968750000000000e+00
-1.305840514387698548e+00 -1.096093750000000000e+01
-1.299170207065817984e+00 -5.757812500000000000e+00
-1.292244665668637715e+00 -3.273437500000000000e+00
-1.284821281314305175e+00 -9.570312500000000000e+00
-1.278112169550465360e+00 -6.085937500000000000e+00
-1.271108353849320416e+00 -3.554687500000000000e+00
-1.263723336916679152e+00 -4.988281250000000000e+00
-1.256919384546079321e+00 -1.236718750000000000e+01
-1.249867713144283243e+00 -1.023437500000000000e+01
-1.242429208929588746e+00 -7.187500000000000000e+00
-1.236001620535676082e+00 -9.742187500000000000e+00
-1.228846384515630774e+00 -1.145312500000000000e+01
-1.221277732281538242e+00 -1.472656250000000000e+01
-1.214654446785279340e+00 -2.640625000000000000e+00
-1.207468474246615742e+00 -1.016406250000000000e+01
-1.200026929744894666e+00 -7.429687500000000000e+00
-1.193362344267895558e+00 -4.242187500000000000e+00
-1.186420851584141012e+00 -1.119140625000000000e+01
-1.179069477602259219e+00 -1.334375000000000000e+01
-1.171726236132234256e+00 -7.492187500000000000e+00
-1.164859950508131625e+00 -1.347265625000000000e+01
-1.158038144113493040e+00 -1.116406250000000000e+01
-1.150960075488601575e+00 -1.270312500000000000e+01
-1.143834873113107164e+00 -1.328125000000000000e+01
-1.137020247086328872e+00 -1.133203125000000000e+01
-1.129591932348903427e+00 -1.078125000000000000e+01
-1.123052038591407786e+00 -1.464062500000000000e+01
-1.115919555819703923e+00 -1.293750000000000000e+01
-1.108798888149607365e+00 -9.203125000000000000e+00
-1.101850886870868962e+00 -1.479687500000000000e+01
-1.094905727680161256e+00 -1.091796875000000000e+01
-1.087902331153453694e+00 -1.317578125000000000e+01
-1.080552751716401971e+00 -1.695312500000000000e+01
-1.073884933263233421e+00 -1.423437500000000000e+01
-1.066770687029402254e+00 -1.121875000000000000e+01
-1.059388261371874584e+00 -1.328906250000000000e+01
-1.052744641311869067e+00 -1.551562500000000000e+01
-1.045721581933374722e+00 -1.686718750000000000e+01
-1.038163641247689561e+00 -1.494140625000000000e+01
-1.031809966701054293e+00 -1.591796875000000000e+01
-1.024597390882205694e+00 -1.206250000000000000e+01
-1.017229246086297501e+00 -1.708203125000000000e+01
-1.010601187360293807e+00 -1.107031250000000000e+01
-1.003452608926743927e+00 -1.685546875000000000e+01
-9.960142025502305430e-01 -1.825000000000000000e+01
-9.890256973341440272e-01 -1.369140625000000000e+01
-9.820009484793947863e-01 -1.713281250000000000e+01
-9.750273082588671869e-01 -1.724218750000000000e+01
-9.678642273904358717e-01 -1.556250000000000000e+01
-9.612096686003175350e-01 -1.755468750000000000e+01
-9.539023298689226493e-01 -1.739843750000000000e+01
-9.467864823039837674e-01 -1.917187500000000000e+01
-9.400546569478986925e-01 -1.744531250000000000e+01
-9.328672782958884468e-01 -1.981640625000000000e+01
-9.256090293799923430e-01 -1.700000000000000000e+01
-9.189607322449413473e-01 -1.959375000000000000e+01
-9.117235457666694742e-01 -1.899609375000000000e+01
-9.045452490641574528e-01 -1.862500000000000000e+01
-8.978730872948608166e-01 -2.165625000000000000e+01
-8.905689017865192625e-01 -1.954687500000000000e+01
-8.835699171750404091e-01 -2.135937500000000000e+01
-8.766756542079336967e-01 -2.003906250000000000e+01
-8.695579529525083728e-01 -2.190625000000000000e+01
-8.625112843575157839e-01 -1.999218750000000000e+01
-8.551738324601849683e-01 -2.141406250000000000e+01
-8.484163136684168549e-01 -1.789843750000000000e+01
-8.413949511523775016e-01 -2.044531250000000000e+01
-8.338790251451380087e-01 -2.206250000000000000e+01
-8.273123713138863522e-01 -1.894140625000000000e+01
-8.202547996770013228e-01 -2.117187500000000000e+01
-8.130053029468928827e-01 -2.426562500000000000e+01
-8.062377170773045165e-01 -1.735937500000000000e+01
-7.993623682825088395e-01 -2.144531250000000000e+01
-7.918780685297104327e-01 -2.027343750000000000e+01
-7.851581695596703270e-01 -1.919531250000000000e+01
-7.780249910221268550e-01 -2.570703125000000000e+01
-7.708108375140545476e-01 -2.517968750000000000e+01
-7.639551792224468230e-01 -2.089062500000000000e+01
-7.570655989518293438e-01 -2.374218750000000000e+01
-7.498057199868757294e-01 -2.601171875000000000e+01
-7.426309555936301265e-01 -1.943750000000000000e+01
-7.357564587421316915e-01 -2.574218750000000000e+01
-7.287032315913508640e-01 -2.196484375000000000e+01
-7.216856080128293272e-01 -2.053125000000000000e+01
-7.146302822814307731e-01 -2.219921875000000000e+01
-7.076304271039566274e-01 -2.253125000000000000e+01
-7.002436627873960262e-01 -2.576562500000000000e+01
-6.935493510818862006e-01 -2.442968750000000000e+01
-6.862939760169828318e-01 -2.150000000000000000e+01
-6.794717118980200254e-01 -2.618750000000000000e+01
-6.725709991326391801e-01 -2.548437500000000000e+01
-6.655671196087453723e-01 -2.827343750000000000e+01
-6.581907505279529502e-01 -2.883593750000000000e+01
-6.513929328547654052e-01 -3.062890625000000000e+01
-6.445196459844551029e-01 -2.539843750000000000e+01
-6.374705676894460993e-01 -2.565625000000000000e+01
-6.297466440129744214e-01 -2.866406250000000000e+01
-6.232649069533175989e-01 -2.796875000000000000e+01
-6.160126372444754139e-01 -2.735156250000000000e+01
-6.089734120783942828e-01 -2.504687500000000000e+01
-6.020131704260682781e-01 -2.941796875000000000e+01
-5.950602939705076366e-01 -3.417187500000000000e+01
-5.877626648398273090e-01 -2.857031250000000000e+01
-5.808315966370880545e-01 -2.554687500000000000e+01
-5.739260003628974260e-01 -2.967968750000000000e+01
-5.665307147893479112e-01 -2.557031250000000000e+01
-5.596976140737535133e-01 -2.304687500000000000e+01
-5.526819731747663056e-01 -2.721093750000000000e+01
-5.454704076242027355e-01 -3.255078125000000000e+01
-5.382997962566138384e-01 -2.714062500000000000e+01
-5.314213939802963083e-01 -3.105078125000000000e+01
-5.243765421609865029e-01 -3.202343750000000000e+01
-5.175026911556761533e-01 -3.030078125000000000e+01
-5.105662468170324431e-01 -3.298828125000000000e+01
-5.035373971176690944e-01 -2.984765625000000000e+01
-4.965569731322458935e-01 -2.631250000000000000e+01
-4.894450344940972641e-01 -2.990234375000000000e+01
-4.823112327297511825e-01 -2.941406250000000000e+01
-4.752546167647215825e-01 -2.987500000000000000e+01
-4.683263319179227224e-01 -3.299609375000000000e+01
-4.613071070793361983e-01 -3.008203125000000000e+01
-4.544342012048572244e-01 -2.865625000000000000e+01
-4.471427922643176345e-01 -3.351953125000000000e+01
-4.401942490777539518e-01 -3.003125000000000000e+01
-4.333154567616821495e-01 -2.867968750000000000e+01
-4.256537464173719698e-01 -3.099218750000000000e+01
-4.190273809834561547e-01 -3.200000000000000000e+01
-4.120296250670234528e-01 -3.203125000000000000e+01
-4.046779659062114121e-01 -3.219531250000000000e+01
-3.979440137678711409e-01 -3.102734375000000000e+01
-3.907859941255269476e-01 -3.357812500000000000e+01
-3.836404298648412592e-01 -3.210937500000000000e+01
-3.768718016965424411e-01 -2.705468750000000000e+01
-3.696527365601465220e-01 -3.104687500000000000e+01
-3.622803564454022407e-01 -3.310937500000000000e+01
-3.555264779983531298e-01 -3.073046875000000000e+01
-3.484870903589714075e-01 -3.220312500000000000e+01
-3.412021314506441527e-01 -3.228906250000000000e+01
-3.343082654705513690e-01 -2.957812500000000000e+01
-3.275420022627502092e-01 -3.405859375000000000e+01
-3.204365729192479861e-01 -3.634765625000000000e+01
-3.132652750802833452e-01 -2.981250000000000000e+01
-3.064441962841062406e-01 -3.473437500000000000e+01
-2.992033501256061712e-01 -3.362109375000000000e+01
-2.922453793627761698e-01 -3.573437500000000000e+01
-2.854704889078796270e-01 -3.498437500000000000e+01
-2.780093885764900463e-01 -3.121093750000000000e+01
-2.710543648762948621e-01 -3.155859375000000000e+01
-2.641225766699042410e-01 -3.257421875000000000e+01
-2.569649071496664661e-01 -3.127343750000000000e+01
-2.501297648543792107e-01 -3.117187500000000000e+01
-2.431121781475367172e-01 -3.449218750000000000e+01
-2.360252105042119908e-01 -2.920312500000000000e+01
-2.289759762902923157e-01 -3.158593750000000000e+01
-2.217382517189783186e-01 -3.272656250000000000e+01
-2.149983331703646527e-01 -2.964062500000000000e+01
-2.079820879226268460e-01 -3.317968750000000000e+01
-2.004317504775778858e-01 -2.916406250000000000e+01
-1.939051667674762669e-01 -3.333203125000000000e+01
-1.867234504510939530e-01 -3.336718750000000000e+01
-1.794159504149304141e-01 -3.282421875000000000e+01
-1.727731367918261540e-01 -3.141796875000000000e+01
-1.658353667542709076e-01 -3.798437500000000000e+01
-1.582867010445321299e-01 -3.274609375000000000e+01
-1.514344987688192035e-01 -2.913281250000000000e+01
-1.442079843169148390e-01 -3.456640625000000000e+01
-1.372516442874607279e-01 -3.813281250000000000e+01
-1.303516569312161977e-01 -3.191406250000000000e+01
-1.234408511343323411e-01 -2.967187500000000000e+01
-1.161127814897868760e-01 -3.266406250000000000e+01
-1.090214028555216430e-01 -3.102343750000000000e+01
-1.022413562637174422e-01 -2.842968750000000000e+01
-9.506703534323523996e-02 -3.303906250000000000e+01
-8.788599802224705826e-02 -2.783203125000000000e+01
-8.114890036260025141e-02 -3.636718750000000000e+01
-7.391489822324537329e-02 -3.044531250000000000e+01
-6.682953343339104180e-02 -3.492968750000000000e+01
-6.006263046204818323e-02 -2.946875000000000000e+01
-5.281336377263912141e-02 -2.736718750000000000e+01
-4.588885847126800144e-02 -3.081640625000000000e+01
-3.900244605645664109e-02 -3.453906250000000000e+01
-3.192288217798466832e-02 -2.799218750000000000e+01
-2.479743036409320922e-02 -3.272265625000000000e+01
-1.742143642389937241e-02 -3.333984375000000000e+01
-1.067174643161106218e-02 -2.800000000000000000e+01
-3.843012074672635947e-03 -3.181250000000000000e+01
3.904725558298238752e-03 -3.123437500000000000e+01
1.049722740194436454e-02 -2.963281250000000000e+01
1.755040041467825773e-02 -3.428906250000000000e+01
2.473481083155437688e-02 -2.684765625000000000e+01
3.155660861114029103e-02 -2.978125000000000000e+01
3.847824968761504039e-02 -3.079687500000000000e+01
4.594076158426396717e-02 -2.636718750000000000e+01
5.260142450425231431e-02 -3.064062500000000000e+01
6.003338320018247742e-02 -3.215234375000000000e+01
6.708344278609823519e-02 -2.989062500000000000e+01
7.396130209669760092e-02 -2.336718750000000000e+01
8.088723166176947643e-02 -3.235156250000000000e+01
8.809836750117039372e-02 -2.963281250000000000e+01
9.524062579960945740e-02 -2.644140625000000000e+01
1.020149234476606104e-01 -2.917578125000000000e+01
1.090342683803782187e-01 -2.918359375000000000e+01
1.163007493088676902e-01 -2.697265625000000000e+01
1.231475028168653729e-01 -3.298046875000000000e+01
1.304792555434999279e-01 -2.670703125000000000e+01
1.374993962555355331e-01 -2.987500000000000000e+01
1.442678279208546854e-01 -2.397656250000000000e+01
1.515172563286064644e-01 -2.397656250000000000e+01
1.583868579564136070e-01 -3.188281250000000000e+01
1.652492269558756277e-01 -3.251953125000000000e+01
1.722479306161446289e-01 -2.520312500000000000e+01
1.794591902321602817e-01 -2.942968750000000000e+01
1.863693470645220174e-01 -3.489843750000000000e+01
1.932831370981626939e-01 -2.464062500000000000e+01
2.002351950673375569e-01 -2.801562500000000000e+01
2.081831344458926480e-01 -2.998437500000000000e+01
2.145355113131532931e-01 -2.519140625000000000e+01
2.215853364706288353e-01 -2.381250000000000000e+01
2.289265261435087240e-01 -2.633984375000000000e+01
2.357508387196891597e-01 -2.485156250000000000e+01
2.426357604408435620e-01 -3.120312500000000000e+01
2.501590974733147732e-01 -2.289062500000000000e+01
2.568454270015663177e-01 -1.875390625000000000e+01
2.640838054600807006e-01 -2.816796875000000000e+01
2.711935833751102365e-01 -2.341015625000000000e+01
2.781032827954939002e-01 -2.515625000000000000e+01
2.850376845669804204e-01 -2.657031250000000000e+01
2.922854099451850374e-01 -2.201562500000000000e+01
2.992492424582291477e-01 -2.407812500000000000e+01
3.061077418717950138e-01 -2.293750000000000000e+01
3.133742915799984097e-01 -2.698437500000000000e+01
3.203689602937105363e-01 -1.975781250000000000e+01
3.273702417940995701e-01 -2.342968750000000000e+01
3.344199910998044700e-01 -2.129687500000000000e+01
3.415107622563975376e-01 -2.369140625000000000e+01
3.481108691296013191e-01 -2.058593750000000000e+01
3.555143719262323643e-01 -2.114062500000000000e+01
3.626214721477318825e-01 -2.112890625000000000e+01
3.695801044186559636e-01 -2.148046875000000000e+01
3.765175210646161119e-01 -2.191406250000000000e+01
3.833920683008029684e-01 -1.974218750000000000e+01
3.907039168564425680e-01 -1.915625000000000000e+01
3.976278640588613023e-01 -1.725781250000000000e+01
4.044933148307072734e-01 -1.960937500000000000e+01
4.119229158718944461e-01 -2.185156250000000000e+01
4.187092430585224179e-01 -2.099218750000000000e+01
4.256507703904048867e-01 -1.520312500000000000e+01
4.330774123058667158e-01 -2.159375000000000000e+01
4.396320650403549024e-01 -1.755468750000000000e+01
4.468443705889266759e-01 -1.543359375000000000e+01
4.542185501527855607e-01 -1.582031250000000000e+01
4.609763688005656945e-01 -1.387500000000000000e+01
4.681551009266158303e-01 -2.296875000000000000e+01
4.755237859528040900e-01 -1.395312500000000000e+01
4.823962138320201376e-01 -1.177343750000000000e+01
4.892953401332542640e-01 -2.071875000000000000e+01
4.966009328636880049e-01 -1.656640625000000000e+01
5.038948047418725373e-01 -1.139843750000000000e+01
5.105900002514873748e-01 -1.745312500000000000e+01
5.175945111040523017e-01 -1.428906250000000000e+01
5.246233982964803033e-01 -1.292187500000000000e+01
5.312589134358911558e-01 -1.192968750000000000e+01
5.385261945540529283e-01 -1.413281250000000000e+01
5.456146352779445152e-01 -1.554687500000000000e+01
5.523430870406507154e-01 -1.273437500000000000e+01
5.598234876905374691e-01 -1.514062500000000000e+01
5.667422884796389226e-01 -1.396875000000000000e+01
5.736263965352019767e-01 -1.217578125000000000e+01
5.806221045905846090e-01 -1.087500000000000000e+01
5.876410230718946970e-01 -4.570312500000000000e+00
5.947387910195374161e-01 -1.016406250000000000e+01
6.017194473336906491e-01 -1.185937500000000000e+01
6.087835058712540715e-01 -8.136718750000000000e+00
6.160486348831928360e-01 -1.025781250000000000e+01
6.228797654033457754e-01 -7.085937500000000000e+00
6.299217047407008607e-01 -9.140625000000000000e+00
6.373840670931372188e-01 -1.570312500000000000e+01
6.439641203722628049e-01 -1.142968750000000000e+01
6.511778370447909303e-01 -5.964843750000000000e+00
6.582157683136227178e-01 -1.093750000000000000e+00
6.650366262470250867e-01 -3.207031250000000000e+00
6.722691146745654045e-01 -7.871093750000000000e+00
6.795894822080130737e-01 -5.187500000000000000e+00
6.865329884970021723e-01 -4.726562500000000000e+00
6.936220806866240096e-01 -4.070312500000000000e+00
7.005788957863678945e-01 -1.096093750000000000e+01
7.077237072959561281e-01 2.062500000000000000e+00
7.143278486539523797e-01 -4.832031250000000000e+00
7.216413202137337279e-01 -5.843750000000000000e+00
7.288965850591750950e-01 -5.468750000000000000e-02
7.355621693685012730e-01 -4.343750000000000000e+00
7.427334066214106301e-01 -5.347656250000000000e+00
7.500157842653263351e-01 -2.128906250000000000e+00
7.567167969542838435e-01 9.218750000000000000e-01
7.640606909414104919e-01 -5.781250000000000000e-01
7.710214107332045153e-01 -4.312500000000000000e+00
7.778345905450740894e-01 1.160156250000000000e+00
7.849547866945800756e-01 -3.359375000000000000e-01
7.919754329866308673e-01 -1.562500000000000000e+00
7.989999288809790379e-01 -4.558593750000000000e+00
8.058532730487373286e-01 -3.894531250000000000e+00
8.130963197144440713e-01 2.250000000000000000e+00
8.203648938363237164e-01 -3.242187500000000000e+00
8.270767571072843438e-01 4.984375000000000000e+00
8.341617634741700371e-01 6.343750000000000000e+00
8.416418187172105547e-01 5.980468750000000000e+00
8.480977799397662054e-01 -2.023437500000000000e+00
8.556244108103596702e-01 -8.593750000000000000e-02
8.624919902582788289e-01 8.812500000000000000e+00
8.691575220028804338e-01 1.812500000000000000e+00
8.762788240466594658e-01 1.914062500000000000e+00
8.837593915220924856e-01 7.281250000000000000e+00
8.904193589260165353e-01 9.765625000000000000e-01
8.978145635549781289e-01 7.359375000000000000e+00
9.048569959582537514e-01 2.253906250000000000e+00
9.117524875880667068e-01 3.652343750000000000e+00
9.185555699633001225e-01 9.648437500000000000e+00
9.257486094807085841e-01 6.937500000000000000e+00
9.329843960018533444e-01 4.000000000000000000e+00
9.396757211131090415e-01 9.265625000000000000e+00
9.469232814075092541e-01 8.000000000000000000e+00
9.539042973287021887e-01 6.453125000000000000e+00
9.608742104963150510e-01 8.070312500000000000e+00
9.680478198740467555e-01 9.585937500000000000e+00
9.753539483112159125e-01 8.019531250000000000e+00
9.820846617448903970e-01 1.045312500000000000e+01
9.889652433691136224e-01 8.335937500000000000e+00
9.962253567800560816e-01 8.328125000000000000e+00
1.003005989251487762e+00 5.199218750000000000e+00
1.009986708755550744e+00 8.734375000000000000e+00
1.017305349997422503e+00 9.054687500000000000e+00
1.024374166597584956e+00 7.332031250000000000e+00
1.031096359777122995e+00 1.370703125000000000e+01
1.038458431446053876e+00 1.091015625000000000e+01
1.045724194463056200e+00 1.208593750000000000e+01
1.052316792304975657e+00 1.018750000000000000e+01
1.059550109888373726e+00 1.296875000000000000e+01
1.066600287281622705e+00 1.648437500000000000e+01
1.073487966309714103e+00 1.289062500000000000e+01
1.080584625279154221e+00 1.526171875000000000e+01
1.087920205822829001e+00 1.585937500000000000e+01
1.094705678845379726e+00 1.926171875000000000e+01
1.101671821220085334e+00 1.283593750000000000e+01
1.108925877100269908e+00 1.618750000000000000e+01
1.115826259257504560e+00 8.992187500000000000e+00
1.122780436402129656e+00 8.988281250000000000e+00
1.130032498502290483e+00 1.540625000000000000e+01
1.137088787231243181e+00 1.065625000000000000e+01
1.143886428053786375e+00 1.372656250000000000e+01
1.151013153415933132e+00 1.607812500000000000e+01
1.158126219928438339e+00 1.313281250000000000e+01
1.165114659421092824e+00 1.882812500000000000e+01
1.172138568286556382e+00 1.366015625000000000e+01
1.179331939844852517e+00 1.533984375000000000e+01
1.186215174091397984e+00 1.782031250000000000e+01
1.193281259569606068e+00 1.639843750000000000e+01
1.200388143540914943e+00 1.511328125000000000e+01
1.207140266801872919e+00 1.487500000000000000e+01
1.214267708584142014e+00 1.304687500000000000e+01
1.221528196948403533e+00 1.623437500000000000e+01
1.228456141115462863e+00 1.774218750000000000e+01
1.235587573530942951e+00 1.946484375000000000e+01
1.242575972091993997e+00 1.695312500000000000e+01
1.249677788640602749e+00 1.515625000000000000e+01
1.256461948221961222e+00 1.610156250000000000e+01
1.263545629097354350e+00 1.940625000000000000e+01
1.270809020611979534e+00 1.855468750000000000e+01
1.277610142753813349e+00 1.581640625000000000e+01
1.284611703806852301e+00 1.769140625000000000e+01
1.291884005979866856e+00 2.217187500000000000e+01
1.298789560933420795e+00 1.688281250000000000e+01
1.305891386733511794e+00 1.875781250000000000e+01
1.313259956540079543e+00 1.921875000000000000e+01
1.320158539674070042e+00 2.007812500000000000e+01
1.327075301758134263e+00 1.779296875000000000e+01
1.333930713737154328e+00 2.039843750000000000e+01
1.341304163453517440e+00 2.059375000000000000e+01
1.348329052371501469e+00 1.714843750000000000e+01
1.355115290413353879e+00 2.140625000000000000e+01
1.362390919037862247e+00 2.091406250000000000e+01
1.369185767691582178e+00 2.233593750000000000e+01
1.376192388945056244e+00 1.838671875000000000e+01
1.383329797117621940e+00 1.772265625000000000e+01
1.390183977669226856e+00 2.240625000000000000e+01
1.397485712121711465e+00 1.976562500000000000e+01
1.404556900439404288e+00 1.888281250000000000e+01
1.411404512751035067e+00 2.133984375000000000e+01
1.418226714797438781e+00 1.692578125000000000e+01
1.425514309974914795e+00 1.835937500000000000e+01
1.432668994308509358e+00 2.015625000000000000e+01
1.439561737056302082e+00 2.310156250000000000e+01
1.446666800257462526e+00 1.603125000000000000e+01
1.453832936923663333e+00 1.871875000000000000e+01
1.460787731929453770e+00 1.915625000000000000e+01
1.467754587030269509e+00 1.875781250000000000e+01
1.475138403229678818e+00 2.028515625000000000e+01
1.481794945436417876e+00 2.031250000000000000e+01
1.489045655477620578e+00 1.960156250000000000e+01
1.495993554110411239e+00 2.277343750000000000e+01
1.502838844423536102e+00 1.592187500000000000e+01
1.510025142738742776e+00 1.773046875000000000e+01
1.517211248568523185e+00 1.885546875000000000e+01
1.523928752406942255e+00 1.808593750000000000e+01
1.531244094387516963e+00 1.941406250000000000e+01
1.538252485351405685e+00 2.004687500000000000e+01
1.545647089585602707e+00 2.028125000000000000e+01
1.551961297253584782e+00 1.811718750000000000e+01
1.559210369495760862e+00 1.900390625000000000e+01
1.566436139647824799e+00 1.908984375000000000e+01
1.573088301511835319e+00 1.830468750000000000e+01
1.580420674746801701e+00 1.784375000000000000e+01
1.587771510804360631e+00 1.672656250000000000e+01
1.594689222453339550e+00 2.194140625000000000e+01
1.601786160180933116e+00 1.913281250000000000e+01
1.608855612224464604e+00 1.787890625000000000e+01
1.615811836652285116e+00 1.681640625000000000e+01
1.622696344491505016e+00 1.742968750000000000e+01
1.629879821044743604e+00 1.732031250000000000e+01
1.636817313213597913e+00 2.000781250000000000e+01
1.643621445558149041e+00 2.073437500000000000e+01
1.651011038615779469e+00 1.593750000000000000e+01
1.658113961977418782e+00 1.991406250000000000e+01
1.664824061414697631e+00 2.091406250000000000e+01
1.672071774366543195e+00 1.776562500000000000e+01
1.679463816054978409e+00 1.586718750000000000e+01
1.686118999266770224e+00 1.557812500000000000e+01
1.693145539517776132e+00 1.491406250000000000e+01
1.700119674838472594e+00 1.653125000000000000e+01
1.706946240576364904e+00 1.706250000000000000e+01
1.714057558162659589e+00 1.764843750000000000e+01
1.721357448974831339e+00 1.989453125000000000e+01
1.728237303817883763e+00 1.093750000000000000e+01
1.735164390008960389e+00 9.960937500000000000e+00
1.742370545397692538e+00 1.636718750000000000e+01
1.749537629905976388e+00 1.755468750000000000e+01
1.756233174204274494e+00 1.258593750000000000e+01
1.763464206924285183e+00 1.840234375000000000e+01
1.770706171310744814e+00 1.476562500000000000e+01
1.777169104926609844e+00 1.121875000000000000e+01
1.784538507988624012e+00 1.271093750000000000e+01
1.791635183042036950e+00 1.628125000000000000e+01
1.798622989826199614e+00 1.410156250000000000e+01
1.805767903071482827e+00 1.057031250000000000e+01
1.812923649257227154e+00 7.585937500000000000e+00
1.820047032849108515e+00 1.504687500000000000e+01
1.826846558502150497e+00 1.137890625000000000e+01
1.834080189991921461e+00 5.386718750000000000e+00
1.841112750819623667e+00 1.401953125000000000e+01
1.847916682135286148e+00 1.369531250000000000e+01
1.855286398825648497e+00 8.968750000000000000e+00
1.862389969271493584e+00 1.441796875000000000e+01
1.868909666278752990e+00 1.455078125000000000e+01
1.876354587912412608e+00 7.351562500000000000e+00
1.883605477043894361e+00 6.882812500000000000e+00
1.890006147949055748e+00 1.003906250000000000e+01
1.897266100121056009e+00 1.233593750000000000e+01
1.904312566121573624e+00 1.122656250000000000e+01
1.911212542753147670e+00 8.496093750000000000e+00
1.918393880635614224e+00 1.417968750000000000e+01
1.925355582462273674e+00 9.421875000000000000e+00
1.932324620743487653e+00 7.394531250000000000e+00
1.939450182698147174e+00 8.773437500000000000e+00
1.946585175398214407e+00 7.898437500000000000e+00
1.953589033764204785e+00 7.210937500000000000e+00
1.960481021056742268e+00 9.398437500000000000e+00
1.967649534639817066e+00 8.792968750000000000e+00
1.974800832575040133e+00 7.957031250000000000e+00
1.981265166642266706e+00 7.843750000000000000e+00
1.988680601364849920e+00 6.976562500000000000e+00
1.995852219579829168e+00 5.738281250000000000e+00
2.002627965952618716e+00 5.414062500000000000e+00
2.009902914068317337e+00 6.664062500000000000e+00
2.017131588085032678e+00 3.785156250000000000e+00
2.023950497574173113e+00 8.312500000000000000e+00
2.031112971280763624e+00 7.132812500000000000e+00
2.038091680294548347e+00 7.187500000000000000e-01
2.045223831935090608e+00 6.898437500000000000e+00
2.052184330305292459e+00 8.191406250000000000e+00
2.059326895593605045e+00 6.625000000000000000e+00
2.066408425161444740e+00 7.546875000000000000e+00
2.073368485388813021e+00 5.121093750000000000e+00
2.080569646765945802e+00 3.964843750000000000e+00
2.087663068705007507e+00 1.531250000000000000e+00
2.094260218546846630e+00 4.812500000000000000e+00
2.101448037961328730e+00 7.578125000000000000e+00
2.108639724865499332e+00 8.289062500000000000e+00
2.115387444044584342e+00 3.250000000000000000e+00
2.122378687371358819e+00 6.375000000000000000e+00
2.129529786850181683e+00 2.871093750000000000e+00
2.136472761076003035e+00 2.796875000000000000e+00
2.143590790035962090e+00 4.839843750000000000e+00
2.150741822653102098e+00 6.691406250000000000e+00
2.157585859880814194e+00 -1.863281250000000000e+00
2.164548757594898731e+00 2.453125000000000000e+00
2.171734068865190270e+00 4.886718750000000000e+00
2.178751312548939723e+00 6.023437500000000000e+00
2.185530982990926852e+00 1.312500000000000000e+00
2.192896487759809165e+00 7.246093750000000000e+00
2.200101075223822811e+00 2.695312500000000000e-01
2.206687676811363019e+00 5.500000000000000000e+00
2.213860733739567710e+00 6.105468750000000000e+00
2.221105525651946966e+00 6.925781250000000000e+00
2.228122786426279589e+00 4.214843750000000000e+00
2.235241670162072758e+00 5.171875000000000000e+00
2.242335982491697521e+00 -2.070312500000000000e+00
2.249302610207962072e+00 6.117187500000000000e+00
2.256401298252225018e+00 1.796875000000000000e+00
2.263347600885173616e+00 2.125000000000000000e+00
2.270537568111909543e+00 1.757812500000000000e+00
2.277593721430112517e+00 1.103125000000000000e+01
2.284905235815096969e+00 4.027343750000000000e+00
2.291593212612297759e+00 2.187500000000000000e+00
2.298525775997555698e+00 8.546875000000000000e+00
2.305528260222346137e+00 5.964843750000000000e+00
2.312927279874570807e+00 3.953125000000000000e+00
2.319598722738597463e+00 6.664062500000000000e+00
2.326628111632604856e+00 2.476562500000000000e+00
2.333596822255405989e+00 4.523437500000000000e+00
2.340652769086887020e+00 1.476562500000000000e+00
2.347565036895339574e+00 7.265625000000000000e+00
2.354913974955682221e+00 8.972656250000000000e+00
2.361709244563832577e+00 4.992187500000000000e+00
2.368632145849644211e+00 5.937500000000000000e+00
2.375925556695178020e+00 7.160156250000000000e+00
2.382995358374293993e+00 5.085937500000000000e+00
2.389655296313431876e+00 1.125000000000000000e+00
2.397101422508770785e+00 4.484375000000000000e+00
2.404194647892031078e+00 5.207031250000000000e+00
2.410827584483432595e+00 5.929687500000000000e+00
2.418076928681580196e+00 7.578125000000000000e+00
2.425123026504937940e+00 9.164062500000000000e+00
2.432298307429014095e+00 8.187500000000000000e+00
2.439572524723776503e+00 3.914062500000000000e+00
2.446595696323498714e+00 7.789062500000000000e+00
2.453567165688092633e+00 4.796875000000000000e+00
2.460515333663553683e+00 7.859375000000000000e+00
2.467721005739643481e+00 3.765625000000000000e+00
2.474797014748093993e+00 6.070312500000000000e+00
2.481450547936844053e+00 1.050781250000000000e+01
2.488738034178333614e+00 5.929687500000000000e+00
2.495956667028894849e+00 1.207031250000000000e+01
2.502571721028949092e+00 7.679687500000000000e+00
2.509808112093217414e+00 7.792968750000000000e+00
2.517214055512942306e+00 8.023437500000000000e+00
2.523929300801543540e+00 9.750000000000000000e+00
2.530891986741337085e+00 8.308593750000000000e+00
2.537884670913311158e+00 1.169531250000000000e+01
2.544753340779919881e+00 4.718750000000000000e+00
2.551697492663225209e+00 1.064453125000000000e+01
2.558941145279533202e+00 1.131640625000000000e+01
2.566004392517358124e+00 6.445312500000000000e+00
2.572976514949643523e+00 1.005468750000000000e+01
2.580143604824965298e+00 1.528125000000000000e+01
2.587334682088815008e+00 5.960937500000000000e+00
2.594067408350587023e+00 1.093750000000000000e+01
2.601292994237211609e+00 9.828125000000000000e+00
2.608476812148734059e+00 9.804687500000000000e+00
2.615154358164237358e+00 1.033593750000000000e+01
2.622317006370873393e+00 9.351562500000000000e+00
2.629407732717756296e+00 1.024218750000000000e+01
2.636477497434244643e+00 1.186328125000000000e+01
2.643601955459163211e+00 1.058984375000000000e+01
2.650833259609881587e+00 9.476562500000000000e+00
2.657765103244195792e+00 1.184765625000000000e+01
2.664620424665629095e+00 1.257421875000000000e+01
2.671850563043092652e+00 8.054687500000000000e+00
2.678884231873094102e+00 1.284375000000000000e+01
2.685691896182838434e+00 1.178125000000000000e+01
2.692933776850988004e+00 1.045703125000000000e+01
2.700202091000658999e+00 1.713671875000000000e+01
2.706730547407355303e+00 1.594531250000000000e+01
2.713757877745787361e+00 1.125781250000000000e+01
2.721364496592433735e+00 1.210546875000000000e+01
2.727732805972632235e+00 9.859375000000000000e+00
2.735014527607132262e+00 1.394531250000000000e+01
2.742123323795562673e+00 1.138281250000000000e+01
2.748738221313983487e+00 1.192187500000000000e+01
2.756027277489284444e+00 1.163281250000000000e+01
2.763172771236625636e+00 1.789062500000000000e+01
2.770005772971495084e+00 1.313281250000000000e+01
2.777256506663112745e+00 1.467187500000000000e+01
2.784442919751110246e+00 1.524218750000000000e+01
2.791150826179422673e+00 1.245312500000000000e+01
2.798333738764195999e+00 1.398046875000000000e+01
2.805490396349346938e+00 1.887500000000000000e+01
2.812805142600705910e+00 1.320703125000000000e+01
2.819406974327580251e+00 1.535156250000000000e+01
2.826524616323708106e+00 1.246093750000000000e+01
2.833655617889544232e+00 1.715625000000000000e+01
2.840405697666168905e+00 1.342187500000000000e+01
2.847643963613319507e+00 1.596093750000000000e+01
2.854907366241388633e+00 1.440625000000000000e+01
2.861437527138047443e+00 1.964062500000000000e+01
2.868834763738390414e+00 1.382031250000000000e+01
2.876020801218115430e+00 1.325000000000000000e+01
2.882734640987620889e+00 1.655078125000000000e+01
2.889998824967162872e+00 1.729296875000000000e+01
2.897120273854761230e+00 1.442968750000000000e+01
2.904038642623958832e+00 1.751953125000000000e+01
2.910910746993559783e+00 1.556640625000000000e+01
2.917962360156240109e+00 1.609375000000000000e+01
2.925331528984445040e+00 1.546484375000000000e+01
2.931992313588215993e+00 1.878125000000000000e+01
2.939264884247944742e+00 1.708593750000000000e+01
2.946383167732977260e+00 1.889843750000000000e+01
2.953051525026100244e+00 1.702343750000000000e+01
2.960216561746146446e+00 1.687500000000000000e+01
2.967466314807592376e+00 1.663281250000000000e+01
2.974148217401240579e+00 1.789062500000000000e+01
2.981361978925708645e+00 2.100390625000000000e+01
2.988655904273383790e+00 2.128906250000000000e+01
2.995181226397114038e+00 1.614843750000000000e+01
3.002671609158806376e+00 1.711718750000000000e+01
3.009548823758032121e+00 1.900000000000000000e+01
3.016486721538768734e+00 1.803906250000000000e+01
3.023474560742647199e+00 2.135546875000000000e+01
3.030641273359917953e+00 2.099609375000000000e+01
3.037994626173112778e+00 2.028906250000000000e+01
3.044641358585801427e+00 1.344531250000000000e+01
3.051639075632031961e+00 1.685156250000000000e+01
3.059113718590435571e+00 2.092187500000000000e+01
3.065782102053059788e+00 2.018750000000000000e+01
3.072871389325067426e+00 1.811718750000000000e+01
3.080115169288676569e+00 1.874218750000000000e+01
3.086931697636175809e+00 2.273046875000000000e+01
3.093807589473146269e+00 1.735546875000000000e+01
3.101444539088527019e+00 1.736718750000000000e+01
3.108147983719713014e+00 1.865625000000000000e+01
3.114867649378024517e+00 1.901171875000000000e+01
3.122808864699092801e+00 2.063281250000000000e+01
3.129531794674695000e+00 2.348437500000000000e+01
3.136205000695828637e+00 1.617187500000000000e+01
3.143588191590917624e+00 2.165625000000000000e+01
3.150714861787860421e+00 1.892968750000000000e+01
3.157059370696607026e+00 1.631250000000000000e+01
3.164696184501809118e+00 2.275781250000000000e+01
3.171787187701031741e+00 1.762109375000000000e+01
3.178429735565853509e+00 2.066796875000000000e+01
3.185536941589236282e+00 2.117187500000000000e+01
3.192869259610946031e+00 2.007031250000000000e+01
3.199526813899871591e+00 1.397656250000000000e+01
3.206734981677441976e+00 2.057031250000000000e+01
3.213829460514009639e+00 1.936328125000000000e+01
3.220774488123661072e+00 1.725000000000000000e+01
3.227516767283117982e+00 2.000781250000000000e+01
3.234868654852674830e+00 2.033593750000000000e+01
3.241692027140291366e+00 1.774218750000000000e+01
3.248567252644225967e+00 2.017968750000000000e+01
3.255758789145626331e+00 1.700781250000000000e+01
3.262877284532354594e+00 2.331250000000000000e+01
3.269956925835051820e+00 1.931250000000000000e+01
3.277059195464771868e+00 1.485156250000000000e+01
3.284263940430192541e+00 1.810156250000000000e+01
3.291219467104997687e+00 2.025390625000000000e+01
3.298057049470899393e+00 2.054687500000000000e+01
3.305657495449269234e+00 1.745703125000000000e+01
3.312346910499623043e+00 2.046875000000000000e+01
3.319150449052923335e+00 1.553125000000000000e+01
3.326633237995823222e+00 1.651953125000000000e+01
3.333647055635350132e+00 1.897656250000000000e+01
3.340191909072430132e+00 1.723437500000000000e+01
3.347656066173223532e+00 1.889453125000000000e+01
3.354949775651677513e+00 2.057031250000000000e+01
3.361321711217226671e+00 1.490625000000000000e+01
3.368775230032100332e+00 1.670312500000000000e+01
3.375637858962296178e+00 1.735937500000000000e+01
3.382421498771820190e+00 1.240625000000000000e+01
3.389679886540053477e+00 1.775000000000000000e+01
3.397004999019791249e+00 1.975000000000000000e+01
3.403420073290186032e+00 1.359375000000000000e+01
3.410960579545358584e+00 1.710156250000000000e+01
3.417942683594830555e+00 2.172656250000000000e+01
3.424987619492404267e+00 1.563671875000000000e+01
3.431843670048460027e+00 1.633593750000000000e+01
3.438899738182959354e+00 1.885156250000000000e+01
3.446034730686281300e+00 1.577343750000000000e+01
3.452879401689574301e+00 2.063281250000000000e+01
3.459924349503070928e+00 1.702343750000000000e+01
3.467216167551289807e+00 1.867968750000000000e+01
3.474219337516061046e+00 1.422656250000000000e+01
3.481184232471225215e+00 1.329687500000000000e+01
3.488596426552631691e+00 1.436718750000000000e+01
3.495534219212428795e+00 1.839843750000000000e+01
3.502393628939610704e+00 1.793750000000000000e+01
3.509847632882796109e+00 1.629296875000000000e+01
3.516543702186318843e+00 1.811328125000000000e+01
3.523454335579827568e+00 1.371484375000000000e+01
3.530972819104620797e+00 1.232421875000000000e+01
3.537924734241154390e+00 1.720312500000000000e+01
3.544100579131167272e+00 1.711328125000000000e+01
3.551917825709153931e+00 1.449218750000000000e+01
3.558872125729687586e+00 1.394140625000000000e+01
3.565387912756825983e+00 1.741406250000000000e+01
3.572935961195675247e+00 1.492968750000000000e+01
3.579909741035403048e+00 1.735937500000000000e+01
3.586555710076067882e+00 1.614843750000000000e+01
3.593963386216639133e+00 1.844531250000000000e+01
3.600945616445007769e+00 1.548046875000000000e+01
3.607617856383446231e+00 1.410937500000000000e+01
3.615047974294290256e+00 1.601562500000000000e+01
3.622176239830388056e+00 1.760156250000000000e+01
3.628704995960292834e+00 1.067187500000000000e+01
3.636110004513522398e+00 1.859375000000000000e+01
3.643031935947220745e+00 1.484765625000000000e+01
3.650121964990715728e+00 1.489062500000000000e+01
3.657220954889145226e+00 1.501562500000000000e+01
3.664221664586166938e+00 1.369140625000000000e+01
3.671445143240216424e+00 1.240625000000000000e+01
3.678186703693703485e+00 1.142968750000000000e+01
3.685326772740283197e+00 1.065625000000000000e+01
3.692720889857683986e+00 1.453125000000000000e+01
3.699335583409588679e+00 1.566015625000000000e+01
3.706474855745769847e+00 1.470312500000000000e+01
3.714138044789782711e+00 9.328125000000000000e+00
3.720416322575129886e+00 1.129296875000000000e+01
3.727394328856663996e+00 1.225781250000000000e+01
3.735066176063120746e+00 6.246093750000000000e+00
3.741814754426627143e+00 1.610156250000000000e+01
3.748508689835090557e+00 9.210937500000000000e+00
3.756219537028866462e+00 1.377343750000000000e+01
3.763131787432704378e+00 1.199218750000000000e+01
3.769717539307869458e+00 1.167187500000000000e+01
3.776928109326811889e+00 1.346093750000000000e+01
3.784160064025491987e+00 1.071484375000000000e+01
3.790861523873760852e+00 1.137500000000000000e+01
3.798128212662123193e+00 1.387890625000000000e+01
3.804988484129664172e+00 1.410937500000000000e+01
3.811962805108056962e+00 7.468750000000000000e+00
3.819265611822079354e+00 1.183203125000000000e+01
3.826459660931488038e+00 8.867187500000000000e+00
3.833023662702185863e+00 3.035156250000000000e+00
3.840444116019408938e+00 1.214062500000000000e+01
3.847357295469501004e+00 1.204687500000000000e+01
3.854220113304127615e+00 1.264843750000000000e+01
3.861206524305750065e+00 8.062500000000000000e+00
3.868373261290575460e+00 9.917968750000000000e+00
3.875517912837361134e+00 1.103515625000000000e+01
3.882485765945198342e+00 9.109375000000000000e+00
3.889324865746198068e+00 1.166796875000000000e+01
3.896656831933708265e+00 1.185937500000000000e+01
3.903594581594813206e+00 7.406250000000000000e+00
3.910674983816628369e+00 8.515625000000000000e+00
3.918003182242102866e+00 1.047656250000000000e+01
3.924672574463943686e+00 7.476562500000000000e+00
3.931522118455414994e+00 9.160156250000000000e+00
3.939240455331194823e+00 8.757812500000000000e+00
3.945774360658864222e+00 1.168750000000000000e+01
3.952599479639668623e+00 7.187500000000000000e+00
3.960545415177532114e+00 6.570312500000000000e+00
3.967082779243651380e+00 1.003125000000000000e+01
3.973931868486745511e+00 8.082031250000000000e+00
3.981182953974585104e+00 6.671875000000000000e+00
3.988189804266004668e+00 9.796875000000000000e+00
3.995033784954988398e+00 7.515625000000000000e+00
4.002295190110980450e+00 6.953125000000000000e+00
4.009088433175695521e+00 4.875000000000000000e+00
4.015966853310004581e+00 1.453125000000000000e+00
4.023202061059073742e+00 4.890625000000000000e+00
4.030493411632026124e+00 7.410156250000000000e+00
4.036890332766519762e+00 6.093750000000000000e-01
4.044319611951044280e+00 7.210937500000000000e+00
4.051390295750408654e+00 4.664062500000000000e+00
4.058547969219745255e+00 3.015625000000000000e+00
4.065308349254540765e+00 5.117187500000000000e+00
4.072309059301920442e+00 3.781250000000000000e+00
4.079731269671466265e+00 6.472656250000000000e+00
4.086517393803752896e+00 2.828125000000000000e+00
4.093342029649592817e+00 5.671875000000000000e+00
4.100774266337743335e+00 6.085937500000000000e+00
4.107741026355418157e+00 5.460937500000000000e+00
4.114820310601063014e+00 3.523437500000000000e+00
4.122328032635215855e+00 5.343750000000000000e+00
4.129005057505279908e+00 6.179687500000000000e+00
4.135581779848149786e+00 2.570312500000000000e+00
4.143518204546944084e+00 2.929687500000000000e+00
4.150068461836255551e+00 9.054687500000000000e+00
4.156828995552498185e+00 -4.882812500000000000e-01
4.164445414826859704e+00 2.359375000000000000e+00
4.171324080594699169e+00 5.359375000000000000e+00
4.178005597412678185e+00 5.519531250000000000e+00
4.185528252650929204e+00 4.195312500000000000e+00
4.192298824816390379e+00 4.585937500000000000e+00
4.199070500953006047e+00 3.433593750000000000e+00
4.206551327396246265e+00 2.226562500000000000e+00
4.213373456006525686e+00 5.101562500000000000e+00
4.220175190904357443e+00 3.914062500000000000e+00
4.227470614216237266e+00 1.289062500000000000e+00
4.234535719880895499e+00 1.046875000000000000e+00
4.241219048562926197e+00 3.351562500000000000e+00
4.248577300345733221e+00 2.816406250000000000e+00
4.255697456851461169e+00 5.843750000000000000e+00
4.262882412718700387e+00 7.929687500000000000e-01
4.269608094952655364e+00 2.882812500000000000e+00
4.276556570276419222e+00 1.511718750000000000e+00
4.284020399267616241e+00 -1.351562500000000000e+00
4.290697442391251393e+00 -1.367187500000000000e+00
4.297670201645759747e+00 -4.843750000000000000e-01
4.305555620235155700e+00 -9.765625000000000000e-01
4.311899172310369011e+00 -8.437500000000000000e-01
4.318798208630124869e+00 -1.125000000000000000e+00
4.326394108844834996e+00 1.171875000000000000e-01
4.332830746677995393e+00 2.367187500000000000e+00
4.339904362233797386e+00 6.484375000000000000e-01
4.347605610996197356e+00 3.617187500000000000e+00
4.353932723290928841e+00 3.300781250000000000e+00
4.360720270668043241e+00 -3.843750000000000000e+00
4.368683063272039924e+00 -3.890625000000000000e+00
4.375408822393456632e+00 -5.468750000000000000e-02
4.382131093685112333e+00 1.078125000000000000e+00
4.389630200896701417e+00 -1.093750000000000000e+00
4.396451097028621469e+00 -5.234375000000000000e-01
4.403365580815065350e+00 -3.890625000000000000e+00
4.410465484801801672e+00 -4.792968750000000000e+00
4.417635287062324778e+00 -1.445312500000000000e-01
4.424373317923750548e+00 -4.039062500000000000e+00
4.431560293900547620e+00 -1.527343750000000000e+00
4.438675025918403350e+00 -9.375000000000000000e-02
4.445488989655864920e+00 -2.968750000000000000e+00
4.452720628395940849e+00 -2.359375000000000000e+00
4.459935168673347050e+00 -1.007812500000000000e+00
4.466867300438699395e+00 -5.011718750000000000e+00
4.473912314004703461e+00 -3.269531250000000000e+00
4.480810767597052546e+00 -1.281250000000000000e+00
4.488181830126907634e+00 -3.906250000000000000e+00
4.495043393691889655e+00 -4.210937500000000000e+00
4.501966282784506390e+00 -2.890625000000000000e+00
4.509293097891262647e+00 -1.179687500000000000e+00
4.516004015918182901e+00 -2.769531250000000000e+00
4.522957067201206272e+00 -7.503906250000000000e+00
4.530658566637084661e+00 -1.250000000000000000e+00
4.537056194347392157e+00 -3.351562500000000000e+00
4.544159256420130077e+00 -5.078125000000000000e+00
4.551916489496799834e+00 -3.859375000000000000e+00
4.558131077637494144e+00 -4.230468750000000000e+00
4.564935599427993651e+00 -6.617187500000000000e+00
4.572605874841337403e+00 -5.117187500000000000e+00
4.579363357447493676e+00 -3.515625000000000000e+00
4.586177055310084683e+00 -4.773437500000000000e+00
4.593538010451569065e+00 -4.378906250000000000e+00
4.600537318612889948e+00 -2.187500000000000000e+00
4.607402021831423333e+00 -5.859375000000000000e+00
4.614798760158277169e+00 -5.378906250000000000e+00
4.621940304064894534e+00 -4.613281250000000000e+00
4.628670983027265429e+00 -8.937500000000000000e+00
4.636096264769005160e+00 -6.542968750000000000e+00
4.643011898886673094e+00 -7.855468750000000000e+00
4.649777357890276797e+00 1.796875000000000000e-01
4.657060989258202000e+00 -6.347656250000000000e+00
4.664263975102568516e+00 -5.343750000000000000e+00
4.670947797870089069e+00 -5.718750000000000000e+00
4.678232264981255994e+00 -3.054687500000000000e+00
4.685132365303636526e+00 -9.375000000000000000e-01
4.692232066303288818e+00 -7.359375000000000000e+00
4.699091711507410452e+00 -7.164062500000000000e+00
4.706089776339099195e+00 -2.601562500000000000e+00
4.713572793631410462e+00 -7.085937500000000000e+00
4.720345429375042201e+00 -5.160156250000000000e+00
4.726758985231954924e+00 -3.187500000000000000e+00
4.734730926279882013e+00 -4.273437500000000000e+00
4.741294393072342572e+00 -3.375000000000000000e+00
4.748261523460969968e+00 -5.246093750000000000e+00
4.755662643563386638e+00 -6.675781250000000000e+00
4.762462912253051073e+00 -6.320312500000000000e+00
4.769029937875171932e+00 -6.343750000000000000e+00
4.776830753105808292e+00 -7.882812500000000000e+00
4.783690156332215615e+00 -2.320312500000000000e+00
4.790407354825559239e+00 -6.156250000000000000e+00
4.797912144350066299e+00 -6.531250000000000000e+00
4.804868226289055855e+00 -2.296875000000000000e+00
4.811707375686440358e+00 -8.468750000000000000e+00
4.818877810059841948e+00 -3.566406250000000000e+00
4.826109455757888966e+00 -6.437500000000000000e+00
4.833031334893142628e+00 -5.613281250000000000e+00
4.840033885475222064e+00 -5.761718750000000000e+00
4.847099827993899268e+00 -6.789062500000000000e+00
4.854038874796653857e+00 2.667968750000000000e+00
4.860923422471915778e+00 -1.929687500000000000e+00
4.868265828550156549e+00 -7.320312500000000000e+00
4.875273589871416569e+00 -6.781250000000000000e+00
4.882067040218045939e+00 -3.281250000000000000e+00
4.889269497037805223e+00 -2.492187500000000000e+00
4.896334201425142751e+00 -5.593750000000000000e+00
4.903247176470618029e+00 -8.156250000000000000e+00
4.910191572165816254e+00 -2.175781250000000000e+00
4.917444275153981081e+00 -1.953125000000000000e+00
4.924266942831401650e+00 -8.406250000000000000e+00
4.931604202437505080e+00 -6.960937500000000000e+00
4.938768321873705958e+00 -1.507812500000000000e+00
4.945481656904279433e+00 -2.566406250000000000e+00
4.952472399568361716e+00 -6.726562500000000000e+00
4.959791780031465258e+00 -5.500000000000000000e+00
4.966807015556846672e+00 -2.429687500000000000e+00
4.973544002220209315e+00 -1.106250000000000000e+01
4.980794139619014516e+00 -7.601562500000000000e+00
4.987890560569072207e+00 -1.812500000000000000e+00
4.994703354420546582e+00 -4.945312500000000000e+00
5.002142389283084967e+00 -3.894531250000000000e+00
5.009060617765412005e+00 -3.312500000000000000e+00
5.015836460809518726e+00 -3.703125000000000000e+00
5.023156680635640470e+00 -4.625000000000000000e+00
5.030256885619220242e+00 -3.109375000000000000e+00
5.036944156494138625e+00 -6.222656250000000000e+00
5.044200853421093811e+00 2.617187500000000000e-01
5.051234466838652182e+00 -3.707031250000000000e+00
5.058321791513827215e+00 -3.382812500000000000e+00
5.065246492144162005e+00 -2.132812500000000000e+00
5.072442798404228625e+00 -5.476562500000000000e+00
5.079507437985745888e+00 -7.296875000000000000e+00
5.086411284870066218e+00 -2.484375000000000000e+00
5.093473560214018647e+00 -3.714843750000000000e+00
5.100639941812933564e+00 -2.476562500000000000e+00
5.107330608580380016e+00 -4.507812500000000000e+00
5.114283077052153459e+00 -1.093750000000000000e+00
5.121764191415334011e+00 -4.078125000000000000e+00
5.128515700556749657e+00 -3.367187500000000000e+00
5.135359263867432134e+00 -2.449218750000000000e+00
5.142837419272457744e+00 -3.781250000000000000e+00
5.149411123866506124e+00 -7.296875000000000000e+00
5.156426104898274687e+00 -2.847656250000000000e+00
5.163930250893520757e+00 1.398437500000000000e+00
5.170527238215149701e+00 -1.437500000000000000e+00
5.177609003265975396e+00 -1.937500000000000000e+00
5.184928090386122790e+00 5.156250000000000000e-01
5.191638737365083855e+00 -2.765625000000000000e+00
5.198473526210237061e+00 -3.664062500000000000e+00
5.206137634248328538e+00 -4.148437500000000000e+00
5.213503755035521436e+00 -1.953125000000000000e+00
5.220268996809931394e+00 -4.511718750000000000e+00
5.226997682262883416e+00 -5.769531250000000000e+00
5.234593080215765859e+00 -8.359375000000000000e-01
5.241216413454151457e+00 -1.007812500000000000e+00
5.248329947664000628e+00 -1.550781250000000000e+00
5.255489631180300769e+00 -1.265625000000000000e+00
5.262413291931210324e+00 -5.578125000000000000e+00
5.269548100720276906e+00 -4.210937500000000000e+00
5.276612945764355800e+00 -6.503906250000000000e+00
