#Time Flux
-8.732247187581378967e-01 2.421562500000000000e+02
-8.697387698266538791e-01 2.103125000000000000e+02
-8.663693557246006094e-01 2.346875000000000000e+02
-8.627816277003148571e-01 1.975781250000000000e+02
-8.593134626644314267e-01 2.386289062500000000e+02
-8.557670773006975651e-01 2.193828125000000000e+02
-8.522602373486733995e-01 2.377304687500000000e+02
-8.489323586545651779e-01 1.879296875000000000e+02
-8.455057028040755540e-01 2.039453125000000000e+02
-8.418937067290244158e-01 1.827578125000000000e+02
-8.382085074044880457e-01 2.090312500000000000e+02
-8.347307810763595626e-01 1.943750000000000000e+02
-8.314267094683600590e-01 2.100703125000000000e+02
-8.278722594550345093e-01 1.629140625000000000e+02
-8.244576306315138936e-01 1.624062500000000000e+02
-8.209191663918318227e-01 1.881484375000000000e+02
-8.172995665518101305e-01 1.535351562500000000e+02
-8.138235652077128179e-01 1.762187500000000000e+02
-8.104180038753838744e-01 1.777929687500000000e+02
-8.068668028208776377e-01 1.580078125000000000e+02
-8.033217411502846517e-01 1.463281250000000000e+02
-7.997960415959823877e-01 1.623828125000000000e+02
-7.963662939546338748e-01 1.281484375000000000e+02
-7.929915738022828009e-01 1.576757812500000000e+02
-7.893059993220958859e-01 1.454804687500000000e+02
-7.856383867838303559e-01 1.212421875000000000e+02
-7.821090774377807975e-01 1.219726562500000000e+02
-7.787656796281225979e-01 1.476718750000000000e+02
-7.754082525098056067e-01 1.356171875000000000e+02
-7.720445797604043037e-01 1.399218750000000000e+02
-7.681412536185234785e-01 1.224062500000000000e+02
-7.646930892042291816e-01 1.164023437500000000e+02
-7.612438404139538761e-01 8.377343750000000000e+01
-7.578508723636332434e-01 1.140937500000000000e+02
-7.544725053667207249e-01 1.013359375000000000e+02
-7.508457734256808180e-01 1.118437500000000000e+02
-7.471711479811347090e-01 9.458593750000000000e+01
-7.438466255189268850e-01 9.124218750000000000e+01
-7.404413853037112858e-01 7.951953125000000000e+01
-7.370137676480226219e-01 1.002265625000000000e+02
-7.332249258033698425e-01 8.114843750000000000e+01
-7.298026817006757483e-01 8.826562500000000000e+01
-7.263804409267322626e-01 6.517578125000000000e+01
-7.229437652131309733e-01 6.899218750000000000e+01
-7.193301372171845287e-01 5.548046875000000000e+01
-7.157912393231526949e-01 7.664843750000000000e+01
-7.121702302829362452e-01 6.682031250000000000e+01
-7.089257307161460631e-01 6.433593750000000000e+01
-7.055115502334956545e-01 4.211718750000000000e+01
-7.020461102947592735e-01 5.271484375000000000e+01
-6.983401521938503720e-01 5.546875000000000000e+01
-6.947223266433866229e-01 1.601953125000000000e+01
-6.912346424178394955e-01 4.948046875000000000e+01
-6.878697973552334588e-01 5.218750000000000000e+01
-6.845008035415958147e-01 2.415625000000000000e+01
-6.807575771781557705e-01 -1.156250000000000000e+00
-6.772294872207567096e-01 4.142187500000000000e+01
-6.737822123650403228e-01 -4.804687500000000000e+00
-6.704170991761202458e-01 2.823046875000000000e+01
-6.669646202062722296e-01 1.291015625000000000e+01
-6.631941614541574381e-01 2.021093750000000000e+01
-6.597821645082149189e-01 -1.065625000000000000e+01
-6.563237823211238720e-01 1.534375000000000000e+01
-6.529812994340318255e-01 3.226562500000000000e+00
-6.494985614153847564e-01 9.285156250000000000e+00
-6.457751463312888518e-01 3.859375000000000000e+00
-6.421431822745944373e-01 -8.277343750000000000e+00
-6.388708501981454901e-01 -6.164843750000000000e+01
-6.353064895229181275e-01 1.112500000000000000e+01
-6.318922960563213564e-01 -1.966406250000000000e+01
-6.284157543341279961e-01 -6.156250000000000000e+00
-6.247550960251828656e-01 -2.982812500000000000e+01
-6.212772712460719049e-01 -3.286718750000000000e+01
-6.180946164531633258e-01 -4.650781250000000000e+01
-6.145199240090732928e-01 -3.145312500000000000e+01
-6.107944674586178735e-01 -3.489062500000000000e+01
-6.071801770885940641e-01 -3.181250000000000000e+01
-6.037737605620350223e-01 -7.117578125000000000e+01
-6.004168805120571051e-01 -3.977734375000000000e+01
-5.968898641949635930e-01 -8.075000000000000000e+01
-5.932896254671504721e-01 -4.404687500000000000e+01
-5.896863499219762161e-01 -4.121875000000000000e+01
-5.863241999395540915e-01 -5.268750000000000000e+01
-5.830519207665929571e-01 -7.748046875000000000e+01
-5.795082742297381628e-01 -7.299609375000000000e+01
-5.757636638663825579e-01 -5.421093750000000000e+01
-5.722890560609812383e-01 -6.573046875000000000e+01
-5.687571392918471247e-01 -7.482031250000000000e+01
-5.653618492251553107e-01 -5.523437500000000000e+01
-5.619545353401917964e-01 -9.528906250000000000e+01
-5.582089223426009994e-01 -9.676953125000000000e+01
-5.546649126044940203e-01 -6.747656250000000000e+01
-5.512927225026942324e-01 -1.173007812500000000e+02
-5.479844737710664049e-01 -8.083593750000000000e+01
-5.443970452397479676e-01 -9.610937500000000000e+01
-5.408286839956417680e-01 -8.150781250000000000e+01
-5.371988861625140999e-01 -1.124570312500000000e+02
-5.337775620137108490e-01 -1.032187500000000000e+02
-5.304296881186019164e-01 -9.691015625000000000e+01
-5.269582351975259371e-01 -9.595312500000000000e+01
-5.232797529752133414e-01 -1.015039062500000000e+02
-5.196328317324514501e-01 -9.894921875000000000e+01
-5.161944231949746609e-01 -1.504843750000000000e+02
-5.129537092216196470e-01 -1.038437500000000000e+02
-5.094334619425353594e-01 -1.236250000000000000e+02
-5.058919729344779626e-01 -8.870312500000000000e+01
-5.022104049785411917e-01 -1.263046875000000000e+02
-4.987340719526400790e-01 -1.237968750000000000e+02
-4.955213455759803765e-01 -1.437773437500000000e+02
-4.919910696444276255e-01 -1.197695312500000000e+02
-4.882524807471781969e-01 -1.352617187500000000e+02
-4.846513398806564510e-01 -1.063046875000000000e+02
-4.812234982455265708e-01 -1.694296875000000000e+02
-4.778789345218683593e-01 -1.263203125000000000e+02
-4.743388276801852044e-01 -1.598164062500000000e+02
-4.707758407603250816e-01 -1.481640625000000000e+02
-4.671243421762483194e-01 -1.393125000000000000e+02
-4.638107197279168759e-01 -1.378750000000000000e+02
-4.604910041016410105e-01 -1.595390625000000000e+02
-4.569826144834223669e-01 -1.496367187500000000e+02
-4.533193776806001551e-01 -1.475898437500000000e+02
-4.497395921862334944e-01 -1.522578125000000000e+02
-4.462053479219321162e-01 -1.740859375000000000e+02
-4.427866331316181459e-01 -1.337343750000000000e+02
-4.394011661643162370e-01 -1.762656250000000000e+02
-4.358201451977947727e-01 -1.725585937500000000e+02
-4.321404281290597282e-01 -1.485937500000000000e+02
-4.287152589749894105e-01 -1.877500000000000000e+02
-4.254554502986138687e-01 -1.733203125000000000e+02
-4.218867007875815034e-01 -1.744531250000000000e+02
-4.184442099358420819e-01 -1.693750000000000000e+02
-4.146966545959003270e-01 -1.696328125000000000e+02
-4.112605010268453043e-01 -1.774960937500000000e+02
-4.079513935066643171e-01 -1.801953125000000000e+02
-4.043804702087072656e-01 -1.838671875000000000e+02
-4.007171108278271277e-01 -1.987304687500000000e+02
-3.970939878163335379e-01 -1.655351562500000000e+02
-3.936923534711240791e-01 -2.230390625000000000e+02
-3.903542346233734861e-01 -1.835429687500000000e+02
-3.869484039860253688e-01 -2.036367187500000000e+02
-3.834367559102247469e-01 -1.803242187500000000e+02
-3.798238915114779957e-01 -1.848984375000000000e+02
-3.762854016240453348e-01 -1.816562500000000000e+02
-3.729561006621224806e-01 -2.199609375000000000e+02
-3.694362382302642800e-01 -1.918203125000000000e+02
-3.658089632663177326e-01 -2.040312500000000000e+02
-3.622796672279946506e-01 -1.817812500000000000e+02
-3.587980761803919449e-01 -2.122656250000000000e+02
-3.553941822756314650e-01 -1.760468750000000000e+02
-3.518350551021285355e-01 -2.162070312500000000e+02
-3.483655621894286014e-01 -2.037734375000000000e+02
-3.447098557589924894e-01 -2.042656250000000000e+02
-3.413688417058438063e-01 -1.879062500000000000e+02
-3.379193055661744438e-01 -2.245546875000000000e+02
-3.344848321139579639e-01 -2.104140625000000000e+02
-3.308469679686822928e-01 -2.154101562500000000e+02
-3.272129160395707004e-01 -2.144531250000000000e+02
-3.237362892359669786e-01 -2.139101562500000000e+02
-3.205163422098848969e-01 -2.073125000000000000e+02
-3.169213285436853766e-01 -2.243945312500000000e+02
-3.133590286670369096e-01 -2.163125000000000000e+02
-3.096192955999867991e-01 -2.198828125000000000e+02
-3.063094859098782763e-01 -2.249609375000000000e+02
-3.029189061307988595e-01 -2.097929687500000000e+02
-2.995062453046557494e-01 -2.232343750000000000e+02
-2.959056779072852805e-01 -2.106328125000000000e+02
-2.922547054440656211e-01 -2.282890625000000000e+02
-2.887620936817256734e-01 -2.351171875000000000e+02
-2.853543303390324581e-01 -2.306289062500000000e+02
-2.819426057758391835e-01 -2.093554687500000000e+02
-2.783025113967596553e-01 -2.340429687500000000e+02
-2.746108484934666194e-01 -2.214843750000000000e+02
-2.711367038282332942e-01 -2.415859375000000000e+02
-2.677957555715693161e-01 -2.226757812500000000e+02
-2.645025827441713773e-01 -2.377421875000000000e+02
-2.609580880962312222e-01 -2.192070312500000000e+02
-2.572463135875295848e-01 -2.296132812500000000e+02
-2.536979815486120060e-01 -2.240390625000000000e+02
-2.503702656395034865e-01 -2.480703125000000000e+02
-2.468526165248476900e-01 -2.321406250000000000e+02
-2.432543547984096222e-01 -2.338671875000000000e+02
-2.397183842003869358e-01 -2.307148437500000000e+02
-2.362597041646949947e-01 -2.452890625000000000e+02
-2.327971706690732390e-01 -2.219531250000000000e+02
-2.293019429926062003e-01 -2.494101562500000000e+02
-2.259615155053324997e-01 -2.350234375000000000e+02
-2.221561354963341728e-01 -2.294453125000000000e+02
-2.187748466676566750e-01 -2.339414062500000000e+02
-2.154954638062918093e-01 -2.524257812500000000e+02
-2.120104604073276278e-01 -2.360703125000000000e+02
-2.083398813410894945e-01 -2.413906250000000000e+02
-2.047851723364146892e-01 -2.461679687500000000e+02
-2.011524147092131898e-01 -2.319843750000000000e+02
-1.978729177899367642e-01 -2.444609375000000000e+02
-1.944375490202219225e-01 -2.443750000000000000e+02
-1.910027915146201849e-01 -2.520078125000000000e+02
-1.872881670497008599e-01 -2.466406250000000000e+02
-1.837059535318985581e-01 -2.457656250000000000e+02
-1.803303201741073281e-01 -2.436718750000000000e+02
-1.769650869682664052e-01 -2.564296875000000000e+02
-1.733377985074184835e-01 -2.398203125000000000e+02
-1.698827373475069180e-01 -2.459804687500000000e+02
-1.663283145935565699e-01 -2.460976562500000000e+02
-1.627903351873101201e-01 -2.592265625000000000e+02
-1.593867283991130535e-01 -2.441679687500000000e+02
-1.558662784555053804e-01 -2.598476562500000000e+02
-1.522460551750555169e-01 -2.314804687500000000e+02
-1.488450568795087747e-01 -2.619453125000000000e+02
-1.453385490312939510e-01 -2.419765625000000000e+02
-1.419466090592322871e-01 -2.626562500000000000e+02
-1.384404517084476538e-01 -2.449492187500000000e+02
-1.348253602700424381e-01 -2.525742187500000000e+02
-1.312358615396078676e-01 -2.378789062500000000e+02
-1.278285926528042182e-01 -2.604375000000000000e+02
-1.243129841641348321e-01 -2.470664062500000000e+02
-1.210062229329196271e-01 -2.543359375000000000e+02
-1.172547942333039828e-01 -2.597656250000000000e+02
-1.137291614431887865e-01 -2.537500000000000000e+02
-1.103463910512800794e-01 -2.460585937500000000e+02
-1.067884266485634726e-01 -2.648164062500000000e+02
-1.034453370812116191e-01 -2.539765625000000000e+02
-9.972573784034466371e-02 -2.523281250000000000e+02
-9.624489768611965701e-02 -2.564648437500000000e+02
-9.291249113448429853e-02 -2.599492187500000000e+02
-8.946676116102025844e-02 -2.450234375000000000e+02
-8.580742456251755357e-02 -2.483906250000000000e+02
-8.232008350751129910e-02 -2.638671875000000000e+02
-7.862270559417083859e-02 -2.587421875000000000e+02
-7.536300902575021610e-02 -2.478085937500000000e+02
-7.190871900820638984e-02 -2.617421875000000000e+02
-6.854727143218042329e-02 -2.529687500000000000e+02
-6.482898626563837752e-02 -2.518632812500000000e+02
-6.119027739987359382e-02 -2.643242187500000000e+02
-5.775031127268448472e-02 -2.554492187500000000e+02
-5.441752179467584938e-02 -2.553398437500000000e+02
-5.094229699170682579e-02 -2.553281250000000000e+02
-4.738533405179623514e-02 -2.525625000000000000e+02
-4.380246195432846434e-02 -2.538320312500000000e+02
-4.030372550187166780e-02 -2.675234375000000000e+02
-3.694633221311960369e-02 -2.529453125000000000e+02
-3.348821189138107002e-02 -2.665937500000000000e+02
-2.964854829770047218e-02 -2.563281250000000000e+02
-2.633957698708400130e-02 -2.611875000000000000e+02
-2.290308804003871046e-02 -2.527539062500000000e+02
-1.957164845953229815e-02 -2.679218750000000000e+02
-1.600528333074180409e-02 -2.579531250000000000e+02
-1.223957389447605237e-02 -2.618437500000000000e+02
-8.713995361176785082e-03 -2.578359375000000000e+02
-5.269334364129463211e-03 -2.560078125000000000e+02
-1.858354371506720781e-03 -2.580156250000000000e+02
1.586179278092458844e-03 -2.559765625000000000e+02
5.346653397282352671e-03 -2.656054687500000000e+02
8.888001699233427644e-03 -2.658828125000000000e+02
1.234665472293272614e-02 -2.501992187500000000e+02
1.581819336934131570e-02 -2.704062500000000000e+02
1.913817509557702579e-02 -2.629765625000000000e+02
2.279685680696275085e-02 -2.485312500000000000e+02
2.633007438635104336e-02 -2.645234375000000000e+02
2.969421367743052542e-02 -2.577265625000000000e+02
3.318530970864230767e-02 -2.567656250000000000e+02
3.680015260761138052e-02 -2.614843750000000000e+02
4.025324773829197511e-02 -2.624570312500000000e+02
4.387165984371677041e-02 -2.549453125000000000e+02
4.723907159495865926e-02 -2.544882812500000000e+02
5.068355451658135280e-02 -2.629062500000000000e+02
5.409657446580240503e-02 -2.651796875000000000e+02
5.786046160574187525e-02 -2.538867187500000000e+02
6.132144553703255951e-02 -2.636484375000000000e+02
6.482820541714318097e-02 -2.522890625000000000e+02
6.822712350549409166e-02 -2.498359375000000000e+02
7.162973583763232455e-02 -2.586093750000000000e+02
7.526647450504242443e-02 -2.599921875000000000e+02
7.885173163231229410e-02 -2.532578125000000000e+02
8.231046353466808796e-02 -2.608437500000000000e+02
8.564448265678947791e-02 -2.536640625000000000e+02
8.919884472197736613e-02 -2.519335937500000000e+02
9.293226679073995911e-02 -2.514609375000000000e+02
9.628429061922361143e-02 -2.661328125000000000e+02
9.976623154216213152e-02 -2.574453125000000000e+02
1.031199655917589553e-01 -2.619843750000000000e+02
1.065359644999261945e-01 -2.578906250000000000e+02
1.103604429736151360e-01 -2.442617187500000000e+02
1.138662412631674670e-01 -2.551484375000000000e+02
1.173318160981580149e-01 -2.638398437500000000e+02
1.207427272893255576e-01 -2.572500000000000000e+02
1.241126255335984752e-01 -2.551406250000000000e+02
1.276339942378399428e-01 -2.552617187500000000e+02
1.313424568106711376e-01 -2.540937500000000000e+02
1.347745211387518793e-01 -2.397343750000000000e+02
1.380180954292882234e-01 -2.635507812500000000e+02
1.415358877566177398e-01 -2.594375000000000000e+02
1.453922544897068292e-01 -2.410468750000000000e+02
1.489337648708897177e-01 -2.578085937500000000e+02
1.522628248931141570e-01 -2.471406250000000000e+02
1.556223038060124964e-01 -2.428593750000000000e+02
1.592406591626058798e-01 -2.548085937500000000e+02
1.627278121959534474e-01 -2.550859375000000000e+02
1.663926087931031361e-01 -2.446914062500000000e+02
1.697615868906723335e-01 -2.350937500000000000e+02
1.730903924471931532e-01 -2.440078125000000000e+02
1.765423591787111945e-01 -2.497421875000000000e+02
1.802949517586966977e-01 -2.387031250000000000e+02
1.838532583569758572e-01 -2.537031250000000000e+02
1.874092190992087126e-01 -2.455156250000000000e+02
1.906647496070945635e-01 -2.352421875000000000e+02
1.940846404722833540e-01 -2.400429687500000000e+02
1.976986314548412338e-01 -2.542187500000000000e+02
2.013545421650633216e-01 -2.448359375000000000e+02
2.047918467396812048e-01 -2.446367187500000000e+02
2.081250515184365213e-01 -2.456367187500000000e+02
2.115633380381041206e-01 -2.390312500000000000e+02
2.151882903053774498e-01 -2.431562500000000000e+02
2.188235420107957907e-01 -2.530078125000000000e+02
2.223007569700712338e-01 -2.369843750000000000e+02
2.256191061605932191e-01 -2.486562500000000000e+02
2.291184620407875627e-01 -2.379609375000000000e+02
2.327353091568511445e-01 -2.352617187500000000e+02
2.363896522438153625e-01 -2.334062500000000000e+02
2.398480448973714374e-01 -2.415625000000000000e+02
2.431127470554201864e-01 -2.381250000000000000e+02
2.465849917789455503e-01 -2.374882812500000000e+02
2.502135970717063174e-01 -2.295234375000000000e+02
2.538808642966614570e-01 -2.364882812500000000e+02
2.571966431642067619e-01 -2.237031250000000000e+02
2.607159089566266630e-01 -2.454101562500000000e+02
2.640832272154511884e-01 -2.400781250000000000e+02
2.678454648630577140e-01 -2.213867187500000000e+02
2.713651690064580180e-01 -2.423750000000000000e+02
2.749013488719356246e-01 -2.316015625000000000e+02
2.781740939644805621e-01 -2.248085937500000000e+02
2.817552345586591400e-01 -2.356562500000000000e+02
2.852299811929697171e-01 -2.313593750000000000e+02
2.889969365205615759e-01 -2.317695312500000000e+02
2.921550540777388960e-01 -2.284453125000000000e+02
2.956976364948786795e-01 -2.310937500000000000e+02
2.990083021868485957e-01 -2.306757812500000000e+02
3.028232561118784361e-01 -2.304687500000000000e+02
3.063747998676262796e-01 -2.375195312500000000e+02
3.098121842413092963e-01 -2.271562500000000000e+02
3.131512293330160901e-01 -2.253671875000000000e+02
3.166608489336795174e-01 -2.283906250000000000e+02
3.202134132006904110e-01 -2.299062500000000000e+02
3.239448240201454610e-01 -2.251093750000000000e+02
3.272601473945542239e-01 -2.317968750000000000e+02
3.307241190923377872e-01 -2.302851562500000000e+02
3.341396564865135588e-01 -2.147187500000000000e+02
3.376808197972422931e-01 -2.213281250000000000e+02
3.413578509062062949e-01 -2.324570312500000000e+02
3.447226591451908462e-01 -2.199140625000000000e+02
3.481452958985755686e-01 -2.302187500000000000e+02
3.516715992118406575e-01 -2.165273437500000000e+02
3.553251908815582283e-01 -2.159726562500000000e+02
3.589488141515175812e-01 -2.182031250000000000e+02
3.624325130986107979e-01 -2.221093750000000000e+02
3.656643871654523537e-01 -2.255156250000000000e+02
3.690224660713283811e-01 -2.265976562500000000e+02
3.725923650999902748e-01 -2.112031250000000000e+02
3.763962637603981420e-01 -2.204375000000000000e+02
3.797771957688382827e-01 -2.082304687500000000e+02
3.831440844514872879e-01 -2.155898437500000000e+02
3.866293752726051025e-01 -2.221015625000000000e+02
3.902162276135641150e-01 -2.134609375000000000e+02
3.937856037155142985e-01 -2.210937500000000000e+02
3.974667090660659596e-01 -2.120156250000000000e+02
4.006776556452678051e-01 -2.019062500000000000e+02
4.042653142678318545e-01 -2.173671875000000000e+02
4.077492292271926999e-01 -2.152500000000000000e+02
4.113709816738264635e-01 -2.045156250000000000e+02
4.147064764692913741e-01 -2.093828125000000000e+02
4.182232033272157423e-01 -2.094765625000000000e+02
4.214854436286259443e-01 -2.103437500000000000e+02
4.252653826624737121e-01 -2.095000000000000000e+02
4.288686431536916643e-01 -2.117031250000000000e+02
4.323200139515392948e-01 -2.049804687500000000e+02
4.356525611365213990e-01 -2.102890625000000000e+02
4.392449738843424711e-01 -2.029921875000000000e+02
4.427275616035331041e-01 -2.070000000000000000e+02
4.465201101265847683e-01 -2.073828125000000000e+02
4.497584776181611232e-01 -2.094765625000000000e+02
4.531530919666693080e-01 -2.060039062500000000e+02
4.564853151969145983e-01 -2.011953125000000000e+02
4.602093906178197358e-01 -1.970664062500000000e+02
4.637624746283108834e-01 -2.073125000000000000e+02
4.672998767600802239e-01 -1.981093750000000000e+02
4.706490222233696841e-01 -2.069687500000000000e+02
4.741564843498053961e-01 -1.989531250000000000e+02
4.777633633348159492e-01 -1.996718750000000000e+02
4.813545624128892086e-01 -1.952968750000000000e+02
4.848924595971766394e-01 -2.091640625000000000e+02
4.882198991472250782e-01 -1.901484375000000000e+02
4.916223815416742582e-01 -2.003398437500000000e+02
4.951930930328671820e-01 -1.926562500000000000e+02
4.988104124131496064e-01 -1.936093750000000000e+02
5.022384568728739396e-01 -1.862109375000000000e+02
5.056907722064352129e-01 -1.966640625000000000e+02
5.089837710838764906e-01 -2.000859375000000000e+02
5.127468358841724694e-01 -1.887421875000000000e+02
5.163682985221385024e-01 -1.933593750000000000e+02
5.199398385011591017e-01 -1.925546875000000000e+02
5.231474302127026021e-01 -1.799765625000000000e+02
5.267177616551634856e-01 -1.978320312500000000e+02
5.302250223103328608e-01 -1.997500000000000000e+02
5.338624040959984995e-01 -1.870664062500000000e+02
5.372463778039673343e-01 -1.888125000000000000e+02
5.406608464800228830e-01 -1.902421875000000000e+02
5.440055145008955151e-01 -1.870546875000000000e+02
5.477896418015006930e-01 -1.925898437500000000e+02
5.512290170372580178e-01 -2.044843750000000000e+02
5.548833329958142713e-01 -1.877578125000000000e+02
5.582313943232293241e-01 -1.895390625000000000e+02
5.616688372319913469e-01 -1.824843750000000000e+02
5.652424479303590488e-01 -1.888632812500000000e+02
5.689248650669469498e-01 -1.906640625000000000e+02
5.723302830665488727e-01 -1.891640625000000000e+02
5.757064384015393443e-01 -1.813750000000000000e+02
5.789820317913836334e-01 -1.830742187500000000e+02
5.825898944167420268e-01 -1.766914062500000000e+02
5.862422108257305808e-01 -1.877148437500000000e+02
5.897205871115147602e-01 -1.865781250000000000e+02
5.931997958105057478e-01 -1.841562500000000000e+02
5.966255990788340569e-01 -1.797343750000000000e+02
6.001747782647726126e-01 -1.818671875000000000e+02
6.038030587333196308e-01 -1.730820312500000000e+02
6.073727670082007535e-01 -1.862031250000000000e+02
6.106766427583352197e-01 -1.694453125000000000e+02
6.141267537750536576e-01 -1.886054687500000000e+02
6.175371517674648203e-01 -1.811171875000000000e+02
6.213719975057756528e-01 -1.756484375000000000e+02
6.247804531885776669e-01 -1.741757812500000000e+02
6.282346035404771101e-01 -1.737148437500000000e+02
6.317061006848234683e-01 -1.851718750000000000e+02
6.351407076363102533e-01 -1.766875000000000000e+02
6.387891969206975773e-01 -1.796562500000000000e+02
6.424677636423439253e-01 -1.724101562500000000e+02
6.457001603193930350e-01 -1.624140625000000000e+02
6.492733608756680042e-01 -1.748750000000000000e+02
6.525837575682089664e-01 -1.766875000000000000e+02
6.562179904431104660e-01 -1.638984375000000000e+02
6.597826584875292610e-01 -1.747968750000000000e+02
6.631914167119248305e-01 -1.744023437500000000e+02
6.666010690532857552e-01 -1.667421875000000000e+02
6.702995731029659510e-01 -1.681875000000000000e+02
6.738228923968563322e-01 -1.737968750000000000e+02
6.773131782974814996e-01 -1.618046875000000000e+02
6.807630670082289726e-01 -1.683593750000000000e+02
6.841635241726180539e-01 -1.657343750000000000e+02
6.875919619051273912e-01 -1.710859375000000000e+02
6.913013652119843755e-01 -1.684335937500000000e+02
6.948276399925816804e-01 -1.720664062500000000e+02
6.982931072197970934e-01 -1.629921875000000000e+02
7.016277792099572252e-01 -1.581406250000000000e+02
7.051008502821787260e-01 -1.617421875000000000e+02
7.087058412871556357e-01 -1.666640625000000000e+02
7.123205154603056144e-01 -1.559804687500000000e+02
7.157752148777944967e-01 -1.682382812500000000e+02
7.191325406747637317e-01 -1.554218750000000000e+02
7.226397589765838347e-01 -1.481562500000000000e+02
7.263847308749973308e-01 -1.480664062500000000e+02
7.297450401238165796e-01 -1.688125000000000000e+02
7.332101612810220104e-01 -1.580742187500000000e+02
7.366756630435702391e-01 -1.632578125000000000e+02
7.399940288705693092e-01 -1.607773437500000000e+02
7.438591636819182895e-01 -1.435625000000000000e+02
7.473559940808627289e-01 -1.504335937500000000e+02
7.507077748596202582e-01 -1.609843750000000000e+02
7.541717906424310058e-01 -1.594843750000000000e+02
7.575866158404096495e-01 -1.531289062500000000e+02
7.612773487162485253e-01 -1.522382812500000000e+02
7.649453156045638025e-01 -1.518007812500000000e+02
7.681551564492110629e-01 -1.366875000000000000e+02
7.717382928603910841e-01 -1.538203125000000000e+02
7.749739131868409459e-01 -1.576562500000000000e+02
7.787291168679075781e-01 -1.388945312500000000e+02
7.823970936951809563e-01 -1.532187500000000000e+02
7.857591598367434926e-01 -1.464218750000000000e+02
7.890962780875270255e-01 -1.371953125000000000e+02
7.928427647566422820e-01 -1.369140625000000000e+02
7.962665043487504590e-01 -1.513554687500000000e+02
7.998887192879919894e-01 -1.392382812500000000e+02
8.032865222157852259e-01 -1.283632812500000000e+02
8.066579984479176346e-01 -1.360351562500000000e+02
8.101013001287356019e-01 -1.339414062500000000e+02
8.138536714104702696e-01 -1.308398437500000000e+02
8.173266411686199717e-01 -1.467812500000000000e+02
8.207670576230157167e-01 -1.401015625000000000e+02
8.241728852080996148e-01 -1.294375000000000000e+02
8.275404406376765110e-01 -1.395078125000000000e+02
8.312974797954666428e-01 -1.301640625000000000e+02
8.348338035611959640e-01 -1.287656250000000000e+02
8.382192819663032424e-01 -1.263515625000000000e+02
8.416623060984420590e-01 -1.290859375000000000e+02
8.450541753190918826e-01 -1.132265625000000000e+02
8.487742118159076199e-01 -1.340000000000000000e+02
8.523305393391638063e-01 -1.238281250000000000e+02
8.557432358866208233e-01 -1.201796875000000000e+02
8.590288562045316212e-01 -1.309218750000000000e+02
8.625645480497041717e-01 -1.244843750000000000e+02
8.663075354779721238e-01 -1.145000000000000000e+02
8.698197160701965913e-01 -1.156250000000000000e+02
8.732718689861940220e-01 -1.218476562500000000e+02
8.765596512239426374e-01 -1.193007812500000000e+02
8.800659331609494984e-01 -1.126562500000000000e+02
8.837126719809020869e-01 -1.140820312500000000e+02
8.873612554707506206e-01 -1.196250000000000000e+02
8.906247381346474867e-01 -1.013828125000000000e+02
8.940506347535119858e-01 -1.184023437500000000e+02
8.975671210464497562e-01 -1.161132812500000000e+02
9.013331334172107745e-01 -1.128867187500000000e+02
9.048978407590766437e-01 -1.033867187500000000e+02
9.083228150157083292e-01 -1.088203125000000000e+02
9.116506634891266003e-01 -1.002734375000000000e+02
9.151760133572679479e-01 -1.012187500000000000e+02
9.187402575043961406e-01 -1.126953125000000000e+02
9.223839210608275607e-01 -1.052304687500000000e+02
9.258004297153092921e-01 -9.104687500000000000e+01
9.291761978711292613e-01 -1.052578125000000000e+02
9.326005738439562265e-01 -9.456640625000000000e+01
9.363132275830139406e-01 -9.284375000000000000e+01
9.398353571159532294e-01 -1.043632812500000000e+02
9.433379202600917779e-01 -9.503906250000000000e+01
9.466361998638603836e-01 -9.827343750000000000e+01
9.501196713390527293e-01 -9.546875000000000000e+01
9.538875686848768964e-01 -1.042968750000000000e+02
9.573905154356907587e-01 -7.725390625000000000e+01
9.607277117393095978e-01 -9.010156250000000000e+01
9.641901580471312627e-01 -8.384375000000000000e+01
9.675772971968399361e-01 -9.153125000000000000e+01
9.711085552989970893e-01 -8.288281250000000000e+01
9.748924437226378359e-01 -9.585156250000000000e+01
9.782237697327218484e-01 -7.187890625000000000e+01
9.815553202206501737e-01 -9.490625000000000000e+01
9.851389965479029343e-01 -8.121875000000000000e+01
9.887778475094819441e-01 -7.385156250000000000e+01
9.923099129700858612e-01 -7.304296875000000000e+01
9.958507370356528554e-01 -7.667187500000000000e+01
9.991276302826008759e-01 -7.300781250000000000e+01
1.002455545221891953e+00 -7.387890625000000000e+01
1.006240818365768064e+00 -5.881640625000000000e+01
1.009964984354155604e+00 -7.217578125000000000e+01
1.013228901483671507e+00 -4.467968750000000000e+01
1.016616398395854048e+00 -5.547656250000000000e+01
1.020097501703276066e+00 -6.772265625000000000e+01
1.023651205843634671e+00 -5.355468750000000000e+01
1.027416716358857229e+00 -5.923437500000000000e+01
1.030889151465089526e+00 -4.907421875000000000e+01
1.034233240883622784e+00 -4.014062500000000000e+01
1.037753870568849379e+00 -4.896093750000000000e+01
1.041291396115411771e+00 -5.431640625000000000e+01
1.044867267210065620e+00 -3.765625000000000000e+01
1.048280444796546362e+00 -3.610156250000000000e+01
1.051583050633780658e+00 -2.952343750000000000e+01
1.055223860152182169e+00 -4.790625000000000000e+01
1.058770492898474913e+00 -2.661718750000000000e+01
1.062392414281930542e+00 -4.906640625000000000e+01
1.065754955787269864e+00 -2.686718750000000000e+01
1.069194523399346508e+00 -2.774218750000000000e+01
1.072641242986719590e+00 -2.070312500000000000e+00
1.076467439255793579e+00 -3.258593750000000000e+01
1.079948678408982232e+00 -1.496875000000000000e+01
1.083274126242031343e+00 -1.632812500000000000e+01
1.086693775301682763e+00 -2.067578125000000000e+01
1.089995086629642174e+00 -1.752734375000000000e+01
1.093641318104346283e+00 -1.389062500000000000e+01
1.097392924522864632e+00 -1.476953125000000000e+01
1.100720660455408506e+00 1.003906250000000000e+01
1.104047107364749536e+00 -4.820312500000000000e+00
1.107586014873959357e+00 -3.046875000000000000e-01
1.111327271551999729e+00 -6.898437500000000000e+00
1.114764365003793500e+00 1.679687500000000000e+01
1.118267455043678638e+00 1.093750000000000000e-01
1.121733235086139757e+00 1.853906250000000000e+01
1.124991548458638135e+00 8.843750000000000000e+00
1.128663543735456187e+00 1.895312500000000000e+01
1.132319675863982411e+00 1.038281250000000000e+01
1.135675957419152837e+00 2.970312500000000000e+01
1.139202368111000396e+00 1.365234375000000000e+01
1.142613311611057725e+00 3.352343750000000000e+01
1.146183156801271252e+00 4.441406250000000000e+01
1.149840600737661589e+00 3.178125000000000000e+01
1.153252600466657896e+00 2.099609375000000000e+01
1.156809804204385728e+00 6.307812500000000000e+01
1.160160860621544998e+00 5.467187500000000000e+01
1.163694683491485193e+00 5.303906250000000000e+01
1.167366211102489615e+00 5.960937500000000000e+01
1.170756822226394434e+00 4.933593750000000000e+01
1.174053494793042773e+00 4.790625000000000000e+01
1.177563793411536608e+00 6.016406250000000000e+01
1.181149280011595692e+00 7.145703125000000000e+01
1.184886885184823768e+00 6.615234375000000000e+01
1.188317516487586545e+00 7.125781250000000000e+01
1.191728074649290647e+00 6.633593750000000000e+01
1.195007045054808259e+00 6.773437500000000000e+01
1.198857030962244608e+00 5.139062500000000000e+01
1.202291205918299966e+00 9.990625000000000000e+01
1.205798586081073154e+00 8.482812500000000000e+01
1.209221657387388404e+00 9.517968750000000000e+01
1.212591202274779789e+00 7.167187500000000000e+01
1.216035561305034207e+00 9.406640625000000000e+01
1.219947363992105238e+00 8.820312500000000000e+01
1.223245741788559826e+00 1.039726562500000000e+02
1.226648366879089735e+00 1.082148437500000000e+02
1.230141414402169175e+00 1.066093750000000000e+02
1.233796581669594161e+00 8.669531250000000000e+01
1.237263143593736459e+00 1.287031250000000000e+02
1.240856932869064622e+00 9.803906250000000000e+01
1.244255958521534922e+00 1.416523437500000000e+02
1.247596317589341197e+00 1.151328125000000000e+02
1.251134553145675454e+00 1.046484375000000000e+02
1.254781564668519422e+00 1.244531250000000000e+02
1.258235469897044823e+00 1.342617187500000000e+02
1.261655503745714668e+00 1.372773437500000000e+02
1.265175269389146706e+00 1.518750000000000000e+02
1.268559382733656093e+00 1.698125000000000000e+02
1.272229103084100643e+00 1.490820312500000000e+02
1.275820989700150676e+00 1.279375000000000000e+02
1.279200771936302772e+00 1.612031250000000000e+02
1.282736654633481521e+00 1.540625000000000000e+02
1.286137318333203439e+00 1.611796875000000000e+02
1.289753720782755408e+00 1.664257812500000000e+02
1.293305627317749895e+00 1.601953125000000000e+02
1.296617124469776172e+00 1.671328125000000000e+02
1.300161778133769985e+00 1.952500000000000000e+02
1.303745406105008442e+00 1.731328125000000000e+02
1.307357176272489596e+00 1.939414062500000000e+02
1.310781947075156495e+00 1.822187500000000000e+02
1.314303227929485729e+00 1.632656250000000000e+02
1.317569331251434051e+00 2.075156250000000000e+02
1.321355906693497673e+00 1.784375000000000000e+02
1.324793644835153827e+00 2.162031250000000000e+02
1.328359749804803869e+00 2.037070312500000000e+02
1.331795086531201378e+00 2.225781250000000000e+02
1.335156284014374251e+00 1.829492187500000000e+02
1.338543442405352835e+00 2.396328125000000000e+02
1.342319566556398058e+00 2.130742187500000000e+02
1.345728318810870405e+00 2.486640625000000000e+02
1.349234744149725884e+00 2.218945312500000000e+02
1.352655504335416481e+00 2.328828125000000000e+02
1.356197645211068448e+00 2.524531250000000000e+02
1.359790082678955514e+00 2.359531250000000000e+02
1.363388670884887688e+00 2.123906250000000000e+02
1.366726844527875073e+00 2.612656250000000000e+02
1.370044230083294678e+00 2.499218750000000000e+02
1.373547958079143427e+00 2.599257812500000000e+02
1.377354131080210209e+00 2.779257812500000000e+02
1.380686927266651765e+00 2.708984375000000000e+02
1.384130891652603168e+00 2.631210937500000000e+02
1.387636142382689286e+00 2.647500000000000000e+02
1.391150013601873070e+00 2.643125000000000000e+02
1.394718878163985210e+00 2.834492187500000000e+02
1.398368586342257913e+00 2.581875000000000000e+02
1.401664687942684395e+00 2.987460937500000000e+02
1.405150950260576792e+00 3.041328125000000000e+02
1.408604834556172136e+00 2.796093750000000000e+02
1.412209212696325267e+00 2.974960937500000000e+02
1.415869160598958842e+00 2.787968750000000000e+02
1.419191953806148376e+00 2.835859375000000000e+02
1.422634619440941606e+00 2.746562500000000000e+02
1.426259058469440788e+00 3.200468750000000000e+02
1.429753828619141132e+00 3.226875000000000000e+02
1.433294834430853371e+00 3.300937500000000000e+02
1.436703708015556913e+00 3.244921875000000000e+02
1.440032505255658180e+00 3.316015625000000000e+02
1.443858268467010930e+00 3.295234375000000000e+02
1.447343700358032947e+00 3.506562500000000000e+02
1.450783041727845557e+00 3.423984375000000000e+02
1.454364407669345383e+00 3.496093750000000000e+02
1.457555170829436975e+00 3.173281250000000000e+02
1.460983124772610608e+00 3.658750000000000000e+02
1.464915722062869463e+00 3.211953125000000000e+02
1.468311467186140362e+00 3.697773437500000000e+02
1.471765932226844598e+00 3.711367187500000000e+02
1.475205557842855342e+00 3.296992187500000000e+02
1.478670976328430697e+00 3.453359375000000000e+02
1.482213491268339567e+00 3.772187500000000000e+02
1.485768867765727919e+00 3.488906250000000000e+02
1.489158062904607505e+00 3.855742187500000000e+02
1.492536886915331706e+00 3.608359375000000000e+02
1.496029063768219203e+00 3.866875000000000000e+02
1.499748075046227314e+00 3.507812500000000000e+02
1.503207886667951243e+00 3.973671875000000000e+02
1.506712485301250126e+00 3.824453125000000000e+02
1.510043950216640951e+00 4.052929687500000000e+02
1.513401462645560969e+00 3.926015625000000000e+02
1.517158382986963261e+00 3.993437500000000000e+02
1.520857597228314262e+00 3.801640625000000000e+02
1.524092400388326496e+00 4.153750000000000000e+02
1.527483586589369224e+00 4.205585937500000000e+02
1.531019468187878374e+00 4.193437500000000000e+02
1.534638390672625974e+00 4.033359375000000000e+02
1.538247665055678226e+00 3.750078125000000000e+02
1.541751938893867191e+00 4.140312500000000000e+02
1.545135065243812278e+00 4.298437500000000000e+02
1.548604196032101754e+00 4.319218750000000000e+02
1.552333111278130673e+00 4.386054687500000000e+02
1.555893604083394166e+00 4.233789062500000000e+02
1.559295771243341733e+00 4.571171875000000000e+02
1.562517105630831793e+00 4.378046875000000000e+02
1.566145381977548823e+00 4.114453125000000000e+02
1.569643256065319292e+00 4.508046875000000000e+02
1.573321157517057145e+00 4.437304687500000000e+02
1.576823001170851057e+00 4.490820312500000000e+02
1.580146935939410469e+00 4.514765625000000000e+02
1.583586813998408616e+00 4.652500000000000000e+02
1.587382975696527865e+00 4.422070312500000000e+02
1.590857347036944702e+00 4.700156250000000000e+02
1.594194999590399675e+00 4.718515625000000000e+02
1.597580874527920969e+00 4.566796875000000000e+02
1.601072467048652470e+00 4.688632812500000000e+02
1.604596408851648448e+00 4.588359375000000000e+02
1.608368850131228101e+00 4.443359375000000000e+02
1.611760272920946591e+00 4.943750000000000000e+02
1.615033789268636610e+00 4.676484375000000000e+02
1.618617643267498352e+00 4.584023437500000000e+02
1.622308884983794997e+00 4.723476562500000000e+02
1.625805371873866534e+00 4.892500000000000000e+02
1.629300355882151052e+00 4.735781250000000000e+02
1.632596239345730282e+00 5.044687500000000000e+02
1.635998458354151808e+00 4.883515625000000000e+02
1.639710658597323345e+00 4.834179687500000000e+02
1.643397929226921406e+00 4.831250000000000000e+02
1.646658231755282031e+00 4.951015625000000000e+02
1.650050102281966247e+00 4.922773437500000000e+02
1.653539574654132593e+00 5.091640625000000000e+02
1.657071854919195175e+00 4.997890625000000000e+02
1.660789863373793196e+00 5.003281250000000000e+02
1.664327478269115090e+00 5.034296875000000000e+02
1.667717642834759317e+00 5.094140625000000000e+02
1.671157494078215677e+00 5.080390625000000000e+02
1.674815399484941736e+00 5.291953125000000000e+02
1.678312254640331957e+00 5.018593750000000000e+02
1.681640047183464048e+00 5.332460937500000000e+02
1.685072708740335656e+00 5.156875000000000000e+02
1.688717365737829823e+00 5.026210937500000000e+02
1.692119646289938828e+00 5.294062500000000000e+02
1.695920417834713589e+00 5.315781250000000000e+02
1.699399613378773211e+00 5.199687500000000000e+02
1.702611823635379551e+00 5.171210937500000000e+02
1.706086180922284257e+00 5.354687500000000000e+02
1.709923824349971255e+00 4.927421875000000000e+02
1.713464039217797108e+00 5.564531250000000000e+02
1.716801532340468839e+00 5.407265625000000000e+02
1.720164058155205566e+00 5.314375000000000000e+02
1.723638019841018831e+00 5.386250000000000000e+02
1.727107584294572007e+00 5.307812500000000000e+02
1.730810523320542416e+00 5.379960937500000000e+02
1.734212306910194457e+00 5.654062500000000000e+02
1.737629168615967501e+00 5.152421875000000000e+02
1.741178191139624687e+00 5.523828125000000000e+02
1.744755146406532731e+00 5.550429687500000000e+02
1.748174335240037180e+00 5.434531250000000000e+02
1.751702651301457081e+00 5.511171875000000000e+02
1.755196107886149548e+00 5.791250000000000000e+02
1.758518622009432875e+00 5.359687500000000000e+02
1.762218631301948335e+00 5.619218750000000000e+02
1.765821328495803755e+00 5.526718750000000000e+02
1.769171979445673060e+00 5.490195312500000000e+02
1.772585380556847667e+00 5.581601562500000000e+02
1.776143259652599227e+00 5.671250000000000000e+02
1.779614219489303650e+00 5.503125000000000000e+02
1.783284759134403430e+00 5.776132812500000000e+02
1.786700910975923762e+00 5.637109375000000000e+02
1.790137716459867079e+00 5.693281250000000000e+02
1.793695405096514151e+00 5.833593750000000000e+02
1.797237469938409049e+00 5.673085937500000000e+02
1.800900900860142428e+00 5.726015625000000000e+02
1.804238213415374048e+00 5.746484375000000000e+02
1.807522407714714063e+00 5.633476562500000000e+02
1.811226463003549725e+00 5.711093750000000000e+02
1.814610597444698215e+00 5.881875000000000000e+02
1.818294757489638869e+00 5.751406250000000000e+02
1.821784293919336051e+00 5.658671875000000000e+02
1.825168881001445698e+00 5.748515625000000000e+02
1.828533069565310143e+00 5.801875000000000000e+02
1.832401120034774067e+00 5.708515625000000000e+02
1.835935477669409011e+00 5.938867187500000000e+02
1.839362681050261017e+00 5.667851562500000000e+02
1.842695135870599188e+00 5.702109375000000000e+02
1.846040364554937696e+00 5.806796875000000000e+02
1.849672343334532343e+00 5.804375000000000000e+02
1.853407507103838725e+00 5.855117187500000000e+02
1.856724714969459455e+00 5.896328125000000000e+02
1.860192747481050901e+00 5.815078125000000000e+02
1.863650387971574673e+00 5.876445312500000000e+02
1.867266786408436019e+00 5.845546875000000000e+02
1.870742808197974227e+00 5.899296875000000000e+02
1.874258023934089579e+00 5.787187500000000000e+02
1.877764097243925789e+00 6.031875000000000000e+02
1.881114731862908229e+00 5.753125000000000000e+02
1.884654686371504795e+00 5.921328125000000000e+02
1.888351854766369797e+00 5.971640625000000000e+02
1.891685928167134989e+00 5.859062500000000000e+02
1.895027165166538907e+00 5.836328125000000000e+02
1.898614993802766548e+00 5.913125000000000000e+02
1.902109624323202297e+00 5.930703125000000000e+02
1.905799798383668531e+00 6.011171875000000000e+02
1.909206435670057544e+00 5.967382812500000000e+02
1.912519872057600878e+00 6.043593750000000000e+02
1.916125897838355741e+00 5.935039062500000000e+02
1.919596755011298228e+00 5.880078125000000000e+02
1.923326656346034724e+00 5.929687500000000000e+02
1.926724629589443794e+00 5.918867187500000000e+02
1.930081212063669227e+00 6.021328125000000000e+02
1.933621567935915664e+00 6.009296875000000000e+02
1.937206631046137773e+00 5.889843750000000000e+02
1.940654958612867631e+00 5.906250000000000000e+02
1.944273716220777715e+00 5.939296875000000000e+02
1.947584625413583126e+00 5.943828125000000000e+02
1.951011445642507169e+00 6.057109375000000000e+02
1.954793291832174873e+00 5.859335937500000000e+02
1.958343906706431881e+00 5.937812500000000000e+02
1.961837251132237725e+00 5.854140625000000000e+02
1.965227447893994395e+00 6.075234375000000000e+02
1.968600663778488524e+00 5.904140625000000000e+02
1.972126424763700925e+00 6.100585937500000000e+02
1.975789571602945216e+00 5.939531250000000000e+02
1.979284015789744444e+00 6.065429687500000000e+02
1.982773542236827780e+00 5.879609375000000000e+02
1.986129358680045698e+00 6.010000000000000000e+02
1.989757382056268398e+00 5.978320312500000000e+02
1.993290102866012603e+00 6.154453125000000000e+02
1.996769605990266427e+00 5.935312500000000000e+02
2.000176115194335580e+00 6.065312500000000000e+02
2.003674815809063148e+00 5.846015625000000000e+02
2.007108669182343874e+00 6.003046875000000000e+02
2.010792931050673360e+00 6.036523437500000000e+02
2.014289285049017053e+00 6.075664062500000000e+02
2.017571896125446074e+00 5.974531250000000000e+02
2.021083600629935972e+00 6.001640625000000000e+02
2.024637814109155443e+00 5.944101562500000000e+02
2.028208343843289185e+00 5.942500000000000000e+02
2.031805632155737840e+00 6.046835937500000000e+02
2.035123063920764253e+00 6.134765625000000000e+02
2.038705199593096040e+00 6.008750000000000000e+02
2.042073471660842188e+00 5.926171875000000000e+02
2.045640496351552429e+00 6.003710937500000000e+02
2.049310895010421518e+00 5.941562500000000000e+02
2.052705749974848004e+00 6.084414062500000000e+02
2.056159228322940180e+00 6.072851562500000000e+02
2.059673790638044011e+00 5.991601562500000000e+02
2.063223757100786315e+00 5.906406250000000000e+02
2.066758960922015831e+00 5.938515625000000000e+02
2.070159853181394283e+00 5.937226562500000000e+02
2.073578256917244289e+00 6.119140625000000000e+02
2.077240455539140385e+00 5.934531250000000000e+02
2.080791070366103668e+00 5.922460937500000000e+02
2.084329164572409354e+00 5.803828125000000000e+02
2.087794499988376629e+00 5.971718750000000000e+02
2.091115852286748122e+00 5.910390625000000000e+02
2.094603565088618780e+00 5.994960937500000000e+02
2.098346953440341167e+00 5.835468750000000000e+02
2.101838089933153242e+00 5.892578125000000000e+02
2.105263377932715230e+00 5.854375000000000000e+02
2.108684976286895107e+00 5.929296875000000000e+02
2.112102665290876757e+00 5.908203125000000000e+02
2.115667596757702995e+00 5.910312500000000000e+02
2.119216955288720783e+00 5.865742187500000000e+02
2.122671426484885160e+00 5.936250000000000000e+02
2.126054719534295145e+00 5.751328125000000000e+02
2.129518337977060582e+00 5.841953125000000000e+02
2.133320442393596750e+00 5.931328125000000000e+02
2.136773392758186674e+00 5.790898437500000000e+02
2.140157504676608369e+00 5.922421875000000000e+02
2.143616801557072904e+00 5.860664062500000000e+02
2.146961075974104460e+00 5.766718750000000000e+02
2.150716050338814966e+00 5.624375000000000000e+02
2.154313900689885486e+00 5.930625000000000000e+02
2.157631783120450564e+00 5.896406250000000000e+02
2.161158769558824133e+00 5.696640625000000000e+02
2.164548557986563537e+00 5.745000000000000000e+02
2.168118780828081071e+00 5.677265625000000000e+02
2.171843065822031349e+00 5.797968750000000000e+02
2.175180414695205400e+00 5.655156250000000000e+02
2.178573549237626139e+00 5.853125000000000000e+02
2.182018043247808237e+00 5.771562500000000000e+02
2.185726129268005025e+00 5.633828125000000000e+02
2.189315152652852703e+00 5.614843750000000000e+02
2.192739589434495429e+00 5.648710937500000000e+02
2.196142304474051343e+00 5.737578125000000000e+02
2.199542202688462567e+00 5.579296875000000000e+02
2.203153892449336126e+00 5.689218750000000000e+02
2.206766216164396610e+00 5.632265625000000000e+02
2.210231935849151341e+00 5.528203125000000000e+02
2.213609144288056996e+00 5.742734375000000000e+02
2.217030843588872813e+00 5.639296875000000000e+02
2.220814303062070394e+00 5.537304687500000000e+02
2.224316318148339633e+00 5.699687500000000000e+02
2.227839025588764343e+00 5.347968750000000000e+02
2.231173540221789153e+00 5.654414062500000000e+02
2.234514840551128145e+00 5.503906250000000000e+02
2.238229039947327692e+00 5.520000000000000000e+02
2.241813149521476589e+00 5.600507812500000000e+02
2.245274374457949307e+00 5.358515625000000000e+02
2.248611013928893954e+00 5.562421875000000000e+02
2.252046760426310357e+00 5.529062500000000000e+02
2.255672215454978868e+00 5.512890625000000000e+02
2.259373541688546538e+00 5.568593750000000000e+02
2.262758442790072877e+00 5.099375000000000000e+02
2.266116723083541729e+00 5.407539062500000000e+02
2.269547963089280529e+00 5.267500000000000000e+02
2.273228270754771074e+00 5.460781250000000000e+02
2.276830604398128344e+00 5.439101562500000000e+02
2.280098218026978429e+00 5.442343750000000000e+02
2.283493283077405067e+00 5.252539062500000000e+02
2.287040262832306325e+00 5.073593750000000000e+02
2.290720537668676116e+00 5.315117187500000000e+02
2.294279101752181305e+00 5.328867187500000000e+02
2.297681165880931076e+00 5.201484375000000000e+02
2.301160713657736778e+00 5.428750000000000000e+02
2.304609088485449320e+00 4.923828125000000000e+02
2.308331257641839329e+00 4.965664062500000000e+02
2.311815127155568916e+00 5.287578125000000000e+02
2.315257326357823331e+00 5.094843750000000000e+02
2.318567911395803094e+00 5.191796875000000000e+02
2.322119464733987115e+00 5.213593750000000000e+02
2.325648874139005784e+00 5.164062500000000000e+02
2.329362183219927829e+00 5.009453125000000000e+02
2.332724915278959088e+00 4.952031250000000000e+02
2.336080920511449222e+00 5.082929687500000000e+02
2.339560849446570501e+00 5.041015625000000000e+02
2.343351242925564293e+00 4.976718750000000000e+02
2.346909355597745162e+00 4.901328125000000000e+02
2.350364866215386428e+00 4.733359375000000000e+02
2.353605976248218212e+00 4.945312500000000000e+02
2.357063548821315635e+00 4.731640625000000000e+02
2.360638170815946069e+00 5.022578125000000000e+02
2.364353052878868766e+00 4.847265625000000000e+02
2.367866308184602531e+00 4.500625000000000000e+02
2.371148311132856179e+00 4.825429687500000000e+02
2.374648431585228536e+00 4.534882812500000000e+02
2.378279257332906127e+00 4.661718750000000000e+02
2.381737423067534110e+00 4.829648437500000000e+02
2.385314639701391570e+00 4.327343750000000000e+02
2.388650703338498715e+00 4.727695312500000000e+02
2.392118603922426701e+00 4.445703125000000000e+02
2.395813862509385217e+00 4.531875000000000000e+02
2.399406599928624928e+00 4.545859375000000000e+02
2.402671609263052233e+00 4.678671875000000000e+02
2.406072099307493772e+00 4.461796875000000000e+02
2.409577154416183475e+00 4.330312500000000000e+02
2.413054748212744016e+00 4.354843750000000000e+02
2.416844980652967934e+00 4.429765625000000000e+02
2.420235956611577421e+00 4.220546875000000000e+02
2.423583078449155437e+00 4.552070312500000000e+02
2.427153284948872169e+00 3.970859375000000000e+02
2.430674659597571008e+00 4.294921875000000000e+02
2.434340328865800984e+00 4.209609375000000000e+02
2.437709001445909962e+00 4.137734375000000000e+02
2.441071119268599432e+00 4.186015625000000000e+02
2.444662667956436053e+00 4.308750000000000000e+02
2.448083151524770074e+00 4.110468750000000000e+02
2.451964641102676978e+00 4.051250000000000000e+02
2.455220933756208979e+00 4.110078125000000000e+02
2.458638971351319924e+00 4.021406250000000000e+02
2.462082650170486886e+00 4.015820312500000000e+02
2.465891406252922025e+00 4.082578125000000000e+02
2.469424541111948201e+00 3.923632812500000000e+02
2.472791283376864158e+00 3.546406250000000000e+02
2.476179858007526491e+00 4.011679687500000000e+02
2.479495230138127226e+00 3.847460937500000000e+02
2.483131747456354788e+00 4.012421875000000000e+02
2.486766561058175284e+00 3.850234375000000000e+02
2.490257388293684926e+00 3.576406250000000000e+02
2.493670704458054388e+00 3.655429687500000000e+02
2.497119198422296904e+00 3.719804687500000000e+02
2.500734966273739701e+00 3.678476562500000000e+02
2.504234437037666794e+00 3.697734375000000000e+02
2.507735384388070088e+00 3.213906250000000000e+02
2.511187587639142293e+00 3.514765625000000000e+02
2.514620127978560049e+00 3.466015625000000000e+02
2.518102428693964612e+00 3.551757812500000000e+02
2.521817390050273389e+00 3.523984375000000000e+02
2.525166421364701819e+00 3.732968750000000000e+02
2.528468973105191253e+00 3.085390625000000000e+02
2.532080924051115289e+00 3.257343750000000000e+02
2.535581310119596310e+00 3.190937500000000000e+02
2.539205923363624606e+00 3.167031250000000000e+02
2.542671464092563838e+00 3.315585937500000000e+02
2.546066770548350178e+00 3.323281250000000000e+02
2.549599588586715981e+00 2.991875000000000000e+02
2.553128497809666442e+00 3.216445312500000000e+02
2.556756132507871371e+00 3.007968750000000000e+02
2.560226899004192092e+00 2.903828125000000000e+02
2.563562640181771712e+00 3.028789062500000000e+02
2.566981789212150034e+00 3.171250000000000000e+02
2.570637253724271432e+00 3.115859375000000000e+02
2.574344791690236889e+00 2.780078125000000000e+02
2.577761740842106519e+00 2.855625000000000000e+02
2.581177571111766156e+00 2.808125000000000000e+02
2.584456633841909934e+00 2.924843750000000000e+02
2.588273595312784892e+00 2.857031250000000000e+02
2.591939609541441314e+00 2.631875000000000000e+02
2.595381169223401230e+00 2.430234375000000000e+02
2.598698750538460445e+00 2.729804687500000000e+02
2.602014031021099072e+00 2.568046875000000000e+02
2.605598108337289887e+00 2.630742187500000000e+02
2.609314725166768767e+00 2.542343750000000000e+02
2.612859234628558625e+00 2.617500000000000000e+02
2.616213299017545069e+00 2.333554687500000000e+02
2.619708296584576601e+00 2.368398437500000000e+02
2.623272423508751672e+00 2.328359375000000000e+02
