#Time Flux
-1.288025600595828735e+01 -3.271484375000000000e+00
-1.282823717668247809e+01 -6.769531250000000000e+00
-1.277765344839011163e+01 -5.207031250000000000e+00
-1.272464244900148600e+01 -8.832031250000000000e+00
-1.267378337293070700e+01 -7.523437500000000000e+00
-1.262226912524499056e+01 -6.089843750000000000e+00
-1.257102812224182031e+01 -6.796875000000000000e+00
-1.251939574402013733e+01 -8.683593750000000000e+00
-1.246722287885997105e+01 -8.765625000000000000e+00
-1.241546766386184686e+01 -8.468750000000000000e+00
-1.236352352656800235e+01 -6.265625000000000000e+00
-1.231329712944446442e+01 -6.779296875000000000e+00
-1.225963150073213370e+01 -6.976562500000000000e+00
-1.220975750640503321e+01 -7.539062500000000000e+00
-1.215637436930189352e+01 -7.335937500000000000e+00
-1.210533441102837315e+01 -8.121093750000000000e+00
-1.205274473293632553e+01 -6.609375000000000000e+00
-1.200223109361488127e+01 -9.851562500000000000e+00
-1.194958545648728432e+01 -8.832031250000000000e+00
-1.189944333058410564e+01 -6.152343750000000000e+00
-1.184722653075693444e+01 -6.189453125000000000e+00
-1.179688863662616427e+01 -8.058593750000000000e+00
-1.174437392335385510e+01 -5.599609375000000000e+00
-1.169239164285315979e+01 -9.689453125000000000e+00
-1.164140932303131848e+01 -9.363281250000000000e+00
-1.158914727397224453e+01 -8.339843750000000000e+00
-1.153923645581823365e+01 -6.644531250000000000e+00
-1.148644994103734973e+01 -9.238281250000000000e+00
-1.143522451931580264e+01 -7.896484375000000000e+00
-1.138304602681544964e+01 -7.121093750000000000e+00
-1.133237863832101766e+01 -8.847656250000000000e+00
-1.128017342617961560e+01 -6.082031250000000000e+00
-1.122897862122193402e+01 -7.531250000000000000e+00
-1.117552856785693649e+01 -6.376953125000000000e+00
-1.112452191650175592e+01 -8.828125000000000000e+00
-1.107222205456069020e+01 -5.505859375000000000e+00
-1.102114733425747772e+01 -6.527343750000000000e+00
-1.096876414187022419e+01 -3.792968750000000000e+00
-1.091863054885361350e+01 -2.826171875000000000e+00
-1.086643344715009363e+01 -3.162109375000000000e+00
-1.081519506972858125e+01 -1.310546875000000000e+00
-1.076360733969777783e+01 -5.322265625000000000e+00
-1.071209501634752570e+01 -4.972656250000000000e+00
-1.066094260758219292e+01 -1.644531250000000000e+00
-1.060837915929461417e+01 -5.259765625000000000e+00
-1.055774218793113306e+01 -2.431640625000000000e+00
-1.050567637841369617e+01 -3.929687500000000000e+00
-1.045494136755782932e+01 -2.019531250000000000e+00
-1.040186273136683326e+01 -5.037109375000000000e+00
-1.035155540762417559e+01 7.031250000000000000e-01
-1.029790282485727460e+01 -9.687500000000000000e-01
-1.024607088263037014e+01 -1.238281250000000000e+00
-1.019381691353125063e+01 2.468750000000000000e+00
-1.014380352964500531e+01 -1.308593750000000000e+00
-1.009164632701801168e+01 4.296875000000000000e-01
-1.004111764276552066e+01 -1.074218750000000000e+00
-9.988476746907586801e+00 2.816406250000000000e+00
-9.938531722506212418e+00 2.144531250000000000e+00
-9.885639955794950140e+00 3.197265625000000000e+00
-9.835649623716378187e+00 1.201171875000000000e+00
-9.782840567059615466e+00 4.503906250000000000e+00
-9.730317794147154586e+00 3.671875000000000000e+00
-9.680173752561323397e+00 1.417968750000000000e+00
-9.629593741334950607e+00 3.310546875000000000e+00
-9.576914744109224387e+00 5.363281250000000000e+00
-9.524203270258340126e+00 3.638671875000000000e+00
-9.473011319532588459e+00 5.207031250000000000e+00
-9.421031904224633990e+00 5.037109375000000000e+00
-9.370786217602500301e+00 2.697265625000000000e+00
-9.317939242041681780e+00 7.937500000000000000e+00
-9.266318068377053407e+00 7.539062500000000000e+00
-9.212768439690400157e+00 6.830078125000000000e+00
-9.162894170508145919e+00 9.339843750000000000e+00
-9.110808111923020647e+00 5.789062500000000000e+00
-9.059927375663590965e+00 5.753906250000000000e+00
-9.008228310914482506e+00 8.667968750000000000e+00
-8.957764131813945596e+00 7.417968750000000000e+00
-8.904950022157890999e+00 6.996093750000000000e+00
-8.853611341197613172e+00 1.166406250000000000e+01
-8.802579438423343561e+00 7.171875000000000000e+00
-8.750458078767628933e+00 8.824218750000000000e+00
-8.699404692882318102e+00 8.257812500000000000e+00
-8.648286641367526784e+00 9.148437500000000000e+00
-8.596087127465132482e+00 8.802734375000000000e+00
-8.544678497398322747e+00 1.110156250000000000e+01
-8.493349991340572558e+00 7.566406250000000000e+00
-8.439926605058943210e+00 1.003906250000000000e+01
-8.389395224531376982e+00 1.027929687500000000e+01
-8.336275334591746855e+00 7.205078125000000000e+00
-8.286638326151326339e+00 8.019531250000000000e+00
-8.234107250513162057e+00 8.189453125000000000e+00
-8.182079021137390384e+00 9.300781250000000000e+00
-8.129969107066486345e+00 8.148437500000000000e+00
-8.079160180441334660e+00 1.087890625000000000e+01
-8.027445872495654555e+00 9.382812500000000000e+00
-7.977369778741710604e+00 1.162695312500000000e+01
-7.924703598865640686e+00 8.019531250000000000e+00
-7.874219600206345149e+00 1.371093750000000000e+01
-7.821306750648368222e+00 8.482421875000000000e+00
-7.770638079633719997e+00 1.309375000000000000e+01
-7.719143491169965898e+00 8.322265625000000000e+00
-7.667440323307751271e+00 1.021093750000000000e+01
-7.614719631727119520e+00 1.019921875000000000e+01
-7.563128755273964998e+00 8.720703125000000000e+00
-7.511283338532876996e+00 8.664062500000000000e+00
-7.459618392183060109e+00 9.792968750000000000e+00
-7.409090485411354621e+00 9.675781250000000000e+00
-7.355770607646185510e+00 1.156640625000000000e+01
-7.305856881104439537e+00 1.255859375000000000e+01
-7.253293575971738960e+00 1.081640625000000000e+01
-7.201338777366977695e+00 1.082421875000000000e+01
-7.147639999186822024e+00 1.105078125000000000e+01
-7.099166712488290898e+00 9.972656250000000000e+00
-7.046214721928670599e+00 1.105859375000000000e+01
-6.996926412723617261e+00 1.179296875000000000e+01
-6.943257636201060734e+00 1.217187500000000000e+01
-6.893359086811472025e+00 1.197265625000000000e+01
-6.840028447929590527e+00 1.070703125000000000e+01
-6.789831639002152031e+00 1.018554687500000000e+01
-6.737112572486573470e+00 1.339062500000000000e+01
-6.685866465403265124e+00 1.452343750000000000e+01
-6.634430839461408880e+00 1.313281250000000000e+01
-6.582319274710926038e+00 1.044531250000000000e+01
-6.530454908162710126e+00 9.816406250000000000e+00
-6.477962850942681428e+00 1.153125000000000000e+01
-6.428276453437348437e+00 9.417968750000000000e+00
-6.373463525347297320e+00 1.392578125000000000e+01
-6.325074646528840105e+00 1.410937500000000000e+01
-6.272123690705363686e+00 1.243359375000000000e+01
-6.220118080025137886e+00 1.148632812500000000e+01
-6.168289161723137681e+00 1.132421875000000000e+01
-6.118296048472906534e+00 1.443945312500000000e+01
-6.065882806491053714e+00 1.267968750000000000e+01
-6.015786438615911891e+00 1.409375000000000000e+01
-5.963097134109453634e+00 1.084179687500000000e+01
-5.912498641163040247e+00 1.346093750000000000e+01
-5.859772415290358083e+00 1.077929687500000000e+01
-5.809024724043631238e+00 1.192187500000000000e+01
-5.757094451081876230e+00 1.270312500000000000e+01
-5.706857343866651888e+00 1.214843750000000000e+01
-5.654930856763904501e+00 1.367187500000000000e+01
-5.602940823392160041e+00 1.125781250000000000e+01
-5.550288258642673611e+00 1.033984375000000000e+01
-5.497505036159353153e+00 1.241015625000000000e+01
-5.447440192664572578e+00 1.217773437500000000e+01
-5.393834474505538878e+00 1.006640625000000000e+01
-5.344291913113586645e+00 1.035546875000000000e+01
-5.290442992770813646e+00 1.082031250000000000e+01
-5.239628689380545268e+00 1.049609375000000000e+01
-5.187266895888960505e+00 1.083984375000000000e+01
-5.137460062952079909e+00 1.373437500000000000e+01
-5.085189728407705445e+00 1.330273437500000000e+01
-5.034993792622707076e+00 1.156835937500000000e+01
-4.981685788065441045e+00 1.006640625000000000e+01
-4.931528578553326270e+00 8.929687500000000000e+00
-4.879480288246440978e+00 5.906250000000000000e+00
-4.827069366084693058e+00 1.073437500000000000e+01
-4.775859283398894206e+00 1.241210937500000000e+01
-4.724619290820534445e+00 9.162109375000000000e+00
-4.673222394569954474e+00 7.953125000000000000e+00
-4.620700699327016991e+00 9.566406250000000000e+00
-4.568800719951752853e+00 6.328125000000000000e+00
-4.516873506366806623e+00 9.958984375000000000e+00
-4.467311554597678480e+00 6.970703125000000000e+00
-4.413459998257089012e+00 1.011718750000000000e+01
-4.363956052086628290e+00 9.125000000000000000e+00
-4.311296406325631381e+00 8.937500000000000000e+00
-4.260076763110312470e+00 9.853515625000000000e+00
-4.205927159346025235e+00 7.326171875000000000e+00
-4.156352635608207891e+00 9.718750000000000000e+00
-4.103038624543451363e+00 7.759765625000000000e+00
-4.053931366066620967e+00 7.738281250000000000e+00
-4.000872327876614065e+00 7.316406250000000000e+00
-3.950769976802618544e+00 7.906250000000000000e+00
-3.897715741616785579e+00 4.652343750000000000e+00
-3.847409765814738591e+00 5.484375000000000000e+00
-3.796483649128958859e+00 5.582031250000000000e+00
-3.744049161712105445e+00 4.800781250000000000e+00
-3.691524177915333382e+00 4.410156250000000000e+00
-3.641646269839817762e+00 5.335937500000000000e+00
-3.589357480597890060e+00 4.835937500000000000e+00
-3.537724054977644528e+00 5.996093750000000000e+00
-3.485722102319186888e+00 6.171875000000000000e+00
-3.432207791914962058e+00 4.730468750000000000e+00
-3.381441846710124821e+00 2.460937500000000000e+00
-3.329552372608183930e+00 3.597656250000000000e+00
-3.277990887547851173e+00 3.000000000000000000e+00
-3.225764338486683869e+00 1.222656250000000000e+00
-3.175328622961473002e+00 3.554687500000000000e-01
-3.122957244700806712e+00 2.382812500000000000e-01
-3.073165561651052258e+00 -7.382812500000000000e-01
-3.020158377527330629e+00 -1.343750000000000000e+00
-2.969956313600775388e+00 -2.669921875000000000e+00
-2.917384614658637076e+00 -3.783203125000000000e+00
-2.866558407158670718e+00 1.171875000000000000e-01
-2.813678572730047733e+00 -4.234375000000000000e+00
-2.763200000317233673e+00 -3.980468750000000000e+00
-2.710723207923500411e+00 -5.351562500000000000e+00
-2.660840208482092351e+00 -3.861328125000000000e+00
-2.608556423301841676e+00 -3.136718750000000000e+00
-2.555208273937466856e+00 -7.720703125000000000e+00
-2.504486005983103780e+00 -8.064453125000000000e+00
-2.451921211380899024e+00 -4.457031250000000000e+00
-2.399339459911637107e+00 -8.925781250000000000e+00
-2.349226373860702211e+00 -8.548828125000000000e+00
-2.297080873203590556e+00 -8.757812500000000000e+00
-2.244907026978971487e+00 -1.219921875000000000e+01
-2.194909034410734705e+00 -1.002343750000000000e+01
-2.142150180316015451e+00 -1.173828125000000000e+01
-2.092737000498523514e+00 -1.221484375000000000e+01
-2.039394732033905200e+00 -1.277734375000000000e+01
-1.989057974533864126e+00 -1.298437500000000000e+01
-1.936583968708852410e+00 -1.182421875000000000e+01
-1.886885090447833591e+00 -1.771875000000000000e+01
-1.834007620448765863e+00 -1.525390625000000000e+01
-1.782350322394854913e+00 -1.862109375000000000e+01
-1.730284722834319666e+00 -1.740429687500000000e+01
-1.678274012136881765e+00 -1.383593750000000000e+01
-1.627051789195526510e+00 -1.712109375000000000e+01
-1.574375288746239221e+00 -1.637304687500000000e+01
-1.524096988589946022e+00 -1.867773437500000000e+01
-1.469233597568411653e+00 -1.727734375000000000e+01
-1.419835959493987332e+00 -1.600976562500000000e+01
-1.367836863249856094e+00 -2.017187500000000000e+01
-1.316230666864790066e+00 -1.779296875000000000e+01
-1.264128742608043865e+00 -2.203906250000000000e+01
-1.214058676033523909e+00 -1.699609375000000000e+01
-1.161906482003601582e+00 -2.201953125000000000e+01
-1.111634897646666786e+00 -2.063281250000000000e+01
-1.058631273969147912e+00 -1.957031250000000000e+01
-1.008328643549972981e+00 -2.008984375000000000e+01
-9.557827767712083755e-01 -1.865234375000000000e+01
-9.048486504125392571e-01 -2.158593750000000000e+01
-8.532347453157953510e-01 -2.007421875000000000e+01
-8.026762230201782700e-01 -2.358398437500000000e+01
-7.494546554803562799e-01 -2.091796875000000000e+01
-6.991263132699856442e-01 -2.119531250000000000e+01
-6.462425883494020695e-01 -1.872265625000000000e+01
-5.935422129220455645e-01 -2.139453125000000000e+01
-5.431580506626687566e-01 -1.783593750000000000e+01
-4.897677641873912080e-01 -2.063085937500000000e+01
-4.390318882561885516e-01 -2.012695312500000000e+01
-3.862472034794635078e-01 -1.959570312500000000e+01
-3.354543990934999442e-01 -2.129687500000000000e+01
-2.833511433413136160e-01 -1.963281250000000000e+01
-2.332839979098153549e-01 -2.301367187500000000e+01
-1.811245689744609422e-01 -2.023242187500000000e+01
-1.309535303486413227e-01 -2.315820312500000000e+01
-7.786798902125013910e-02 -1.953906250000000000e+01
-2.751458434686071541e-02 -2.329492187500000000e+01
2.501906429826661338e-02 -1.836914062500000000e+01
7.600655048917914769e-02 -2.308789062500000000e+01
1.275386520563088766e-01 -1.667578125000000000e+01
1.793504394050202677e-01 -2.143750000000000000e+01
2.316845458534331215e-01 -1.781640625000000000e+01
2.856254284460000292e-01 -1.963867187500000000e+01
3.355250099268687336e-01 -1.816406250000000000e+01
3.888773917989141182e-01 -2.027929687500000000e+01
4.396058166365648390e-01 -2.075585937500000000e+01
4.917068655960363799e-01 -1.537500000000000000e+01
5.432112131712401037e-01 -1.555273437500000000e+01
5.953507503988184624e-01 -1.398632812500000000e+01
6.454684371881782567e-01 -1.583984375000000000e+01
6.980904050180178899e-01 -1.714257812500000000e+01
7.477318949057973896e-01 -1.545703125000000000e+01
8.002575357460663952e-01 -1.459765625000000000e+01
8.498949618041535814e-01 -1.523046875000000000e+01
9.033244436880067951e-01 -1.295312500000000000e+01
9.546893575916293173e-01 -1.437304687500000000e+01
1.005821557522740051e+00 -1.077148437500000000e+01
1.058029514057629683e+00 -1.221875000000000000e+01
1.107988461124495672e+00 -1.292968750000000000e+01
1.157866958615556996e+00 -1.243750000000000000e+01
1.212488886767324914e+00 -1.091796875000000000e+01
1.265954928407438729e+00 -9.904296875000000000e+00
1.316237929192510592e+00 -1.266992187500000000e+01
1.368988389156662322e+00 -8.636718750000000000e+00
1.418553186886356343e+00 -1.085546875000000000e+01
1.471858536626413638e+00 -1.230078125000000000e+01
1.524047344024516804e+00 -1.419335937500000000e+01
1.576161380184810668e+00 -1.152148437500000000e+01
1.626217778615760778e+00 -7.968750000000000000e+00
1.678894753906359227e+00 -1.063085937500000000e+01
1.728496589177581200e+00 -7.808593750000000000e+00
1.781495800190533885e+00 -8.515625000000000000e+00
1.830659435941839774e+00 -8.085937500000000000e+00
1.883907429706983550e+00 -8.580078125000000000e+00
1.935260833487724597e+00 -1.041015625000000000e+01
1.986624705703452065e+00 -1.181640625000000000e+01
2.038837611351013379e+00 -8.695312500000000000e+00
2.089847631127632610e+00 -6.546875000000000000e+00
2.141000472427080581e+00 -5.285156250000000000e+00
2.194017317100378506e+00 -8.384765625000000000e+00
2.246788770593695972e+00 -6.585937500000000000e+00
2.297236767212098130e+00 -5.554687500000000000e+00
2.350503578056404308e+00 -6.693359375000000000e+00
2.399620442537806042e+00 -8.070312500000000000e+00
2.453424283401666628e+00 -8.523437500000000000e+00
2.504773267345960619e+00 -6.582031250000000000e+00
2.556205331586504315e+00 -5.242187500000000000e+00
2.606942475501789147e+00 -4.160156250000000000e+00
2.659302522203446983e+00 -4.714843750000000000e+00
2.709260996376457342e+00 -4.683593750000000000e+00
2.761866618675565377e+00 -5.189453125000000000e+00
2.811466148846516688e+00 -2.105468750000000000e+00
2.864705333286497790e+00 -1.316406250000000000e+00
2.915239964138379491e+00 -2.777343750000000000e+00
2.967428511452471440e+00 -1.619140625000000000e+00
3.017412666623783934e+00 -7.890625000000000000e-01
3.069862299488512747e+00 -1.730468750000000000e+00
3.121763811369859809e+00 -2.343750000000000000e-01
3.174100013891667516e+00 1.316406250000000000e+00
3.227622881990384940e+00 -5.312500000000000000e-01
3.278274334861006167e+00 8.515625000000000000e-01
3.331316625151984567e+00 3.810546875000000000e+00
3.380443408997333421e+00 4.855468750000000000e+00
3.434283241604255466e+00 1.953125000000000000e+00
3.485598330412692292e+00 4.730468750000000000e+00
3.537022672468417284e+00 5.019531250000000000e+00
3.587814970513715451e+00 6.300781250000000000e+00
3.639951135687322648e+00 2.830078125000000000e+00
3.689981077539993493e+00 2.589843750000000000e+00
3.742671503016179457e+00 2.787109375000000000e+00
3.792356050284801938e+00 3.812500000000000000e+00
3.845185310048329086e+00 7.425781250000000000e+00
3.895742588859505418e+00 4.109375000000000000e+00
3.948232977105380570e+00 3.248046875000000000e+00
4.000475072771241258e+00 6.875000000000000000e+00
4.050637906998225901e+00 6.074218750000000000e+00
4.102642632689839530e+00 6.001953125000000000e+00
4.154906903369784743e+00 7.843750000000000000e+00
4.208457156772340113e+00 7.697265625000000000e+00
4.258949937873921954e+00 4.445312500000000000e+00
4.311289569013830203e+00 5.289062500000000000e+00
4.361411236625251320e+00 8.289062500000000000e+00
4.413452733235395442e+00 7.441406250000000000e+00
4.466424202340355976e+00 8.562500000000000000e+00
4.516465657010584778e+00 7.033203125000000000e+00
4.568743282393693761e+00 7.707031250000000000e+00
4.620008122425467434e+00 9.230468750000000000e+00
4.670910571624840912e+00 9.703125000000000000e+00
4.723238824553938286e+00 6.816406250000000000e+00
4.773203314459173896e+00 1.366015625000000000e+01
4.825948447505290062e+00 9.097656250000000000e+00
4.876557246499217513e+00 7.863281250000000000e+00
4.929038054870051866e+00 9.351562500000000000e+00
4.980129444696522967e+00 9.824218750000000000e+00
5.031205383442301837e+00 1.306835937500000000e+01
5.083291129947141940e+00 9.687500000000000000e+00
5.137405353055299884e+00 8.363281250000000000e+00
5.189291689239610150e+00 1.070117187500000000e+01
5.239344170525953359e+00 7.402343750000000000e+00
5.291769819722976109e+00 5.812500000000000000e+00
5.342090928155183605e+00 1.031835937500000000e+01
5.395110620373188226e+00 1.145898437500000000e+01
5.445797786492345693e+00 1.053125000000000000e+01
5.497278512781221593e+00 8.626953125000000000e+00
5.546533796258124482e+00 1.259765625000000000e+01
5.602386061640210357e+00 8.437500000000000000e+00
5.651589707236205129e+00 1.080859375000000000e+01
5.704934695106590681e+00 9.289062500000000000e+00
5.754261498903513683e+00 1.117773437500000000e+01
5.807101316841386307e+00 9.908203125000000000e+00
5.859729289305946054e+00 1.134375000000000000e+01
5.910943169984385293e+00 9.861328125000000000e+00
5.959989259637438863e+00 9.789062500000000000e+00
6.014032129332129273e+00 7.804687500000000000e+00
6.063108567942855132e+00 7.933593750000000000e+00
6.117254934049714876e+00 6.853515625000000000e+00
6.166636385471569781e+00 7.582031250000000000e+00
6.219422635150994694e+00 8.576171875000000000e+00
6.272258428028791855e+00 8.828125000000000000e+00
6.322915525069500831e+00 7.759765625000000000e+00
6.377748353458265740e+00 1.044531250000000000e+01
6.427365465031755321e+00 7.187500000000000000e+00
6.480192272640731943e+00 6.347656250000000000e+00
6.530201029305896299e+00 8.171875000000000000e+00
6.583149435303859320e+00 8.195312500000000000e+00
6.632317131905352880e+00 7.339843750000000000e+00
6.685063995486569155e+00 6.435546875000000000e+00
6.734533553605285050e+00 1.076757812500000000e+01
6.787900665396978894e+00 8.898437500000000000e+00
6.837698645383142093e+00 6.464843750000000000e+00
6.890650303368619944e+00 7.556640625000000000e+00
6.940355025975080139e+00 1.048632812500000000e+01
6.993927839336684826e+00 6.261718750000000000e+00
7.047029003587443441e+00 8.482421875000000000e+00
7.098064452593252582e+00 6.906250000000000000e+00
7.150961253715934163e+00 6.460937500000000000e+00
7.200964061170168407e+00 6.300781250000000000e+00
7.255544795381986489e+00 6.019531250000000000e+00
7.303740609403856610e+00 5.832031250000000000e+00
7.357717678332967637e+00 4.433593750000000000e+00
7.405952617037080188e+00 3.285156250000000000e+00
7.459890562753692222e+00 7.261718750000000000e+00
7.510300734822806135e+00 4.896484375000000000e+00
7.563171140726506536e+00 5.185546875000000000e+00
7.612464389272929566e+00 2.472656250000000000e+00
7.664624885603522841e+00 2.849609375000000000e+00
7.714628089761674801e+00 2.328125000000000000e+00
7.768238505217233580e+00 1.152343750000000000e+00
7.819533082292252857e+00 1.121093750000000000e+00
7.871457528821355965e+00 4.107421875000000000e+00
7.922852840607443881e+00 1.167968750000000000e+00
7.973746470516552165e+00 1.089843750000000000e+00
8.026172110160182172e+00 -9.414062500000000000e-01
8.078028683270979116e+00 1.322265625000000000e+00
8.131864002701107097e+00 -6.484375000000000000e-01
8.182379828686180190e+00 -3.890625000000000000e+00
8.234035869317224865e+00 6.523437500000000000e-01
8.284566327881574210e+00 -1.433593750000000000e+00
8.338577526145066088e+00 -3.195312500000000000e+00
8.388908240649755044e+00 -2.498046875000000000e+00
8.440750523677827744e+00 -2.613281250000000000e+00
8.489687050625018827e+00 -4.597656250000000000e+00
8.543632719918999641e+00 -1.343750000000000000e+00
8.593959693757494023e+00 -5.636718750000000000e+00
8.646513817839817762e+00 -5.703125000000000000e+00
8.696126029019648485e+00 -4.984375000000000000e+00
8.749999339184114433e+00 -4.414062500000000000e+00
8.801536526176274577e+00 -5.017578125000000000e+00
8.852265323308547096e+00 -6.480468750000000000e+00
8.903709078045718428e+00 -5.404296875000000000e+00
8.954525300293234125e+00 -6.503906250000000000e+00
9.006688737466920003e+00 -4.939453125000000000e+00
9.058861476264148394e+00 -5.378906250000000000e+00
9.111229249336318503e+00 -3.623046875000000000e+00
9.162580765883546974e+00 -3.257812500000000000e+00
9.214801955877476303e+00 -5.353515625000000000e+00
9.265410830274277032e+00 -2.429687500000000000e+00
9.319437594375024503e+00 -4.937500000000000000e+00
9.369075936415100614e+00 -6.667968750000000000e+00
9.420527853943085006e+00 -2.935546875000000000e+00
9.471240173054610523e+00 -5.675781250000000000e+00
9.524793096520323132e+00 -4.589843750000000000e+00
9.574904897240564594e+00 -1.214843750000000000e+00
9.627363683780217229e+00 -3.621093750000000000e+00
9.677463092812256917e+00 -2.876953125000000000e+00
9.729650494235254854e+00 -3.212890625000000000e+00
9.782019172396267948e+00 -2.748046875000000000e+00
9.833007625072468727e+00 -6.964843750000000000e+00
9.883421417819988619e+00 -4.339843750000000000e+00
9.936314437274806011e+00 -3.349609375000000000e+00
9.987881621386399900e+00 -3.949218750000000000e+00
1.003976584745928591e+01 -3.406250000000000000e+00
1.009203357755366426e+01 -4.003906250000000000e+00
1.014400312490612777e+01 -3.234375000000000000e+00
1.019563735529328596e+01 -3.509765625000000000e+00
1.024697915841760221e+01 -2.195312500000000000e+00
1.029804729639007377e+01 -3.292968750000000000e+00
1.035044961992053913e+01 -2.296875000000000000e+00
1.040021029553471266e+01 -2.914062500000000000e+00
1.045338712661454039e+01 -2.597656250000000000e+00
1.050560419126911071e+01 -3.806640625000000000e+00
1.055591229096906858e+01 -3.365234375000000000e+00
1.060836613829415143e+01 -5.390625000000000000e-01
1.065808280105564876e+01 1.542968750000000000e-01
1.071110207028361927e+01 8.125000000000000000e-01
1.076210618866701907e+01 -2.695312500000000000e+00
1.081391990498267575e+01 -7.968750000000000000e-01
1.086499822197352927e+01 -2.109375000000000000e+00
1.091830443079664548e+01 1.058593750000000000e+00
1.096788058727860005e+01 1.214843750000000000e+00
1.102057870647499982e+01 -5.078125000000000000e-01
1.107148415601339764e+01 1.460937500000000000e+00
1.112419448605004391e+01 2.156250000000000000e+00
1.117658380821281128e+01 2.164062500000000000e+00
1.122779698656312064e+01 2.271484375000000000e+00
1.128115784235354369e+01 2.574218750000000000e+00
1.133121985824647027e+01 4.835937500000000000e+00
1.138355246813659249e+01 4.535156250000000000e+00
1.143397191864997353e+01 6.175781250000000000e+00
1.148689275253921949e+01 4.894531250000000000e+00
1.153674976164264621e+01 6.226562500000000000e+00
1.158906480809740458e+01 7.757812500000000000e+00
1.163892033162854744e+01 5.921875000000000000e+00
1.169129263994509671e+01 8.328125000000000000e+00
1.174156234873495919e+01 6.714843750000000000e+00
1.179469278599937709e+01 6.613281250000000000e+00
1.184580938781206072e+01 7.435546875000000000e+00
1.189801140976211258e+01 5.912109375000000000e+00
1.194864594065028029e+01 8.476562500000000000e+00
1.200139241649399224e+01 6.917968750000000000e+00
1.205227268749375469e+01 6.886718750000000000e+00
1.210500014071084252e+01 7.484375000000000000e+00
1.215741392118805919e+01 6.667968750000000000e+00
1.220924271315445253e+01 4.859375000000000000e+00
1.226201809713905533e+01 6.824218750000000000e+00
1.231257240807090625e+01 1.119140625000000000e+01
1.236419103422316113e+01 7.210937500000000000e+00
1.241498230470154951e+01 7.607421875000000000e+00
1.246721962057936395e+01 4.728515625000000000e+00
1.251777523415039894e+01 1.019531250000000000e+01
1.256989362910062624e+01 6.730468750000000000e+00
1.261994634872353771e+01 9.515625000000000000e+00
1.267270250798152276e+01 5.099609375000000000e+00
1.272222714149291889e+01 8.048828125000000000e+00
1.277548167760577513e+01 8.167968750000000000e+00
1.282713444807995629e+01 5.628906250000000000e+00
1.287769570648492845e+01 6.992187500000000000e+00
1.292941136969191973e+01 6.941406250000000000e+00
1.298219484888658570e+01 6.820312500000000000e+00
1.303284161905277827e+01 6.220703125000000000e+00
1.308609905203595858e+01 9.191406250000000000e+00
1.313817853583176287e+01 5.078125000000000000e+00
1.318870250628179619e+01 8.703125000000000000e+00
1.324166512135847640e+01 3.611328125000000000e+00
1.329275934032949635e+01 6.376953125000000000e+00
1.334505146633831174e+01 5.609375000000000000e+00
1.339549860945035675e+01 6.640625000000000000e+00
1.344735174875528827e+01 3.978515625000000000e+00
1.349794690044349110e+01 4.136718750000000000e+00
1.355071268094267722e+01 1.697265625000000000e+00
1.360078862543269196e+01 6.070312500000000000e+00
1.365351937137144134e+01 4.853515625000000000e+00
1.370303556451370852e+01 3.707031250000000000e+00
1.375626362346410048e+01 1.839843750000000000e+00
1.380743170363117400e+01 5.416015625000000000e+00
1.385853613789481642e+01 4.527343750000000000e+00
1.390902186505940108e+01 6.164062500000000000e+00
1.396302883996076361e+01 2.791015625000000000e+00
1.401347758098977891e+01 5.582031250000000000e+00
1.406719118426405402e+01 4.125000000000000000e+00
1.411601780318822819e+01 3.179687500000000000e+00
1.416935762255740627e+01 8.285156250000000000e+00
1.422383043695878513e+01 1.052734375000000000e+00
1.427409905189770711e+01 6.355468750000000000e+00
1.432608551099892935e+01 2.246093750000000000e+00
1.437657892787377634e+01 6.392578125000000000e+00
1.442816687720766566e+01 3.318359375000000000e+00
1.447926269754324125e+01 3.742187500000000000e+00
1.453162000758378269e+01 3.628906250000000000e+00
1.458163020935426601e+01 4.550781250000000000e+00
1.463488129671785742e+01 1.523437500000000000e+00
1.468471006549698643e+01 4.761718750000000000e+00
1.473704625524877798e+01 3.488281250000000000e+00
1.478770566500264749e+01 5.648437500000000000e+00
1.484167007323944887e+01 4.046875000000000000e+00
1.489041068085995079e+01 4.345703125000000000e+00
1.494388734681991338e+01 5.039062500000000000e-01
1.499448870695006875e+01 1.923828125000000000e+00
1.504799032502193512e+01 2.070312500000000000e+00
1.509965999188140984e+01 1.292968750000000000e+00
1.515056435829342263e+01 5.750000000000000000e+00
1.520469159266267667e+01 2.781250000000000000e+00
1.525486240891396506e+01 3.164062500000000000e+00
1.530677228592333705e+01 -3.476562500000000000e-01
1.535589700397096635e+01 2.808593750000000000e+00
1.540771704637294803e+01 3.439453125000000000e+00
1.545954433433201913e+01 4.861328125000000000e+00
1.551232922476644305e+01 1.005859375000000000e+00
1.556248507480894361e+01 6.582031250000000000e-01
1.561566455073515414e+01 1.750000000000000000e+00
1.566466302697787683e+01 1.253906250000000000e+00
1.571793874917058886e+01 1.066406250000000000e+00
1.576769438368246767e+01 -1.941406250000000000e+00
1.582021917162751379e+01 6.718750000000000000e-01
1.587170975651996230e+01 5.429687500000000000e-01
1.592469740542264134e+01 -1.843750000000000000e+00
1.597531299403592087e+01 4.511718750000000000e-01
1.602821517804630957e+01 -2.550781250000000000e+00
1.608048650153220649e+01 1.175781250000000000e+00
1.613119050911273789e+01 -1.134765625000000000e+00
1.618282400380149966e+01 -6.191406250000000000e-01
1.623450733525234568e+01 -2.226562500000000000e-01
1.628762425841760120e+01 -9.726562500000000000e-01
1.633722988667096843e+01 -1.439453125000000000e+00
1.638978771076708796e+01 -1.949218750000000000e+00
1.644034365867686276e+01 -2.904296875000000000e+00
1.649295020534155043e+01 -6.410156250000000000e+00
1.654309075501457116e+01 -3.035156250000000000e+00
1.659597322645982942e+01 -4.306640625000000000e+00
1.664548252750210366e+01 -5.507812500000000000e+00
1.669861341312824976e+01 -4.953125000000000000e+00
1.674941703387543157e+01 -5.789062500000000000e+00
1.680218329830636392e+01 -3.671875000000000000e+00
1.685203304119701073e+01 -4.945312500000000000e+00
1.690553186815713360e+01 -5.832031250000000000e+00
1.695613787253343574e+01 -3.404296875000000000e+00
1.700930406082809654e+01 -7.232421875000000000e+00
1.705997623203520419e+01 -5.253906250000000000e+00
1.711173386595962143e+01 -5.029296875000000000e+00
1.716348333599459863e+01 -7.609375000000000000e+00
1.721528115334942299e+01 -9.476562500000000000e+00
1.726844322949397537e+01 -5.832031250000000000e+00
1.731799851674469437e+01 -1.136132812500000000e+01
1.737061136369663217e+01 -1.546093750000000000e+01
1.742071481465600868e+01 -1.130468750000000000e+01
1.747394708648441153e+01 -1.194140625000000000e+01
1.752410204435990337e+01 -1.451562500000000000e+01
1.757635154735247340e+01 -1.513671875000000000e+01
1.762626963888295606e+01 -1.696484375000000000e+01
1.767956582054104686e+01 -1.483007812500000000e+01
1.772938268870086276e+01 -1.258593750000000000e+01
1.778301410391536663e+01 -1.564648437500000000e+01
1.783284420167679940e+01 -1.319726562500000000e+01
1.788629226811267614e+01 -1.588281250000000000e+01
1.793615658362616117e+01 -1.849218750000000000e+01
1.798981815726955347e+01 -1.583593750000000000e+01
1.804075550290226460e+01 -1.741015625000000000e+01
1.809285160713198692e+01 -1.690234375000000000e+01
1.814361584312544906e+01 -1.866992187500000000e+01
1.819715239613643121e+01 -1.497265625000000000e+01
1.824935393037242903e+01 -1.803515625000000000e+01
1.829876676826853554e+01 -1.420507812500000000e+01
1.835192171514233195e+01 -1.689453125000000000e+01
1.840147815443552304e+01 -1.808984375000000000e+01
1.845475645295679712e+01 -1.751367187500000000e+01
1.850491052168480266e+01 -1.852734375000000000e+01
1.855720555843502950e+01 -1.806250000000000000e+01
1.860699473093242773e+01 -2.162890625000000000e+01
1.866057715739702871e+01 -1.894140625000000000e+01
1.871148759327976308e+01 -1.930664062500000000e+01
1.876274840887458595e+01 -2.006250000000000000e+01
1.881401114587377776e+01 -1.753125000000000000e+01
1.886711178830396562e+01 -2.064453125000000000e+01
1.891776402622468112e+01 -2.314843750000000000e+01
1.897119499603137882e+01 -2.149609375000000000e+01
1.902153428448300332e+01 -2.425390625000000000e+01
1.907368284074919629e+01 -2.007421875000000000e+01
1.912514039257227694e+01 -2.116015625000000000e+01
1.917791587963066036e+01 -2.173828125000000000e+01
1.923007205233658823e+01 -1.916992187500000000e+01
1.928007871492800973e+01 -2.086328125000000000e+01
1.933209281790968959e+01 -2.106640625000000000e+01
1.938334512043017455e+01 -1.889257812500000000e+01
1.943588764526860757e+01 -1.769531250000000000e+01
1.948582938454892854e+01 -1.866796875000000000e+01
1.953773379484861650e+01 -1.816601562500000000e+01
1.958799994742985717e+01 -1.832031250000000000e+01
1.964096971807774850e+01 -1.575000000000000000e+01
1.969198177231686486e+01 -1.393750000000000000e+01
1.974336390846658063e+01 -1.486914062500000000e+01
1.979446654284534901e+01 -1.164453125000000000e+01
1.984576398038302614e+01 -1.339843750000000000e+01
1.989860937492129267e+01 -1.168750000000000000e+01
1.995115571537166943e+01 -1.291015625000000000e+01
2.000231248538411677e+01 -1.391796875000000000e+01
2.005387505584624463e+01 -8.449218750000000000e+00
2.010567449720846156e+01 -1.337109375000000000e+01
2.015759965720346258e+01 -1.082812500000000000e+01
2.021088605042529451e+01 -1.162304687500000000e+01
2.026030283556639233e+01 -1.219335937500000000e+01
2.031286050522667352e+01 -1.014062500000000000e+01
2.036354450409329431e+01 -1.205664062500000000e+01
2.041600993046413492e+01 -9.296875000000000000e+00
2.046638776466258491e+01 -6.730468750000000000e+00
2.051925300088238302e+01 -6.765625000000000000e+00
2.056855235578674979e+01 -5.789062500000000000e+00
2.062226623471474340e+01 -6.957031250000000000e+00
2.067283602396440756e+01 -8.242187500000000000e+00
2.072443771180519434e+01 -6.519531250000000000e+00
2.077527772601157352e+01 -7.742187500000000000e+00
2.082875342811698971e+01 -5.957031250000000000e+00
2.087855788089926534e+01 -5.031250000000000000e+00
2.093168966900740102e+01 -4.093750000000000000e+00
2.098309021352260828e+01 -4.468750000000000000e+00
2.103467655808892900e+01 -4.289062500000000000e+00
2.108643794828102358e+01 -1.335937500000000000e+00
2.113789700566871943e+01 -3.136718750000000000e+00
2.119170000642986196e+01 -1.986328125000000000e+00
2.124030258045102926e+01 -1.453125000000000000e+00
2.129386811059372775e+01 -1.349609375000000000e+00
2.134323379633161721e+01 -2.070312500000000000e-01
2.139628143217499456e+01 1.535156250000000000e+00
2.144750449971143524e+01 3.480468750000000000e+00
2.150007433447514060e+01 -1.324218750000000000e+00
2.154967512894909731e+01 2.714843750000000000e+00
2.160282797458059534e+01 2.277343750000000000e+00
2.165368979982980591e+01 2.445312500000000000e+00
2.170634486010344588e+01 3.773437500000000000e+00
2.175631592075977494e+01 4.507812500000000000e+00
2.180957554052825031e+01 6.031250000000000000e+00
2.186027027000047340e+01 2.542968750000000000e+00
2.191251308293832167e+01 2.501953125000000000e+00
2.196386717796931265e+01 4.554687500000000000e+00
2.201547811016100908e+01 3.183593750000000000e+00
2.206661646755355122e+01 3.390625000000000000e+00
2.211895008359577730e+01 3.419921875000000000e+00
2.217279593327487675e+01 3.910156250000000000e+00
2.222130661416733233e+01 7.847656250000000000e+00
2.227468185457689032e+01 8.093750000000000000e+00
2.232400134119990298e+01 6.531250000000000000e+00
2.237799697363895390e+01 6.189453125000000000e+00
2.242793442484996191e+01 8.654296875000000000e+00
2.248089622493695217e+01 7.253906250000000000e+00
2.253123562993751250e+01 6.759765625000000000e+00
2.258333256302174874e+01 7.132812500000000000e+00
2.263227461742405211e+01 7.957031250000000000e+00
2.268717929880181217e+01 7.025390625000000000e+00
2.273708499667871763e+01 8.175781250000000000e+00
2.279039847668705221e+01 7.761718750000000000e+00
2.284109837503230622e+01 9.839843750000000000e+00
2.289381239178118221e+01 7.687500000000000000e+00
2.294522281379658324e+01 7.283203125000000000e+00
2.299627976438025811e+01 5.757812500000000000e+00
2.304796476440977671e+01 5.453125000000000000e+00
2.309933098480318492e+01 9.083984375000000000e+00
2.315365618066801545e+01 9.128906250000000000e+00
2.320207744982027975e+01 6.398437500000000000e+00
2.325582921958642402e+01 1.078515625000000000e+01
2.330529620104417177e+01 6.027343750000000000e+00
2.335830714129370023e+01 6.550781250000000000e+00
2.340988426570147851e+01 5.812500000000000000e+00
2.346148112895092197e+01 6.335937500000000000e+00
2.350962206111935870e+01 9.292968750000000000e+00
2.356365360442644885e+01 9.117187500000000000e+00
2.361601323477744074e+01 8.191406250000000000e+00
2.366663169636378328e+01 8.378906250000000000e+00
2.371818140750629311e+01 8.332031250000000000e+00
2.376914744658392920e+01 8.152343750000000000e+00
2.382179701471112310e+01 8.796875000000000000e+00
2.387460882506792359e+01 7.792968750000000000e+00
2.392482476288089543e+01 7.119140625000000000e+00
2.397830525764607046e+01 4.574218750000000000e+00
2.402815590990984873e+01 5.982421875000000000e+00
2.408068449830599889e+01 8.617187500000000000e+00
2.413376448337712787e+01 7.781250000000000000e+00
2.418453302228903112e+01 5.359375000000000000e+00
2.423630861724301866e+01 1.194140625000000000e+01
2.428733358587030011e+01 6.703125000000000000e+00
2.434016473600125607e+01 5.863281250000000000e+00
2.438975527395713172e+01 8.337890625000000000e+00
2.444123679807635341e+01 8.476562500000000000e+00
2.449218242622264796e+01 5.628906250000000000e+00
2.454450985224751491e+01 7.222656250000000000e+00
2.459646038843082749e+01 7.421875000000000000e+00
2.464687990820653951e+01 8.378906250000000000e+00
2.469936712052724204e+01 7.695312500000000000e+00
2.475323850004286896e+01 9.992187500000000000e+00
2.480259593730669110e+01 8.230468750000000000e+00
2.485481027902075724e+01 6.964843750000000000e+00
2.490508893786005018e+01 8.371093750000000000e+00
2.495868059821014739e+01 7.761718750000000000e+00
2.500949132924878171e+01 8.050781250000000000e+00
2.506139670521814367e+01 9.111328125000000000e+00
2.511197732095832080e+01 1.037890625000000000e+01
2.516413968655280087e+01 7.214843750000000000e+00
2.521558223006753607e+01 1.092187500000000000e+01
2.526747011988067015e+01 9.441406250000000000e+00
2.531972271114876349e+01 9.648437500000000000e+00
2.537056371641564212e+01 9.902343750000000000e+00
2.542189563179648104e+01 8.699218750000000000e+00
2.547397291242043238e+01 8.861328125000000000e+00
2.552476652359124998e+01 8.751953125000000000e+00
2.557723065108756089e+01 1.294531250000000000e+01
2.562928541662251547e+01 1.132421875000000000e+01
2.568122913337218449e+01 9.765625000000000000e+00
2.573184654285755713e+01 9.126953125000000000e+00
2.578339579249812630e+01 1.263671875000000000e+01
2.583619976229755366e+01 1.171875000000000000e+01
2.588645917818823960e+01 1.261523437500000000e+01
2.593868486046451594e+01 9.597656250000000000e+00
2.599025469127089849e+01 1.058593750000000000e+01
2.604219942062650262e+01 1.261328125000000000e+01
2.609576671090177769e+01 8.865234375000000000e+00
2.614556079018788637e+01 1.178125000000000000e+01
2.619745933652357195e+01 1.315625000000000000e+01
2.624772496972568092e+01 1.021093750000000000e+01
2.630060718067361591e+01 1.060937500000000000e+01
2.635168085331206811e+01 1.155078125000000000e+01
2.640405053195785001e+01 1.372656250000000000e+01
2.645578073669406649e+01 8.312500000000000000e+00
2.650649386779586081e+01 1.235937500000000000e+01
2.655797711773035275e+01 1.009179687500000000e+01
2.660988368241235236e+01 1.236914062500000000e+01
2.666155694413210142e+01 1.113671875000000000e+01
2.671205185686196870e+01 1.011523437500000000e+01
2.676441576218305229e+01 1.139843750000000000e+01
2.681523328998585143e+01 1.126757812500000000e+01
2.686727622429928175e+01 1.412304687500000000e+01
2.691948669367232228e+01 1.042187500000000000e+01
2.697046313140207729e+01 9.875000000000000000e+00
2.702248729816487227e+01 9.085937500000000000e+00
2.707357533887341461e+01 1.183007812500000000e+01
2.712523303499642680e+01 9.191406250000000000e+00
2.717871790455328807e+01 1.304101562500000000e+01
2.722835294362803893e+01 8.464843750000000000e+00
2.728140862304814362e+01 9.031250000000000000e+00
2.733251411633209926e+01 8.085937500000000000e+00
2.738490768380209772e+01 1.038281250000000000e+01
2.743660918832345885e+01 7.273437500000000000e+00
2.748718328011797141e+01 7.679687500000000000e+00
2.753928697892813915e+01 4.710937500000000000e+00
2.759069823859611148e+01 7.015625000000000000e+00
2.764283098068197830e+01 7.031250000000000000e+00
2.769321456834332196e+01 8.484375000000000000e+00
2.774524635351874124e+01 8.095703125000000000e+00
2.779603687832925729e+01 4.029296875000000000e+00
2.784766756021831924e+01 5.734375000000000000e+00
2.790028858881671781e+01 4.142578125000000000e+00
2.795068222336058028e+01 4.480468750000000000e+00
2.800327689595136960e+01 4.175781250000000000e+00
2.805394417109354066e+01 4.957031250000000000e+00
2.810600977529109912e+01 3.833984375000000000e+00
2.815697615449032298e+01 3.050781250000000000e+00
2.820911751715530613e+01 1.687500000000000000e+00
2.826214206853874344e+01 3.285156250000000000e+00
2.831324888707576548e+01 -3.720703125000000000e+00
2.836447565743231536e+01 5.039062500000000000e-01
2.841448014632929286e+01 -7.265625000000000000e-01
2.846783633239346401e+01 -1.058593750000000000e+00
2.852062790349002341e+01 -2.441406250000000000e+00
2.857318326642948847e+01 3.906250000000000000e-01
2.862280051866393649e+01 -1.023437500000000000e+00
2.867535283279526226e+01 -3.121093750000000000e+00
2.872607743815708048e+01 -9.492187500000000000e-01
2.877752250778380727e+01 -9.492187500000000000e-01
2.882890958642995116e+01 1.289062500000000000e+00
2.888143469828207088e+01 -4.910156250000000000e+00
2.893145564576197870e+01 -2.871093750000000000e+00
2.898406673332059924e+01 -1.341796875000000000e+00
2.903416344183323616e+01 -3.710937500000000000e+00
2.908695419159653284e+01 -4.144531250000000000e+00
2.913781279320544115e+01 -5.257812500000000000e+00
2.918988239531964268e+01 -4.429687500000000000e+00
2.924095059137938435e+01 -6.695312500000000000e+00
2.929311208750310058e+01 -8.751953125000000000e+00
2.934533549061973901e+01 -5.625000000000000000e+00
2.939634856042066957e+01 -8.792968750000000000e+00
2.944869106833602146e+01 -6.332031250000000000e+00
2.950090139813774215e+01 -6.451171875000000000e+00
2.955331017232813551e+01 -7.156250000000000000e+00
2.960404737293465871e+01 -5.859375000000000000e+00
2.965618130509196959e+01 -7.089843750000000000e+00
2.970690896130647118e+01 -7.529296875000000000e+00
2.975937271804804141e+01 -5.601562500000000000e+00
2.981006458692800010e+01 -7.039062500000000000e+00
2.986269117571059084e+01 -7.064453125000000000e+00
2.991276821277323705e+01 -6.636718750000000000e+00
2.996485686585723940e+01 -6.738281250000000000e+00
3.001597528097852674e+01 -6.097656250000000000e+00
3.006702250844822899e+01 -7.796875000000000000e+00
3.012051950632358199e+01 -5.234375000000000000e+00
3.017064749281044556e+01 -4.742187500000000000e+00
3.022367851285489593e+01 -8.039062500000000000e+00
3.027463677779939388e+01 -5.699218750000000000e+00
3.032584178528450281e+01 -7.093750000000000000e+00
3.037805289732127179e+01 -2.255859375000000000e+00
3.042966776138090523e+01 -8.929687500000000000e+00
3.048234326971571306e+01 -6.058593750000000000e+00
3.053338715036552742e+01 -4.628906250000000000e+00
3.058451583296839260e+01 -3.015625000000000000e+00
3.063530986424232339e+01 -5.816406250000000000e+00
3.068807476608031237e+01 -7.242187500000000000e+00
3.073918049975859645e+01 -4.410156250000000000e+00
3.079024767336937174e+01 -4.433593750000000000e+00
3.084232986828072853e+01 -7.878906250000000000e+00
3.089353611083105733e+01 -5.720703125000000000e+00
3.094528124601966113e+01 -4.443359375000000000e+00
3.099677589281862211e+01 -1.728515625000000000e+00
3.104845288323711827e+01 -2.947265625000000000e+00
3.110038604871909840e+01 -4.095703125000000000e+00
3.115331051759618930e+01 -4.507812500000000000e+00
3.120394706899251247e+01 -3.716796875000000000e+00
3.125548200190439019e+01 -1.484375000000000000e+00
3.130767574410261744e+01 -3.513671875000000000e+00
3.135885472331496615e+01 -2.236328125000000000e+00
3.140984526623420692e+01 -2.248046875000000000e+00
3.146253193816819760e+01 -3.056640625000000000e+00
3.151374705058810832e+01 -2.640625000000000000e+00
3.156570912512798088e+01 -1.580078125000000000e+00
3.161612419207742875e+01 -4.095703125000000000e+00
3.166857365244461064e+01 -5.019531250000000000e+00
3.171925217839955380e+01 -2.861328125000000000e+00
3.177037957875516838e+01 -9.921875000000000000e-01
3.182312047695967294e+01 -2.730468750000000000e+00
3.187430386534514781e+01 -3.671875000000000000e-01
3.192528614515839536e+01 -2.015625000000000000e+00
3.197646718646546304e+01 -8.808593750000000000e-01
3.202822475044850137e+01 -3.027343750000000000e+00
3.208118751510586719e+01 -3.298828125000000000e+00
3.213316733741579867e+01 -2.224609375000000000e+00
3.218471378226249868e+01 -1.757812500000000000e-02
3.223411169544313282e+01 -3.931640625000000000e+00
3.228791380006089895e+01 -5.476562500000000000e+00
3.233965662032200328e+01 -2.007812500000000000e+00
3.238981503227284264e+01 -4.070312500000000000e+00
3.244263708235256161e+01 -7.265625000000000000e-01
3.249477037602557772e+01 -3.296875000000000000e+00
3.254654043737646418e+01 -5.917968750000000000e-01
3.259867160315284451e+01 -2.199218750000000000e+00
3.264940655977217432e+01 -1.486328125000000000e+00
3.270005621948214980e+01 -1.798828125000000000e+00
3.275196820027900202e+01 -1.539062500000000000e+00
3.280391047410893179e+01 -3.867187500000000000e-01
3.285507143882249892e+01 -8.593750000000000000e-01
3.290683878531235962e+01 -1.898437500000000000e+00
3.295723464176671058e+01 -3.058593750000000000e+00
3.300976470709858290e+01 -1.937500000000000000e+00
3.306054540109914797e+01 -2.109375000000000000e+00
3.311500280389497419e+01 -2.746093750000000000e+00
3.316548055772737058e+01 1.927734375000000000e+00
3.321733684814906695e+01 -1.685546875000000000e+00
3.326846130271029978e+01 -1.207031250000000000e+00
3.332199466707761815e+01 -4.800781250000000000e+00
3.337213855865753942e+01 -4.966796875000000000e+00
3.342416297983227480e+01 -4.691406250000000000e+00
3.347492173902445955e+01 -3.433593750000000000e+00
3.352708697041809671e+01 -3.375000000000000000e+00
3.357709426787641149e+01 -6.470703125000000000e+00
3.363065560714726843e+01 -3.937500000000000000e+00
3.367979431712706173e+01 -2.945312500000000000e+00
3.373299009619834266e+01 -5.214843750000000000e+00
3.378384334069219364e+01 -5.179687500000000000e+00
3.383636253440644026e+01 -3.625000000000000000e+00
3.388643921045310492e+01 -5.146484375000000000e+00
3.393983552570868767e+01 -5.953125000000000000e+00
3.398978110091520932e+01 -6.166015625000000000e+00
3.404408433389844646e+01 -3.564453125000000000e+00
3.409463982679773153e+01 -8.654296875000000000e+00
3.414675621379101500e+01 -5.941406250000000000e+00
3.419802137146813692e+01 -7.835937500000000000e+00
3.425016002617254429e+01 -7.500000000000000000e+00
3.430281048153638324e+01 -7.462890625000000000e+00
3.435296700798404856e+01 -9.048828125000000000e+00
3.440342684319979583e+01 -6.332031250000000000e+00
3.445577740235693653e+01 -8.056640625000000000e+00
3.450864320667663776e+01 -5.691406250000000000e+00
3.455794976498599880e+01 -1.019921875000000000e+01
3.461093718605880554e+01 -6.017578125000000000e+00
3.466250576434490682e+01 -6.011718750000000000e+00
3.471380560141071925e+01 -7.498046875000000000e+00
3.476467582955033464e+01 -1.119921875000000000e+01
3.481597390182171381e+01 -6.558593750000000000e+00
3.486765360154612381e+01 -5.718750000000000000e+00
3.491998274807417602e+01 -8.869140625000000000e+00
3.497023820186043963e+01 -3.992187500000000000e+00
3.502214959924538107e+01 -6.929687500000000000e+00
3.507387575741675789e+01 -4.585937500000000000e+00
3.512791146643184703e+01 -2.484375000000000000e+00
3.517646330746379135e+01 -4.906250000000000000e+00
3.523148664297222155e+01 1.601562500000000000e+00
3.528104062030376298e+01 -2.859375000000000000e+00
3.533393855109237336e+01 -3.394531250000000000e+00
3.538349458157136240e+01 -2.910156250000000000e+00
3.543663323482632421e+01 -2.289062500000000000e+00
3.548879951054543369e+01 -1.847656250000000000e+00
3.554030196742817793e+01 -3.521484375000000000e+00
3.559245268946572338e+01 -1.953125000000000000e-01
3.564246907219560967e+01 -3.746093750000000000e+00
3.569520984369273009e+01 -2.796875000000000000e+00
3.574627594596466906e+01 -4.648437500000000000e+00
3.579861849042288213e+01 -4.669921875000000000e+00
3.584887388473910619e+01 -1.503906250000000000e+00
3.590222897014349712e+01 -5.050781250000000000e+00
3.595147485507765595e+01 -3.804687500000000000e+00
3.600561863722041522e+01 -1.546875000000000000e+00
3.605521900183148887e+01 -3.347656250000000000e+00
3.610829758742293194e+01 -4.570312500000000000e+00
3.615738218872493803e+01 -2.253906250000000000e+00
3.621134933615042684e+01 -5.542968750000000000e+00
3.626202028842825342e+01 -5.957031250000000000e+00
3.631479787397323378e+01 -4.613281250000000000e+00
3.636789777715101479e+01 -6.808593750000000000e+00
3.641661955809721718e+01 -3.503906250000000000e+00
3.646965516245101924e+01 -5.714843750000000000e+00
3.652019534832945880e+01 -4.519531250000000000e+00
3.657323718096136389e+01 -4.667968750000000000e+00
3.662237424072118586e+01 -3.835937500000000000e+00
3.667543610941968524e+01 -5.242187500000000000e+00
3.672706304774845876e+01 -5.558593750000000000e+00
3.677890691178370730e+01 -5.736328125000000000e+00
3.682967637517324988e+01 -4.392578125000000000e+00
3.688422270728197105e+01 -3.798828125000000000e+00
3.693283011988089015e+01 -4.761718750000000000e+00
3.698586687205588674e+01 -4.546875000000000000e+00
3.703598594192945370e+01 -5.464843750000000000e+00
3.708854930529205518e+01 -5.250000000000000000e+00
3.713816653030706050e+01 -7.093750000000000000e+00
3.719172019531276163e+01 -2.714843750000000000e-01
3.724154705539586985e+01 -4.513671875000000000e+00
3.729615705094599321e+01 -1.947265625000000000e+00
3.734514744464359381e+01 -2.457031250000000000e+00
3.739976440372952027e+01 8.945312500000000000e-01
3.745069301511576043e+01 -9.980468750000000000e-01
3.750193572837774525e+01 0.000000000000000000e+00
3.755355543652484585e+01 -8.261718750000000000e-01
3.760568432405642625e+01 6.914062500000000000e-01
3.765627077559889102e+01 -2.707031250000000000e+00
3.770877451697594296e+01 -3.003906250000000000e+00
3.775941900553160480e+01 -2.148437500000000000e-01
3.781047894465339709e+01 1.210937500000000000e+00
3.786158194344906036e+01 -2.355468750000000000e+00
3.791359577842806061e+01 -4.152343750000000000e+00
3.796600163429788211e+01 1.230468750000000000e-01
3.801799816528786380e+01 -4.626953125000000000e+00
3.806879284277292896e+01 -2.226562500000000000e-01
3.811904373671154644e+01 -4.351562500000000000e+00
3.817148019344322307e+01 2.773437500000000000e-01
3.822380349129780797e+01 -4.585937500000000000e+00
3.827605446572014358e+01 -8.867187500000000000e-01
3.832663643392073993e+01 -6.541015625000000000e+00
3.837959490398971241e+01 -8.046875000000000000e-01
3.843168603915772508e+01 -2.546875000000000000e+00
3.848188806677467255e+01 -4.996093750000000000e+00
3.853385384846704653e+01 -2.593750000000000000e+00
3.858615659110161289e+01 -4.791015625000000000e+00
3.863700031604175678e+01 -4.101562500000000000e+00
3.868959416219728809e+01 -5.722656250000000000e+00
