#Time Flux
-6.615289334339138350e-01 -3.789062500000000000e+00
-6.581011309601751957e-01 -4.960937500000000000e-01
-6.561288049095730379e-01 -1.562500000000000000e+00
-6.529997954793069770e-01 -6.445312500000000000e-01
-6.510254616587580756e-01 -6.542968750000000000e-01
-6.482682743022869509e-01 -2.666015625000000000e-01
-6.450495763041952380e-01 5.154296875000000000e+00
-6.423986230831801869e-01 2.181640625000000000e+00
-6.402669859919538631e-01 1.564453125000000000e+00
-6.374079216664974012e-01 4.327148437500000000e+00
-6.346934433124657993e-01 5.107421875000000000e+00
-6.316479757435859987e-01 -6.386718750000000000e-01
-6.294496545670376086e-01 5.751953125000000000e+00
-6.268407813251983818e-01 1.387695312500000000e+00
-6.241460136938647985e-01 8.550781250000000000e+00
-6.215516737866395580e-01 2.972656250000000000e+00
-6.183875581140889643e-01 3.996093750000000000e+00
-6.164985659372588245e-01 1.628906250000000000e+00
-6.135881182214202312e-01 4.177734375000000000e+00
-6.107648126708675740e-01 6.660156250000000000e+00
-6.084329705263802346e-01 8.691406250000000000e-01
-6.054922065305121670e-01 9.801757812500000000e+00
-6.029863422264019057e-01 9.338867187500000000e+00
-6.004649376075099632e-01 2.080078125000000000e+00
-5.971273385519864085e-01 4.160156250000000000e+00
-5.948305644168123685e-01 6.515625000000000000e+00
-5.922237033563289010e-01 8.568359375000000000e+00
-5.898251948623927099e-01 2.794921875000000000e+00
-5.870327574914382396e-01 2.619140625000000000e+00
-5.839340693972605578e-01 3.464843750000000000e+00
-5.817678059160673598e-01 2.425781250000000000e+00
-5.791976654342287922e-01 3.994140625000000000e+00
-5.761794392471069060e-01 2.880859375000000000e+00
-5.740983482836292673e-01 6.863281250000000000e+00
-5.703724673542116541e-01 1.505859375000000000e+00
-5.683851259077035145e-01 7.109375000000000000e-01
-5.661528267905366896e-01 -6.728515625000000000e-01
-5.630644784484020171e-01 6.457031250000000000e+00
-5.605706011047399961e-01 4.773437500000000000e+00
-5.577230975861735551e-01 7.133789062500000000e+00
-5.552951803489514226e-01 6.583984375000000000e+00
-5.525137041004630767e-01 7.402343750000000000e-01
-5.496781487651323239e-01 1.805664062500000000e+00
-5.471352140303200606e-01 4.039062500000000000e+00
-5.445839023516305666e-01 1.816406250000000000e-01
-5.421720454782605891e-01 4.968750000000000000e+00
-5.394777876834697672e-01 1.855468750000000000e+00
-5.363404657313770585e-01 9.978515625000000000e+00
-5.339882877175554654e-01 1.671875000000000000e+00
-5.312775043349065029e-01 5.115234375000000000e+00
-5.289127491618690335e-01 4.175781250000000000e+00
-5.261163295014226193e-01 3.503906250000000000e+00
-5.227574000077304106e-01 9.003906250000000000e+00
-5.206661914133703384e-01 4.951171875000000000e+00
-5.181280393444911425e-01 7.005859375000000000e+00
-5.152628579060984926e-01 4.289062500000000000e+00
-5.130968113517564433e-01 6.400390625000000000e+00
-5.099707849775296786e-01 3.730468750000000000e+00
-5.073115525884062116e-01 -2.068359375000000000e+00
-5.052377198241138068e-01 6.655273437500000000e+00
-5.020170881456986756e-01 5.634765625000000000e+00
-4.993698004284383707e-01 5.671875000000000000e+00
-4.972383536544353611e-01 5.939453125000000000e+00
-4.943776338157910288e-01 2.512695312500000000e+00
-4.915477177717968438e-01 6.364257812500000000e+00
-4.886138427457313860e-01 3.497070312500000000e+00
-4.864068128329073204e-01 5.357421875000000000e+00
-4.838120225861062274e-01 4.277343750000000000e+00
-4.809856581560301159e-01 3.219726562500000000e+00
-4.785208664834912362e-01 1.411132812500000000e+00
-4.750682823644143404e-01 -1.073242187500000000e+00
-4.733715153969089151e-01 8.023437500000000000e+00
-4.705593310151439113e-01 5.087890625000000000e+00
-4.676742482290570102e-01 -7.187500000000000000e-01
-4.651097823123975239e-01 4.330078125000000000e+00
-4.624601619071158076e-01 -2.945312500000000000e+00
-4.597101544947199692e-01 6.572265625000000000e+00
-4.573137515472311954e-01 5.104492187500000000e+00
-4.540933775650457527e-01 7.269531250000000000e+00
-4.518012287779549219e-01 5.046875000000000000e+00
-4.491948750590819550e-01 4.930664062500000000e+00
-4.467940763992790387e-01 3.730468750000000000e-01
-4.440005942990365995e-01 1.529296875000000000e+00
-4.409035580291362777e-01 1.035156250000000000e+00
-4.387398121093131209e-01 2.566406250000000000e+00
-4.361687274628347488e-01 2.418945312500000000e+00
-4.331488697877370342e-01 4.908203125000000000e+00
-4.310680679926428560e-01 2.803710937500000000e+00
-4.278076755407203002e-01 2.298828125000000000e+00
-4.253516732446276372e-01 2.323242187500000000e+00
-4.231244595234300299e-01 3.539062500000000000e+00
-4.199201094416320501e-01 4.545898437500000000e+00
-4.173924453360489117e-01 3.160156250000000000e+00
-4.146901997585215049e-01 6.198242187500000000e+00
-4.121650331137471923e-01 1.530273437500000000e+00
-4.094847822344012123e-01 -1.042968750000000000e+00
-4.066489345510935216e-01 -8.994140625000000000e-01
-4.041073482003842976e-01 -9.023437500000000000e-01
-4.013188429570133664e-01 1.230468750000000000e+00
-3.989067042334211166e-01 4.623046875000000000e+00
-3.961393276797458007e-01 5.316406250000000000e+00
-3.933055410584023193e-01 4.429687500000000000e+00
-3.909598203696518226e-01 1.384765625000000000e+00
-3.882066672697379595e-01 6.053710937500000000e+00
-3.855832467976547662e-01 9.138671875000000000e+00
-3.830510977015784135e-01 1.923828125000000000e-01
-3.797272159994911078e-01 3.632812500000000000e-01
-3.776329113614749211e-01 2.665039062500000000e+00
-3.750988035317721625e-01 1.464843750000000000e-01
-3.720423085244406458e-01 2.555664062500000000e+00
-3.697693023503654253e-01 -1.487304687500000000e+00
-3.666948037629906842e-01 8.830078125000000000e+00
-3.646150829627416989e-01 8.144531250000000000e-01
-3.621465822507583532e-01 -2.080078125000000000e+00
-3.587971793968285361e-01 3.664062500000000000e+00
-3.563410861563611753e-01 4.218750000000000000e-01
-3.539837471457261131e-01 -2.114257812500000000e+00
-3.511700896648517478e-01 -1.173828125000000000e+00
-3.485145652237826575e-01 -4.228515625000000000e+00
-3.453507026694286886e-01 2.832031250000000000e-02
-3.430935746415770815e-01 8.085937500000000000e-01
-3.407833201338221762e-01 -6.347656250000000000e-01
-3.378378637702970089e-01 2.838867187500000000e+00
-3.354610833761819677e-01 -9.902343750000000000e-01
-3.320687657906518098e-01 2.349609375000000000e+00
-3.300026703066101241e-01 -9.853515625000000000e-01
-3.272353219443586703e-01 -1.321289062500000000e+00
-3.246439589195211362e-01 -1.872070312500000000e+00
-3.220771113200000535e-01 2.547851562500000000e+00
-3.194282546574371828e-01 -2.343750000000000000e+00
-3.166081337724295786e-01 7.445312500000000000e+00
-3.141535836956279581e-01 -4.541015625000000000e+00
-3.109367606565212050e-01 5.357421875000000000e+00
-3.087642134706083397e-01 -3.470703125000000000e+00
-3.061660535139236750e-01 -2.409179687500000000e+00
-3.037629468839857516e-01 2.556640625000000000e+00
-3.009684139935826508e-01 -6.234375000000000000e+00
-2.978732322197590321e-01 -3.722656250000000000e+00
-2.957118163307743686e-01 -1.158203125000000000e+00
-2.931397907501813727e-01 -9.189453125000000000e+00
-2.903111876505577449e-01 -2.028320312500000000e+00
-2.880376288311219390e-01 -4.958984375000000000e+00
-2.847723978964897817e-01 9.277343750000000000e-01
-2.820840379689282251e-01 -5.798828125000000000e+00
-2.797762769231191271e-01 3.998046875000000000e+00
-2.767642296734655893e-01 -4.082031250000000000e-01
-2.742194613180299889e-01 5.000000000000000000e-01
-2.712916924327593016e-01 -1.810546875000000000e+00
-2.692171830800753618e-01 -3.777343750000000000e+00
-2.662326199148505879e-01 -3.849609375000000000e+00
-2.634054674709198629e-01 8.964843750000000000e-01
-2.610794811408116978e-01 -1.404296875000000000e+00
-2.582903369592228771e-01 -2.816406250000000000e+00
-2.561042088295342189e-01 -2.291015625000000000e+00
-2.534207829529324663e-01 -1.943359375000000000e-01
-2.500749081024364884e-01 -4.766601562500000000e+00
-2.475574287542667840e-01 -2.475585937500000000e+00
-2.451440951103429633e-01 -6.361328125000000000e+00
-2.424639094337597278e-01 -4.924804687500000000e+00
-2.400178209966234988e-01 -3.750000000000000000e+00
-2.366358092928271262e-01 -2.460937500000000000e+00
-2.344141460984676684e-01 -2.066406250000000000e+00
-2.320694782029466552e-01 -6.250000000000000000e+00
-2.292063648754703031e-01 -1.287109375000000000e+00
-2.267388592889312271e-01 1.943359375000000000e-01
-2.236664204887772733e-01 -7.812500000000000000e-03
-2.215811560818523596e-01 -2.396484375000000000e+00
-2.191176102424345906e-01 -5.525390625000000000e+00
-2.157627716078827085e-01 -6.414062500000000000e+00
-2.133122805055323035e-01 -1.142578125000000000e+00
-2.107218194520501520e-01 -7.328125000000000000e+00
-2.081381605290926196e-01 -1.242187500000000000e+00
-2.054814590709121980e-01 4.677734375000000000e-01
-2.023214510897095586e-01 -1.811523437500000000e+00
-2.000258656109927813e-01 -3.322265625000000000e+00
-1.974631841382223918e-01 -2.689453125000000000e+00
-1.948039669245607008e-01 -2.722656250000000000e+00
-1.924319256199362727e-01 -4.964843750000000000e+00
-1.893004230718795533e-01 -5.114257812500000000e+00
-1.866332091464286691e-01 -6.957031250000000000e+00
-1.839037101381508776e-01 -1.085351562500000000e+01
-1.816137190864970385e-01 -4.567382812500000000e+00
-1.787394918516325149e-01 -8.207031250000000000e+00
-1.762325535194069204e-01 -9.033203125000000000e+00
-1.735022928740770354e-01 -3.224609375000000000e+00
-1.711167273359421870e-01 1.451171875000000000e+00
-1.679085692056543344e-01 -3.986328125000000000e+00
-1.657312736788707497e-01 -7.587890625000000000e+00
-1.626145988128411268e-01 -4.470703125000000000e+00
-1.606268642623445153e-01 -5.359375000000000000e+00
-1.579361166980062237e-01 -3.376953125000000000e+00
-1.546524774225370713e-01 -1.089941406250000000e+01
-1.523490924308572581e-01 -4.484375000000000000e+00
-1.501108550889038717e-01 -4.721679687500000000e+00
-1.470877711341467275e-01 -2.910156250000000000e+00
-1.447165519217810115e-01 -3.416015625000000000e+00
-1.417371018513624570e-01 -1.531250000000000000e+00
-1.390475398730308676e-01 -6.011718750000000000e+00
-1.364566844088117570e-01 -5.327148437500000000e+00
-1.337247303440043389e-01 -4.025390625000000000e+00
-1.311602982314483690e-01 -5.797851562500000000e+00
-1.280022776322291556e-01 -7.088867187500000000e+00
-1.257566855180320964e-01 -7.836914062500000000e+00
-1.232039115217471448e-01 -5.634765625000000000e+00
-1.203751643698063312e-01 -2.814453125000000000e+00
-1.182940879000362600e-01 -5.323242187500000000e+00
-1.150967651993100027e-01 -9.760742187500000000e+00
-1.126011212000297412e-01 6.181640625000000000e-01
-1.103923232848020852e-01 -9.939453125000000000e+00
-1.070375516298041063e-01 5.361328125000000000e-01
-1.045237411978132691e-01 -1.056640625000000000e+00
-1.021161891171211700e-01 -9.310546875000000000e+00
-9.935083012100864863e-02 -8.529296875000000000e+00
-9.680105236479619180e-02 -3.171875000000000000e+00
-9.360545664971819946e-02 -9.955078125000000000e+00
-9.138624740303136207e-02 -6.619140625000000000e+00
-8.904026287932431671e-02 -1.308007812500000000e+01
-8.617807645791630833e-02 -8.640625000000000000e+00
-8.370850792639084048e-02 -3.454101562500000000e+00
-8.063813087796622980e-02 -6.017578125000000000e+00
-7.822628370927153796e-02 -6.742187500000000000e+00
-7.608872868153992997e-02 -8.378906250000000000e+00
-7.272814564934781956e-02 -5.984375000000000000e+00
-7.021949486956691189e-02 -5.015625000000000000e+00
-6.732459922136202479e-02 -8.580078125000000000e+00
-6.521760472973792133e-02 -4.642578125000000000e+00
-6.244834919275144003e-02 -1.039941406250000000e+01
-5.929230497499604624e-02 -1.048535156250000000e+01
-5.675395479197264947e-02 -7.759765625000000000e+00
-5.419895325689827459e-02 -9.987304687500000000e+00
-5.176996629092700530e-02 -5.487304687500000000e+00
-4.909431050041090927e-02 -8.735351562500000000e+00
-4.597369270708950850e-02 -4.014648437500000000e+00
-4.360466042421506927e-02 -3.429687500000000000e+00
-4.086759359783531664e-02 -1.016210937500000000e+01
-3.852337920984227893e-02 -5.076171875000000000e+00
-3.570198287492853950e-02 -1.032226562500000000e+01
-3.236839268943114689e-02 -5.587890625000000000e+00
-3.045638716870957552e-02 -6.449218750000000000e+00
-2.807975352047265005e-02 -7.339843750000000000e+00
-2.488028311640677614e-02 -4.248046875000000000e+00
-2.240968294140310846e-02 -5.675781250000000000e+00
-1.958569720304526030e-02 -6.557617187500000000e+00
-1.756592951282343051e-02 -9.121093750000000000e+00
-1.490390228286297969e-02 -2.607421875000000000e+00
-1.161993332647837107e-02 -5.702148437500000000e+00
-9.320745481862235948e-03 -8.328125000000000000e+00
-7.081920649987250016e-03 -1.365039062500000000e+01
-3.988098554007279972e-03 -3.762695312500000000e+00
-1.243025896877636427e-03 -2.792968750000000000e+00
1.787659454528078840e-03 -6.302734375000000000e+00
3.992885594158668283e-03 -7.437500000000000000e+00
6.571953320191559200e-03 -1.132128906250000000e+01
9.314882846917615922e-03 -1.076171875000000000e+00
1.187055650366741766e-02 -9.152343750000000000e+00
1.502672621932288344e-02 -9.387695312500000000e+00
1.686077343616210200e-02 6.601562500000000000e-01
1.973838959452600683e-02 -6.812500000000000000e+00
2.265521918157054060e-02 -2.316406250000000000e+00
2.497635640607098750e-02 -2.359375000000000000e+00
2.793532285791533454e-02 -8.034179687500000000e+00
3.042792939227445537e-02 -1.583984375000000000e+00
3.294433944097585609e-02 -5.646484375000000000e+00
3.620039872763047839e-02 -8.343750000000000000e+00
3.851000995778597336e-02 -6.406250000000000000e+00
4.088960489457726943e-02 -4.355468750000000000e+00
4.367728068314402634e-02 -6.232421875000000000e+00
4.639562343505065911e-02 -5.921875000000000000e+00
4.948663276732467864e-02 -9.781250000000000000e+00
5.164175338864218645e-02 -7.128906250000000000e-01
5.421617240276854766e-02 -1.054882812500000000e+01
5.704587941068095525e-02 -1.666015625000000000e+00
5.960905428796881012e-02 1.498046875000000000e+00
6.259892446101344987e-02 -6.984375000000000000e+00
6.504035825705867246e-02 1.150390625000000000e+00
6.694026247710427313e-02 -6.230468750000000000e+00
7.032615055791602288e-02 -8.583984375000000000e+00
7.288262400830403109e-02 -3.683593750000000000e+00
7.570820920296084111e-02 -8.171875000000000000e+00
7.816320034031098984e-02 -6.685546875000000000e+00
8.095126647381656326e-02 -3.187500000000000000e+00
8.373935823542888457e-02 -5.953125000000000000e+00
8.603529505558427104e-02 -2.446289062500000000e+00
8.883005704115221057e-02 -1.224023437500000000e+01
9.126388812142471885e-02 1.031250000000000000e+00
9.362622090843952805e-02 -2.330078125000000000e+00
9.705794428805747387e-02 -5.485351562500000000e+00
9.942398062262469693e-02 6.562500000000000000e-01
1.021687408646867468e-01 -2.070312500000000000e+00
1.045069258703317239e-01 -1.477929687500000000e+01
1.073356431064498295e-01 -7.779296875000000000e+00
1.106616487100389179e-01 -2.312500000000000000e+00
1.125797900785583394e-01 1.542968750000000000e+00
1.149570377630482199e-01 -4.830078125000000000e+00
1.181478976242504864e-01 -8.082031250000000000e+00
1.206205819827608217e-01 -5.742187500000000000e+00
1.234433020137222226e-01 -3.250000000000000000e+00
1.257868244537843072e-01 -3.886718750000000000e-01
1.281833954475171122e-01 -3.992187500000000000e+00
1.312183308865808584e-01 -5.619140625000000000e+00
1.340432133190474495e-01 -4.484375000000000000e+00
1.361739136743866929e-01 -5.435546875000000000e+00
1.389733739618810304e-01 -1.093750000000000000e-01
1.418847717424376320e-01 -6.387695312500000000e+00
1.445755733402200871e-01 -1.078320312500000000e+01
1.470204766373675032e-01 -2.958984375000000000e+00
1.496006348177176815e-01 -2.541992187500000000e+00
1.523544097668101394e-01 -4.650390625000000000e+00
1.549013251278250625e-01 -2.398437500000000000e+00
1.580992312068276728e-01 -1.106054687500000000e+01
1.603108990333150796e-01 -2.991210937500000000e+00
1.627687635962085100e-01 1.318359375000000000e-01
1.657455395513829366e-01 -2.927734375000000000e+00
1.683208361420425181e-01 -3.183593750000000000e+00
1.709672737233218776e-01 -2.849609375000000000e+00
1.735358126191872685e-01 -3.977539062500000000e+00
1.761155310413908825e-01 -4.548828125000000000e+00
1.793430322933586840e-01 -6.926757812500000000e+00
1.816242285072389162e-01 -5.687500000000000000e+00
1.839397162489624371e-01 -1.235546875000000000e+01
1.867052953500687451e-01 -5.707031250000000000e+00
1.894279622908969785e-01 -3.873046875000000000e+00
1.925171077047291845e-01 -4.365234375000000000e+00
1.946696562677541209e-01 -2.666015625000000000e+00
1.972450053602663456e-01 -1.966796875000000000e+00
2.000752732535613365e-01 -5.726562500000000000e+00
2.026370091756257708e-01 -3.152343750000000000e+00
2.056341647359256619e-01 -5.171875000000000000e+00
2.080692593720894212e-01 2.094726562500000000e+00
2.102871304355657944e-01 -3.622070312500000000e+00
2.133737975949343557e-01 -7.246093750000000000e+00
2.159204711787938713e-01 2.929687500000000000e+00
2.187411706552242485e-01 -5.057617187500000000e+00
2.211376675382381585e-01 -1.007812500000000000e+00
2.239832956721827806e-01 -1.421875000000000000e+00
2.267746010169084947e-01 -6.518554687500000000e+00
2.293019863645464618e-01 -6.369140625000000000e+00
2.318589655049001497e-01 2.816406250000000000e+00
2.342978963766240152e-01 -3.289062500000000000e+00
2.369626779319815579e-01 2.028320312500000000e+00
2.401348165599808127e-01 -2.396484375000000000e+00
2.427753261813965224e-01 -3.718750000000000000e+00
2.448947148178874933e-01 3.343750000000000000e+00
2.475371446940282105e-01 -8.457031250000000000e-01
2.500538627893134080e-01 3.014648437500000000e+00
2.533451161470612334e-01 2.234375000000000000e+00
2.558004401718378951e-01 -1.838867187500000000e+00
2.583163602902924794e-01 8.203125000000000000e-02
2.611760730098029448e-01 -9.708984375000000000e+00
2.639346614217652487e-01 2.853515625000000000e+00
2.667163133387959739e-01 -3.896484375000000000e+00
2.685128154843887671e-01 -4.945312500000000000e+00
2.712673666028000419e-01 -5.775390625000000000e+00
2.746415941509945391e-01 -1.109375000000000000e+00
2.770717908031214982e-01 1.898437500000000000e+00
2.794448378822877999e-01 -1.651367187500000000e+00
2.820724255244861922e-01 -2.077148437500000000e+00
2.849178908174088143e-01 -9.707031250000000000e-01
2.878677985252191540e-01 -2.560546875000000000e+00
2.900998106364167661e-01 1.099609375000000000e+00
2.926293604075469457e-01 -4.771484375000000000e+00
2.953939503145712742e-01 -4.615234375000000000e+00
2.979535938953210561e-01 2.693359375000000000e+00
3.013419684138654020e-01 -5.917968750000000000e-01
3.033446217835755743e-01 -4.733398437500000000e+00
3.057991503781105624e-01 3.154296875000000000e+00
3.087757809014441968e-01 -2.583984375000000000e+00
3.113535971234837607e-01 1.373046875000000000e+00
3.139994372031238434e-01 3.871093750000000000e+00
3.167370321228681895e-01 -6.246093750000000000e+00
3.191478163207233099e-01 3.032226562500000000e+00
3.223769144707644418e-01 -6.232421875000000000e+00
3.246554265875187806e-01 4.091796875000000000e-01
3.269676158393415299e-01 8.457031250000000000e-01
3.297334139249441520e-01 -1.667968750000000000e+00
3.325127949268373850e-01 -3.425781250000000000e+00
3.355476969547037669e-01 -2.900390625000000000e+00
3.376975613660331277e-01 -2.269531250000000000e+00
3.402739872384266118e-01 -7.353515625000000000e-01
3.431046078992505688e-01 -4.143554687500000000e+00
3.456648645354585270e-01 4.800781250000000000e+00
3.486694236445653239e-01 4.189453125000000000e+00
3.510983131694527248e-01 -1.513671875000000000e-01
3.536329664304069809e-01 3.191406250000000000e+00
3.565493562309303144e-01 -1.178710937500000000e+00
3.590844677047750899e-01 5.892578125000000000e+00
3.617740852430446630e-01 -1.701171875000000000e+00
3.641741306433288194e-01 1.363281250000000000e+00
3.670152415171785698e-01 4.712890625000000000e+00
3.700144256071786764e-01 6.835937500000000000e-02
3.726533832042646655e-01 6.787109375000000000e-01
3.748879723723368418e-01 4.414062500000000000e-01
3.775326801201588367e-01 2.332031250000000000e+00
3.799911046509378831e-01 5.087890625000000000e-01
3.831697406508789427e-01 -5.476562500000000000e+00
3.856472669794621666e-01 1.593750000000000000e+00
3.882413633545693799e-01 1.109375000000000000e+00
3.909597464312848381e-01 5.638671875000000000e+00
3.934191862018918684e-01 -2.667968750000000000e+00
3.967216940377973344e-01 1.638671875000000000e+00
3.988337673137309913e-01 -8.535156250000000000e-01
4.013456404572490754e-01 5.531250000000000000e+00
4.042043431501514128e-01 -1.730468750000000000e+00
4.069625170144286486e-01 2.896484375000000000e+00
4.095012930039521049e-01 -1.880859375000000000e+00
4.120939889820469659e-01 2.105468750000000000e+00
4.146134027446832793e-01 6.899414062500000000e+00
4.176761829730417652e-01 7.630859375000000000e+00
4.201005601396459177e-01 5.058593750000000000e+00
4.227231281823660147e-01 -2.019531250000000000e+00
4.254071830043861802e-01 6.113281250000000000e-01
4.281740545141956567e-01 4.718750000000000000e+00
4.313131010275816912e-01 3.259765625000000000e+00
4.336275189925369311e-01 -1.203125000000000000e+00
4.357267814520615623e-01 7.378906250000000000e+00
4.386320575991289328e-01 1.255859375000000000e+00
4.409826976857891268e-01 5.150390625000000000e+00
4.443701687486765195e-01 8.945312500000000000e+00
4.467789774701955707e-01 -6.796875000000000000e-01
4.489112105714898604e-01 7.007812500000000000e+00
4.518061226597205327e-01 7.596679687500000000e+00
4.547125620068586116e-01 1.445312500000000000e+00
4.570313635303633326e-01 -5.771484375000000000e-01
4.598494893696212227e-01 6.353515625000000000e+00
4.623326177708406703e-01 5.619140625000000000e+00
4.655021288082497044e-01 2.644531250000000000e+00
4.677001852687272532e-01 3.007812500000000000e+00
4.699956133422822369e-01 8.140625000000000000e+00
4.727613364491416448e-01 7.458984375000000000e+00
4.755433909070727605e-01 1.488281250000000000e+00
4.785781007623466365e-01 8.072265625000000000e+00
4.805672010035366704e-01 4.706054687500000000e+00
4.833028682136066845e-01 9.513671875000000000e+00
4.861339332353520337e-01 4.627929687500000000e+00
4.886928204126457231e-01 7.617187500000000000e+00
4.917048004746500389e-01 8.521484375000000000e+00
4.944106433059975991e-01 7.648437500000000000e+00
4.968021871696293168e-01 8.330078125000000000e+00
4.997362748122733400e-01 1.052539062500000000e+01
5.022620427407258337e-01 5.666992187500000000e+00
5.051559458762775456e-01 1.291601562500000000e+01
5.072804646900812564e-01 7.369140625000000000e+00
5.101282753209981369e-01 5.735351562500000000e+00
5.131047978472929039e-01 6.497070312500000000e+00
5.156861071365297366e-01 9.810546875000000000e+00
5.181498072298866830e-01 7.425781250000000000e+00
5.205610499120227885e-01 1.112109375000000000e+01
5.230196864714826699e-01 4.831054687500000000e+00
5.264137164325406459e-01 5.950195312500000000e+00
5.288517780295993731e-01 2.683593750000000000e+00
5.312776516002086780e-01 9.185546875000000000e+00
5.340592616018993155e-01 8.111328125000000000e+00
5.367920421019833910e-01 5.130859375000000000e+00
5.398143453333910102e-01 1.111621093750000000e+01
5.420232439369581101e-01 9.744140625000000000e+00
5.443748106044505874e-01 9.166015625000000000e+00
5.474322626694185789e-01 7.229492187500000000e+00
5.499904730662388275e-01 5.294921875000000000e+00
5.522873268025714211e-01 9.023437500000000000e+00
5.545914172980310752e-01 8.794921875000000000e+00
5.576417985590096382e-01 8.435546875000000000e+00
5.607107901887098400e-01 8.103515625000000000e+00
5.631292210862297587e-01 1.061132812500000000e+01
5.657590879112430748e-01 1.179101562500000000e+01
5.684412138477958898e-01 9.841796875000000000e+00
5.710623440768824999e-01 1.022265625000000000e+01
5.743434349860314647e-01 1.052929687500000000e+01
5.766553935026901279e-01 9.732421875000000000e+00
5.787597730522553441e-01 8.472656250000000000e+00
5.816660251635352719e-01 1.301953125000000000e+01
5.840119120198812297e-01 8.746093750000000000e+00
5.874519765718599906e-01 1.475878906250000000e+01
5.894648087021343574e-01 7.830078125000000000e+00
5.919399634352462414e-01 1.133203125000000000e+01
5.948363649338284098e-01 1.332031250000000000e+01
5.977460690220608441e-01 1.373632812500000000e+01
6.002465542958415057e-01 1.094140625000000000e+01
6.029657971622830459e-01 1.286523437500000000e+01
6.053695686597677650e-01 5.892578125000000000e+00
6.085302913881167619e-01 6.273437500000000000e+00
6.107177662211638047e-01 9.884765625000000000e+00
6.133046588612629524e-01 1.118750000000000000e+01
6.158417225618495472e-01 8.766601562500000000e+00
6.185741002976594682e-01 5.216796875000000000e+00
6.218100303827258646e-01 1.451953125000000000e+01
6.240903472272767427e-01 9.448242187500000000e+00
6.263318481418103101e-01 8.752929687500000000e+00
6.294995323332424064e-01 4.365234375000000000e+00
6.319642025023808340e-01 1.273339843750000000e+01
6.346219047503423027e-01 1.179882812500000000e+01
6.374492321585027987e-01 9.203125000000000000e+00
6.398388179164213874e-01 1.079882812500000000e+01
6.427758485311252379e-01 1.128320312500000000e+01
6.452930092418267538e-01 3.356445312500000000e+00
6.484410482712992252e-01 9.756835937500000000e+00
6.503696689731031100e-01 1.149707031250000000e+01
6.531586934186217608e-01 1.285644531250000000e+01
6.561350404124390856e-01 1.208007812500000000e+01
6.587148692174669140e-01 1.062402343750000000e+01
6.611783599174971826e-01 7.189453125000000000e+00
6.638422139330513172e-01 1.411035156250000000e+01
6.660481734426439981e-01 5.100585937500000000e+00
6.696625726937392997e-01 5.423828125000000000e+00
6.718900779319998406e-01 8.355468750000000000e+00
6.743175176532114623e-01 8.559570312500000000e+00
6.770871898522754506e-01 9.541015625000000000e+00
6.798729370114908743e-01 1.170410156250000000e+01
6.828446535058469991e-01 5.422851562500000000e+00
6.850511545358610732e-01 1.264843750000000000e+01
6.874040707479718293e-01 9.914062500000000000e+00
6.904616748477121480e-01 8.607421875000000000e+00
6.930182297058786745e-01 1.016015625000000000e+01
6.955591745892453215e-01 9.060546875000000000e+00
6.981628390334257972e-01 9.270507812500000000e+00
7.003541398589310241e-01 1.278515625000000000e+01
7.037455157914842552e-01 1.025976562500000000e+01
7.062470732110832650e-01 1.527734375000000000e+01
7.091397264091514607e-01 1.305761718750000000e+01
7.115485164045423083e-01 9.810546875000000000e+00
7.142351152091150901e-01 9.617187500000000000e+00
7.173736561307584303e-01 1.185546875000000000e+01
7.200127797601016955e-01 1.105566406250000000e+01
7.220114932264105612e-01 8.734375000000000000e+00
7.246999964605078670e-01 8.775390625000000000e+00
7.273461979777067210e-01 1.134277343750000000e+01
7.304835667389437681e-01 2.099609375000000000e+00
7.324931439841313452e-01 9.031250000000000000e+00
7.352919811338822775e-01 5.670898437500000000e+00
7.379266716903241097e-01 1.623242187500000000e+01
7.407814110854396006e-01 1.065039062500000000e+01
7.436812776133168157e-01 9.145507812500000000e+00
7.460258465143452256e-01 7.297851562500000000e+00
7.484066370117545830e-01 8.431640625000000000e+00
7.517599486934625208e-01 9.415039062500000000e+00
7.540410785869915422e-01 9.134765625000000000e+00
7.566154585263129562e-01 1.090820312500000000e+01
7.588754519368694496e-01 3.128906250000000000e+00
7.616523575342886154e-01 4.390625000000000000e+00
7.648426635365057624e-01 9.307617187500000000e+00
7.674559657214117259e-01 9.308593750000000000e+00
7.698413220328390594e-01 8.018554687500000000e+00
7.724618597959782562e-01 4.973632812500000000e+00
7.752452190077350203e-01 8.533203125000000000e+00
7.777755093294724809e-01 8.572265625000000000e+00
7.805086766587518987e-01 1.338281250000000000e+01
7.828755661189972237e-01 9.664062500000000000e+00
7.858155357621918746e-01 1.257812500000000000e+01
7.883239397633172718e-01 8.440429687500000000e+00
7.914700353481312067e-01 9.557617187500000000e+00
7.934032336713743305e-01 3.791015625000000000e+00
7.961890744925350649e-01 5.779296875000000000e+00
7.991653335091108978e-01 8.538085937500000000e+00
8.017433094406005711e-01 8.632812500000000000e+00
8.042069200484123215e-01 9.656250000000000000e+00
8.068713323954879169e-01 7.283203125000000000e+00
8.090767155291842538e-01 6.034179687500000000e+00
8.124886157660116126e-01 5.652343750000000000e+00
8.147983509741176800e-01 8.261718750000000000e+00
8.173497259529123316e-01 1.066210937500000000e+01
8.201756529873409640e-01 1.358886718750000000e+01
8.229036157048124078e-01 7.271484375000000000e+00
8.261423469971804767e-01 5.478515625000000000e+00
8.280791674638319222e-01 8.333984375000000000e+00
8.306588179824323515e-01 1.022265625000000000e+01
8.336929333876019754e-01 1.125781250000000000e+01
8.360461870455333511e-01 1.460937500000000000e+01
8.385882119393064382e-01 1.106640625000000000e+01
8.411973836103747715e-01 6.975585937500000000e+00
8.436987532018547231e-01 3.901367187500000000e+00
8.467822760568690654e-01 8.436523437500000000e+00
8.493740922276233896e-01 1.147265625000000000e+01
8.521725518301113134e-01 1.035742187500000000e+01
8.546610419419784499e-01 7.041015625000000000e+00
8.574107122141456649e-01 2.781250000000000000e+00
8.604039647106680455e-01 1.095312500000000000e+01
8.630411683530401223e-01 2.101562500000000000e+00
8.650409321838661292e-01 2.841796875000000000e+00
8.677339716501177858e-01 8.102539062500000000e+00
8.703746923121371548e-01 6.117187500000000000e+00
8.735152188789965244e-01 8.098632812500000000e+00
8.755213271513204720e-01 3.565429687500000000e+00
8.783222172168760888e-01 2.270507812500000000e+00
8.809570520912113345e-01 1.270703125000000000e+01
8.838146189270936759e-01 4.270507812500000000e+00
8.871104284713062782e-01 -5.625000000000000000e-01
8.890621640384379631e-01 1.045410156250000000e+01
8.914436228180022681e-01 7.503906250000000000e+00
8.947892477742709350e-01 7.696289062500000000e+00
8.970715430470170837e-01 4.447265625000000000e+00
8.996450967795235343e-01 7.138671875000000000e+00
9.019727525300886839e-01 4.746093750000000000e+00
9.046813057429550220e-01 7.425781250000000000e+00
9.078753629960873983e-01 7.426757812500000000e+00
9.104845071167360082e-01 1.116992187500000000e+01
9.126150514973718764e-01 4.953125000000000000e+00
9.154921968394340581e-01 7.817382812500000000e+00
9.183503715932181954e-01 4.906250000000000000e+00
9.214793689228384377e-01 5.644531250000000000e+00
9.235446892983927292e-01 7.075195312500000000e+00
9.259122320232164860e-01 6.812500000000000000e+00
9.288551366130897158e-01 3.107421875000000000e+00
9.313548343197493029e-01 5.520507812500000000e+00
9.347528133802853745e-01 3.068359375000000000e+00
9.364757537361154682e-01 2.394531250000000000e+00
9.392195185180336470e-01 4.746093750000000000e+00
9.421956272460669801e-01 1.001757812500000000e+01
9.447716959162353323e-01 9.377929687500000000e+00
9.472353876946302265e-01 6.724609375000000000e+00
9.501546851446200925e-01 1.116992187500000000e+01
9.525773538006927499e-01 1.030468750000000000e+01
9.557423576290213774e-01 4.933593750000000000e+00
9.580592742742317647e-01 6.238281250000000000e+00
9.603867229888747303e-01 2.832031250000000000e+00
9.632093453713923559e-01 6.883789062500000000e+00
9.659343078732074428e-01 5.187500000000000000e+00
9.689687094898129516e-01 1.042382812500000000e+01
9.711070827702794617e-01 4.761718750000000000e+00
9.736876958143987348e-01 8.580078125000000000e+00
9.767234715385262334e-01 3.582031250000000000e+00
9.790740449592272299e-01 9.408203125000000000e+00
9.818581371305783456e-01 5.857421875000000000e+00
9.847541566894086884e-01 6.806640625000000000e+00
9.867272121387513639e-01 -4.697265625000000000e-01
9.898136180628664960e-01 6.832031250000000000e+00
9.924121285657352409e-01 4.001953125000000000e+00
9.952055302790117075e-01 6.755859375000000000e+00
9.977368415427507742e-01 6.030273437500000000e+00
1.000442832674848237e+00 3.419921875000000000e+00
1.003494253360943222e+00 6.196289062500000000e+00
1.006069553402587191e+00 1.009082031250000000e+01
1.008070260423074682e+00 1.126953125000000000e+01
1.010767905286733770e+00 5.396484375000000000e+00
1.013403241885637796e+00 8.544921875000000000e+00
1.016610539017670511e+00 4.500000000000000000e+00
1.019080862322838676e+00 6.042968750000000000e+00
1.021350652325011543e+00 -9.775390625000000000e-01
1.024156748986529086e+00 9.013671875000000000e+00
1.026847880730887397e+00 2.368164062500000000e+00
1.030140390715633458e+00 6.259765625000000000e+00
1.032130094416749522e+00 1.828125000000000000e+00
1.034620643416523045e+00 2.299804687500000000e+00
1.037614848503973786e+00 7.474609375000000000e+00
1.040371798603112019e+00 -4.333984375000000000e+00
1.042674524095446920e+00 6.785156250000000000e+00
1.045012208909572138e+00 3.177734375000000000e+00
1.048025103036300587e+00 1.643554687500000000e+00
1.051110182210643895e+00 2.414062500000000000e+00
1.053513240590065347e+00 3.222656250000000000e+00
1.055906100683891680e+00 7.265625000000000000e+00
1.058649372350876527e+00 7.157226562500000000e+00
1.061383461626204561e+00 -9.863281250000000000e-02
1.064732811690146885e+00 8.250000000000000000e+00
1.066596445097780066e+00 3.148437500000000000e+00
1.068949015616050158e+00 3.396484375000000000e+00
1.072068161685414855e+00 2.219726562500000000e+00
1.074397627054671567e+00 2.371093750000000000e+00
1.077528050530920156e+00 5.839843750000000000e+00
1.079847471050700003e+00 -2.236328125000000000e+00
1.082324527646372658e+00 -1.771484375000000000e+00
1.085286048431548078e+00 5.169921875000000000e+00
1.087799978982322502e+00 5.664062500000000000e+00
1.090263962821294008e+00 7.792968750000000000e-01
1.092929386319113183e+00 6.001953125000000000e+00
1.095609735530119311e+00 2.257812500000000000e+00
1.098782219592210119e+00 4.074218750000000000e+00
1.101088731385201580e+00 -2.699218750000000000e+00
1.103423182488728393e+00 -5.859375000000000000e-02
1.106243146814772427e+00 2.343750000000000000e-02
1.108964913595950064e+00 3.360351562500000000e+00
1.111999277559474919e+00 7.378906250000000000e+00
1.114135000528724717e+00 3.914062500000000000e+00
1.116716622831838590e+00 3.850585937500000000e+00
1.119549556377706923e+00 2.553710937500000000e+00
1.122102003637658107e+00 -1.095703125000000000e+00
1.124886581835701893e+00 -5.218750000000000000e+00
1.127783833716197393e+00 2.771484375000000000e+00
1.130070149479390551e+00 3.906250000000000000e-03
1.132849602508900322e+00 7.453125000000000000e+00
1.135450081324921978e+00 5.105468750000000000e+00
1.138238461863469109e+00 1.028320312500000000e+00
1.140770427919737706e+00 -3.439453125000000000e+00
1.143474870022286982e+00 -2.912109375000000000e+00
1.146524598025964625e+00 2.626953125000000000e+00
1.149428763131392195e+00 -2.382812500000000000e+00
1.151330780609671089e+00 -8.613281250000000000e-01
1.154227541130196988e+00 -9.707031250000000000e-01
1.156128575102733258e+00 7.597656250000000000e-01
1.159645562534529439e+00 2.667968750000000000e+00
1.162114282560609446e+00 -4.875000000000000000e+00
1.164702616560636894e+00 2.359375000000000000e+00
1.167414864559354282e+00 -2.206054687500000000e+00
1.170061083249998468e+00 -1.022460937500000000e+00
1.173170340387105881e+00 5.427734375000000000e+00
1.175300752510479274e+00 8.896484375000000000e-01
1.177789786655877080e+00 1.457031250000000000e+00
1.180642990703883566e+00 3.554687500000000000e+00
1.183399657571819752e+00 -2.683593750000000000e+00
1.185704140237022308e+00 -3.166015625000000000e+00
1.188051479250095355e+00 -4.898437500000000000e+00
1.191053518353831331e+00 -2.247070312500000000e+00
1.194138411234555885e+00 -2.798828125000000000e+00
1.196541965921598116e+00 1.806640625000000000e+00
1.198938484828936168e+00 -1.693359375000000000e+00
1.201681536878416390e+00 2.706054687500000000e+00
1.204416705385623398e+00 -6.660156250000000000e+00
1.207762989062712844e+00 -8.796875000000000000e+00
1.209629886173893443e+00 -2.535156250000000000e+00
1.211985716677696612e+00 -2.476562500000000000e+00
1.215102196195907203e+00 -2.792968750000000000e+00
1.217426788412516281e+00 1.679687500000000000e+00
1.220809271078863389e+00 3.873046875000000000e+00
1.223219700709115898e+00 -7.281250000000000000e+00
1.225353220789068942e+00 -7.080078125000000000e+00
1.228316362832223785e+00 -5.878906250000000000e-01
1.231159492085818208e+00 -6.566406250000000000e+00
1.233491408005606527e+00 -1.491210937500000000e+00
1.236214511255051551e+00 2.359375000000000000e+00
1.238642225933248797e+00 -1.224609375000000000e+00
1.241822094484775540e+00 -1.662109375000000000e+00
1.244118099911387443e+00 -5.816406250000000000e+00
1.246459559915780169e+00 -4.951171875000000000e+00
1.249276757406146299e+00 -5.746093750000000000e+00
1.251953901829215177e+00 -4.998046875000000000e+00
1.255029860290191479e+00 -5.957031250000000000e+00
1.257162920760995561e+00 8.691406250000000000e-01
1.259745549034371193e+00 -4.486328125000000000e+00
1.262578932001589438e+00 -3.115234375000000000e-01
1.265129963014580916e+00 -2.210937500000000000e+00
1.267914933270324784e+00 -1.017578125000000000e+01
1.270859603573585739e+00 1.875976562500000000e+00
1.273097911532342863e+00 -1.595703125000000000e+00
1.276060740904318980e+00 -7.523437500000000000e+00
1.278706370131071690e+00 -1.849609375000000000e+00
1.281603336337094223e+00 -6.568359375000000000e+00
1.283804023253428461e+00 -6.647460937500000000e+00
1.286579200965892733e+00 -8.224609375000000000e+00
1.289615073293638670e+00 -7.255859375000000000e+00
1.292126362871887979e+00 -4.046875000000000000e+00
1.294359577241950499e+00 -1.977539062500000000e+00
1.297000234489634529e+00 -4.730468750000000000e+00
1.299460306828362333e+00 -5.530273437500000000e+00
1.302610198051074253e+00 -3.203125000000000000e+00
1.305147707229438403e+00 -1.038867187500000000e+01
1.307730603120537349e+00 -5.693359375000000000e+00
1.310446169803575867e+00 -1.246093750000000000e+00
1.312938714740409019e+00 -9.728515625000000000e+00
1.316200378177700969e+00 -2.279296875000000000e+00
1.318334235758042983e+00 -8.906250000000000000e+00
1.321043638536459452e+00 -7.972656250000000000e+00
1.323671228022387236e+00 -9.380859375000000000e+00
1.326427617348920229e+00 -8.814453125000000000e+00
1.328733645427520038e+00 -3.519531250000000000e+00
1.331090963685671369e+00 -5.457031250000000000e+00
1.334081938182455795e+00 -6.054687500000000000e-01
1.337166645351638206e+00 -3.386718750000000000e+00
1.339570583336127552e+00 -5.328125000000000000e+00
1.342301471769273169e+00 -5.483398437500000000e+00
1.344996333916748110e+00 -4.588867187500000000e+00
1.347505052779116586e+00 -8.162109375000000000e+00
1.350793153869700003e+00 -3.855468750000000000e+00
1.352877949139614344e+00 -3.988281250000000000e+00
1.355224796072392213e+00 -1.162207031250000000e+01
1.358136184482240827e+00 -3.425781250000000000e+00
1.360456060430400349e+00 -7.306640625000000000e+00
1.363586104105299457e+00 -6.355468750000000000e+00
1.366248076329021899e+00 -2.763671875000000000e+00
1.368382123064614930e+00 -8.658203125000000000e+00
1.371346791196223602e+00 -3.234375000000000000e+00
1.374188260840266018e+00 -6.236328125000000000e+00
1.376523566712380298e+00 -4.790039062500000000e+00
1.379339380754349476e+00 -3.293945312500000000e+00
1.381986734469641043e+00 -8.660156250000000000e+00
1.384915540947217361e+00 2.264648437500000000e+00
1.387147579956175658e+00 -8.685546875000000000e+00
1.389495955030684904e+00 -1.374414062500000000e+01
1.392393561254682055e+00 -6.955078125000000000e+00
1.395026415912392848e+00 -8.415039062500000000e+00
1.398262438135819741e+00 -1.335742187500000000e+01
1.400190943489681317e+00 -8.232421875000000000e+00
1.402999127571777915e+00 -6.863281250000000000e+00
1.405814907286504045e+00 -7.308593750000000000e+00
1.408696383802413354e+00 -1.201367187500000000e+01
1.410704088774902720e+00 -8.354492187500000000e+00
1.413893640878045810e+00 -8.261718750000000000e+00
1.416524658809024562e+00 -7.955078125000000000e+00
1.419436445013665837e+00 -6.195312500000000000e+00
1.421746729814871602e+00 -4.774414062500000000e+00
1.424362901806990989e+00 -8.224609375000000000e+00
1.426817774305488395e+00 -6.931640625000000000e+00
1.429609739640685939e+00 -1.062207031250000000e+01
1.432645507711235222e+00 -1.219531250000000000e+01
1.434822872623001455e+00 -1.210546875000000000e+01
1.437618862578486478e+00 -8.847656250000000000e+00
1.440399106188806844e+00 -8.169921875000000000e+00
1.442488822321277508e+00 -5.698242187500000000e+00
1.445641898659918656e+00 -2.248046875000000000e+00
1.448383641969082092e+00 -1.025390625000000000e+01
1.450777930215512379e+00 -7.656250000000000000e+00
1.453696161384829821e+00 -1.008203125000000000e+01
1.456286083634727113e+00 -1.407812500000000000e+01
1.459294846607328999e+00 -4.453125000000000000e+00
1.461367627859685658e+00 -9.065429687500000000e+00
1.464072613753480523e+00 -5.494140625000000000e+00
1.466699360217855297e+00 -7.500000000000000000e+00
1.469455477947442468e+00 -1.145898437500000000e+01
1.472002200308590636e+00 -1.070605468750000000e+01
1.474653727949727600e+00 -6.142578125000000000e+00
1.477110412573486409e+00 -1.477734375000000000e+01
1.480207200885301333e+00 -6.238281250000000000e+00
1.482713663701682894e+00 -1.006835937500000000e+01
1.485333571337063452e+00 -5.356445312500000000e+00
1.488120262909757852e+00 -1.033398437500000000e+01
1.490533979858402081e+00 -9.527343750000000000e+00
1.493883866500939295e+00 -1.077734375000000000e+01
1.496120537674826334e+00 -5.923828125000000000e+00
1.498456549094363321e+00 -1.399414062500000000e+01
1.501326378538171191e+00 -1.082226562500000000e+01
1.503786809174155747e+00 -4.780273437500000000e+00
1.506865852519652549e+00 -1.255664062500000000e+01
1.509276644499870201e+00 -4.044921875000000000e+00
1.511733543473340324e+00 -1.150292968750000000e+01
1.514729898166802258e+00 -6.173828125000000000e+00
1.517217120973465505e+00 -3.863281250000000000e+00
1.520145441135494657e+00 -4.602539062500000000e+00
1.522468135389458688e+00 -5.972656250000000000e+00
1.525019916641716655e+00 -5.951171875000000000e+00
1.527997129686947897e+00 -7.285156250000000000e+00
1.530492210781770890e+00 -1.079589843750000000e+01
1.532797029309543646e+00 -1.091113281250000000e+01
1.535692276564035952e+00 -5.422851562500000000e+00
1.538095438765552547e+00 -7.761718750000000000e+00
1.541492460148540911e+00 -8.220703125000000000e+00
1.543558067437654335e+00 -5.957031250000000000e+00
1.546302779855572851e+00 -7.835937500000000000e+00
1.548845193049010582e+00 -4.279296875000000000e+00
1.551459825835585837e+00 -1.105078125000000000e+01
1.553971656563183590e+00 -8.845703125000000000e+00
1.556927791978482967e+00 -7.552734375000000000e+00
1.559360735447222535e+00 -8.314453125000000000e+00
1.562470388894830142e+00 -8.347656250000000000e+00
1.564777736886712178e+00 -1.004589843750000000e+01
1.567662840675576152e+00 -4.181640625000000000e+00
1.569885562904485443e+00 -4.935546875000000000e+00
1.572640141411060677e+00 -5.465820312500000000e+00
1.575675856338015546e+00 -4.332031250000000000e+00
1.577850858244303378e+00 -4.587890625000000000e+00
1.580647363839628561e+00 -8.843750000000000000e+00
1.583429735027266805e+00 -3.193359375000000000e+00
1.585216309658384226e+00 -9.490234375000000000e+00
1.588673611466905999e+00 -7.548828125000000000e-01
1.591421844322718826e+00 -5.166015625000000000e+00
1.593810132112370548e+00 -9.653320312500000000e+00
1.596735671773746645e+00 -9.732421875000000000e+00
1.599318391880619750e+00 -7.511718750000000000e+00
1.602325162397712610e+00 -3.610351562500000000e+00
1.604401128689600942e+00 -6.024414062500000000e+00
1.607325871915921578e+00 -6.125000000000000000e+00
1.609935706627539931e+00 -2.289062500000000000e+00
1.612483439361633408e+00 -9.792968750000000000e+00
1.615031125852649074e+00 -7.363281250000000000e+00
1.617681965035400626e+00 -8.164062500000000000e+00
1.620138891570198192e+00 -8.263671875000000000e+00
1.623254560588935025e+00 -3.187500000000000000e+00
1.625866242975422704e+00 -9.871093750000000000e+00
1.628418461419598451e+00 -2.421875000000000000e+00
1.631171292029425679e+00 -1.960937500000000000e+00
1.633870754801277858e+00 -9.074218750000000000e+00
1.636914063671385922e+00 -5.080078125000000000e+00
1.639148524052827849e+00 -6.392578125000000000e+00
1.641485830774719101e+00 -1.088085937500000000e+01
1.644354702578813665e+00 -3.738281250000000000e+00
1.646815382401794592e+00 -8.149414062500000000e+00
1.649894202266253274e+00 -6.712890625000000000e+00
1.652305105794177109e+00 -4.332031250000000000e+00
1.654761995076071690e+00 -7.967773437500000000e+00
1.657764206537063245e+00 -3.144531250000000000e+00
1.660280924374777811e+00 -2.949218750000000000e+00
1.663558847585182576e+00 -9.468750000000000000e+00
1.665501968552375978e+00 -5.431640625000000000e+00
1.668052952425163049e+00 -2.943359375000000000e+00
1.671025254897496648e+00 -1.212890625000000000e+00
1.673781094576363593e+00 -1.003125000000000000e+01
1.675829933769231062e+00 -6.854492187500000000e+00
1.678726152862467957e+00 -7.546875000000000000e+00
1.681124541166312714e+00 -1.002734375000000000e+01
1.684321301597041076e+00 -8.564453125000000000e-01
1.686586280567236917e+00 -3.453125000000000000e+00
1.689335309348784619e+00 -3.846679687500000000e+00
1.691875665534417372e+00 6.855468750000000000e-01
1.694816134960232201e+00 -5.714843750000000000e+00
1.697720574161897478e+00 -9.765625000000000000e-04
1.700021550040361706e+00 -2.109375000000000000e+00
1.702397491224070247e+00 -1.001171875000000000e+01
1.705504386556235152e+00 1.250000000000000000e+00
1.707808658124080781e+00 -5.941406250000000000e+00
1.710942275528897882e+00 -7.399414062500000000e+00
1.713258282034759938e+00 -3.511718750000000000e+00
1.715670656329852273e+00 -8.024414062500000000e+00
1.718885496025863935e+00 -1.055664062500000000e+00
1.721211326058939450e+00 -9.960937500000000000e-01
1.723675972777667376e+00 -7.773437500000000000e+00
1.726531502217360181e+00 -7.228515625000000000e+00
1.728846529641261842e+00 -2.132812500000000000e+00
1.731705236496740685e+00 -9.150390625000000000e-01
1.734460262626777549e+00 -2.818359375000000000e+00
1.736842241924709151e+00 -6.820312500000000000e+00
1.739775096022601275e+00 -2.636718750000000000e+00
1.742386802796640266e+00 -4.057617187500000000e+00
1.745619563193716806e+00 -4.147460937500000000e+00
1.747324595603237718e+00 -3.867187500000000000e-01
1.750354533277235003e+00 2.113281250000000000e+00
1.752965001288204094e+00 2.792968750000000000e-01
1.755511201763831686e+00 -6.125000000000000000e+00
1.758298004338533449e+00 -6.572265625000000000e+00
1.760955587089804597e+00 -7.812500000000000000e-02
1.763167375216246890e+00 -2.999023437500000000e+00
1.766289322396874528e+00 -4.042968750000000000e-01
1.768904367796455102e+00 -2.273437500000000000e+00
1.771446379869259680e+00 3.111328125000000000e+00
1.774204918140417142e+00 -2.028320312500000000e+00
1.776902867003768538e+00 -4.939453125000000000e+00
1.779944411483258992e+00 -3.974609375000000000e-01
1.782176412241781360e+00 -2.363281250000000000e-01
1.784515202211288010e+00 -5.220703125000000000e+00
1.787571051291844126e+00 3.234375000000000000e+00
1.789843911078744965e+00 -3.746093750000000000e+00
1.793004629515739357e+00 1.063476562500000000e+00
1.795548031805041411e+00 -1.693359375000000000e+00
1.797790350527023184e+00 -5.419921875000000000e+00
1.800798733076913294e+00 1.265625000000000000e+00
1.803314208122859696e+00 1.963867187500000000e+00
1.806588643697569552e+00 -2.027343750000000000e+00
1.808535719882597981e+00 5.863281250000000000e+00
1.811086142047819258e+00 -6.318359375000000000e+00
1.814017648313124065e+00 -2.672851562500000000e+00
1.816808857378739539e+00 -2.183593750000000000e+00
1.819358208572477542e+00 1.056640625000000000e+00
1.821760133007005011e+00 9.394531250000000000e-01
1.824776999960842971e+00 5.703125000000000000e-01
1.827548858700859480e+00 -5.253906250000000000e-01
1.829614641078616932e+00 1.884765625000000000e-01
1.832650203452754756e+00 -4.107421875000000000e+00
1.835110145975298090e+00 -9.013671875000000000e-01
1.837808685017768173e+00 -4.123046875000000000e+00
1.841243089344745787e+00 2.348632812500000000e+00
1.843061869780609374e+00 2.685546875000000000e-01
1.845434370044637173e+00 -3.017578125000000000e+00
1.848680726952399489e+00 -2.550781250000000000e+00
1.850841975059259958e+00 -1.779296875000000000e+00
1.853971191395932694e+00 2.878906250000000000e+00
1.856286604321896627e+00 2.343750000000000000e-02
1.858635510182607309e+00 2.134765625000000000e+00
1.861917951711761665e+00 -1.608398437500000000e+00
1.864239740372388043e+00 2.164062500000000000e+00
1.866475349562053632e+00 -7.480468750000000000e-01
1.869561840417693244e+00 1.253906250000000000e+00
1.872071808731520237e+00 -9.921875000000000000e-01
1.875052952744550971e+00 1.740234375000000000e+00
1.877534213100401583e+00 -1.523437500000000000e-01
1.879842232237526556e+00 -1.054687500000000000e+00
1.882814634242055973e+00 1.738281250000000000e+00
1.885417582618496679e+00 3.706054687500000000e+00
1.888583373529356235e+00 6.483398437500000000e+00
1.890467956777824643e+00 3.650390625000000000e+00
1.893383203187798625e+00 1.718750000000000000e+00
1.895994287039458159e+00 6.913085937500000000e+00
1.898539165091599479e+00 1.636718750000000000e+00
1.901475911438278210e+00 -1.715820312500000000e+00
1.903984620976509889e+00 1.471679687500000000e+00
1.906507104703589306e+00 8.898437500000000000e+00
1.909698676537625150e+00 3.896484375000000000e+00
1.911942308797694334e+00 -9.062500000000000000e-01
1.914474295997890430e+00 -2.257812500000000000e+00
1.917238555441831416e+00 -1.696289062500000000e+00
1.919934996202896205e+00 -1.148437500000000000e+00
1.922974760102763359e+00 8.193359375000000000e-01
1.925204402228657852e+00 5.115234375000000000e+00
1.927773445277809694e+00 1.541992187500000000e+00
1.930789878014139038e+00 2.312500000000000000e+00
1.932872445252681315e+00 3.955078125000000000e+00
1.936036321950045380e+00 3.019531250000000000e+00
1.938581375736206702e+00 2.490234375000000000e+00
1.940497525260392209e+00 2.001953125000000000e+00
1.943870314623886042e+00 3.792968750000000000e+00
1.946391541363806432e+00 7.574218750000000000e+00
1.949244057613353398e+00 5.880859375000000000e+00
1.951665793200624499e+00 4.246093750000000000e+00
1.954457373596917291e+00 3.335937500000000000e+00
1.957292528230710760e+00 4.017578125000000000e+00
1.960124510119889640e+00 -1.476562500000000000e+00
1.962387179143799676e+00 3.224609375000000000e+00
1.964793966868414232e+00 5.429687500000000000e+00
1.967493767171211383e+00 3.121093750000000000e+00
1.970600971929483691e+00 -8.144531250000000000e-01
1.972642899119047888e+00 5.748046875000000000e+00
1.975686340591306323e+00 3.285156250000000000e+00
1.978057206521001810e+00 -2.322265625000000000e+00
1.980882560888088673e+00 6.699218750000000000e-01
1.984212603638253025e+00 3.109375000000000000e+00
1.986097906627361187e+00 1.184765625000000000e+01
