#Time Flux
-4.586027242510063218e+00 1.599218750000000000e+01
-4.566852956666270558e+00 1.509375000000000000e+01
-4.550113720104175030e+00 1.312500000000000000e+01
-4.530647119108682119e+00 1.735937500000000000e+01
-4.512020767824150624e+00 1.659375000000000000e+01
-4.493650264581848575e+00 1.661718750000000000e+01
-4.474632127166191964e+00 1.632031250000000000e+01
-4.454318403713521946e+00 1.469531250000000000e+01
-4.439109840959737596e+00 1.500781250000000000e+01
-4.420396235269503649e+00 1.696875000000000000e+01
-4.402196100292698588e+00 2.001562500000000000e+01
-4.382749128708972819e+00 1.815625000000000000e+01
-4.366211121266726281e+00 1.862500000000000000e+01
-4.346749978752843191e+00 1.905468750000000000e+01
-4.327787386216225940e+00 1.967968750000000000e+01
-4.309756899267267016e+00 1.857812500000000000e+01
-4.290728339037091388e+00 1.825781250000000000e+01
-4.272441061901437465e+00 1.975781250000000000e+01
-4.255094363122733370e+00 2.025781250000000000e+01
-4.236778396093104249e+00 1.869921875000000000e+01
-4.218470263932609043e+00 2.456250000000000000e+01
-4.199044891390958156e+00 2.387109375000000000e+01
-4.182308447574225596e+00 2.108593750000000000e+01
-4.162986606300624004e+00 2.037890625000000000e+01
-4.144039493932947238e+00 2.079296875000000000e+01
-4.125849431941059464e+00 2.169531250000000000e+01
-4.107074674255283497e+00 2.146875000000000000e+01
-4.090524121859537843e+00 2.045312500000000000e+01
-4.071341927930404836e+00 2.323437500000000000e+01
-4.053205143709174507e+00 2.323828125000000000e+01
-4.034660393208234552e+00 2.142968750000000000e+01
-4.015140769084400318e+00 2.303515625000000000e+01
-3.998405999494618612e+00 2.271875000000000000e+01
-3.979214139250633053e+00 2.084375000000000000e+01
-3.960427212213954107e+00 1.935546875000000000e+01
-3.942330715628884263e+00 1.669921875000000000e+01
-3.927014120706783018e+00 1.813671875000000000e+01
-3.906580559528858743e+00 1.860937500000000000e+01
-3.887433258499584099e+00 1.871093750000000000e+01
-3.869303026249081512e+00 1.914453125000000000e+01
-3.850754686780184954e+00 1.814843750000000000e+01
-3.831028636872950699e+00 1.835156250000000000e+01
-3.814715119526709941e+00 1.734375000000000000e+01
-3.795307948069183368e+00 1.726562500000000000e+01
-3.776525553895890397e+00 1.735937500000000000e+01
-3.758429341713451777e+00 1.744140625000000000e+01
-3.741176409174178374e+00 1.271875000000000000e+01
-3.722714017860901947e+00 1.319531250000000000e+01
-3.703634794939784314e+00 1.495312500000000000e+01
-3.685400911175502614e+00 1.374218750000000000e+01
-3.666934561228902822e+00 1.182812500000000000e+01
-3.649288776982094973e+00 1.185156250000000000e+01
-3.630821609943144068e+00 8.199218750000000000e+00
-3.611401779239475474e+00 9.601562500000000000e+00
-3.593149180063807790e+00 8.781250000000000000e+00
-3.574645504604863078e+00 7.734375000000000000e+00
-3.559175293762137926e+00 7.867187500000000000e+00
-3.539187437921277990e+00 7.648437500000000000e+00
-3.519862523109882346e+00 7.089843750000000000e+00
-3.501681057060423541e+00 3.914062500000000000e+00
-3.483298149281985445e+00 4.859375000000000000e+00
-3.465386755742903446e+00 4.957031250000000000e+00
-3.446915036558976908e+00 7.011718750000000000e+00
-3.427576543438462409e+00 4.117187500000000000e+00
-3.409281020109961702e+00 3.875000000000000000e+00
-3.390777227514579550e+00 4.429687500000000000e+00
-3.371480142472147890e+00 9.921875000000000000e-01
-3.354904009562936551e+00 2.515625000000000000e+00
-3.336002757538963692e+00 2.847656250000000000e+00
-3.317787491586287274e+00 1.585937500000000000e+00
-3.299219663798780289e+00 1.070312500000000000e+00
-3.281484882871401609e+00 1.257812500000000000e+00
-3.263234200788620143e+00 1.429687500000000000e+00
-3.243971827057269053e+00 1.562500000000000000e-02
-3.225542517652119301e+00 4.921875000000000000e-01
-3.207199785650598045e+00 -2.343750000000000000e+00
-3.189478442480568887e+00 -1.457031250000000000e+00
-3.171378805994386596e+00 -3.750000000000000000e+00
-3.152120277680225513e+00 -6.359375000000000000e+00
-3.134219842389761368e+00 -5.335937500000000000e+00
-3.115485193340795433e+00 -2.484375000000000000e+00
-3.097582808019316403e+00 -5.441406250000000000e+00
-3.079336657643043651e+00 -3.210937500000000000e+00
-3.060066090128405136e+00 -2.195312500000000000e+00
-3.041417153513936711e+00 -3.242187500000000000e+00
-3.022998716487965254e+00 -2.367187500000000000e+00
-3.007527973083391259e+00 -1.500000000000000000e+00
-2.987512246636537583e+00 -3.703125000000000000e+00
-2.968212112094917643e+00 -3.804687500000000000e+00
-2.950503264526105340e+00 -3.062500000000000000e+00
-2.931697091885446582e+00 -6.562500000000000000e-01
-2.911937121442761622e+00 -3.359375000000000000e+00
-2.895435183982112193e+00 -2.523437500000000000e+00
-2.876057981267969410e+00 -4.929687500000000000e+00
-2.857720840398886963e+00 -4.617187500000000000e+00
-2.839117493948627668e+00 -2.222656250000000000e+00
-2.821703531795167308e+00 -3.871093750000000000e+00
-2.803817492985476889e+00 -2.535156250000000000e+00
-2.784659583551132300e+00 -1.296875000000000000e+00
-2.766593297886629443e+00 -5.562500000000000000e+00
-2.747595567096208669e+00 -3.421875000000000000e+00
-2.728035537979749847e+00 -2.148437500000000000e+00
-2.711310965540963736e+00 -1.511718750000000000e+00
-2.692270603774648663e+00 -3.632812500000000000e-01
-2.674028668889878446e+00 -8.828125000000000000e-01
-2.655356910835795503e+00 1.132812500000000000e-01
-2.639718151508326116e+00 2.343750000000000000e-02
-2.620190212312344613e+00 1.382812500000000000e+00
-2.600874395311382870e+00 -1.531250000000000000e+00
-2.582764546256328231e+00 2.042968750000000000e+00
-2.563835021657403956e+00 -3.777343750000000000e+00
-2.544133925645738259e+00 2.859375000000000000e+00
-2.527186127544748473e+00 1.195312500000000000e+00
-2.508349220438706340e+00 9.765625000000000000e-01
-2.490076415160409340e+00 -2.304687500000000000e-01
-2.471343415253709708e+00 2.000000000000000000e+00
-2.455813326817199993e+00 1.617187500000000000e+00
-2.436325891195352256e+00 2.968750000000000000e-01
-2.417267763455665630e+00 1.875000000000000000e+00
-2.398952235641786501e+00 3.257812500000000000e+00
-2.379788597056244015e+00 2.925781250000000000e+00
-2.360232284440726858e+00 1.070312500000000000e+00
-2.343738191207869193e+00 2.132812500000000000e+00
-2.324572252113931370e+00 3.753906250000000000e+00
-2.306334260176338802e+00 4.445312500000000000e+00
-2.287654465314997054e+00 6.656250000000000000e+00
-2.269981844634703094e+00 3.421875000000000000e+00
-2.252399210321790690e+00 3.101562500000000000e+00
-2.233071849111855300e+00 3.125000000000000000e+00
-2.214863419075754791e+00 5.289062500000000000e+00
-2.196032090938068393e+00 6.140625000000000000e+00
-2.176098146997691885e+00 6.300781250000000000e+00
-2.159828234293012628e+00 3.781250000000000000e+00
-2.140756812573425094e+00 4.765625000000000000e+00
-2.122423270544498308e+00 6.679687500000000000e+00
-2.103899697657528378e+00 6.929687500000000000e+00
-2.087989965702629291e+00 5.101562500000000000e+00
-2.068505831584527499e+00 4.539062500000000000e+00
-2.049312669226431183e+00 8.210937500000000000e+00
-2.031191492802392418e+00 4.015625000000000000e+00
-2.012301818701207168e+00 7.925781250000000000e+00
-1.994170921774884420e+00 6.574218750000000000e+00
-1.976136214897326937e+00 5.917968750000000000e+00
-1.957258787674380329e+00 4.257812500000000000e+00
-1.938702770660999164e+00 6.351562500000000000e+00
-1.919836178134143978e+00 7.242187500000000000e+00
-1.900289994497153856e+00 7.859375000000000000e+00
-1.884599120382532078e+00 6.281250000000000000e+00
-1.865752370289598616e+00 6.968750000000000000e+00
-1.847413340062452392e+00 6.449218750000000000e+00
-1.828402275676936029e+00 4.054687500000000000e+00
-1.808290460452234072e+00 3.339843750000000000e+00
-1.792088701345978308e+00 8.703125000000000000e+00
-1.773551708570554553e+00 6.742187500000000000e+00
-1.755498392862122614e+00 5.515625000000000000e+00
-1.736093071217386097e+00 5.710937500000000000e+00
-1.720176725037646293e+00 1.015625000000000000e+01
-1.700626246658718088e+00 8.691406250000000000e+00
-1.681853866647777807e+00 7.000000000000000000e+00
-1.663377630581976518e+00 7.367187500000000000e+00
-1.644582117247889386e+00 7.277343750000000000e+00
-1.626366845412366757e+00 7.367187500000000000e+00
-1.608601533999259203e+00 6.554687500000000000e+00
-1.589649990644208088e+00 5.792968750000000000e+00
-1.571576068760077050e+00 3.765625000000000000e+00
-1.552396985134759433e+00 7.218750000000000000e+00
-1.536276933795790001e+00 7.500000000000000000e+00
-1.516720111764076506e+00 9.980468750000000000e+00
-1.497954169930064694e+00 6.964843750000000000e+00
-1.479724672454182155e+00 7.679687500000000000e+00
-1.460684709109415280e+00 1.053906250000000000e+01
-1.442464804615401164e+00 7.492187500000000000e+00
-1.424700489655602809e+00 8.304687500000000000e+00
-1.405911988653787859e+00 9.222656250000000000e+00
-1.387668174888130324e+00 7.859375000000000000e+00
-1.368286330573813103e+00 6.468750000000000000e+00
-1.352377167226705978e+00 9.765625000000000000e+00
-1.332813797706254633e+00 8.980468750000000000e+00
-1.314250685548977060e+00 7.296875000000000000e+00
-1.295853693015775576e+00 6.191406250000000000e+00
-1.277019444467121900e+00 7.925781250000000000e+00
-1.260303796004929922e+00 7.882812500000000000e+00
-1.240934185037833259e+00 8.343750000000000000e+00
-1.222336107877463718e+00 7.816406250000000000e+00
-1.203829669411579317e+00 6.085937500000000000e+00
-1.184796004388122270e+00 7.218750000000000000e+00
-1.168477625339193082e+00 5.414062500000000000e+00
-1.148994879674912539e+00 7.257812500000000000e+00
-1.130178091345484859e+00 5.320312500000000000e+00
-1.111950546276890606e+00 5.519531250000000000e+00
-1.093117917407333550e+00 7.554687500000000000e+00
-1.076401651420066941e+00 4.320312500000000000e+00
-1.057094352577482965e+00 3.203125000000000000e+00
-1.038434550025822745e+00 9.078125000000000000e+00
-1.019980347213483185e+00 8.765625000000000000e+00
-1.000685694009074922e+00 6.652343750000000000e+00
-9.808540829742646849e-01 3.679687500000000000e+00
-9.651309307212514454e-01 6.710937500000000000e+00
-9.465438835046526833e-01 7.070312500000000000e+00
-9.283563170514028684e-01 6.164062500000000000e+00
-9.094517530492254309e-01 6.734375000000000000e+00
-8.927250144741840643e-01 8.078125000000000000e+00
-8.731930148090079058e-01 7.246093750000000000e+00
-8.545330521280725122e-01 6.687500000000000000e+00
-8.361742987814544392e-01 6.460937500000000000e+00
-8.167818737420695641e-01 7.156250000000000000e+00
-7.988100703480718323e-01 6.992187500000000000e+00
-7.812790353398959553e-01 5.835937500000000000e+00
-7.629183106722088326e-01 6.515625000000000000e+00
-7.443284470889679483e-01 6.394531250000000000e+00
-7.250795990152312243e-01 6.648437500000000000e+00
-7.085972381516079110e-01 6.687500000000000000e+00
-6.892439465171555923e-01 6.312500000000000000e+00
-6.706314642412785076e-01 5.457031250000000000e+00
-6.525053261689492956e-01 3.738281250000000000e+00
-6.334303542826198452e-01 3.914062500000000000e+00
-6.167723782906726626e-01 5.792968750000000000e+00
-5.974689356484361724e-01 6.558593750000000000e+00
-5.791586591753627999e-01 5.546875000000000000e+00
-5.603103915129636903e-01 6.609375000000000000e+00
-5.411781994884279356e-01 7.164062500000000000e+00
-5.212143765701426901e-01 6.796875000000000000e+00
-5.053905045818147812e-01 6.210937500000000000e+00
-4.863614928104560420e-01 6.968750000000000000e+00
-4.688889141713659114e-01 5.171875000000000000e+00
-4.495737631275638080e-01 3.937500000000000000e+00
-4.328791027224099253e-01 5.812500000000000000e+00
-4.136054172299168386e-01 7.023437500000000000e+00
-3.949629456366565705e-01 3.406250000000000000e+00
-3.766396289768820793e-01 5.515625000000000000e+00
-3.577460688928937316e-01 7.867187500000000000e+00
-3.390527716258198154e-01 3.406250000000000000e+00
-3.215279078619808217e-01 5.671875000000000000e+00
-3.031554277895196492e-01 3.207031250000000000e+00
-2.850097195142602402e-01 6.984375000000000000e+00
-2.675298514953006190e-01 6.144531250000000000e+00
-2.489568177577652364e-01 6.132812500000000000e+00
-2.300256981851447335e-01 5.835937500000000000e+00
-2.113714540123226016e-01 6.640625000000000000e+00
-1.927339804072474294e-01 3.335937500000000000e+00
-1.753499897868344704e-01 4.863281250000000000e+00
-1.573525852236201672e-01 4.949218750000000000e+00
-1.378170494935879731e-01 4.160156250000000000e+00
-1.194922211692563963e-01 5.546875000000000000e+00
-1.011118758934621553e-01 2.953125000000000000e+00
-8.548614161079370888e-02 5.437500000000000000e+00
-6.133023492090572404e-02 3.554687500000000000e+00
-4.582857089259917416e-02 3.101562500000000000e+00
-2.747779873104150283e-02 2.046875000000000000e+00
-8.623311689213153386e-03 6.179687500000000000e+00
1.058707680144976848e-02 3.320312500000000000e+00
3.102133082516189688e-02 3.703125000000000000e+00
4.642465360833369914e-02 5.898437500000000000e+00
6.497458747822904002e-02 2.617187500000000000e+00
8.286329802072245343e-02 1.691406250000000000e+00
9.841844641525909765e-02 6.648437500000000000e+00
1.188195819626969296e-01 5.492187500000000000e+00
1.381693786848927630e-01 3.875000000000000000e+00
1.566145621806143140e-01 5.808593750000000000e+00
1.752726198099239241e-01 7.578125000000000000e-01
1.945430151489446757e-01 4.398437500000000000e+00
2.128869642719752875e-01 2.882812500000000000e+00
2.303233741239054666e-01 3.070312500000000000e+00
2.485512701041585615e-01 5.113281250000000000e+00
2.666842871375543211e-01 3.875000000000000000e+00
2.823042836265337030e-01 4.921875000000000000e+00
3.027190280403999623e-01 8.750000000000000000e-01
3.220478959370609573e-01 4.859375000000000000e+00
3.403706243602115933e-01 3.757812500000000000e+00
3.591682706317200768e-01 4.062500000000000000e+00
3.784018935251438620e-01 3.250000000000000000e+00
3.967887083299235229e-01 3.589843750000000000e+00
4.142220219453847108e-01 3.453125000000000000e+00
4.322404884838952910e-01 3.328125000000000000e+00
4.505661158552207723e-01 4.035156250000000000e+00
4.661851819177798006e-01 2.750000000000000000e+00
4.866184496708854113e-01 2.953125000000000000e+00
5.059363927762774438e-01 2.375000000000000000e+00
5.242420970002790170e-01 3.285156250000000000e+00
5.429763583499394031e-01 1.343750000000000000e+00
5.623364384617772771e-01 5.156250000000000000e-01
5.804573632810647865e-01 4.347656250000000000e+00
5.980168054927297305e-01 5.656250000000000000e+00
6.160521726691037259e-01 1.441406250000000000e+00
6.344697777391807847e-01 4.140625000000000000e+00
6.501081727350062067e-01 1.644531250000000000e+00
6.705178468541532766e-01 1.500000000000000000e+00
6.897935417793910062e-01 -1.480468750000000000e+00
7.081915975917851824e-01 5.000000000000000000e+00
7.263866045771933955e-01 1.875000000000000000e-01
7.456662824307471737e-01 4.664062500000000000e+00
7.626188972084015916e-01 3.656250000000000000e+00
7.814845055494892279e-01 2.957031250000000000e+00
7.998468635206101851e-01 2.421875000000000000e+00
8.183785225454762724e-01 3.679687500000000000e+00
8.340362538121794955e-01 9.218750000000000000e-01
8.539865743513708196e-01 -1.914062500000000000e-01
8.733324957112387210e-01 1.582031250000000000e+00
8.920460893691419813e-01 4.257812500000000000e+00
9.105350481581524491e-01 4.871093750000000000e+00
9.300335343246786124e-01 3.156250000000000000e+00
9.482614398182054316e-01 1.097656250000000000e+00
9.656656522175950386e-01 4.363281250000000000e+00
9.835096755591656859e-01 -6.406250000000000000e-01
1.002276718788284171e+00 1.265625000000000000e+00
1.017714989228931444e+00 5.058593750000000000e+00
1.037795205856170355e+00 6.250000000000000000e-01
1.057141343804815392e+00 1.898437500000000000e+00
1.075272314437839327e+00 2.191406250000000000e+00
1.094276525957191382e+00 3.671875000000000000e-01
1.113935193341234253e+00 5.320312500000000000e+00
1.130204880032785297e+00 1.167968750000000000e+00
1.149169984875573647e+00 3.593750000000000000e+00
1.167406075751486583e+00 9.179687500000000000e-01
1.185728166838021735e+00 1.972656250000000000e+00
1.201813848043773447e+00 6.796875000000000000e-01
1.221693818982245716e+00 3.546875000000000000e+00
1.241038967633485868e+00 4.203125000000000000e+00
1.259227131286863255e+00 1.210937500000000000e+00
1.278075593030145285e+00 -3.046875000000000000e-01
1.297372849597294930e+00 1.976562500000000000e+00
1.313815543370090211e+00 3.503906250000000000e+00
1.333080141512130723e+00 3.421875000000000000e+00
1.351424484655485259e+00 1.582031250000000000e+00
1.369834144300636325e+00 1.421875000000000000e+00
1.385682138264627383e+00 6.250000000000000000e-01
1.405476525892222384e+00 3.601562500000000000e+00
1.424909787554238250e+00 2.125000000000000000e+00
1.442903852336257842e+00 3.351562500000000000e+00
1.461756539007115663e+00 2.546875000000000000e+00
1.481506747306731597e+00 2.562500000000000000e+00
1.497766657175748861e+00 4.648437500000000000e+00
1.516894601357986261e+00 7.265625000000000000e-01
1.534991187315497996e+00 1.878906250000000000e+00
1.553854595238604475e+00 1.726562500000000000e+00
1.569581416704266985e+00 2.414062500000000000e+00
1.589377393284589601e+00 1.746093750000000000e+00
1.608732674883388114e+00 2.113281250000000000e+00
1.626814012436170742e+00 3.390625000000000000e+00
1.645657962702749444e+00 1.492187500000000000e+00
1.665177372528987121e+00 1.296875000000000000e+00
1.681559868241119915e+00 2.289062500000000000e+00
1.700621035858727481e+00 1.343750000000000000e+00
1.718510334053668487e+00 -3.710937500000000000e-01
1.737754684609573275e+00 1.382812500000000000e+00
1.755408971823824160e+00 4.363281250000000000e+00
1.773492716561964500e+00 2.808593750000000000e+00
1.792702272963392574e+00 2.269531250000000000e+00
1.810724283829131309e+00 3.046875000000000000e+00
1.829396074718427911e+00 1.726562500000000000e+00
1.847337979033662592e+00 1.843750000000000000e+00
1.865512851731416788e+00 4.394531250000000000e+00
1.884566473803207742e+00 3.648437500000000000e+00
1.902977405664845634e+00 1.398437500000000000e+00
1.921762453601100873e+00 -3.593750000000000000e-01
1.941190940504593954e+00 -6.875000000000000000e-01
1.957069574055260830e+00 -3.281250000000000000e-01
1.975932796546480574e+00 -3.632812500000000000e-01
1.994414264058100628e+00 2.695312500000000000e+00
2.013300427992984254e+00 2.406250000000000000e+00
2.029498196012671229e+00 8.984375000000000000e-01
2.049081537504747530e+00 -1.554687500000000000e+00
2.068098221550016547e+00 -1.914062500000000000e-01
2.086673021577624354e+00 2.972656250000000000e+00
2.105661765840814326e+00 9.726562500000000000e-01
2.125077329904442536e+00 8.125000000000000000e-01
2.141079898775128498e+00 3.437500000000000000e+00
2.159830111134276365e+00 2.476562500000000000e+00
2.177957514061404254e+00 -1.429687500000000000e+00
2.196974779641884368e+00 2.500000000000000000e-01
2.213196386806181692e+00 5.546875000000000000e-01
2.232880309149098963e+00 1.062500000000000000e+00
2.252090844151968696e+00 1.109375000000000000e+00
2.270369737084049433e+00 2.726562500000000000e+00
2.289558383520962082e+00 2.019531250000000000e+00
2.309194256403745982e+00 5.625000000000000000e-01
2.324875734717700482e+00 -1.250000000000000000e+00
2.343724519222512015e+00 -8.515625000000000000e-01
2.361851208683788172e+00 8.046875000000000000e-01
2.380353165773257729e+00 2.812500000000000000e-01
2.396776685302263843e+00 7.460937500000000000e-01
2.416701497150263833e+00 2.101562500000000000e+00
2.435736536453894985e+00 -2.304687500000000000e-01
2.454312511164655319e+00 1.367187500000000000e-01
2.473455022214075427e+00 2.285156250000000000e+00
2.493332907371581086e+00 1.613281250000000000e+00
2.508777517754136710e+00 1.089843750000000000e+00
2.527530146806014955e+00 1.968750000000000000e+00
2.545615765852016210e+00 -3.906250000000000000e-02
2.560769675156141290e+00 8.515625000000000000e-01
2.580539443580288861e+00 2.085937500000000000e+00
2.600158566672597260e+00 1.558593750000000000e+00
2.619488299501856687e+00 8.750000000000000000e-01
2.637742424500711280e+00 2.707031250000000000e+00
2.657342222058783676e+00 1.289062500000000000e+00
2.677272866536871021e+00 -6.328125000000000000e-01
2.692883074626521989e+00 -2.343750000000000000e-01
2.711513499777417735e+00 2.539062500000000000e+00
2.729638819787055581e+00 -2.820312500000000000e+00
2.744671291681104464e+00 -1.171875000000000000e-01
2.764640818106204989e+00 -5.703125000000000000e-01
2.784221805747250755e+00 -2.554687500000000000e+00
2.803541190818485518e+00 -2.117187500000000000e+00
2.821650943057274930e+00 -1.042968750000000000e+00
2.841151421611758821e+00 -1.015625000000000000e-01
2.861136665276347912e+00 -2.953125000000000000e+00
2.876781575644642430e+00 -1.367187500000000000e+00
2.895127748200209794e+00 -1.144531250000000000e+00
2.912956566333694042e+00 -7.148437500000000000e-01
2.928379042268012711e+00 -2.937500000000000000e+00
2.948473586097186683e+00 -6.132812500000000000e-01
2.968296296735129403e+00 8.906250000000000000e-01
2.987291207287373851e+00 -1.628906250000000000e+00
3.005427048768414267e+00 -2.890625000000000000e+00
3.024803655501095534e+00 2.292968750000000000e+00
3.045070914797609163e+00 -1.632812500000000000e+00
3.060351755148506214e+00 -1.953125000000000000e-01
3.078644206523591720e+00 -1.566406250000000000e+00
3.097137135652410223e+00 9.843750000000000000e-01
3.114218779188130171e+00 -4.402343750000000000e+00
3.132484084651892431e+00 1.265625000000000000e+00
3.152197161042490592e+00 2.121093750000000000e+00
3.171303208672302532e+00 9.765625000000000000e-01
3.189272153572169088e+00 -5.468750000000000000e-01
3.208536748765684621e+00 -4.609375000000000000e-01
3.228911084683854682e+00 -1.656250000000000000e+00
3.244257259013895833e+00 -1.132812500000000000e+00
3.262590170836467962e+00 -3.406250000000000000e+00
3.281043172590834445e+00 5.000000000000000000e-01
3.298120815972405140e+00 -1.601562500000000000e+00
3.316809691432670348e+00 -1.531250000000000000e+00
3.336097953696221197e+00 6.093750000000000000e-01
3.355212159478956124e+00 -7.812500000000000000e-02
3.373305873710719993e+00 -1.753906250000000000e+00
3.391960716869206749e+00 -5.546875000000000000e-01
3.408573270003643074e+00 9.921875000000000000e-01
3.427902050384204813e+00 -8.203125000000000000e-01
3.446240675971676382e+00 -1.503906250000000000e+00
3.464827999899679156e+00 -1.015625000000000000e-01
3.484225139265248572e+00 -1.039062500000000000e+00
3.502456414574888655e+00 -2.683593750000000000e+00
3.520183002755860713e+00 -1.039062500000000000e+00
3.538869382937637198e+00 -1.609375000000000000e+00
3.556748423267215742e+00 -3.585937500000000000e+00
3.575822245780717168e+00 -8.750000000000000000e-01
3.592599658322093603e+00 -9.296875000000000000e-01
3.611799906694272977e+00 -4.687500000000000000e-01
3.629962000287861201e+00 -3.125000000000000000e-02
3.648571077368931270e+00 -2.523437500000000000e+00
3.667898848387586952e+00 4.296875000000000000e-02
3.686358555085215372e+00 1.601562500000000000e-01
3.703959595567777541e+00 -1.414062500000000000e+00
3.722203151282538869e+00 2.179687500000000000e+00
3.740318692359227981e+00 4.609375000000000000e-01
3.759721980102757044e+00 -7.421875000000000000e-01
3.776371271581837163e+00 -1.515625000000000000e+00
3.795711496257091255e+00 -9.765625000000000000e-01
3.813693815217654048e+00 -3.765625000000000000e+00
3.832759288328610126e+00 -2.609375000000000000e+00
3.851573217351969447e+00 -2.304687500000000000e+00
3.868332730632779715e+00 9.179687500000000000e-01
3.887610194082839143e+00 -2.550781250000000000e+00
3.906057930470346662e+00 2.187500000000000000e-01
3.924331512557934332e+00 -1.234375000000000000e+00
3.943621842474374972e+00 -2.843750000000000000e+00
3.964055051088497095e+00 -9.609375000000000000e-01
3.979606552662254160e+00 -2.546875000000000000e+00
3.997595725633097175e+00 -2.746093750000000000e+00
4.016408263349546814e+00 -3.187500000000000000e+00
4.035703536570828476e+00 -2.019531250000000000e+00
4.052236660970471860e+00 -2.847656250000000000e+00
4.071508223095037238e+00 -1.167968750000000000e+00
4.089895258128297684e+00 -2.367187500000000000e+00
4.108232552419600836e+00 -1.484375000000000000e-01
4.127521532798699155e+00 -2.500000000000000000e+00
4.144169277467398160e+00 -1.703125000000000000e+00
4.163390077199455419e+00 1.402343750000000000e+00
4.181352135569724737e+00 -5.062500000000000000e+00
4.200308852974956153e+00 -2.507812500000000000e+00
4.219378544480704818e+00 -8.593750000000000000e-01
4.236140617672596420e+00 -1.460937500000000000e+00
4.255406130220393379e+00 -4.054687500000000000e+00
4.273720063201107422e+00 -4.054687500000000000e+00
4.291989692160605330e+00 -2.953125000000000000e+00
4.311421251171839941e+00 -3.125000000000000000e-02
4.327939353751514062e+00 -1.601562500000000000e-01
4.347294848288601798e+00 1.132812500000000000e-01
4.365262263509904983e+00 -3.757812500000000000e+00
4.384162445745694470e+00 -3.367187500000000000e+00
4.403281251351572223e+00 -1.046875000000000000e+00
4.420044451796663054e+00 -1.097656250000000000e+00
4.439179451965880929e+00 -2.242187500000000000e+00
4.457212975817228084e+00 -2.199218750000000000e+00
4.475814875206598487e+00 -2.031250000000000000e+00
4.491685927180903093e+00 -2.867187500000000000e+00
4.511713776976471024e+00 -2.265625000000000000e+00
4.531260392724924202e+00 -2.335937500000000000e+00
4.548944377440875542e+00 -4.695312500000000000e+00
4.567925480007765771e+00 -2.902343750000000000e+00
4.587183987093439441e+00 -2.968750000000000000e+00
4.603776576135810927e+00 -1.171875000000000000e+00
4.623084189112685038e+00 -3.164062500000000000e+00
4.640756123945791956e+00 -2.781250000000000000e+00
4.659783556280054029e+00 -2.273437500000000000e+00
4.679279083641731063e+00 -2.410156250000000000e+00
4.695474739317365476e+00 -2.484375000000000000e+00
4.715046347350053679e+00 -3.203125000000000000e-01
4.732854818043506384e+00 -3.093750000000000000e+00
4.751976269446693379e+00 -5.085937500000000000e+00
4.769337325440327291e+00 -2.183593750000000000e+00
4.787682911788675000e+00 -4.070312500000000000e+00
4.806959262374622455e+00 -3.785156250000000000e+00
4.824840718039471454e+00 -3.570312500000000000e+00
4.843680420938945019e+00 -4.246093750000000000e+00
4.863181766476472490e+00 -1.265625000000000000e+00
4.879846257174310864e+00 -3.929687500000000000e+00
4.899064770603125396e+00 -3.828125000000000000e-01
4.916765168657093454e+00 -9.296875000000000000e-01
4.935555688394593687e+00 -6.640625000000000000e-01
4.951086340732231861e+00 -2.867187500000000000e+00
4.971242858811532273e+00 -1.796875000000000000e+00
4.990295631069745497e+00 1.406250000000000000e-01
5.008354288630155082e+00 -7.500000000000000000e-01
5.027577407335520832e+00 -4.355468750000000000e+00
5.047526386268796017e+00 -2.664062500000000000e+00
5.063831334785596994e+00 -2.453125000000000000e+00
5.082971552614075961e+00 -1.105468750000000000e+00
5.101007008420516797e+00 -3.750000000000000000e+00
5.119463184126139765e+00 -1.265625000000000000e+00
5.135390497295109213e+00 -4.351562500000000000e+00
5.154999806618064895e+00 -2.164062500000000000e+00
5.174170860966018637e+00 -3.714843750000000000e+00
5.192029793379870029e+00 -4.300781250000000000e+00
5.211387106958806470e+00 -4.515625000000000000e+00
5.230987263804408371e+00 -1.414062500000000000e+00
5.247444651427155549e+00 -2.070312500000000000e+00
5.266868945569420646e+00 -5.312500000000000000e-01
5.284699441786607110e+00 -1.265625000000000000e+00
5.303313079813893438e+00 -3.105468750000000000e+00
5.321043488645708308e+00 -1.761718750000000000e+00
5.338902661398236660e+00 -9.765625000000000000e-01
5.357903492724911843e+00 -6.367187500000000000e-01
5.375663546723597364e+00 -3.781250000000000000e+00
5.394898807323983192e+00 -2.289062500000000000e+00
5.414890078243033145e+00 -3.832031250000000000e+00
5.430925414330928902e+00 -2.007812500000000000e+00
5.450461239616871012e+00 -2.843750000000000000e+00
5.468609681703775038e+00 -3.574218750000000000e+00
5.487217715803058837e+00 -1.722656250000000000e+00
5.506698098867772728e+00 -2.890625000000000000e+00
5.522959599838156208e+00 -3.515625000000000000e-01
5.541804763438161530e+00 -3.136718750000000000e+00
5.559427271388774017e+00 -4.812500000000000000e+00
5.578612834346451166e+00 -8.593750000000000000e-02
5.596914786116583329e+00 -4.457031250000000000e+00
5.614978301127781180e+00 -3.484375000000000000e+00
5.634143941471975836e+00 7.343750000000000000e-01
5.652179670352850849e+00 -2.195312500000000000e+00
5.670858075368734319e+00 -2.742187500000000000e+00
5.688847706099958046e+00 -5.140625000000000000e+00
5.706703618449907367e+00 -1.937500000000000000e+00
5.725818427627775264e+00 -2.046875000000000000e+00
5.743482088795797580e+00 -8.789062500000000000e-01
5.762712947348259007e+00 -2.640625000000000000e+00
5.778919306316627313e+00 -2.148437500000000000e+00
5.798721802043516504e+00 -2.968750000000000000e+00
5.817921898760040733e+00 -3.867187500000000000e+00
5.836061477922697804e+00 -4.687500000000000000e+00
5.854766041076210570e+00 -1.539062500000000000e+00
5.872749767567919221e+00 -2.902343750000000000e+00
5.890273863228426166e+00 2.121093750000000000e+00
5.909502439559705778e+00 -5.859375000000000000e-01
5.927391459279686359e+00 2.851562500000000000e-01
5.946593370534603906e+00 -2.187500000000000000e+00
5.964718657238888611e+00 -3.585937500000000000e+00
5.982610481629322408e+00 -3.109375000000000000e+00
6.001533495634014059e+00 -1.789062500000000000e+00
6.019926577667419565e+00 -3.914062500000000000e+00
6.038674127499099598e+00 -1.398437500000000000e+00
6.054658908840007570e+00 -3.949218750000000000e+00
6.074292259039122399e+00 -1.507812500000000000e+00
6.093114624440964633e+00 -3.472656250000000000e+00
6.111574165916490387e+00 -4.351562500000000000e+00
6.130523334352542264e+00 -3.515625000000000000e+00
6.150420882768219855e+00 -5.046875000000000000e+00
6.166454193656758065e+00 -3.519531250000000000e+00
6.185146091512791600e+00 -2.226562500000000000e-01
6.203618055103920170e+00 -4.472656250000000000e+00
6.222324679281513227e+00 -5.890625000000000000e+00
6.238797983498759692e+00 -7.812500000000000000e-03
6.258197274309406311e+00 -4.351562500000000000e+00
6.276682497073139189e+00 -6.375000000000000000e+00
6.294998378765118474e+00 -3.906250000000000000e+00
6.314392490980456074e+00 -3.328125000000000000e+00
6.332522385053932723e+00 -3.460937500000000000e+00
6.350358883665389698e+00 -3.558593750000000000e+00
6.368966744060223562e+00 -3.710937500000000000e+00
6.387478556314995615e+00 -4.132812500000000000e+00
6.406227069735535906e+00 -2.460937500000000000e+00
6.424455962085383831e+00 -2.265625000000000000e+00
6.442102165597372476e+00 -3.796875000000000000e+00
6.460903466694468023e+00 -4.683593750000000000e+00
6.478883955267729533e+00 -7.445312500000000000e+00
6.498125983828096253e+00 -4.117187500000000000e+00
6.514627685040274230e+00 -4.125000000000000000e+00
6.534203992036403008e+00 -7.437500000000000000e+00
6.552766924902094559e+00 -1.429687500000000000e+00
6.571176087075773609e+00 -3.625000000000000000e+00
6.590129588828489204e+00 -4.601562500000000000e+00
6.610311803695356758e+00 -2.171875000000000000e+00
6.625875781621939353e+00 4.296875000000000000e-01
6.644344567455501505e+00 -3.585937500000000000e+00
6.662587727846599250e+00 -2.148437500000000000e+00
6.681776872040344983e+00 -3.660156250000000000e+00
6.698319272545148806e+00 -2.203125000000000000e+00
6.717938439015199492e+00 -2.906250000000000000e+00
6.736755244867588033e+00 -5.414062500000000000e+00
6.755385716316226308e+00 -2.773437500000000000e+00
6.774550529833437196e+00 -4.703125000000000000e+00
6.794405247691308602e+00 -5.226562500000000000e+00
6.809931350275640227e+00 -2.929687500000000000e-01
6.827866667956175917e+00 -5.476562500000000000e+00
6.846317900829696157e+00 -4.269531250000000000e+00
6.861892908820980352e+00 -2.675781250000000000e+00
6.882217860176268687e+00 -1.820312500000000000e+00
6.901846017634454711e+00 -1.750000000000000000e+00
6.920618395390512489e+00 -4.839843750000000000e+00
6.939166541267873356e+00 -2.953125000000000000e+00
6.957934613859464434e+00 -2.039062500000000000e+00
6.978302797130588431e+00 -5.257812500000000000e+00
6.993676588401935845e+00 -3.476562500000000000e+00
7.011760213988953439e+00 -2.171875000000000000e+00
7.030219426838108632e+00 -2.277343750000000000e+00
7.049582806740644969e+00 -3.855468750000000000e+00
7.066116524059424364e+00 -5.187500000000000000e+00
7.085753575997443932e+00 -1.734375000000000000e+00
7.104543505510143575e+00 -5.210937500000000000e+00
7.122659617518934283e+00 -3.031250000000000000e+00
7.141837119564655723e+00 -6.117187500000000000e+00
7.161825215208509121e+00 -4.382812500000000000e+00
7.177380224065942116e+00 -3.179687500000000000e+00
7.195627941142767270e+00 -2.890625000000000000e+00
7.214279099896483416e+00 -4.335937500000000000e+00
7.233388613749401230e+00 -3.671875000000000000e+00
7.250128551988698433e+00 -3.441406250000000000e+00
7.269508998971314639e+00 -5.710937500000000000e+00
7.288422888578089953e+00 -5.156250000000000000e+00
7.306756068777222168e+00 -1.636718750000000000e+00
7.325479799270386394e+00 -4.277343750000000000e+00
7.345728283083289512e+00 -5.187500000000000000e+00
7.361227898786928847e+00 -2.039062500000000000e+00
7.379530273039883070e+00 -2.984375000000000000e+00
7.398022411515945862e+00 -4.234375000000000000e+00
7.417289009310469083e+00 -4.093750000000000000e+00
7.435933908893828104e+00 -5.167968750000000000e+00
7.453258602459662541e+00 -2.734375000000000000e+00
7.472318413910976176e+00 -7.609375000000000000e+00
7.490447570883247863e+00 -2.898437500000000000e+00
7.509197889722699415e+00 -5.343750000000000000e+00
7.525555302937213753e+00 -5.285156250000000000e+00
7.545134889625224162e+00 -1.835937500000000000e-01
7.563432502778915989e+00 -4.035156250000000000e+00
7.582087129257669034e+00 -5.289062500000000000e+00
7.601690234949703751e+00 -2.726562500000000000e+00
7.621829136938895743e+00 -3.953125000000000000e+00
7.637366418815421554e+00 -2.238281250000000000e+00
7.655523073023175584e+00 -4.648437500000000000e+00
7.673575206691197081e+00 -3.398437500000000000e+00
7.689332327586395621e+00 -4.835937500000000000e+00
7.709391178011795631e+00 -4.640625000000000000e+00
7.728983360737309738e+00 -2.515625000000000000e+00
7.747334730458852903e+00 -2.898437500000000000e+00
7.765991136022019958e+00 -4.242187500000000000e+00
7.785301116937471733e+00 -2.570312500000000000e+00
7.805629037849129759e+00 -5.812500000000000000e+00
7.820988757821549342e+00 -1.667968750000000000e+00
7.839103022977020885e+00 -2.824218750000000000e+00
7.857644760506296677e+00 -6.812500000000000000e+00
7.873473921356296756e+00 -5.132812500000000000e+00
7.893238478448562745e+00 -3.566406250000000000e+00
7.912930844581548939e+00 -3.304687500000000000e+00
7.931237006065522621e+00 -3.210937500000000000e+00
7.949727119995465330e+00 -5.625000000000000000e+00
7.969098542625133064e+00 -4.468750000000000000e+00
7.987639618777945927e+00 -6.289062500000000000e+00
8.004555694052811532e+00 -5.140625000000000000e+00
8.022893701187072679e+00 -4.097656250000000000e+00
8.041552703621924536e+00 -4.734375000000000000e+00
8.057374905396816445e+00 -5.367187500000000000e+00
8.077263650385070548e+00 -4.921875000000000000e+00
8.096835016073580249e+00 -3.937500000000000000e+00
8.115139279522146865e+00 -3.648437500000000000e+00
8.133427360072470691e+00 -1.718750000000000000e+00
8.151108030126676951e+00 -6.699218750000000000e+00
8.169507615144055990e+00 -4.070312500000000000e+00
8.188462312012831035e+00 -5.687500000000000000e+00
8.206907160028301007e+00 -3.824218750000000000e+00
8.225578675576922905e+00 -7.351562500000000000e+00
8.244810849585618939e+00 -5.453125000000000000e+00
8.261225737482096321e+00 -4.601562500000000000e+00
8.280637782997491314e+00 -3.882812500000000000e+00
8.298645529591407666e+00 -5.585937500000000000e+00
8.317280692101522988e+00 -1.476562500000000000e+00
8.335009988388817348e+00 -3.246093750000000000e+00
8.353324835795444159e+00 -5.121093750000000000e+00
8.372267313416067225e+00 -4.960937500000000000e+00
8.390809215944706523e+00 -2.609375000000000000e+00
8.409368453763669038e+00 -5.015625000000000000e+00
8.424692677046483169e+00 -7.648437500000000000e+00
8.444869415162056470e+00 -4.804687500000000000e+00
8.464285957423452800e+00 -4.214843750000000000e+00
8.482908836262129881e+00 -5.625000000000000000e+00
8.501180881665678868e+00 -3.972656250000000000e+00
8.517001978338473833e+00 -4.625000000000000000e+00
8.537146367298923622e+00 -4.109375000000000000e+00
8.556275381575375150e+00 -7.125000000000000000e+00
8.574659830451793141e+00 -3.632812500000000000e+00
8.593165670179519822e+00 -6.183593750000000000e+00
8.610847579111331029e+00 -5.437500000000000000e+00
8.628841551096353868e+00 -6.859375000000000000e+00
8.648001047033496036e+00 -4.226562500000000000e+00
8.666302878942850896e+00 -3.886718750000000000e+00
8.685020228198251147e+00 -7.164062500000000000e+00
8.702813759972384489e+00 -3.492187500000000000e+00
8.720903273148810086e+00 -7.003906250000000000e+00
8.740070722718790819e+00 -7.097656250000000000e+00
8.758451191692529392e+00 -2.804687500000000000e+00
8.776956927411461606e+00 -4.945312500000000000e+00
8.792978290099515704e+00 -5.539062500000000000e+00
8.812545980435903203e+00 -4.414062500000000000e+00
8.831593204777785644e+00 -2.519531250000000000e+00
8.849793403214086140e+00 -4.671875000000000000e+00
8.868981329711861150e+00 -5.660156250000000000e+00
8.888614804706875816e+00 -3.785156250000000000e+00
8.904951713519771772e+00 -3.742187500000000000e+00
8.923856227807974051e+00 -5.375000000000000000e+00
8.942249923067073780e+00 -3.277343750000000000e+00
8.960601263011515272e+00 -3.699218750000000000e+00
8.978651807803297302e+00 -6.769531250000000000e+00
8.996334762933894780e+00 -5.609375000000000000e+00
9.015494308202217866e+00 -4.273437500000000000e+00
9.033581361613553184e+00 -4.882812500000000000e+00
9.052693863242193828e+00 -6.062500000000000000e+00
9.068842526122558922e+00 -6.304687500000000000e+00
9.088927065650874937e+00 -5.574218750000000000e+00
9.107873995873795536e+00 -5.269531250000000000e+00
9.125792085012648158e+00 -4.843750000000000000e+00
9.144506886144402102e+00 -3.683593750000000000e+00
9.160779881111327683e+00 -5.500000000000000000e+00
9.180454213343718806e+00 -6.562500000000000000e+00
9.199423517364753167e+00 -4.375000000000000000e+00
9.217476215979925058e+00 -5.882812500000000000e+00
9.236481917738924352e+00 -4.007812500000000000e+00
9.254519605363936918e+00 -3.656250000000000000e+00
9.272757158220706231e+00 -3.898437500000000000e+00
9.291570755604372067e+00 -5.085937500000000000e+00
9.309702947999170419e+00 -5.531250000000000000e+00
9.328588782314319872e+00 -6.734375000000000000e+00
9.346455943363006114e+00 -4.050781250000000000e+00
9.364350365326199466e+00 -2.257812500000000000e+00
9.383261050875109532e+00 -3.906250000000000000e+00
9.401346176798487164e+00 -3.992187500000000000e+00
9.420256118114114230e+00 -6.421875000000000000e+00
9.436506047777900363e+00 -6.570312500000000000e+00
9.456226531085771825e+00 -6.312500000000000000e+00
9.475035201026074105e+00 -5.515625000000000000e+00
9.493379128961034752e+00 -2.949218750000000000e+00
9.512531377641320063e+00 -4.820312500000000000e+00
9.528581271306709510e+00 -2.781250000000000000e+00
9.548030294889379377e+00 -4.484375000000000000e+00
9.566853424724524046e+00 -3.601562500000000000e+00
9.585130468609502685e+00 -7.050781250000000000e+00
9.604042197516129420e+00 -4.058593750000000000e+00
9.622323394238817329e+00 -3.417968750000000000e+00
9.640126339331541061e+00 -8.261718750000000000e+00
9.659271376057667169e+00 -6.289062500000000000e+00
9.677372485864097484e+00 -5.046875000000000000e+00
9.696467899115319256e+00 -5.617187500000000000e+00
9.716187034187885985e+00 -3.929687500000000000e+00
9.731952836223410230e+00 -6.906250000000000000e+00
9.750748255749623894e+00 -2.937500000000000000e+00
9.768779179830485049e+00 -5.132812500000000000e+00
9.787834406890606687e+00 -7.000000000000000000e+00
9.804307516611832085e+00 -4.808593750000000000e+00
9.823954116646266499e+00 -5.675781250000000000e+00
9.842716652044906311e+00 -3.265625000000000000e+00
9.861072367979609510e+00 -8.203125000000000000e+00
9.880370120068633355e+00 -6.757812500000000000e+00
9.898162334043925981e+00 -6.746093750000000000e+00
9.915674413377640661e+00 -4.132812500000000000e+00
9.934408046791606495e+00 -3.117187500000000000e+00
9.952553197781956129e+00 -6.445312500000000000e+00
9.971848627854662084e+00 -4.355468750000000000e+00
9.992035279317050822e+00 -6.308593750000000000e+00
1.000791165172302755e+01 -8.117187500000000000e+00
1.002641605583345807e+01 -5.664062500000000000e+00
1.004496866420794987e+01 -6.726562500000000000e+00
1.006424751606817480e+01 -4.550781250000000000e+00
1.008206443427455135e+01 -7.562500000000000000e+00
1.009957887515127695e+01 -5.554687500000000000e+00
1.011831910468648132e+01 -6.785156250000000000e+00
1.013631264376232011e+01 -7.828125000000000000e+00
1.015359566838252015e+01 -6.675781250000000000e+00
1.017226196609156119e+01 -4.539062500000000000e+00
1.019182567111121429e+01 -5.644531250000000000e+00
1.021081560543309052e+01 -7.289062500000000000e+00
1.022886498174029413e+01 -2.101562500000000000e+00
1.024813120548001422e+01 -4.679687500000000000e+00
1.026596658613537194e+01 -3.925781250000000000e+00
1.028361008351703632e+01 -3.179687500000000000e+00
1.030199192139007636e+01 -2.949218750000000000e+00
1.032021703737478546e+01 -3.351562500000000000e+00
1.033926389953557035e+01 -5.015625000000000000e+00
1.035616506807603088e+01 -3.992187500000000000e+00
1.037566790790740257e+01 -6.992187500000000000e+00
1.039446505859777403e+01 -4.605468750000000000e+00
1.041276142057740373e+01 -5.554687500000000000e+00
1.043149435561178251e+01 -6.437500000000000000e+00
1.045165267285220523e+01 -5.570312500000000000e+00
1.046738754025653506e+01 -4.218750000000000000e+00
1.048530549262976663e+01 -2.648437500000000000e+00
1.050394010421436874e+01 -3.906250000000000000e+00
1.052345966940104560e+01 -7.859375000000000000e+00
1.054006814468196040e+01 -4.570312500000000000e+00
1.055957240803988739e+01 -4.902343750000000000e+00
1.057806803834059650e+01 -2.773437500000000000e+00
1.059654826808440475e+01 -4.816406250000000000e+00
1.061594834934599163e+01 -7.687500000000000000e+00
1.063377074491993746e+01 -4.890625000000000000e+00
1.065117556389838072e+01 -5.781250000000000000e+00
1.066947500165289497e+01 -7.648437500000000000e+00
1.068784490586253710e+01 -5.808593750000000000e+00
1.070706548484303156e+01 -6.585937500000000000e+00
1.072397119614218042e+01 -2.312500000000000000e+00
1.074309062731312281e+01 -4.460937500000000000e+00
1.076199208049080625e+01 -3.390625000000000000e+00
1.078045002622860693e+01 -6.191406250000000000e+00
1.079915844395508273e+01 -4.972656250000000000e+00
1.081767295166694431e+01 -3.261718750000000000e+00
1.083496193268072361e+01 -5.984375000000000000e+00
1.085351654442088787e+01 -4.437500000000000000e+00
1.087174978481047916e+01 -3.976562500000000000e+00
1.089127245048642223e+01 -5.945312500000000000e+00
1.090771139440980519e+01 -3.226562500000000000e+00
1.092697583032351716e+01 -2.585937500000000000e+00
1.094567303255161406e+01 -3.921875000000000000e+00
1.096386098310883739e+01 -3.703125000000000000e+00
1.098293014448164229e+01 -5.492187500000000000e+00
1.099953971659773444e+01 -3.300781250000000000e+00
1.101875638939127811e+01 -4.738281250000000000e+00
1.103714149826951285e+01 -4.207031250000000000e+00
1.105547439368741536e+01 -3.070312500000000000e+00
1.107486718505241541e+01 -3.460937500000000000e+00
1.109161207315114339e+01 -3.558593750000000000e+00
1.111107658329397196e+01 -4.457031250000000000e+00
1.112907400833948657e+01 -2.640625000000000000e+00
1.114781142713583506e+01 -2.617187500000000000e+00
1.116708669890328309e+01 -5.718750000000000000e+00
1.118547717023077759e+01 -3.609375000000000000e+00
1.120267551137491679e+01 -7.132812500000000000e+00
1.122104373752913631e+01 -1.746093750000000000e+00
1.123934732318777208e+01 -1.996093750000000000e+00
1.125892660464261041e+01 -4.000000000000000000e+00
1.127551257790978312e+01 -4.507812500000000000e+00
1.129478372522500607e+01 -3.859375000000000000e+00
1.131327588877680057e+01 -5.843750000000000000e+00
1.133171378470252932e+01 -1.222656250000000000e+00
1.134894566394698678e+01 -3.480468750000000000e+00
1.136709302902083962e+01 -2.445312500000000000e+00
1.138651860335015087e+01 -2.542968750000000000e+00
1.140442084839839865e+01 -4.796875000000000000e+00
1.142321462831468537e+01 -6.531250000000000000e+00
1.144299170832003298e+01 -3.492187500000000000e+00
1.145958334936333500e+01 -1.398437500000000000e+00
1.147871722557296437e+01 -5.609375000000000000e+00
1.149705968670711442e+01 -2.875000000000000000e+00
1.151555225819154060e+01 -4.546875000000000000e+00
1.153055949605543518e+01 -2.992187500000000000e+00
1.155081699667710993e+01 -3.152343750000000000e+00
1.157038515307705850e+01 6.953125000000000000e-01
1.158831561458016424e+01 -4.125000000000000000e+00
1.160715227231595748e+01 -3.554687500000000000e+00
1.162656995102587487e+01 -9.765625000000000000e-01
1.164331351524956304e+01 -2.679687500000000000e+00
1.166248919178748267e+01 -2.312500000000000000e+00
1.168082453809770627e+01 -3.695312500000000000e+00
1.169928071320995144e+01 -6.718750000000000000e-01
1.171674999193758460e+01 -6.808593750000000000e+00
1.173486840824778810e+01 -2.156250000000000000e+00
1.175428377435220639e+01 -1.851562500000000000e+00
1.177221019496307619e+01 -3.179687500000000000e+00
1.179091400830777303e+01 -2.687500000000000000e+00
1.181063788394850178e+01 -5.292968750000000000e+00
1.182721399794749928e+01 -3.578125000000000000e+00
1.184633667226244569e+01 -3.796875000000000000e+00
1.186449806449536482e+01 -2.828125000000000000e+00
1.188318898915698441e+01 -4.179687500000000000e+00
1.189885508555957827e+01 -3.812500000000000000e+00
1.191879237669120428e+01 -5.179687500000000000e+00
1.193780274493142457e+01 -3.300781250000000000e+00
1.195587125331590173e+01 -3.582031250000000000e+00
1.197470989655789353e+01 -4.437500000000000000e+00
1.199454161388085538e+01 -3.777343750000000000e+00
1.201093676430124901e+01 -3.195312500000000000e+00
1.203008447804739589e+01 -6.132812500000000000e+00
1.204851760334141630e+01 -4.683593750000000000e+00
1.206694033052062309e+01 -4.207031250000000000e+00
1.208275541941324960e+01 -6.187500000000000000e+00
1.210251804738721759e+01 -3.218750000000000000e+00
1.212152249911244795e+01 -2.625000000000000000e+00
1.213963531323901535e+01 -3.042968750000000000e+00
1.215860582875552254e+01 -2.710937500000000000e+00
1.217827287637190992e+01 -5.945312500000000000e+00
1.219483478440767499e+01 -3.406250000000000000e+00
1.221398467442184810e+01 -6.593750000000000000e+00
1.223221177280176164e+01 -4.023437500000000000e+00
1.225069212427420240e+01 -2.312500000000000000e+00
1.226665572812848737e+01 -2.304687500000000000e+00
1.228641832187635075e+01 -4.527343750000000000e+00
1.230543070264915073e+01 -4.632812500000000000e+00
1.232353685322090442e+01 -3.925781250000000000e+00
1.234233757488581773e+01 -1.019531250000000000e+00
1.236041910943695932e+01 -2.531250000000000000e+00
1.237847766917091974e+01 -2.492187500000000000e+00
1.239753688255654396e+01 -3.875000000000000000e+00
1.241611977922665488e+01 -2.882812500000000000e+00
1.243491403679021090e+01 -4.726562500000000000e+00
1.245235851730806509e+01 -3.144531250000000000e+00
1.247085794545283122e+01 -4.414062500000000000e+00
1.248917400255894705e+01 -6.324218750000000000e+00
1.250764836352009368e+01 -1.984375000000000000e+00
1.252666524548659766e+01 -7.175781250000000000e+00
1.254607503735313756e+01 -3.914062500000000000e+00
1.256259868792689005e+01 -7.406250000000000000e+00
1.258177973054230847e+01 -5.445312500000000000e+00
1.259989220822674838e+01 -4.695312500000000000e+00
1.261847386443152175e+01 -4.726562500000000000e+00
1.263432937934713252e+01 -4.578125000000000000e+00
1.265439216444945814e+01 -4.531250000000000000e+00
1.267306839929668882e+01 -4.140625000000000000e+00
1.269147692354240675e+01 -2.554687500000000000e+00
1.271029364711807474e+01 -2.085937500000000000e+00
1.272822300774224225e+01 -3.226562500000000000e+00
1.274638081518869015e+01 -3.464843750000000000e+00
1.276535776801096489e+01 -3.414062500000000000e+00
1.278357539729913128e+01 -2.437500000000000000e+00
1.280194684100169411e+01 -4.656250000000000000e+00
1.281829565616974520e+01 -4.972656250000000000e+00
1.283811609220743577e+01 -2.566406250000000000e+00
1.285666732087706521e+01 -3.406250000000000000e+00
1.287519374388773841e+01 -3.132812500000000000e+00
1.289417800112208212e+01 -2.441406250000000000e+00
1.291387731370194913e+01 -2.460937500000000000e+00
1.292990566990955159e+01 -3.195312500000000000e+00
1.294920782574121532e+01 -2.273437500000000000e+00
1.296758327775711450e+01 -3.429687500000000000e+00
1.298606480469862134e+01 -1.980468750000000000e+00
1.300219841304099333e+01 -1.582031250000000000e+00
1.302201387366245200e+01 6.015625000000000000e-01
1.304039111734022427e+01 -9.101562500000000000e-01
1.305884998515721662e+01 -2.226562500000000000e-01
1.307795101402697924e+01 -3.945312500000000000e-01
1.309777849529926996e+01 2.359375000000000000e+00
1.311380714488075938e+01 -2.343750000000000000e+00
1.313317871818502880e+01 -1.960937500000000000e+00
1.315148565547457338e+01 -2.070312500000000000e-01
1.316996794597326215e+01 8.593750000000000000e-01
1.318615709778018541e+01 -5.000000000000000000e-01
1.320547174029876558e+01 5.078125000000000000e-01
1.322416354400812466e+01 -3.125000000000000000e-02
1.324261879313377221e+01 -5.078125000000000000e-02
1.326197885266511989e+01 2.976562500000000000e+00
1.328167970565117528e+01 1.476562500000000000e+00
1.329770859445887510e+01 2.578125000000000000e-01
1.331678905191329676e+01 4.160156250000000000e+00
1.333474782827638805e+01 1.660156250000000000e+00
1.335408505244596711e+01 2.976562500000000000e+00
1.337005735701891140e+01 1.585937500000000000e+00
1.338952212510447026e+01 1.972656250000000000e+00
1.340818293370432102e+01 1.968750000000000000e+00
1.342652155240608636e+01 5.687500000000000000e+00
1.344558061962411699e+01 2.410156250000000000e+00
1.346188380857197231e+01 4.308593750000000000e+00
1.348160807276369511e+01 7.628906250000000000e+00
1.350054951210364607e+01 5.878906250000000000e+00
1.351857023135216451e+01 7.062500000000000000e+00
1.353798794616342605e+01 4.953125000000000000e+00
1.355586098694639752e+01 7.273437500000000000e+00
1.357331491069060903e+01 7.886718750000000000e+00
1.359172152711872528e+01 9.656250000000000000e+00
1.361000316190338211e+01 9.117187500000000000e+00
1.362943716319044185e+01 1.000000000000000000e+01
1.364598355567907362e+01 1.179687500000000000e+01
1.366548351807497497e+01 1.000781250000000000e+01
1.368439289935107439e+01 1.163281250000000000e+01
1.370246716192031755e+01 1.050781250000000000e+01
1.372189066875036190e+01 1.247656250000000000e+01
1.373785760029054259e+01 8.656250000000000000e+00
1.375721898317140912e+01 1.602734375000000000e+01
1.377570155858739298e+01 1.444531250000000000e+01
