#Time Flux
-6.389593668616477373e+00 3.941406250000000000e+00
-6.364929886982302776e+00 -5.488281250000000000e-01
-6.337993168631093965e+00 3.146484375000000000e+00
-6.312548621814535466e+00 3.359375000000000000e+00
-6.286871040195130433e+00 2.250000000000000000e+00
-6.262229425667335647e+00 3.023437500000000000e+00
-6.235580216974234702e+00 5.761718750000000000e-01
-6.210432195728984084e+00 1.960937500000000000e+00
-6.184700373002435470e+00 -9.707031250000000000e-01
-6.160057046751042265e+00 2.603515625000000000e+00
-6.133306155221120548e+00 3.871093750000000000e+00
-6.107643927801873929e+00 4.509765625000000000e+00
-6.082366785424689226e+00 -4.765625000000000000e-01
-6.057766789711763522e+00 1.197265625000000000e+00
-6.030596503146561815e+00 1.908203125000000000e+00
-6.005478590106250181e+00 9.687500000000000000e-01
-5.980191887688448560e+00 2.386718750000000000e+00
-5.954968663913355442e+00 1.525390625000000000e+00
-5.928979443764305302e+00 1.519531250000000000e+00
-5.903835391522477494e+00 3.281250000000000000e-01
-5.878028375727041066e+00 2.167968750000000000e+00
-5.851786973858295937e+00 3.687500000000000000e+00
-5.825724003034451925e+00 1.296875000000000000e+00
-5.801668910737532769e+00 3.019531250000000000e+00
-5.775794117730569610e+00 9.218750000000000000e-01
-5.750025606162282088e+00 4.882812500000000000e+00
-5.724106799238988685e+00 -3.222656250000000000e-01
-5.699558295842912514e+00 1.414062500000000000e+00
-5.672321026956197443e+00 4.023437500000000000e+00
-5.647444754483629481e+00 3.578125000000000000e+00
-5.620953067978604167e+00 1.382812500000000000e+00
-5.595580914859894506e+00 3.687500000000000000e+00
-5.570157902315841625e+00 3.332031250000000000e+00
-5.545143704085056413e+00 3.333984375000000000e+00
-5.518669352041946752e+00 3.976562500000000000e+00
-5.493257368061918555e+00 3.691406250000000000e+00
-5.467949444457062214e+00 5.097656250000000000e-01
-5.442688885679110911e+00 3.365234375000000000e+00
-5.416347978355929627e+00 1.230468750000000000e+00
-5.390230948324926885e+00 9.257812500000000000e-01
-5.365632268313206055e+00 1.921875000000000000e+00
-5.340716809113800423e+00 2.878906250000000000e+00
-5.314145917900603422e+00 2.726562500000000000e+00
-5.288406636596810984e+00 3.375000000000000000e+00
-5.263361477136662359e+00 5.126953125000000000e+00
-5.238552635913364952e+00 1.636718750000000000e+00
-5.211977388096855179e+00 2.503906250000000000e+00
-5.185770759825430787e+00 4.902343750000000000e+00
-5.160556248921395195e+00 1.738281250000000000e+00
-5.134231593639015045e+00 5.167968750000000000e+00
-5.108992872110576400e+00 4.101562500000000000e+00
-5.083302652938343158e+00 5.015625000000000000e+00
-5.058388501163037176e+00 2.136718750000000000e+00
-5.031324146932767860e+00 7.933593750000000000e+00
-5.006075035395369355e+00 4.902343750000000000e+00
-4.980734345991102430e+00 2.843750000000000000e+00
-4.955603598135247978e+00 6.476562500000000000e+00
-4.929159071404448866e+00 8.371093750000000000e+00
-4.903903233739001166e+00 8.203125000000000000e-01
-4.878962148950719779e+00 5.765625000000000000e+00
-4.853440488763489213e+00 2.890625000000000000e+00
-4.826994144127404240e+00 3.433593750000000000e+00
-4.801519357334228744e+00 5.007812500000000000e+00
-4.776003923142269514e+00 3.406250000000000000e+00
-4.751885147373442919e+00 3.361328125000000000e+00
-4.724829115107006317e+00 6.496093750000000000e+00
-4.699349715182080445e+00 4.878906250000000000e+00
-4.673644314766320917e+00 6.300781250000000000e+00
-4.649114315447413048e+00 5.898437500000000000e+00
-4.622387379685534370e+00 6.042968750000000000e+00
-4.596246936131549887e+00 2.351562500000000000e+00
-4.570954694307914679e+00 3.429687500000000000e+00
-4.546412597444472681e+00 4.285156250000000000e+00
-4.519699805131402570e+00 5.523437500000000000e+00
-4.493938344769446758e+00 4.492187500000000000e+00
-4.468289283790838340e+00 5.783203125000000000e+00
-4.444206809337373443e+00 8.029296875000000000e+00
-4.417184241704255498e+00 6.039062500000000000e+00
-4.391771871325943266e+00 3.042968750000000000e+00
-4.366122913891487656e+00 1.171875000000000000e+00
-4.341390430310873683e+00 3.927734375000000000e+00
-4.314956009019532246e+00 3.072265625000000000e+00
-4.289605505559336507e+00 6.863281250000000000e+00
-4.263781051639831787e+00 5.781250000000000000e+00
-4.238892877643266388e+00 1.492187500000000000e+00
-4.212635291630917322e+00 8.386718750000000000e+00
-4.186592581575425243e+00 4.117187500000000000e+00
-4.161790240638694627e+00 4.753906250000000000e+00
-4.136688910703703925e+00 4.099609375000000000e+00
-4.109384667228482613e+00 5.171875000000000000e+00
-4.084344630220478223e+00 8.060546875000000000e+00
-4.059520031883181446e+00 5.300781250000000000e+00
-4.034547197481188618e+00 8.386718750000000000e+00
-4.007067141126796628e+00 5.253906250000000000e+00
-3.982177164914794787e+00 6.462890625000000000e+00
-3.957199123932511498e+00 6.417968750000000000e+00
-3.931875217190295757e+00 3.972656250000000000e+00
-3.904899446661190154e+00 6.908203125000000000e+00
-3.879938494418496475e+00 5.000000000000000000e+00
-3.855110071149262296e+00 4.484375000000000000e+00
-3.829938050459936960e+00 6.341796875000000000e+00
-3.802731704814547697e+00 4.486328125000000000e+00
-3.777405973112202275e+00 5.388671875000000000e+00
-3.752854872244640205e+00 4.511718750000000000e+00
-3.727773054821632570e+00 5.630859375000000000e+00
-3.700292541123246792e+00 4.044921875000000000e+00
-3.674872575198534719e+00 5.585937500000000000e+00
-3.650069480509870345e+00 5.265625000000000000e+00
-3.624356477331602377e+00 5.320312500000000000e+00
-3.597865943932596622e+00 7.433593750000000000e+00
-3.572187515829895688e+00 7.011718750000000000e+00
-3.548477936926403231e+00 1.014453125000000000e+01
-3.522275684571816612e+00 7.333984375000000000e+00
-3.495538332289171990e+00 5.074218750000000000e+00
-3.470076771448120212e+00 7.007812500000000000e+00
-3.446324436464223595e+00 6.654296875000000000e+00
-3.420093991143801304e+00 4.980468750000000000e+00
-3.393185301658846242e+00 5.246093750000000000e+00
-3.367238707550598065e+00 4.324218750000000000e+00
-3.342902939173526988e+00 4.121093750000000000e+00
-3.317893321056907041e+00 2.103515625000000000e+00
-3.291022330919545880e+00 3.269531250000000000e+00
-3.265013940342072374e+00 7.419921875000000000e+00
-3.240540903376114557e+00 2.640625000000000000e+00
-3.215291218824319230e+00 5.882812500000000000e+00
-3.187717130567804702e+00 6.949218750000000000e+00
-3.161776674568244516e+00 4.812500000000000000e+00
-3.137899615886752258e+00 2.857421875000000000e+00
-3.110880552867641313e+00 4.054687500000000000e+00
-3.085157513456984191e+00 3.925781250000000000e+00
-3.059610313581941909e+00 4.625000000000000000e+00
-3.035733814014136556e+00 1.472656250000000000e+00
-3.009837518757016994e+00 -1.093750000000000000e-01
-2.982899754203145903e+00 3.964843750000000000e+00
-2.957803689496820709e+00 1.796875000000000000e+00
-2.933314575325397300e+00 8.398437500000000000e-01
-2.906292072496164280e+00 -2.343750000000000000e-02
-2.880816071096383268e+00 2.994140625000000000e+00
-2.855635471278681337e+00 2.671875000000000000e+00
-2.831109736474218153e+00 -2.773437500000000000e-01
-2.803872527759523336e+00 -3.125000000000000000e-02
-2.778560264076560316e+00 -1.328125000000000000e+00
-2.752311664514166978e+00 -1.519531250000000000e+00
-2.727788031132661217e+00 2.324218750000000000e+00
-2.702215381552562690e+00 2.335937500000000000e+00
-2.675569506251534335e+00 4.238281250000000000e+00
-2.649792683398743520e+00 2.417968750000000000e+00
-2.625682522240843753e+00 -6.718750000000000000e-01
-2.599345611126771871e+00 9.375000000000000000e-02
-2.573308603149094154e+00 3.144531250000000000e+00
-2.547562988754108915e+00 1.318359375000000000e+00
-2.523453756412493476e+00 -3.828125000000000000e-01
-2.496400054255246914e+00 -7.500000000000000000e-01
-2.471045190896290933e+00 2.656250000000000000e-01
-2.445060103994350698e+00 2.283203125000000000e+00
-2.420598276046234787e+00 1.250000000000000000e-01
-2.394203358965199868e+00 -1.277343750000000000e+00
-2.368878970416005814e+00 1.078125000000000000e+00
-2.342901437438897005e+00 -1.683593750000000000e+00
-2.318043646200422359e+00 -1.527343750000000000e+00
-2.292035992034101355e+00 4.566406250000000000e+00
-2.266813629352732562e+00 -5.742187500000000000e-01
-2.240175708912573782e+00 -8.105468750000000000e-01
-2.215677220513796897e+00 -2.140625000000000000e+00
-2.189856490996042737e+00 -1.892578125000000000e+00
-2.164080403811276199e+00 -1.449218750000000000e+00
-2.138550467077024564e+00 2.472656250000000000e+00
-2.113507674375185275e+00 -1.281250000000000000e+00
-2.087638968747100421e+00 -2.820312500000000000e+00
-2.061443586872812261e+00 -1.710937500000000000e+00
-2.036380541482671447e+00 1.083984375000000000e+00
-2.011589576711010352e+00 -3.380859375000000000e+00
-1.985475735483973381e+00 -3.828125000000000000e+00
-1.959260378145593506e+00 -2.392578125000000000e+00
-1.934210709224302605e+00 -4.886718750000000000e+00
-1.908985283364941665e+00 1.730468750000000000e+00
-1.882230424873455377e+00 -2.875000000000000000e+00
-1.856331905373664881e+00 -2.390625000000000000e+00
-1.832040870322984460e+00 -1.082031250000000000e+00
-1.806819224701953885e+00 9.765625000000000000e-02
-1.779493021081918869e+00 -3.109375000000000000e+00
-1.753646482912913029e+00 -1.957031250000000000e+00
-1.728686453374265852e+00 -1.283203125000000000e+00
-1.703643823574864768e+00 -2.687500000000000000e+00
-1.677063422191316988e+00 -7.636718750000000000e+00
-1.651481106450987113e+00 -3.472656250000000000e+00
-1.626374899045075040e+00 -2.402343750000000000e+00
-1.601993928659965150e+00 -3.343750000000000000e+00
-1.574693988885584872e+00 -4.609375000000000000e+00
-1.549227191130384540e+00 -8.082031250000000000e+00
-1.524355376637558379e+00 -4.779296875000000000e+00
-1.499319111888638645e+00 -5.332031250000000000e+00
-1.472521316144295156e+00 -6.773437500000000000e+00
-1.446455971018053788e+00 -8.007812500000000000e+00
-1.421783312577176162e+00 -5.011718750000000000e+00
-1.397131159597236660e+00 -7.156250000000000000e+00
-1.370348740675282784e+00 -7.671875000000000000e+00
-1.344291756024517781e+00 -8.824218750000000000e+00
-1.319584089938892646e+00 -5.373046875000000000e+00
-1.294584811191640483e+00 -2.316406250000000000e+00
-1.266782270708247893e+00 -4.689453125000000000e+00
-1.241377369388381169e+00 -5.728515625000000000e+00
-1.216878958793287779e+00 -5.111328125000000000e+00
-1.191192064970707065e+00 -6.562500000000000000e+00
-1.164539586432674412e+00 -2.988281250000000000e+00
-1.139719124241132420e+00 -3.515625000000000000e+00
-1.114711092844274276e+00 -3.271484375000000000e+00
-1.088679583539231999e+00 -2.984375000000000000e+00
-1.062246325105988376e+00 -3.902343750000000000e+00
-1.037367250335861968e+00 -5.179687500000000000e+00
-1.012000709110331798e+00 -3.673828125000000000e+00
-9.865095532584007287e-01 -5.652343750000000000e+00
-9.602047594891516269e-01 -2.367187500000000000e+00
-9.345481176630698883e-01 -4.992187500000000000e+00
-9.098327625000521834e-01 -2.669921875000000000e+00
-8.842640611417706964e-01 -5.183593750000000000e+00
-8.570541695721232145e-01 -3.687500000000000000e+00
-8.322858911840427254e-01 -4.382812500000000000e+00
-8.076648631398413158e-01 -2.695312500000000000e+00
-7.804739202361048456e-01 -2.585937500000000000e+00
-7.548903618066589161e-01 -3.000000000000000000e+00
-7.298826339609902902e-01 -2.730468750000000000e+00
-7.049777241263868177e-01 -4.337890625000000000e+00
-6.777899937320341905e-01 -5.027343750000000000e+00
-6.524872116337405714e-01 -3.996093750000000000e+00
-6.279585450308928785e-01 9.375000000000000000e-01
-6.027135518912132284e-01 -7.109375000000000000e+00
-5.756226880886643471e-01 -5.984375000000000000e+00
-5.503211271265513460e-01 -7.839843750000000000e+00
-5.255463788961449723e-01 -2.804687500000000000e+00
-5.000622293399601404e-01 -7.812500000000000000e-03
-4.734297530693751810e-01 -5.894531250000000000e+00
-4.481550505428799624e-01 -2.558593750000000000e+00
-4.225066204750760335e-01 -2.585937500000000000e+00
-3.974669977504845519e-01 -1.746093750000000000e+00
-3.712181660542057671e-01 -5.371093750000000000e+00
-3.459175699002088322e-01 -4.949218750000000000e+00
-3.203401825912095546e-01 -4.476562500000000000e+00
-2.953033517950416353e-01 -1.851562500000000000e+00
-2.685504625080312735e-01 -3.095703125000000000e+00
-2.428840903856723799e-01 -4.222656250000000000e+00
-2.181740827826814666e-01 -9.511718750000000000e-01
-1.928485229961012237e-01 -3.941406250000000000e+00
-1.652056995315547283e-01 -1.812500000000000000e+00
-1.406763122503278396e-01 -2.931640625000000000e+00
-1.158230971367899542e-01 -3.302734375000000000e+00
-9.067569618640902718e-02 -4.328125000000000000e+00
-6.303558589371505150e-02 -2.050781250000000000e+00
-3.826460122161989830e-02 5.195312500000000000e-01
-1.347884239400798378e-02 -3.953125000000000000e+00
1.173564731924159332e-02 -2.054687500000000000e+00
3.932672546299187388e-02 -3.683593750000000000e+00
6.423776449911855480e-02 -2.316406250000000000e+00
8.875456551960780871e-02 -2.171875000000000000e+00
1.144493043128278487e-01 -3.169921875000000000e+00
1.414922215889546919e-01 -4.365234375000000000e+00
1.664056140335716805e-01 -2.363281250000000000e+00
1.920255395163081857e-01 -1.533203125000000000e+00
2.173225221573176213e-01 -1.398437500000000000e+00
2.438177001854313630e-01 -2.355468750000000000e+00
2.687016311811731839e-01 -6.562500000000000000e-01
2.947091192618032096e-01 -3.404296875000000000e+00
3.193569595774192749e-01 -3.488281250000000000e+00
3.459903327954663155e-01 -1.064453125000000000e+00
3.712442476005293202e-01 -2.154296875000000000e+00
3.965533135423555677e-01 -2.539062500000000000e+00
4.217890942532847021e-01 -1.472656250000000000e+00
4.482463658247297644e-01 -3.931640625000000000e+00
4.737946397484762429e-01 -8.437500000000000000e-01
4.988842425943218473e-01 -4.207031250000000000e+00
5.239540291591708865e-01 -1.648437500000000000e+00
5.504170939753976199e-01 -1.775390625000000000e+00
5.763967953604378636e-01 -2.582031250000000000e+00
6.013756155573091178e-01 -1.080078125000000000e+00
6.279523491794947176e-01 -3.281250000000000000e+00
6.532168131194708849e-01 -1.654296875000000000e+00
6.793855613172965491e-01 -4.769531250000000000e+00
7.044215582169570666e-01 -4.707031250000000000e+00
7.301240513007627442e-01 -2.546875000000000000e+00
7.548419219741191455e-01 -9.218750000000000000e-01
7.812566761110275593e-01 -4.765625000000000000e-01
8.070658625874571612e-01 -3.574218750000000000e-01
8.325204609936491806e-01 -4.089843750000000000e+00
8.575564297458555529e-01 -4.701171875000000000e+00
8.834264682061103713e-01 -3.753906250000000000e+00
9.093566372807231346e-01 -4.925781250000000000e+00
9.346897260183624212e-01 -4.154296875000000000e+00
9.591872870799562634e-01 9.765625000000000000e-02
9.861844503550685204e-01 -2.570312500000000000e+00
1.011695779538101192e+00 -3.746093750000000000e+00
1.036858948205875208e+00 -4.439453125000000000e+00
1.062465241830047091e+00 -5.312500000000000000e+00
1.088371072693242070e+00 -5.976562500000000000e-01
1.113865742298045802e+00 -3.304687500000000000e+00
1.139444279642027880e+00 -4.000000000000000000e+00
1.164929534583038162e+00 -4.376953125000000000e+00
1.190517797601643224e+00 -3.359375000000000000e-01
1.216569775599595005e+00 -3.402343750000000000e+00
1.242542451462654185e+00 -2.917968750000000000e+00
1.267096267749124650e+00 -3.652343750000000000e+00
1.293046125541984281e+00 -2.386718750000000000e+00
1.319097335935332183e+00 -4.527343750000000000e+00
1.345044889160149637e+00 -1.925781250000000000e+00
1.369827982917293241e+00 -5.810546875000000000e+00
1.395773129851406225e+00 -4.240234375000000000e+00
1.421482710180825393e+00 -2.722656250000000000e+00
1.447252499120473601e+00 -1.076171875000000000e+00
1.472566180834803617e+00 -1.070312500000000000e+00
1.498162821563568059e+00 -5.273437500000000000e-01
1.524371855858433378e+00 -1.654296875000000000e+00
1.549371177330854721e+00 -2.703125000000000000e+00
1.574867719041051828e+00 -5.669921875000000000e+00
1.600704259240281147e+00 -4.566406250000000000e+00
1.626540136708015893e+00 -3.255859375000000000e+00
1.651708287511425510e+00 -3.546875000000000000e+00
1.677493678470909799e+00 -1.882812500000000000e+00
1.703494095110073658e+00 -1.406250000000000000e-01
1.729294378993174064e+00 -2.476562500000000000e+00
1.753877007304978974e+00 -1.203125000000000000e+00
1.779975756372692786e+00 -6.128906250000000000e+00
1.805661696676253314e+00 -2.503906250000000000e+00
1.831476147407208543e+00 -3.013671875000000000e+00
1.856935516103362716e+00 -3.191406250000000000e+00
1.882140336204571440e+00 -4.023437500000000000e-01
1.908171247966819806e+00 -2.214843750000000000e+00
1.933658400334536509e+00 -1.675781250000000000e+00
1.959098585162678319e+00 -3.335937500000000000e+00
1.984717390933489867e+00 -2.792968750000000000e+00
2.011147190958979536e+00 -3.214843750000000000e+00
2.035912746135707607e+00 -2.402343750000000000e-01
2.061261553748295228e+00 -1.851562500000000000e+00
2.087681193579314254e+00 -3.980468750000000000e+00
2.113455526743756252e+00 -4.675781250000000000e+00
2.138599884319219768e+00 -1.859375000000000000e+00
2.163838659405982412e+00 -1.144531250000000000e+00
2.190297801474471839e+00 -1.984375000000000000e+00
2.215623074118603597e+00 -5.839843750000000000e-01
2.240687963711366137e+00 -9.023437500000000000e-01
2.266439503908429742e+00 -2.267578125000000000e+00
2.292470566824150069e+00 -2.292968750000000000e+00
2.317790670016812271e+00 -1.462890625000000000e+00
2.343370232005497655e+00 -2.648437500000000000e+00
2.368630497692748804e+00 -4.253906250000000000e+00
2.394919156882338029e+00 -4.238281250000000000e+00
2.420297300085465508e+00 1.326171875000000000e+00
2.445857658816933622e+00 2.968750000000000000e-01
2.470971976017139582e+00 -1.742187500000000000e+00
2.497558642959297970e+00 -2.599609375000000000e+00
2.523012692097502452e+00 -4.628906250000000000e-01
2.548323593129296682e+00 -2.087890625000000000e+00
2.573284288375290885e+00 -2.863281250000000000e+00
2.599247258221680568e+00 -3.179687500000000000e+00
2.624911410258164324e+00 -2.226562500000000000e+00
2.650250222987665438e+00 -3.261718750000000000e+00
2.676060546317728495e+00 -1.427734375000000000e+00
2.701900060057774056e+00 -1.777343750000000000e+00
2.727084123286431350e+00 -4.296875000000000000e+00
2.752909377886936682e+00 -8.515625000000000000e-01
2.779111601812310539e+00 -1.882812500000000000e+00
2.804217486029031647e+00 -2.773437500000000000e+00
2.829674402980430159e+00 -9.335937500000000000e-01
2.855079135064698903e+00 1.210937500000000000e-01
2.881006247058394365e+00 -1.906250000000000000e+00
2.906644832615228324e+00 -5.458984375000000000e+00
2.932694429918733192e+00 4.316406250000000000e-01
2.957248884784604570e+00 -1.359375000000000000e+00
2.983825474005669776e+00 -3.300781250000000000e+00
3.009087051920943168e+00 -9.179687500000000000e-01
3.034865144085010513e+00 -1.593750000000000000e+00
3.059979175338789048e+00 -1.927734375000000000e+00
3.085995637356489851e+00 -9.257812500000000000e-01
3.111253948075756171e+00 -2.605468750000000000e+00
3.137321347254868442e+00 -1.398437500000000000e+00
3.162933013872681443e+00 -3.544921875000000000e+00
3.188401737125339253e+00 -3.421875000000000000e+00
3.213819306660425923e+00 1.433593750000000000e+00
3.239566290121842940e+00 -1.894531250000000000e+00
3.265101073416737165e+00 -3.970703125000000000e+00
3.290801687138397824e+00 -4.417968750000000000e+00
3.316770486014391395e+00 -2.791015625000000000e+00
3.342336820790180241e+00 -3.787109375000000000e+00
3.367963508014177876e+00 -1.953125000000000000e+00
3.392965714004773758e+00 -3.292968750000000000e+00
3.418936400260534469e+00 3.730468750000000000e-01
3.444506932900353036e+00 -2.527343750000000000e+00
3.470219752858071161e+00 -3.597656250000000000e+00
3.495651875232127281e+00 -6.484375000000000000e-01
3.522078340725130374e+00 -3.644531250000000000e+00
3.546678265431509658e+00 -4.562500000000000000e+00
3.572387639234335666e+00 -4.914062500000000000e+00
3.598267280652635236e+00 -8.476562500000000000e-01
3.623682864682294280e+00 -3.472656250000000000e+00
3.649756480030774242e+00 -3.339843750000000000e+00
3.674649042918460395e+00 -9.882812500000000000e-01
3.700198801739901455e+00 -1.335937500000000000e+00
3.726156037594776649e+00 -2.718750000000000000e+00
3.752272277174299120e+00 -4.671875000000000000e+00
3.776897994395092439e+00 -1.787109375000000000e+00
3.802838122584176972e+00 -1.664062500000000000e+00
3.828834320708992323e+00 -4.132812500000000000e+00
3.854442888484001628e+00 -4.128906250000000000e+00
3.879456644524722719e+00 -3.423828125000000000e+00
3.905528670206528830e+00 -1.855468750000000000e-01
3.931925858862484802e+00 -1.828125000000000000e+00
3.957143128425187228e+00 -3.753906250000000000e+00
3.981925792724609892e+00 -1.355468750000000000e+00
4.007508501509690291e+00 -9.375000000000000000e-01
4.034094991122799456e+00 -2.769531250000000000e+00
4.059308565077472508e+00 1.457031250000000000e+00
4.084546836580656759e+00 8.046875000000000000e-01
4.110060857590866590e+00 8.750000000000000000e-01
4.136316425707875055e+00 -3.189453125000000000e+00
4.161922090732502966e+00 -9.882812500000000000e-01
4.187172593802046094e+00 -1.667968750000000000e+00
4.212265456581079093e+00 -8.984375000000000000e-02
4.238540384138296702e+00 2.402343750000000000e+00
4.264233910360594848e+00 9.765625000000000000e-02
4.289340161440435395e+00 -6.328125000000000000e-01
4.314960857971286146e+00 -2.773437500000000000e+00
4.340720920251911252e+00 -1.812500000000000000e+00
4.366543938589714458e+00 -4.347656250000000000e+00
4.391507720922476210e+00 3.320312500000000000e-01
4.417767707745611006e+00 -1.347656250000000000e+00
4.442892969756499610e+00 -3.082031250000000000e+00
4.468816677663689063e+00 -1.351562500000000000e+00
4.493800720523253744e+00 -1.621093750000000000e+00
4.520666838621494321e+00 2.500000000000000000e-01
4.546634878870229102e+00 -3.560546875000000000e+00
4.571314163463810587e+00 -4.617187500000000000e+00
4.595979685078447119e+00 -2.554687500000000000e+00
4.623249672558117140e+00 -3.371093750000000000e+00
4.648948851672727756e+00 -2.582031250000000000e+00
4.673699874409322774e+00 8.359375000000000000e-01
4.698277576648230536e+00 1.539062500000000000e+00
4.725209499585133699e+00 -1.810546875000000000e+00
4.751332812645664205e+00 4.707031250000000000e-01
4.775999219893670045e+00 5.664062500000000000e-02
4.800448176785700127e+00 -1.400390625000000000e+00
4.827576481447280798e+00 1.281250000000000000e+00
4.853717735674820233e+00 -1.250000000000000000e-01
4.878425913626372790e+00 -1.330078125000000000e+00
4.904585682955762138e+00 -1.064453125000000000e+00
4.930845307050589099e+00 7.812500000000000000e-02
4.955921545890419111e+00 -4.296875000000000000e-01
4.980853935635657592e+00 -4.187500000000000000e+00
5.006360906674508726e+00 -2.097656250000000000e+00
5.033008313303838577e+00 -2.210937500000000000e+00
5.058085669090473857e+00 -8.554687500000000000e-01
5.083153348676859196e+00 -2.761718750000000000e+00
5.108927226364862406e+00 -6.777343750000000000e-01
5.135171417338682431e+00 -1.347656250000000000e+00
5.160240514044375004e+00 -6.810546875000000000e+00
5.186378441314687393e+00 -8.203125000000000000e-01
5.211098074521537171e+00 1.972656250000000000e-01
5.237334619395227264e+00 -3.789062500000000000e+00
5.263054887639540880e+00 -2.414062500000000000e+00
5.288541507630966976e+00 -1.789062500000000000e+00
5.313825747814512113e+00 -3.226562500000000000e+00
5.339960136419058756e+00 -1.404296875000000000e+00
5.364575784759466615e+00 -3.394531250000000000e+00
5.390704572201016731e+00 -2.042968750000000000e+00
5.416166250850039887e+00 -2.781250000000000000e+00
5.442464678674710399e+00 -5.742187500000000000e+00
5.467910198537992983e+00 -3.199218750000000000e+00
5.493031277769610199e+00 -1.527343750000000000e+00
5.518603812847416634e+00 -3.277343750000000000e+00
5.544825512816899504e+00 -9.335937500000000000e-01
5.569701153296009011e+00 -4.261718750000000000e+00
5.595201543274875178e+00 -1.468750000000000000e+00
5.621048677352376899e+00 -2.945312500000000000e+00
5.647166303498380557e+00 -3.363281250000000000e+00
5.672622099242872196e+00 -2.320312500000000000e+00
5.697534450843797060e+00 -4.160156250000000000e+00
5.723984174791510782e+00 -4.539062500000000000e+00
5.749821866484253974e+00 -1.421875000000000000e+00
5.775228871935354391e+00 -2.667968750000000000e+00
5.800209586577508958e+00 -4.507812500000000000e+00
5.826524278392895440e+00 -3.855468750000000000e+00
5.852510612900623244e+00 -1.550781250000000000e+00
5.877418010858193043e+00 -4.273437500000000000e+00
5.902589870989572773e+00 -4.300781250000000000e+00
5.929244610777359981e+00 -2.513671875000000000e+00
5.954676801456038504e+00 -3.658203125000000000e+00
5.979588480374033566e+00 -2.851562500000000000e+00
6.005253562696552194e+00 -3.535156250000000000e+00
6.031411814435969632e+00 -3.802734375000000000e+00
6.057046188860510938e+00 -1.882812500000000000e+00
6.081807525292390437e+00 -2.222656250000000000e+00
6.107418855841487471e+00 -3.261718750000000000e+00
6.134443650598804254e+00 -2.056640625000000000e+00
6.159207077401035235e+00 -1.208984375000000000e+00
6.184393701465864979e+00 -3.916015625000000000e+00
6.209584045107575889e+00 -2.128906250000000000e+00
6.236286501843665064e+00 -4.039062500000000000e+00
6.262262067783694874e+00 -4.277343750000000000e+00
6.287101617710682433e+00 -4.406250000000000000e+00
6.312385761496223324e+00 -1.164062500000000000e+00
6.339174133389128940e+00 -3.353515625000000000e+00
6.363724344013022005e+00 -4.074218750000000000e+00
6.389582410315178151e+00 -1.181640625000000000e+00
6.414744065285027830e+00 -2.369140625000000000e+00
6.441605843333917392e+00 -2.503906250000000000e+00
6.466996699651623715e+00 -2.214843750000000000e+00
6.491945041571739239e+00 -9.218750000000000000e-01
6.517018184671471204e+00 -2.355468750000000000e+00
6.543922334182965983e+00 -3.988281250000000000e+00
6.569568357559312233e+00 -3.433593750000000000e+00
6.594302896538991376e+00 -2.970703125000000000e+00
6.619688439995080387e+00 -2.675781250000000000e+00
6.646085722154779774e+00 -2.683593750000000000e+00
6.671736761867343546e+00 -3.117187500000000000e+00
6.696809797091368921e+00 -1.166015625000000000e+00
6.721854896354635400e+00 -3.394531250000000000e+00
6.748249206402064715e+00 -4.777343750000000000e+00
6.774090033750368889e+00 -4.921875000000000000e-01
6.799134186807449964e+00 -2.667968750000000000e+00
6.824998056082947073e+00 -3.152343750000000000e+00
6.850568343158812468e+00 -3.261718750000000000e+00
6.876606541143814866e+00 -1.070312500000000000e+00
6.901560183200906806e+00 5.097656250000000000e-01
6.927166900033441266e+00 -1.722656250000000000e+00
6.953205157851755303e+00 -7.773437500000000000e-01
6.978877849910588793e+00 9.257812500000000000e-01
7.004253761910177900e+00 -7.734375000000000000e-01
7.029890270662242813e+00 5.234375000000000000e-01
7.055869812415878073e+00 1.416015625000000000e+00
7.080934910696782936e+00 -3.593750000000000000e+00
7.107141913353530072e+00 6.699218750000000000e-01
7.132361181845730869e+00 1.015625000000000000e+00
7.158074177960770612e+00 4.398437500000000000e+00
7.183220102230791326e+00 3.433593750000000000e+00
7.209545873095194679e+00 6.367187500000000000e-01
7.235379643414347584e+00 -1.792968750000000000e+00
7.260579710068952863e+00 3.003906250000000000e+00
7.285661359246681457e+00 -5.820312500000000000e-01
7.311847894747913301e+00 2.796875000000000000e+00
7.337215976952123242e+00 1.908203125000000000e+00
7.362894453996950972e+00 4.267578125000000000e+00
7.388237584595728435e+00 5.996093750000000000e-01
7.414167011994557299e+00 2.712890625000000000e+00
7.439811094296146621e+00 4.193359375000000000e+00
7.465668733918576550e+00 3.058593750000000000e+00
7.491160341335344697e+00 4.507812500000000000e+00
7.516627670822160212e+00 4.822265625000000000e+00
7.541980102334036928e+00 2.978515625000000000e+00
7.567997933037403868e+00 3.890625000000000000e+00
7.593325493937882698e+00 3.167968750000000000e+00
7.618795452559240289e+00 4.851562500000000000e+00
7.644149013867263420e+00 3.966796875000000000e+00
7.670160790271765450e+00 6.386718750000000000e+00
7.695924494154127160e+00 4.042968750000000000e+00
7.722155159669895852e+00 8.691406250000000000e+00
7.746975714396356238e+00 3.199218750000000000e+00
7.772323848031518878e+00 1.425781250000000000e+00
7.798220299779742959e+00 4.539062500000000000e+00
7.824318384041802688e+00 6.582031250000000000e+00
7.849146939796881384e+00 6.605468750000000000e+00
7.875230305807164655e+00 7.382812500000000000e+00
7.900253532403979762e+00 6.277343750000000000e+00
7.926481410711389231e+00 9.347656250000000000e+00
7.951492486649492264e+00 1.011718750000000000e+01
7.977702954864895446e+00 6.898437500000000000e+00
8.003841921180118391e+00 8.189453125000000000e+00
8.028656417824926450e+00 1.079492187500000000e+01
8.053836948744134361e+00 9.921875000000000000e+00
8.079933434159713102e+00 8.158203125000000000e+00
8.106010314836147757e+00 9.066406250000000000e+00
8.130821615964045179e+00 8.835937500000000000e+00
8.156487255388029212e+00 1.123046875000000000e+01
8.182276281993814848e+00 1.103515625000000000e+01
8.208777466853909743e+00 1.199804687500000000e+01
8.233150134170671208e+00 1.379882812500000000e+01
8.258654378894689785e+00 1.243750000000000000e+01
8.285284213673108411e+00 1.302343750000000000e+01
8.310934446403081211e+00 1.787109375000000000e+01
8.336050598743284468e+00 1.699218750000000000e+01
8.362236260317970959e+00 1.399218750000000000e+01
8.387447914976760899e+00 1.670703125000000000e+01
8.413278408328729085e+00 1.623828125000000000e+01
8.438014337527988573e+00 2.087695312500000000e+01
8.463703927079578193e+00 2.102734375000000000e+01
8.489254574421480015e+00 2.020703125000000000e+01
8.515701680767776338e+00 1.993750000000000000e+01
8.540630410988946153e+00 2.129101562500000000e+01
8.566494263219460947e+00 2.009179687500000000e+01
8.592723188548959001e+00 2.167187500000000000e+01
8.617936726387831925e+00 2.406445312500000000e+01
8.643192975418017454e+00 2.478125000000000000e+01
8.668743837877357805e+00 2.499609375000000000e+01
8.694434315280339831e+00 2.650585937500000000e+01
8.720167871279699057e+00 2.601562500000000000e+01
8.745770573357546596e+00 2.620312500000000000e+01
8.770835534678731449e+00 2.919335937500000000e+01
8.797179003414463239e+00 2.629492187500000000e+01
8.823383392584460694e+00 3.058203125000000000e+01
8.848353153407188643e+00 3.116015625000000000e+01
8.873481189040177242e+00 2.944921875000000000e+01
8.899346306087942082e+00 3.045117187500000000e+01
8.925726491654472738e+00 3.079882812500000000e+01
8.950524206280206840e+00 3.051562500000000000e+01
8.976076135075402362e+00 3.296875000000000000e+01
9.002309409383983052e+00 3.342578125000000000e+01
9.028078822335814380e+00 3.223437500000000000e+01
9.052863358259443771e+00 3.573046875000000000e+01
9.078790473665250715e+00 3.159375000000000000e+01
9.104678523059803297e+00 3.305273437500000000e+01
9.130251161248892799e+00 3.269531250000000000e+01
9.155226245465705404e+00 3.146093750000000000e+01
9.181215435633163224e+00 3.308789062500000000e+01
9.207295511066604377e+00 3.110937500000000000e+01
9.232463781140673120e+00 3.113085937500000000e+01
9.257589940703439879e+00 3.160546875000000000e+01
9.283512668785363076e+00 3.044921875000000000e+01
9.309464517652941140e+00 3.090039062500000000e+01
9.334726259477157839e+00 2.978320312500000000e+01
9.359755409715546648e+00 2.726171875000000000e+01
9.385828970528628190e+00 3.014062500000000000e+01
9.411633577903103287e+00 2.807421875000000000e+01
9.436840965148263649e+00 2.699609375000000000e+01
9.462757512137159210e+00 2.466992187500000000e+01
9.488661333132185405e+00 2.850390625000000000e+01
9.514242430167193731e+00 2.464257812500000000e+01
9.539116284319604233e+00 2.511328125000000000e+01
9.565279674923765185e+00 2.711523437500000000e+01
9.590841138336401173e+00 2.225585937500000000e+01
9.616849804266777824e+00 2.412890625000000000e+01
9.641717450871325923e+00 2.075781250000000000e+01
9.668125705237031298e+00 2.060937500000000000e+01
9.693809224919206713e+00 2.003515625000000000e+01
9.719936358628004314e+00 1.747656250000000000e+01
9.745077584453923691e+00 2.014843750000000000e+01
9.769993752439020795e+00 1.556835937500000000e+01
9.795589823368629823e+00 1.683398437500000000e+01
9.821281040679025409e+00 1.796875000000000000e+01
9.847610717644812439e+00 1.324218750000000000e+01
9.872465752527347149e+00 1.594140625000000000e+01
9.898371497417343789e+00 1.686718750000000000e+01
9.924092655465017287e+00 1.282031250000000000e+01
9.949411837295286887e+00 1.141406250000000000e+01
9.974635965471094323e+00 1.570312500000000000e+01
1.000078678221890272e+01 1.176953125000000000e+01
1.002642790719455945e+01 1.126562500000000000e+01
1.005195402736538313e+01 1.243359375000000000e+01
1.007803196686781178e+01 1.357812500000000000e+01
1.010295423275803017e+01 1.558593750000000000e+01
1.012929197706660034e+01 1.017578125000000000e+01
1.015449101521210196e+01 1.034570312500000000e+01
1.018000752554736010e+01 9.386718750000000000e+00
1.020538219363108112e+01 9.398437500000000000e+00
1.023111006487901165e+01 9.718750000000000000e+00
1.025666233550566631e+01 1.015039062500000000e+01
1.028264090181804846e+01 8.984375000000000000e+00
1.030821532645098415e+01 9.570312500000000000e+00
1.033428127265123919e+01 1.259765625000000000e+01
1.035922513038864423e+01 1.019140625000000000e+01
1.038507669074778050e+01 6.894531250000000000e+00
1.041028876350402754e+01 5.496093750000000000e+00
1.043645507925971572e+01 6.615234375000000000e+00
1.046175186097384824e+01 5.820312500000000000e+00
1.048739135573438830e+01 5.482421875000000000e+00
1.051300470417976385e+01 6.828125000000000000e+00
1.053863380854828335e+01 3.621093750000000000e+00
1.056370548994163983e+01 8.542968750000000000e+00
1.058989496591792090e+01 3.406250000000000000e+00
1.061575930479110497e+01 6.191406250000000000e+00
1.064079481709264030e+01 5.673828125000000000e+00
1.066572997751396912e+01 7.335937500000000000e+00
1.069284286209116885e+01 6.156250000000000000e+00
1.071792677941001415e+01 4.013671875000000000e+00
1.074297816635599645e+01 5.343750000000000000e+00
1.076825025976718564e+01 6.816406250000000000e+00
1.079540867004743632e+01 8.097656250000000000e+00
1.082009436089455079e+01 6.246093750000000000e+00
1.084515035160812602e+01 6.496093750000000000e+00
1.087087781740028447e+01 5.724609375000000000e+00
1.089792162133114317e+01 5.203125000000000000e+00
1.092248880851965964e+01 4.835937500000000000e+00
1.094732451522705929e+01 3.019531250000000000e+00
1.097351028810193441e+01 4.000000000000000000e+00
1.099993815146382303e+01 2.160156250000000000e+00
1.102447627641606687e+01 4.960937500000000000e-01
1.105001600398662731e+01 1.267578125000000000e+00
1.107593045750992644e+01 2.835937500000000000e+00
1.110283616552565888e+01 3.113281250000000000e+00
1.112734606947832106e+01 1.527343750000000000e+00
1.115270026028908035e+01 3.304687500000000000e+00
1.117829799607858376e+01 2.664062500000000000e+00
1.120478933433432189e+01 1.294921875000000000e+00
1.122979440130681894e+01 3.167968750000000000e+00
1.125514819396846633e+01 1.593750000000000000e+00
1.128026651001211178e+01 4.675781250000000000e+00
1.130726001757764720e+01 3.847656250000000000e+00
1.133196337057840708e+01 -5.820312500000000000e-01
1.135760736142851357e+01 3.242187500000000000e-01
1.138305200264072425e+01 9.179687500000000000e-02
1.141021838349199413e+01 8.320312500000000000e-01
1.143474057802872323e+01 1.992187500000000000e+00
1.145982725970416283e+01 2.718750000000000000e+00
1.148570528558366277e+01 -4.511718750000000000e-01
1.151238560618450890e+01 2.656250000000000000e-01
1.153708156657796025e+01 -2.748046875000000000e+00
1.156204495814453992e+01 3.585937500000000000e+00
1.158862265204977859e+01 2.218750000000000000e+00
1.161535042299830423e+01 2.519531250000000000e+00
1.163961933525536807e+01 3.789062500000000000e-01
1.166416736282975819e+01 3.957031250000000000e+00
1.169108314564520867e+01 -9.589843750000000000e-01
1.171724028858119482e+01 -3.750000000000000000e-01
1.174178654112586884e+01 -1.462890625000000000e+00
1.176686978783047266e+01 8.359375000000000000e-01
1.179399714305293401e+01 -8.789062500000000000e-01
1.181992106156668854e+01 -2.087890625000000000e+00
1.184395369036395351e+01 -6.679687500000000000e-01
1.186890909625969925e+01 -1.441406250000000000e+00
1.189593280868411540e+01 1.308593750000000000e-01
1.192231228391985098e+01 2.582031250000000000e+00
1.194671938560929902e+01 -4.644531250000000000e+00
1.197121511836823515e+01 -8.320312500000000000e-01
1.199886051571516532e+01 -2.330078125000000000e+00
1.202480961385003866e+01 2.578125000000000000e-01
1.204915547827312139e+01 -5.691406250000000000e+00
1.207338773738385385e+01 -4.804687500000000000e-01
1.210156884825727275e+01 -3.343750000000000000e+00
1.212681113621113838e+01 -2.732421875000000000e+00
1.215137827225243683e+01 -1.183593750000000000e+00
1.217601569254166094e+01 2.871093750000000000e-01
1.220378251300596162e+01 -6.250000000000000000e-02
1.222927473331318993e+01 -2.007812500000000000e+00
1.225403992537989240e+01 -8.906250000000000000e-01
1.227929544134352113e+01 3.671875000000000000e-01
1.230594864127803589e+01 3.710937500000000000e-01
1.233144409104087913e+01 1.333984375000000000e+00
1.235620812043865868e+01 2.890625000000000000e-01
1.238155781020934398e+01 -1.312500000000000000e+00
1.240883031756135324e+01 -1.531250000000000000e+00
1.243434188057025125e+01 -1.109375000000000000e+00
1.245900478844876602e+01 1.359375000000000000e+00
1.248372763466788626e+01 -1.359375000000000000e+00
1.251127423103038439e+01 -1.208984375000000000e+00
1.253650886335348957e+01 -2.933593750000000000e+00
1.256117392618060080e+01 3.632812500000000000e-01
1.258654814821784385e+01 -2.109375000000000000e+00
1.261281429974886237e+01 6.250000000000000000e-02
1.263867718149511887e+01 -6.289062500000000000e-01
1.266366780434211137e+01 -1.218750000000000000e+00
1.268871198764827568e+01 -5.820312500000000000e+00
1.271481080174225298e+01 -4.197265625000000000e+00
1.274085032951374785e+01 -7.734375000000000000e-01
1.276592922001505315e+01 3.968750000000000000e+00
1.279164538364766202e+01 -2.074218750000000000e+00
1.281852912492405494e+01 -4.750000000000000000e+00
1.284371953010030154e+01 -2.023437500000000000e+00
1.286859984546589430e+01 9.199218750000000000e-01
1.289436913023698139e+01 -2.996093750000000000e+00
1.292064378698992755e+01 -3.435546875000000000e+00
1.294623297098466708e+01 -2.804687500000000000e+00
1.297033334540547855e+01 -2.015625000000000000e+00
1.299683856985353714e+01 -5.062500000000000000e+00
1.302286510780623985e+01 5.390625000000000000e-01
1.304804965217680035e+01 -9.804687500000000000e-01
1.307404307298330082e+01 1.968750000000000000e+00
1.309985534966395448e+01 -1.996093750000000000e+00
1.312535368294886950e+01 -1.621093750000000000e+00
1.315092689694425587e+01 2.382812500000000000e-01
1.317621180337064857e+01 -5.160156250000000000e+00
1.320159482579252597e+01 -2.154296875000000000e+00
1.322782630408561033e+01 -3.015625000000000000e+00
1.325328668701025947e+01 -2.484375000000000000e+00
1.327845407541884981e+01 -1.167968750000000000e+00
1.330418638129336273e+01 -1.613281250000000000e+00
1.332998931545385801e+01 -5.468750000000000000e-01
1.335561718525115538e+01 -1.005859375000000000e+00
1.338061355511716499e+01 -1.269531250000000000e+00
1.340715595562285500e+01 -3.414062500000000000e+00
1.343235082351864662e+01 -1.775390625000000000e+00
1.345851628675210776e+01 9.472656250000000000e-01
1.348322770844951890e+01 -2.099609375000000000e+00
1.350932398489892705e+01 -3.339843750000000000e+00
1.353586403713819664e+01 -4.605468750000000000e+00
1.356076245775562938e+01 -1.484375000000000000e+00
1.358554318167236374e+01 -1.781250000000000000e+00
1.361174831950904007e+01 -3.257812500000000000e+00
1.363750428792710778e+01 -2.519531250000000000e+00
1.366293418921355851e+01 -3.660156250000000000e+00
1.368860555073926122e+01 -5.103515625000000000e+00
1.371447078779437589e+01 -1.988281250000000000e+00
1.373971166212950834e+01 -4.058593750000000000e+00
1.376502863693223588e+01 -2.126953125000000000e+00
1.379077070468785138e+01 7.050781250000000000e-01
1.381643485305973229e+01 -2.140625000000000000e+00
1.384212446566259302e+01 -5.646484375000000000e+00
1.386727766855125310e+01 -5.003906250000000000e+00
1.389293575628554578e+01 -5.234375000000000000e+00
1.391880099764075140e+01 -2.742187500000000000e+00
1.394500868922024495e+01 -4.712890625000000000e+00
1.397046438901683274e+01 -2.955078125000000000e+00
1.399522426329198765e+01 -4.296875000000000000e+00
1.402189395714721343e+01 -5.238281250000000000e+00
1.404703257044049280e+01 -5.558593750000000000e+00
1.407211191870938194e+01 -3.964843750000000000e+00
1.409794818954654261e+01 -3.800781250000000000e+00
1.412406647010847394e+01 -3.289062500000000000e+00
1.414920393356034367e+01 -4.855468750000000000e+00
1.417480060549363685e+01 -4.371093750000000000e+00
1.420011972379691656e+01 -1.718750000000000000e+00
1.422667028447492044e+01 -5.009765625000000000e+00
1.425227877172204671e+01 -4.886718750000000000e+00
1.427749809839122008e+01 -4.546875000000000000e+00
1.430290065775625408e+01 -4.179687500000000000e+00
1.432907859692566888e+01 -7.695312500000000000e+00
1.435444460592901805e+01 -5.531250000000000000e+00
1.437978189766752735e+01 -4.496093750000000000e+00
1.440479415169553334e+01 -6.312500000000000000e+00
1.443109577418971412e+01 -5.578125000000000000e+00
1.445690716644165263e+01 -4.642578125000000000e+00
1.448222991010812422e+01 -5.199218750000000000e+00
1.450807364637493890e+01 -5.818359375000000000e+00
1.453356948249100355e+01 -5.644531250000000000e+00
1.455936860460144544e+01 -6.558593750000000000e+00
1.458445592783009204e+01 -5.886718750000000000e+00
1.461024201832678671e+01 -5.527343750000000000e+00
1.463640980532376545e+01 -7.955078125000000000e+00
1.466188843144259835e+01 -5.794921875000000000e+00
1.468682847302635253e+01 -5.261718750000000000e+00
1.471311219010614479e+01 -7.160156250000000000e+00
1.473925437930211046e+01 -5.148437500000000000e+00
1.476428556046181484e+01 -6.453125000000000000e+00
1.478935181249670450e+01 -7.253906250000000000e+00
1.481537687061933184e+01 -7.449218750000000000e+00
1.484179266723624835e+01 -5.464843750000000000e+00
1.486658596480172889e+01 -8.792968750000000000e+00
1.489225703613086438e+01 -7.000000000000000000e+00
1.491797251433159488e+01 -7.792968750000000000e+00
1.494379137261882562e+01 -8.611328125000000000e+00
1.496875084673136769e+01 -9.386718750000000000e+00
1.499442291140334049e+01 -8.330078125000000000e+00
1.502013788509280801e+01 -8.552734375000000000e+00
1.504622934672542556e+01 -9.425781250000000000e+00
1.507177590542993073e+01 -6.011718750000000000e+00
1.509705374799231947e+01 -9.007812500000000000e+00
1.512292789992307007e+01 -6.892578125000000000e+00
1.514839539580961514e+01 -9.156250000000000000e+00
1.517397495247087136e+01 -6.570312500000000000e+00
1.519935015978551718e+01 -7.837890625000000000e+00
1.522509716483136799e+01 -5.664062500000000000e+00
1.525056150006011535e+01 -9.269531250000000000e+00
1.527616687804460582e+01 -9.425781250000000000e+00
1.530144795301428928e+01 -7.429687500000000000e+00
1.532759894248825816e+01 -7.062500000000000000e+00
1.535310653691820448e+01 -9.548828125000000000e+00
1.537893385285827463e+01 -9.337890625000000000e+00
1.540421729725287037e+01 -6.125000000000000000e+00
1.543038772826241001e+01 -7.322265625000000000e+00
1.545604397099388194e+01 -6.988281250000000000e+00
1.548168050420684239e+01 -8.855468750000000000e+00
1.550699495525212512e+01 -8.371093750000000000e+00
1.553275610939495976e+01 -7.583984375000000000e+00
1.555822018699919340e+01 -6.894531250000000000e+00
1.558357355714421999e+01 -7.492187500000000000e+00
1.560886049464952663e+01 -5.099609375000000000e+00
1.563517464470914575e+01 -6.533203125000000000e+00
1.566037427973507334e+01 -7.005859375000000000e+00
1.568629104962946030e+01 -9.359375000000000000e+00
1.571162523006782408e+01 -1.030468750000000000e+01
1.573716778359518287e+01 -8.976562500000000000e+00
1.576334148077510378e+01 -9.146484375000000000e+00
1.578845791365364448e+01 -1.019140625000000000e+01
1.581410991723731740e+01 -7.478515625000000000e+00
1.583967519445252492e+01 -1.166015625000000000e+01
1.586551221304032566e+01 -7.691406250000000000e+00
1.589062424663480044e+01 -5.109375000000000000e+00
1.591627896596600067e+01 -7.351562500000000000e+00
1.594228794228775570e+01 -8.240234375000000000e+00
1.596785473507362951e+01 -6.714843750000000000e+00
1.599339374116473778e+01 -9.404296875000000000e+00
1.601877071168385669e+01 -8.589843750000000000e+00
1.604490955922427986e+01 -8.832031250000000000e+00
1.606985363107012432e+01 -8.250000000000000000e+00
1.609556347657283482e+01 -8.707031250000000000e+00
1.612094193976921019e+01 -7.562500000000000000e+00
1.614751089287683783e+01 -9.707031250000000000e+00
1.617301137707644898e+01 -8.007812500000000000e+00
1.619834077074744982e+01 -7.308593750000000000e+00
1.622358316794998245e+01 -6.957031250000000000e+00
1.624972127568089064e+01 -8.052734375000000000e+00
1.627546814406053954e+01 -6.070312500000000000e+00
1.630067476669384519e+01 -5.390625000000000000e+00
1.632574730330816237e+01 -7.222656250000000000e+00
1.635215979843749778e+01 -4.160156250000000000e+00
1.637801713142206239e+01 -6.580078125000000000e+00
1.640283775618328832e+01 -8.507812500000000000e+00
1.642824289044069985e+01 -7.652343750000000000e+00
1.645410767431775412e+01 -6.664062500000000000e+00
1.648030514021051829e+01 -5.125000000000000000e+00
1.650494728506191677e+01 -8.550781250000000000e+00
1.653040859193420431e+01 -9.472656250000000000e+00
1.655649586863845002e+01 -5.601562500000000000e+00
1.658292139980500224e+01 -7.226562500000000000e+00
1.660752536774448629e+01 -5.425781250000000000e+00
1.663317270735187492e+01 -2.771484375000000000e+00
1.666024609255047295e+01 -5.671875000000000000e+00
1.668558755584291475e+01 -3.917968750000000000e+00
1.671010452170429517e+01 -4.980468750000000000e+00
1.673607791290265823e+01 -4.187500000000000000e+00
1.676241668197409496e+01 -5.769531250000000000e+00
1.678822090922825794e+01 -5.101562500000000000e+00
1.681297754334703853e+01 -6.166015625000000000e+00
1.683868112355627034e+01 -2.847656250000000000e+00
1.686458737349759218e+01 -6.388671875000000000e+00
1.688991819957647067e+01 -7.718750000000000000e+00
1.691469279822946703e+01 -9.035156250000000000e+00
1.694084645915641829e+01 -5.265625000000000000e+00
1.696695209895287348e+01 -5.683593750000000000e+00
1.699255268929177021e+01 -4.691406250000000000e+00
1.701780537111771707e+01 -6.960937500000000000e+00
1.704396919057384707e+01 -3.039062500000000000e+00
1.706915615683043086e+01 -4.417968750000000000e+00
1.709475779107333437e+01 -9.355468750000000000e-01
1.711993252983430125e+01 -4.546875000000000000e+00
1.714619606937500151e+01 -2.613281250000000000e+00
1.717131933363212681e+01 -8.359375000000000000e-01
1.719715459940252344e+01 -3.609375000000000000e+00
1.722212114238309510e+01 -4.201171875000000000e+00
1.724892589469989446e+01 -3.339843750000000000e+00
1.727458294472391032e+01 -4.441406250000000000e+00
1.729923065844148056e+01 -4.246093750000000000e+00
1.732443460215215936e+01 -5.794921875000000000e+00
1.735129728603729404e+01 -3.441406250000000000e+00
1.737672970588110388e+01 -4.378906250000000000e+00
1.740254477160704738e+01 -5.849609375000000000e+00
1.742693102540679462e+01 -4.734375000000000000e+00
1.745437378960424013e+01 -3.494140625000000000e+00
1.747891318260091253e+01 -2.783203125000000000e+00
1.750436297588628065e+01 -4.757812500000000000e+00
1.752910338448882754e+01 -1.187500000000000000e+00
1.755573707225700275e+01 -1.464843750000000000e+00
1.758163016359159769e+01 -4.181640625000000000e+00
1.760653252537910873e+01 -2.253906250000000000e+00
1.763158308188369006e+01 2.773437500000000000e-01
1.765818509825442106e+01 -2.617187500000000000e+00
1.768379916784599004e+01 -2.603515625000000000e+00
1.770870196718048817e+01 -2.136718750000000000e+00
1.773470287593296035e+01 -5.349609375000000000e+00
1.776142674399972066e+01 -2.474609375000000000e+00
1.778650321631313602e+01 5.703125000000000000e-01
1.781050517116057819e+01 -7.929687500000000000e-01
1.783612458781554011e+01 -1.914062500000000000e+00
1.786394326606178140e+01 -8.710937500000000000e-01
1.788868057553101210e+01 -6.191406250000000000e-01
1.791317277316976941e+01 -3.490234375000000000e+00
1.793829272179628020e+01 -2.736328125000000000e+00
1.796577300892498386e+01 -1.199218750000000000e+00
1.799084834177030245e+01 -2.589843750000000000e+00
1.801547627025371412e+01 -2.230468750000000000e+00
1.804046080854150347e+01 -2.384765625000000000e+00
1.806850805870998045e+01 -3.085937500000000000e-01
1.809379320539400737e+01 -4.037109375000000000e+00
1.811782731367402022e+01 -3.751953125000000000e+00
1.814426790685683955e+01 -1.648437500000000000e+00
1.817075288961612500e+01 -6.640625000000000000e-01
1.819596230391934455e+01 0.000000000000000000e+00
1.822003241788678451e+01 -4.925781250000000000e+00
1.824679157940404650e+01 -9.257812500000000000e-01
1.827380522296978427e+01 -2.232421875000000000e+00
1.829841126071227109e+01 -2.287109375000000000e+00
1.832284785777049763e+01 -1.369140625000000000e+00
1.834877662737924453e+01 -8.554687500000000000e-01
1.837548624006271325e+01 -5.429687500000000000e-01
1.840094266680269897e+01 -1.146484375000000000e+00
1.842566621783655023e+01 -2.339843750000000000e+00
1.845094158818026386e+01 7.226562500000000000e-01
1.847813584717103197e+01 -2.292968750000000000e+00
1.850329267571036951e+01 3.175781250000000000e+00
1.852800688797227480e+01 -2.423828125000000000e+00
1.855550648820204174e+01 -3.296875000000000000e+00
1.858104580365687042e+01 2.656250000000000000e-01
1.860589588049793974e+01 1.332031250000000000e+00
1.863068434032548737e+01 -9.570312500000000000e-01
1.865797464121771299e+01 6.250000000000000000e-02
1.868321330643009759e+01 2.376953125000000000e+00
1.870806611718313661e+01 -1.355468750000000000e+00
1.873302534805606001e+01 -1.542968750000000000e+00
1.875983839806863784e+01 1.277343750000000000e+00
1.878549603064981000e+01 -5.859375000000000000e-02
1.881067168401464329e+01 -3.248046875000000000e+00
1.883502938913817104e+01 1.175781250000000000e+00
1.886230452865913065e+01 9.179687500000000000e-01
1.888767673335777886e+01 1.796875000000000000e+00
1.891347222180625920e+01 1.066406250000000000e+00
1.893803191107766537e+01 1.673828125000000000e+00
1.896476840824296062e+01 1.085937500000000000e+00
1.898986370556197301e+01 3.515625000000000000e-01
1.901500806120279918e+01 -1.464843750000000000e+00
1.903968296774861813e+01 -7.617187500000000000e-01
1.906758618515330284e+01 -6.835937500000000000e-01
1.909247605538895698e+01 -1.773437500000000000e+00
1.911783801628970991e+01 1.496093750000000000e+00
1.914288600558675313e+01 2.441406250000000000e-01
1.916975813041524646e+01 -6.328125000000000000e-01
1.919528634272948153e+01 2.681640625000000000e+00
