#Time Flux
-2.165873045530965157e+00 2.509375000000000000e+01
-2.157015804755975097e+00 2.640625000000000000e+01
-2.149291900191222737e+00 2.090625000000000000e+01
-2.139661331128216659e+00 2.850000000000000000e+01
-2.131133688143233229e+00 3.514062500000000000e+01
-2.122312353527455286e+00 2.403125000000000000e+01
-2.113689707302029319e+00 2.687500000000000000e+01
-2.104932156703181789e+00 2.392187500000000000e+01
-2.096578266037752769e+00 3.525000000000000000e+01
-2.088085713992658299e+00 2.918750000000000000e+01
-2.078815123218436867e+00 2.839062500000000000e+01
-2.070089373904938412e+00 2.507812500000000000e+01
-2.061279938452372562e+00 3.543750000000000000e+01
-2.053055537456064172e+00 3.200000000000000000e+01
-2.044669564435380948e+00 2.690625000000000000e+01
-2.035718093454562450e+00 2.921875000000000000e+01
-2.027099891598957981e+00 2.735937500000000000e+01
-2.018028239972164073e+00 3.354687500000000000e+01
-2.009073672216551643e+00 3.478125000000000000e+01
-2.000702877574781269e+00 3.673437500000000000e+01
-1.992195235196309255e+00 3.821875000000000000e+01
-1.983541071070426653e+00 3.550000000000000000e+01
-1.974632793630153316e+00 3.845312500000000000e+01
-1.966049669335838246e+00 4.181250000000000000e+01
-1.957310662719574879e+00 4.168750000000000000e+01
-1.948014803966980679e+00 4.582812500000000000e+01
-1.940490590261482851e+00 3.915625000000000000e+01
-1.931855446527400488e+00 4.681250000000000000e+01
-1.922938568237295698e+00 4.076562500000000000e+01
-1.914244680700871726e+00 4.217187500000000000e+01
-1.905469289476751982e+00 3.948437500000000000e+01
-1.896575051176114357e+00 4.909375000000000000e+01
-1.888026224472842074e+00 4.734375000000000000e+01
-1.879091876613127710e+00 4.051562500000000000e+01
-1.870933409614554677e+00 4.818750000000000000e+01
-1.863058456760995796e+00 3.571875000000000000e+01
-1.853038195702310986e+00 5.921875000000000000e+01
-1.844216890050635271e+00 4.535937500000000000e+01
-1.835612186285555225e+00 5.723437500000000000e+01
-1.827189173970289460e+00 5.559375000000000000e+01
-1.818670348451469465e+00 4.646875000000000000e+01
-1.810305437509015292e+00 6.100000000000000000e+01
-1.801905601475503715e+00 3.656250000000000000e+01
-1.792383833129733262e+00 5.215625000000000000e+01
-1.783860253607063129e+00 5.139062500000000000e+01
-1.775070130610764352e+00 4.703125000000000000e+01
-1.766304226823269374e+00 5.693750000000000000e+01
-1.757616810822575815e+00 4.809375000000000000e+01
-1.749214647937108680e+00 5.775000000000000000e+01
-1.740796460870782880e+00 4.828125000000000000e+01
-1.731523821361548698e+00 5.837500000000000000e+01
-1.722918047327620883e+00 5.665625000000000000e+01
-1.714282333665170910e+00 5.846875000000000000e+01
-1.706024800524250651e+00 5.529687500000000000e+01
-1.697312777774556025e+00 5.948437500000000000e+01
-1.688446417608410854e+00 6.406250000000000000e+01
-1.679793399876214011e+00 5.356250000000000000e+01
-1.671059808799615354e+00 7.445312500000000000e+01
-1.661838694172388387e+00 6.184375000000000000e+01
-1.653267222260701885e+00 5.868750000000000000e+01
-1.644902244925255275e+00 6.206250000000000000e+01
-1.636249307510343698e+00 6.320312500000000000e+01
-1.627458508623263356e+00 6.440625000000000000e+01
-1.618992179693947264e+00 5.437500000000000000e+01
-1.610172017111381138e+00 6.565625000000000000e+01
-1.601321897949354423e+00 7.129687500000000000e+01
-1.592766986871360757e+00 6.250000000000000000e+01
-1.584105037381547731e+00 6.609375000000000000e+01
-1.575612420449047590e+00 5.850000000000000000e+01
-1.566888984080801350e+00 6.140625000000000000e+01
-1.558175876145853067e+00 6.100000000000000000e+01
-1.549146181583175519e+00 7.018750000000000000e+01
-1.540819349395526672e+00 6.446875000000000000e+01
-1.531801742281835743e+00 6.321875000000000000e+01
-1.523165772035348198e+00 6.921875000000000000e+01
-1.515822693699213630e+00 5.868750000000000000e+01
-1.505617635464524540e+00 6.850000000000000000e+01
-1.497464007945147557e+00 6.321875000000000000e+01
-1.488756371800700862e+00 7.450000000000000000e+01
-1.480151620334581253e+00 6.525000000000000000e+01
-1.471450952638321041e+00 7.267187500000000000e+01
-1.462244193042170792e+00 7.389062500000000000e+01
-1.454519238032865758e+00 6.484375000000000000e+01
-1.445113333082630902e+00 7.709375000000000000e+01
-1.436616669595260021e+00 7.665625000000000000e+01
-1.427766353112176034e+00 6.990625000000000000e+01
-1.419084339829609576e+00 7.506250000000000000e+01
-1.410709018552559257e+00 7.760937500000000000e+01
-1.401851014818888075e+00 7.625000000000000000e+01
-1.393409960523726454e+00 7.790625000000000000e+01
-1.384139565727451782e+00 8.568750000000000000e+01
-1.375755482530280460e+00 7.496875000000000000e+01
-1.367204128139356101e+00 8.953125000000000000e+01
-1.358815361872668603e+00 7.734375000000000000e+01
-1.349960934887704411e+00 7.600000000000000000e+01
-1.341109286182259552e+00 7.481250000000000000e+01
-1.332488270482045323e+00 7.975000000000000000e+01
-1.323462044288675088e+00 7.500000000000000000e+01
-1.315249247155996670e+00 7.960937500000000000e+01
-1.306685062571709466e+00 7.796875000000000000e+01
-1.297652617256968455e+00 7.853125000000000000e+01
-1.289128665390673945e+00 7.806250000000000000e+01
-1.280319969090555787e+00 7.468750000000000000e+01
-1.271903191727883353e+00 8.050000000000000000e+01
-1.263083919649481857e+00 8.185937500000000000e+01
-1.253947988268599545e+00 7.396875000000000000e+01
-1.245624477752752313e+00 8.817187500000000000e+01
-1.237083007187969486e+00 7.840625000000000000e+01
-1.228275448289657845e+00 7.968750000000000000e+01
-1.219533246948198979e+00 9.156250000000000000e+01
-1.210790626130538783e+00 7.412500000000000000e+01
-1.201932273466717049e+00 8.659375000000000000e+01
-1.193421914710633303e+00 8.131250000000000000e+01
-1.185025535138187536e+00 8.796875000000000000e+01
-1.175996969719559360e+00 9.171875000000000000e+01
-1.168533451349393459e+00 8.085937500000000000e+01
-1.158826367368600785e+00 8.940625000000000000e+01
-1.150340655297110715e+00 8.395312500000000000e+01
-1.141658359793289890e+00 9.534375000000000000e+01
-1.132868443711043227e+00 8.689062500000000000e+01
-1.124172891094804783e+00 9.014062500000000000e+01
-1.114858396389355022e+00 8.807812500000000000e+01
-1.107428203372080588e+00 8.598437500000000000e+01
-1.097873152175800726e+00 9.543750000000000000e+01
-1.089357422884027926e+00 8.604687500000000000e+01
-1.080507719171123426e+00 9.593750000000000000e+01
-1.071779890855601991e+00 8.615625000000000000e+01
-1.063879639746943440e+00 8.340625000000000000e+01
-1.054549480847221332e+00 8.965625000000000000e+01
-1.046310583098957636e+00 9.162500000000000000e+01
-1.037176974548611241e+00 9.560937500000000000e+01
-1.028292558777753385e+00 9.889062500000000000e+01
-1.019916403444199204e+00 9.037500000000000000e+01
-1.011374131820485189e+00 9.320312500000000000e+01
-1.002673659235050252e+00 8.039062500000000000e+01
-9.937868003000467354e-01 9.581250000000000000e+01
-9.852394104563373389e-01 8.971875000000000000e+01
-9.762900236422105138e-01 8.909375000000000000e+01
-9.678754561752143104e-01 9.417187500000000000e+01
-9.593736666554413262e-01 9.506250000000000000e+01
-9.504650429232128772e-01 9.501562500000000000e+01
-9.421288644597467510e-01 8.881250000000000000e+01
-9.333417114560305095e-01 1.038750000000000000e+02
-9.247496669918895407e-01 9.581250000000000000e+01
-9.158740119782109446e-01 1.051562500000000000e+02
-9.072831167912767114e-01 9.746875000000000000e+01
-8.984472428140186651e-01 8.745312500000000000e+01
-8.895179277509761562e-01 9.954687500000000000e+01
-8.822784062231896485e-01 9.020312500000000000e+01
-8.721776186784744311e-01 9.140625000000000000e+01
-8.634673605687765985e-01 9.315625000000000000e+01
-8.549496154748368326e-01 9.981250000000000000e+01
-8.462962873343791159e-01 9.853125000000000000e+01
-8.378676125556197007e-01 8.971875000000000000e+01
-8.286856761432730423e-01 1.010000000000000000e+02
-8.209749719736230134e-01 9.995312500000000000e+01
-8.115035251595585919e-01 9.740625000000000000e+01
-8.030825757316151225e-01 9.993750000000000000e+01
-7.943855501079575276e-01 1.005000000000000000e+02
-7.855832410385907849e-01 1.034062500000000000e+02
-7.768413221656302881e-01 9.384375000000000000e+01
-7.682164155769726221e-01 1.007812500000000000e+02
-7.597466185989318888e-01 9.215625000000000000e+01
-7.505818543352411609e-01 1.014375000000000000e+02
-7.423784243742197475e-01 1.025156250000000000e+02
-7.336949754560890824e-01 9.803125000000000000e+01
-7.252524010642851238e-01 1.004062500000000000e+02
-7.164576875457626670e-01 1.060937500000000000e+02
-7.075845067935730981e-01 1.013125000000000000e+02
-6.990491774905791544e-01 1.062187500000000000e+02
-6.899951802984958249e-01 1.046250000000000000e+02
-6.825200865758773716e-01 1.047500000000000000e+02
-6.726295260124786068e-01 1.065937500000000000e+02
-6.640583930003813862e-01 9.728125000000000000e+01
-6.552871021759543169e-01 1.008750000000000000e+02
-6.464876934324905733e-01 1.046562500000000000e+02
-6.379889656033128631e-01 1.006250000000000000e+02
-6.291301619616511687e-01 1.132031250000000000e+02
-6.212210840284200231e-01 9.665625000000000000e+01
-6.120619769141768529e-01 9.818750000000000000e+01
-6.031299791607480643e-01 1.067187500000000000e+02
-5.947162521166013960e-01 9.795312500000000000e+01
-5.861199111304493670e-01 1.145000000000000000e+02
-5.776008689719063227e-01 1.016250000000000000e+02
-5.685509518505433846e-01 1.059218750000000000e+02
-5.600856682143273702e-01 1.017500000000000000e+02
-5.511746782323712068e-01 1.031875000000000000e+02
-5.421332760355745961e-01 1.077968750000000000e+02
-5.336067112916680344e-01 1.017187500000000000e+02
-5.248486472354230159e-01 1.126875000000000000e+02
-5.166246545411397051e-01 9.853125000000000000e+01
-5.079816180260294800e-01 1.129375000000000000e+02
-4.993708544197552612e-01 1.059218750000000000e+02
-4.906252485315754086e-01 9.628125000000000000e+01
-4.810785432183912746e-01 1.114062500000000000e+02
-4.729108914905850725e-01 1.022968750000000000e+02
-4.642651437629723432e-01 1.129062500000000000e+02
-4.559019057807915942e-01 9.340625000000000000e+01
-4.470143395382670803e-01 1.092500000000000000e+02
-4.383230837595206708e-01 1.025937500000000000e+02
-4.295016289296178513e-01 9.878125000000000000e+01
-4.205152929789335303e-01 1.040156250000000000e+02
-4.123603636480979162e-01 1.045625000000000000e+02
-4.035079022031524687e-01 1.186562500000000000e+02
-3.963757895098396489e-01 1.102187500000000000e+02
-3.864159566224500963e-01 1.041562500000000000e+02
-3.779803306759248471e-01 1.119218750000000000e+02
-3.691347769586101890e-01 1.019687500000000000e+02
-3.602639074645352935e-01 9.767187500000000000e+01
-3.517171203613251862e-01 9.653125000000000000e+01
-3.427503716132989098e-01 1.098437500000000000e+02
-3.351590031860354202e-01 1.044375000000000000e+02
-3.259066955122342790e-01 1.013281250000000000e+02
-3.167920613632873028e-01 1.038125000000000000e+02
-3.079405691438736881e-01 1.008281250000000000e+02
-2.991858444869741618e-01 1.011250000000000000e+02
-2.913232200669071403e-01 9.431250000000000000e+01
-2.822995448982439370e-01 1.039843750000000000e+02
-2.739719065963370781e-01 1.011875000000000000e+02
-2.650924684823507960e-01 9.846875000000000000e+01
-2.558759416893252592e-01 1.080312500000000000e+02
-2.473116654719049734e-01 1.003125000000000000e+02
-2.385882774999643630e-01 1.059687500000000000e+02
-2.300410554631220350e-01 9.975000000000000000e+01
-2.211265529776476058e-01 1.009531250000000000e+02
-2.126809106206053457e-01 1.008437500000000000e+02
-2.043209120773141763e-01 9.273437500000000000e+01
-1.952170246249309571e-01 1.054687500000000000e+02
-1.860862300349737097e-01 9.185937500000000000e+01
-1.777741836740460712e-01 1.120156250000000000e+02
-1.696132765133455678e-01 9.053125000000000000e+01
-1.608797844881308947e-01 9.515625000000000000e+01
-1.520960214285267398e-01 9.734375000000000000e+01
-1.433440816993396538e-01 9.562500000000000000e+01
-1.340945927446739461e-01 9.975000000000000000e+01
-1.248792705652661539e-01 8.787500000000000000e+01
-1.169531201934965736e-01 1.022343750000000000e+02
-1.085976883768786649e-01 9.534375000000000000e+01
-9.974897956797690313e-02 9.375000000000000000e+01
-9.110066384340598233e-02 1.019375000000000000e+02
-8.216185116880581063e-02 8.803125000000000000e+01
-7.375778845804603634e-02 1.010937500000000000e+02
-6.523954212446625434e-02 9.217187500000000000e+01
-5.652804518430798453e-02 1.064062500000000000e+02
-4.907471684068909212e-02 9.439062500000000000e+01
-3.912932051969164604e-02 9.445312500000000000e+01
-3.061086120287370704e-02 9.682812500000000000e+01
-2.185638693735469928e-02 8.323437500000000000e+01
-1.301014711271619717e-02 8.792187500000000000e+01
-4.429986151002651695e-03 8.475000000000000000e+01
4.488534414790024130e-03 9.818750000000000000e+01
1.220190406742460709e-02 8.768750000000000000e+01
2.147836675998959777e-02 9.981250000000000000e+01
3.050048645679481751e-02 9.293750000000000000e+01
3.915633083299852046e-02 8.223437500000000000e+01
4.788901503263787163e-02 9.096875000000000000e+01
5.601540068931498695e-02 8.775000000000000000e+01
6.506155816942538195e-02 9.667187500000000000e+01
7.339583272733918307e-02 8.587500000000000000e+01
8.251839558354134851e-02 7.981250000000000000e+01
9.108707730214504750e-02 8.425000000000000000e+01
1.000545649885609123e-01 7.817187500000000000e+01
1.087884833157133357e-01 8.890625000000000000e+01
1.173132121043032328e-01 8.870312500000000000e+01
1.261618053697155517e-01 8.018750000000000000e+01
1.346629211498218126e-01 9.348437500000000000e+01
1.431408428663409893e-01 7.745312500000000000e+01
1.523190153338447317e-01 8.890625000000000000e+01
1.612513564606246064e-01 7.896875000000000000e+01
1.692006511913319855e-01 9.209375000000000000e+01
1.776944874352821557e-01 7.493750000000000000e+01
1.864854838106140278e-01 7.934375000000000000e+01
1.951681883304061671e-01 8.443750000000000000e+01
2.040105607531934595e-01 7.289062500000000000e+01
2.132913804738052477e-01 8.053125000000000000e+01
2.224114129671761475e-01 6.403125000000000000e+01
2.302668104318676967e-01 8.478125000000000000e+01
2.384784796290837505e-01 7.768750000000000000e+01
2.475644340548868172e-01 7.531250000000000000e+01
2.559198953832968471e-01 7.940625000000000000e+01
2.643263422390020878e-01 6.921875000000000000e+01
2.732541848469516310e-01 8.764062500000000000e+01
2.818471271763058894e-01 7.090625000000000000e+01
2.910589516343584648e-01 8.384375000000000000e+01
2.983344362769955183e-01 7.812500000000000000e+01
3.081566628423573206e-01 7.434375000000000000e+01
3.167321357837593609e-01 7.781250000000000000e+01
3.255100855214614342e-01 7.098437500000000000e+01
3.343433192322180503e-01 7.826562500000000000e+01
3.429398066183111382e-01 7.071875000000000000e+01
3.517864958756753424e-01 7.217187500000000000e+01
3.596380856584389107e-01 7.043750000000000000e+01
3.688633299045669389e-01 5.710937500000000000e+01
3.777753160558603440e-01 7.903125000000000000e+01
3.862756908458813143e-01 5.792187500000000000e+01
3.947699576500163232e-01 7.176562500000000000e+01
4.033854031361343573e-01 6.581250000000000000e+01
4.122529487031911799e-01 6.250000000000000000e+01
4.207504363197287489e-01 7.143750000000000000e+01
4.296787322053319258e-01 7.071875000000000000e+01
4.383268597630411989e-01 7.034375000000000000e+01
4.473129518583931485e-01 6.637500000000000000e+01
4.559475824289940249e-01 6.778125000000000000e+01
4.646832130086195889e-01 6.403125000000000000e+01
4.733531136477786561e-01 6.600000000000000000e+01
4.817014965554022865e-01 6.268750000000000000e+01
4.903062037960026487e-01 6.181250000000000000e+01
4.995552902083133517e-01 6.575000000000000000e+01
5.084724600415029272e-01 6.093750000000000000e+01
5.165737002688075563e-01 6.925000000000000000e+01
5.250017040242624944e-01 6.150000000000000000e+01
5.337721329279077054e-01 6.881250000000000000e+01
5.425181641280829581e-01 6.001562500000000000e+01
5.512555699463490555e-01 5.112500000000000000e+01
5.598482136654823194e-01 5.653125000000000000e+01
5.685695724768500270e-01 5.693750000000000000e+01
5.774501630139532438e-01 6.509375000000000000e+01
5.857718883413909339e-01 5.343750000000000000e+01
5.944573744684049643e-01 5.428125000000000000e+01
6.028641322971779459e-01 4.790625000000000000e+01
6.115836335546234181e-01 5.175000000000000000e+01
6.205410649106575249e-01 5.846875000000000000e+01
6.292112304378036924e-01 4.659375000000000000e+01
6.381018212874849382e-01 6.050000000000000000e+01
6.456654825215899507e-01 5.409375000000000000e+01
6.552684131425010605e-01 5.728125000000000000e+01
6.640319780734529331e-01 5.275000000000000000e+01
6.726924819733817174e-01 4.803125000000000000e+01
6.816923190270181010e-01 5.243750000000000000e+01
6.901329861623111128e-01 4.981250000000000000e+01
6.986593280860020627e-01 5.309375000000000000e+01
7.070051412020248449e-01 4.609375000000000000e+01
7.161535073022236020e-01 4.946875000000000000e+01
7.250030647778267223e-01 5.303125000000000000e+01
7.334785457664416697e-01 4.737500000000000000e+01
7.421365180496941605e-01 5.062500000000000000e+01
7.507698361680361643e-01 4.057812500000000000e+01
7.595761778076983717e-01 5.351562500000000000e+01
7.681438818381245426e-01 4.773437500000000000e+01
7.771765288404530736e-01 4.907812500000000000e+01
7.859312651350833789e-01 4.162500000000000000e+01
7.939785788113908893e-01 3.737500000000000000e+01
8.032764487344579152e-01 4.087500000000000000e+01
8.116620656212099050e-01 3.759375000000000000e+01
8.201109929195951054e-01 4.671875000000000000e+01
8.287023381742564254e-01 4.434375000000000000e+01
8.375025010961536509e-01 4.128125000000000000e+01
8.468506266528486037e-01 3.839062500000000000e+01
8.547269882445789335e-01 4.328125000000000000e+01
8.634230490316738837e-01 3.762500000000000000e+01
8.722909558666103180e-01 3.318750000000000000e+01
8.811219849502123225e-01 3.784375000000000000e+01
8.898773108896946837e-01 3.031250000000000000e+01
8.986312835469583149e-01 3.787500000000000000e+01
9.072542947194683904e-01 3.878125000000000000e+01
9.158806712430092034e-01 3.487500000000000000e+01
9.243245135589006622e-01 3.781250000000000000e+01
9.318046045996695170e-01 3.184375000000000000e+01
9.416586291714565959e-01 3.450000000000000000e+01
9.502200048101734353e-01 3.546875000000000000e+01
9.589622237133923477e-01 3.309375000000000000e+01
9.678345621918573727e-01 3.567187500000000000e+01
9.764979524860422089e-01 3.228125000000000000e+01
9.853403423955882090e-01 4.681250000000000000e+01
9.930874797453697056e-01 3.315625000000000000e+01
1.002641922412756514e+00 3.395312500000000000e+01
1.011395755709457944e+00 3.571875000000000000e+01
1.019931664688996875e+00 2.118750000000000000e+01
1.028721117151803810e+00 2.534375000000000000e+01
1.037070956090051510e+00 2.545312500000000000e+01
1.045954003776401464e+00 3.790625000000000000e+01
1.054325043487633451e+00 2.121875000000000000e+01
1.063146337411865261e+00 2.946875000000000000e+01
1.071942657310355429e+00 1.964062500000000000e+01
1.080780990783747342e+00 2.817187500000000000e+01
1.089361347557346704e+00 2.742187500000000000e+01
1.098124182777826974e+00 1.746875000000000000e+01
1.106899612145141987e+00 2.084375000000000000e+01
1.115382774899842389e+00 2.425000000000000000e+01
1.123834132718982914e+00 2.215625000000000000e+01
1.133099379811032037e+00 1.742187500000000000e+01
1.141963921619485234e+00 2.046875000000000000e+01
1.150085890041601999e+00 2.125000000000000000e+01
1.158562838898866687e+00 1.934375000000000000e+01
1.167415803868070867e+00 1.989062500000000000e+01
1.175997797661985089e+00 2.159375000000000000e+01
1.184778085447561580e+00 1.150000000000000000e+01
1.193360932361173354e+00 2.259375000000000000e+01
1.202112948890203370e+00 1.412500000000000000e+01
1.211022935227305197e+00 1.693750000000000000e+01
1.219505776716982126e+00 1.323437500000000000e+01
1.228401255293221084e+00 6.203125000000000000e+00
1.237114296351194298e+00 1.800000000000000000e+01
1.245189759531584173e+00 6.625000000000000000e+00
1.254252127632959457e+00 1.906250000000000000e+01
1.262842832099970281e+00 6.687500000000000000e+00
1.271710018380332485e+00 1.356250000000000000e+01
1.279159879641881048e+00 1.721875000000000000e+01
1.289557021661877911e+00 3.281250000000000000e+00
1.297532048937867444e+00 1.623437500000000000e+01
1.306242481901698227e+00 5.343750000000000000e+00
1.315123178841705709e+00 1.365625000000000000e+01
1.323781230776905460e+00 6.062500000000000000e+00
1.332550584643307445e+00 9.875000000000000000e+00
1.340386689576998691e+00 9.125000000000000000e+00
1.349788028795224193e+00 3.125000000000000000e-01
1.358577511551786188e+00 1.025000000000000000e+01
1.366962623171261271e+00 9.062500000000000000e+00
1.375446275280339137e+00 1.562500000000000000e+00
1.384150442819453986e+00 6.312500000000000000e+00
1.393092324806275428e+00 -2.656250000000000000e+00
1.401509621859542420e+00 9.750000000000000000e+00
1.410643774203588663e+00 -5.515625000000000000e+00
1.419329140166009751e+00 -1.921875000000000000e+00
1.428187678557954143e+00 -4.250000000000000000e+00
1.436717314464690531e+00 -4.687500000000000000e+00
1.445448250480048102e+00 7.812500000000000000e-01
1.454079234236630214e+00 -1.812500000000000000e+00
1.462519213370939042e+00 5.562500000000000000e+00
1.471154218383539103e+00 -8.843750000000000000e+00
1.480228449217378284e+00 4.375000000000000000e-01
1.489395350799085804e+00 -2.218750000000000000e+00
1.497323083522022813e+00 2.187500000000000000e-01
1.505805046228342547e+00 3.984375000000000000e+00
1.514559974392536645e+00 -4.078125000000000000e+00
1.523303410504116329e+00 -5.625000000000000000e+00
1.532135461009403343e+00 -7.468750000000000000e+00
1.540723244980398476e+00 -9.093750000000000000e+00
1.549424074017156983e+00 -2.765625000000000000e+00
1.557792070562214803e+00 -6.625000000000000000e+00
1.565951733309802307e+00 -7.968750000000000000e+00
1.575678290289779682e+00 -9.906250000000000000e+00
1.583699480234862733e+00 -6.625000000000000000e+00
1.592446569603708895e+00 -1.131250000000000000e+01
1.601313194782356675e+00 -1.190625000000000000e+01
1.609991649407092495e+00 -1.003125000000000000e+01
1.618719784933890793e+00 -1.515625000000000000e+01
1.626488791270311651e+00 -1.809375000000000000e+01
1.636305796684446534e+00 -2.009375000000000000e+01
1.644908648739573209e+00 -8.000000000000000000e+00
1.653596739337352517e+00 -1.437500000000000000e+01
1.662445335824429549e+00 -1.621875000000000000e+01
1.671001990120544178e+00 -1.287500000000000000e+01
1.679385079135514047e+00 -8.406250000000000000e+00
1.687787669486205289e+00 -8.875000000000000000e+00
1.696932072151330573e+00 -1.873437500000000000e+01
1.705814697572762384e+00 -1.500000000000000000e+01
1.714287300445896278e+00 -9.265625000000000000e+00
1.722633254563824323e+00 -2.128125000000000000e+01
1.731368830998569308e+00 -2.529687500000000000e+01
1.740313883760180147e+00 -1.418750000000000000e+01
1.748870697394988127e+00 -2.904687500000000000e+01
1.757718716375119783e+00 -1.734375000000000000e+01
1.766952414875586186e+00 -1.639062500000000000e+01
1.775457206959899281e+00 -2.118750000000000000e+01
1.783931287342547023e+00 -2.465625000000000000e+01
1.792353274625721582e+00 -1.734375000000000000e+01
1.801001352867128702e+00 -1.989062500000000000e+01
1.809468108712966483e+00 -1.857812500000000000e+01
1.818349714629860614e+00 -2.250000000000000000e+01
1.827872150894112480e+00 -2.106250000000000000e+01
1.836756183546739862e+00 -2.206250000000000000e+01
1.844272368402137374e+00 -1.675000000000000000e+01
1.852976386573867984e+00 -2.401562500000000000e+01
1.861889173616717130e+00 -2.515625000000000000e+01
1.870658007759733010e+00 -2.212500000000000000e+01
1.879524329936646865e+00 -2.340625000000000000e+01
1.888501709301664278e+00 -2.709375000000000000e+01
1.896427254947756325e+00 -1.959375000000000000e+01
1.904962907293960228e+00 -1.715625000000000000e+01
1.912661441598679346e+00 -2.668750000000000000e+01
1.923005335452600661e+00 -2.071875000000000000e+01
1.931088490460602713e+00 -2.318750000000000000e+01
1.939798146048854477e+00 -2.668750000000000000e+01
1.948660668053271650e+00 -3.009375000000000000e+01
1.957279568901654443e+00 -2.690625000000000000e+01
1.965876650868914055e+00 -2.985937500000000000e+01
1.973831133029168683e+00 -2.443750000000000000e+01
1.983254209543879654e+00 -2.887500000000000000e+01
1.992107143589301188e+00 -1.918750000000000000e+01
2.000927886086259377e+00 -1.962500000000000000e+01
2.009495170845401191e+00 -2.964062500000000000e+01
2.017545365674262570e+00 -2.282812500000000000e+01
2.026437185541091424e+00 -3.375000000000000000e+01
2.035116635429091048e+00 -3.115625000000000000e+01
2.044316968586290528e+00 -2.920312500000000000e+01
2.053197151788893393e+00 -3.246875000000000000e+01
2.061565063786471086e+00 -2.914062500000000000e+01
2.070037403682590593e+00 -3.075000000000000000e+01
2.078827119128234813e+00 -3.287500000000000000e+01
2.087529017537960385e+00 -3.034375000000000000e+01
2.096140401431046740e+00 -3.220312500000000000e+01
2.104904407679065059e+00 -2.906250000000000000e+01
2.114102012836010402e+00 -3.007812500000000000e+01
2.121663760361911955e+00 -2.540625000000000000e+01
2.130881718667161806e+00 -2.868750000000000000e+01
2.139275919000731108e+00 -3.096875000000000000e+01
2.148159983531108708e+00 -3.309375000000000000e+01
2.156831911207707009e+00 -3.331250000000000000e+01
2.165675000952472118e+00 -3.082812500000000000e+01
2.175183197800883761e+00 -4.193750000000000000e+01
2.182817954307189723e+00 -3.265625000000000000e+01
2.191457958894051927e+00 -3.701562500000000000e+01
2.200193186962241754e+00 -2.828125000000000000e+01
2.209180889061762798e+00 -4.140625000000000000e+01
2.218057706702818876e+00 -3.460937500000000000e+01
2.226780750161204026e+00 -3.365625000000000000e+01
2.235187035242539366e+00 -4.100000000000000000e+01
2.243587889673676727e+00 -3.764062500000000000e+01
2.252274579627496109e+00 -3.256250000000000000e+01
2.259979298901086509e+00 -3.351562500000000000e+01
2.270380258528732043e+00 -3.690625000000000000e+01
2.278407278379965817e+00 -3.343750000000000000e+01
2.287074658308991815e+00 -3.029687500000000000e+01
2.296015698661285853e+00 -3.084375000000000000e+01
2.304547874851806455e+00 -2.931250000000000000e+01
2.313100454048615973e+00 -3.609375000000000000e+01
2.321209377253616424e+00 -3.578125000000000000e+01
2.330492890439288090e+00 -3.178125000000000000e+01
2.339480954835529758e+00 -4.009375000000000000e+01
2.348124496884778978e+00 -4.484375000000000000e+01
2.356523410735228197e+00 -3.687500000000000000e+01
2.364883437303049618e+00 -2.659375000000000000e+01
2.373827574853795142e+00 -3.292187500000000000e+01
2.382465601550300960e+00 -3.946875000000000000e+01
2.391184969530467441e+00 -3.150000000000000000e+01
2.400256850393567731e+00 -4.293750000000000000e+01
2.407746213652785627e+00 -3.246875000000000000e+01
2.417454048505611297e+00 -3.710937500000000000e+01
2.426102748337022774e+00 -3.665625000000000000e+01
2.434781941316849441e+00 -3.659375000000000000e+01
2.443511571277202421e+00 -3.871875000000000000e+01
2.452000376120921032e+00 -3.675000000000000000e+01
2.461266130606468039e+00 -3.625000000000000000e+01
2.468974986944818539e+00 -3.125000000000000000e+01
2.478153045263880472e+00 -3.703125000000000000e+01
2.486540137377307502e+00 -3.757812500000000000e+01
2.495301350796424344e+00 -4.162500000000000000e+01
2.504144751754999731e+00 -2.975000000000000000e+01
2.512944805740271903e+00 -2.898437500000000000e+01
2.521510714869435787e+00 -3.918750000000000000e+01
2.529896112663099217e+00 -3.195312500000000000e+01
2.539040235187833616e+00 -2.950000000000000000e+01
2.547580238932386720e+00 -4.231250000000000000e+01
2.556453981958313193e+00 -3.712500000000000000e+01
2.565341395813138803e+00 -3.670312500000000000e+01
2.573399723988202936e+00 -3.928125000000000000e+01
2.582299895118119082e+00 -3.631250000000000000e+01
2.590742567657670747e+00 -3.250000000000000000e+01
2.599659808668306482e+00 -3.293750000000000000e+01
2.608036377335483991e+00 -3.479687500000000000e+01
2.616906944087993736e+00 -3.578125000000000000e+01
2.625636969807459309e+00 -3.506250000000000000e+01
2.634390845474946730e+00 -3.339062500000000000e+01
2.643291448474506922e+00 -3.914062500000000000e+01
2.651854891609378484e+00 -3.187500000000000000e+01
2.660418943117701218e+00 -3.740625000000000000e+01
2.668662497367773057e+00 -3.887500000000000000e+01
2.677689304518501956e+00 -3.575000000000000000e+01
2.686649222967805173e+00 -3.167187500000000000e+01
2.695087906348810236e+00 -2.582812500000000000e+01
2.703512091249727689e+00 -2.837500000000000000e+01
2.712269987844855734e+00 -2.978125000000000000e+01
2.721116592810371770e+00 -3.657812500000000000e+01
2.729741398741719394e+00 -3.328125000000000000e+01
2.738369735852835163e+00 -3.156250000000000000e+01
2.747424391956887035e+00 -3.820312500000000000e+01
2.755131990129370934e+00 -3.025000000000000000e+01
2.764724648849909983e+00 -3.948437500000000000e+01
2.773336772806221262e+00 -2.640625000000000000e+01
2.781983516153481162e+00 -2.815625000000000000e+01
2.790341993403419707e+00 -3.418750000000000000e+01
2.799109090528464350e+00 -3.468750000000000000e+01
2.808469499016922555e+00 -3.434375000000000000e+01
2.816286295484111690e+00 -2.256250000000000000e+01
2.825517969195189494e+00 -3.156250000000000000e+01
2.833901572856145634e+00 -2.692187500000000000e+01
2.842624816416790878e+00 -3.090625000000000000e+01
2.851438635238963570e+00 -3.215625000000000000e+01
2.860179765382010686e+00 -2.968750000000000000e+01
2.868787281676141276e+00 -3.443750000000000000e+01
2.877397193610946147e+00 -1.993750000000000000e+01
2.886030992922684391e+00 -3.587500000000000000e+01
2.894873080658420861e+00 -2.506250000000000000e+01
2.903236608902830085e+00 -3.279687500000000000e+01
2.911930341904586328e+00 -3.468750000000000000e+01
2.920597346331344824e+00 -3.101562500000000000e+01
2.929492289296621976e+00 -4.070312500000000000e+01
2.938081486924293273e+00 -3.170312500000000000e+01
2.947119108928458076e+00 -2.342187500000000000e+01
2.955423300961374622e+00 -3.934375000000000000e+01
2.963959082130983802e+00 -3.687500000000000000e+01
2.972922118174633255e+00 -3.126562500000000000e+01
2.981677188933414158e+00 -2.750000000000000000e+01
2.990568127098356399e+00 -3.590625000000000000e+01
2.999075161535419198e+00 -2.918750000000000000e+01
3.007614214610590864e+00 -2.846875000000000000e+01
3.015889665255681251e+00 -3.109375000000000000e+01
3.024651244517325921e+00 -3.093750000000000000e+01
3.033726589107324401e+00 -2.781250000000000000e+01
3.042513999154017768e+00 -2.265625000000000000e+01
3.050929068991464987e+00 -3.015625000000000000e+01
3.059608044012232853e+00 -2.137500000000000000e+01
3.068504996827051912e+00 -3.675000000000000000e+01
3.076999448232115242e+00 -3.028125000000000000e+01
3.085467579829504814e+00 -3.034375000000000000e+01
3.094643854734567157e+00 -3.335937500000000000e+01
3.103602586989936185e+00 -2.331250000000000000e+01
3.112055549109335573e+00 -3.121875000000000000e+01
3.120341531908195520e+00 -2.334375000000000000e+01
3.129003180092290393e+00 -2.348437500000000000e+01
3.137620354801256894e+00 -3.343750000000000000e+01
3.146410844048830313e+00 -2.723437500000000000e+01
3.154935586572463535e+00 -2.834375000000000000e+01
3.163821066741434151e+00 -2.859375000000000000e+01
3.172800791045112589e+00 -3.684375000000000000e+01
3.181173506869779288e+00 -3.064062500000000000e+01
3.189903473335853334e+00 -2.881250000000000000e+01
3.198790582677716543e+00 -2.956250000000000000e+01
3.207536866265538578e+00 -2.935937500000000000e+01
3.216004985437567854e+00 -2.964062500000000000e+01
3.224668370107227844e+00 -3.245312500000000000e+01
3.233416665091141340e+00 -2.743750000000000000e+01
3.242259983904354215e+00 -3.209375000000000000e+01
3.250599647084186472e+00 -2.976562500000000000e+01
3.259086588465066825e+00 -2.923437500000000000e+01
3.267921551482942277e+00 -2.571875000000000000e+01
3.276765918458725224e+00 -3.518750000000000000e+01
3.285410113679482436e+00 -2.578125000000000000e+01
3.294073587552439619e+00 -2.425000000000000000e+01
3.302023805503129239e+00 -3.028125000000000000e+01
3.311249809129012789e+00 -3.350000000000000000e+01
3.320152928553682159e+00 -2.915625000000000000e+01
3.328908460092943500e+00 -2.829687500000000000e+01
3.337647835412418829e+00 -2.981250000000000000e+01
3.345680748024541629e+00 -3.481250000000000000e+01
3.354631247422730667e+00 -3.075000000000000000e+01
3.363164801951775473e+00 -2.740625000000000000e+01
3.372236607737988834e+00 -2.903125000000000000e+01
3.381243815858937296e+00 -3.345312500000000000e+01
3.389822154012101407e+00 -2.667187500000000000e+01
3.398163283294934445e+00 -2.178125000000000000e+01
3.407008791871920295e+00 -2.479687500000000000e+01
3.415729009974526775e+00 -2.221875000000000000e+01
3.424268961834549430e+00 -3.315625000000000000e+01
3.432923549534610430e+00 -2.821875000000000000e+01
3.441938507311846251e+00 -2.440625000000000000e+01
3.449903315032202045e+00 -2.246875000000000000e+01
3.458964936145893176e+00 -2.662500000000000000e+01
3.467381704005013887e+00 -2.506250000000000000e+01
3.476185518839262301e+00 -2.968750000000000000e+01
3.484857704656420196e+00 -2.831250000000000000e+01
3.493717602463885186e+00 -3.029687500000000000e+01
3.502254976514240781e+00 -2.506250000000000000e+01
3.511132253401161307e+00 -2.735937500000000000e+01
3.519888780163576314e+00 -3.384375000000000000e+01
3.528437884268459612e+00 -2.076562500000000000e+01
3.537278246306797769e+00 -2.515625000000000000e+01
3.545769040784218618e+00 -3.448437500000000000e+01
3.554617784156459237e+00 -3.514062500000000000e+01
3.563073958469182401e+00 -2.457812500000000000e+01
3.571939758246564622e+00 -3.315625000000000000e+01
3.580586834384742900e+00 -2.450000000000000000e+01
3.587972279830083266e+00 -2.593750000000000000e+01
3.597962828278127745e+00 -3.045312500000000000e+01
3.606405771349606937e+00 -2.503125000000000000e+01
3.615216733375831382e+00 -3.378125000000000000e+01
3.624009743804570860e+00 -2.771875000000000000e+01
3.632618667934707446e+00 -2.778125000000000000e+01
3.641448216621675726e+00 -2.634375000000000000e+01
3.649350970991726228e+00 -2.393750000000000000e+01
3.658728444962704884e+00 -3.678125000000000000e+01
3.667196336413987012e+00 -2.568750000000000000e+01
3.676075094595397275e+00 -3.637500000000000000e+01
3.684282452917692297e+00 -2.014062500000000000e+01
3.693002379297084303e+00 -2.465625000000000000e+01
3.701986992122328957e+00 -2.668750000000000000e+01
3.710454703361758533e+00 -3.193750000000000000e+01
3.719076556301217806e+00 -2.806250000000000000e+01
3.728113154988204059e+00 -2.934375000000000000e+01
3.737026262991193448e+00 -2.393750000000000000e+01
3.745494057396530962e+00 -2.929687500000000000e+01
3.754028217548121660e+00 -2.921875000000000000e+01
3.763043388469530015e+00 -2.896875000000000000e+01
3.771181315026044700e+00 -3.128125000000000000e+01
3.779960321062759476e+00 -3.337500000000000000e+01
3.789324690609049640e+00 -2.915625000000000000e+01
3.797288962753441410e+00 -2.362500000000000000e+01
3.806387271692742047e+00 -2.515625000000000000e+01
3.814657367735012627e+00 -2.937500000000000000e+01
3.823489235433164879e+00 -3.037500000000000000e+01
3.832245729083354036e+00 -3.550000000000000000e+01
3.841004584371052744e+00 -3.121875000000000000e+01
3.849516659101876570e+00 -2.798437500000000000e+01
3.857719430648792525e+00 -2.821875000000000000e+01
3.867272464431273704e+00 -3.043750000000000000e+01
3.874298607029782460e+00 -2.475000000000000000e+01
3.884653731668933574e+00 -2.609375000000000000e+01
3.892615986080354418e+00 -3.509375000000000000e+01
3.901396241234618145e+00 -3.239062500000000000e+01
3.910220360362131942e+00 -3.750000000000000000e+01
3.918872618743694858e+00 -2.184375000000000000e+01
3.928188145699465395e+00 -3.196875000000000000e+01
3.935602110135373977e+00 -2.807812500000000000e+01
3.944809762389283492e+00 -2.975000000000000000e+01
3.953717283860960663e+00 -3.350000000000000000e+01
3.962497664749747628e+00 -3.003125000000000000e+01
3.971335355040480408e+00 -3.175000000000000000e+01
3.979507780401647210e+00 -3.443750000000000000e+01
3.989024392895792914e+00 -3.003125000000000000e+01
3.996710927481252895e+00 -2.859375000000000000e+01
4.005814374757999730e+00 -3.382812500000000000e+01
4.014511188599353630e+00 -4.234375000000000000e+01
4.023393268375496490e+00 -3.068750000000000000e+01
4.032260666982850239e+00 -3.300000000000000000e+01
4.040270133264964869e+00 -2.854687500000000000e+01
4.049274469605826710e+00 -3.203125000000000000e+01
4.057820106574947516e+00 -3.498437500000000000e+01
4.066316811073569681e+00 -3.265625000000000000e+01
4.075499591277729650e+00 -3.529687500000000000e+01
4.083222563173855235e+00 -2.415625000000000000e+01
4.092824511326888626e+00 -3.484375000000000000e+01
4.101003434844088247e+00 -3.387500000000000000e+01
4.110076130773464342e+00 -2.953125000000000000e+01
4.118385867130783140e+00 -3.231250000000000000e+01
4.127226729286753937e+00 -3.465625000000000000e+01
4.135722007319344584e+00 -3.403125000000000000e+01
4.144219634896561644e+00 -3.423437500000000000e+01
4.153775795131743109e+00 -3.553125000000000000e+01
4.161813931030032165e+00 -3.568750000000000000e+01
4.170779809367115121e+00 -3.151562500000000000e+01
4.179558783062901739e+00 -4.000000000000000000e+01
4.188361583511227337e+00 -3.428125000000000000e+01
4.196821211747234770e+00 -3.487500000000000000e+01
4.205248134641465185e+00 -2.576562500000000000e+01
4.214762351558409392e+00 -4.390625000000000000e+01
4.221541312763154252e+00 -3.851562500000000000e+01
4.231719817112047366e+00 -3.500000000000000000e+01
4.239918635049473750e+00 -3.520312500000000000e+01
4.248679504329800238e+00 -3.415625000000000000e+01
4.257549413554734485e+00 -3.521875000000000000e+01
4.266169522397909475e+00 -3.596875000000000000e+01
4.275432034638136258e+00 -3.428125000000000000e+01
4.282842457061494912e+00 -3.543750000000000000e+01
4.292100536655571119e+00 -3.979687500000000000e+01
4.301062171051725613e+00 -3.946875000000000000e+01
4.309800447739863927e+00 -3.370312500000000000e+01
4.318481728821417676e+00 -4.050000000000000000e+01
4.326412881856938952e+00 -3.412500000000000000e+01
4.335833434717290658e+00 -4.012500000000000000e+01
4.343991253455115498e+00 -4.018750000000000000e+01
4.352815384764710416e+00 -3.451562500000000000e+01
4.361750265736194621e+00 -3.632812500000000000e+01
4.370079003300805454e+00 -3.709375000000000000e+01
4.379016800075110183e+00 -4.146875000000000000e+01
4.387710681717706507e+00 -4.137500000000000000e+01
4.396559297400528976e+00 -4.153125000000000000e+01
4.405086078621341272e+00 -4.004687500000000000e+01
4.413553673558809010e+00 -3.304687500000000000e+01
4.422978135688985901e+00 -3.515625000000000000e+01
4.431175063968282757e+00 -3.318750000000000000e+01
4.439949463698788179e+00 -3.985937500000000000e+01
4.448168202127625648e+00 -3.959375000000000000e+01
4.457077367319499217e+00 -3.896875000000000000e+01
4.465689818001433053e+00 -3.682812500000000000e+01
4.474386196967323315e+00 -4.015625000000000000e+01
4.483083642408672631e+00 -3.896875000000000000e+01
4.491815804038306936e+00 -4.035937500000000000e+01
4.500996472796934711e+00 -4.639062500000000000e+01
4.509201019616433825e+00 -3.771875000000000000e+01
4.518119095560564347e+00 -4.681250000000000000e+01
4.526943440136090402e+00 -3.664062500000000000e+01
4.535061408540585148e+00 -4.478125000000000000e+01
4.543888038655801154e+00 -4.500000000000000000e+01
4.552433317636101151e+00 -4.528125000000000000e+01
4.561848044779498679e+00 -4.559375000000000000e+01
4.569071683684892804e+00 -3.584375000000000000e+01
4.578753400460868761e+00 -5.114062500000000000e+01
4.587238253323736359e+00 -3.879687500000000000e+01
4.595969319921636043e+00 -4.421875000000000000e+01
4.604776811093550748e+00 -4.359375000000000000e+01
4.613455068734744202e+00 -4.512500000000000000e+01
4.622491685934640770e+00 -4.700000000000000000e+01
4.630299597540812329e+00 -3.728125000000000000e+01
4.639484997759073082e+00 -5.014062500000000000e+01
4.648053071156688532e+00 -4.478125000000000000e+01
4.656839621089563508e+00 -4.445312500000000000e+01
4.665339498061104706e+00 -4.357812500000000000e+01
4.673800076750275423e+00 -3.981250000000000000e+01
4.682755460004045744e+00 -5.662500000000000000e+01
4.691305222325617308e+00 -4.804687500000000000e+01
4.700200021568036846e+00 -4.740625000000000000e+01
4.709136882953320224e+00 -5.070312500000000000e+01
4.717655177842516423e+00 -4.321875000000000000e+01
4.726263929563533139e+00 -4.846875000000000000e+01
4.734942682778871870e+00 -4.537500000000000000e+01
4.743684089578454888e+00 -5.278125000000000000e+01
4.752202984809677844e+00 -4.065625000000000000e+01
4.760880618509364837e+00 -5.221875000000000000e+01
4.770364762113835866e+00 -4.587500000000000000e+01
4.777993914270133757e+00 -4.500000000000000000e+01
4.787158832586097645e+00 -4.532812500000000000e+01
4.795473967290831752e+00 -4.490625000000000000e+01
4.804218396490536946e+00 -5.329687500000000000e+01
4.812954719720540453e+00 -4.257812500000000000e+01
4.821777159909192534e+00 -5.243750000000000000e+01
4.830360991053403552e+00 -5.006250000000000000e+01
4.839297342811711644e+00 -4.221875000000000000e+01
4.847929560494112167e+00 -4.090625000000000000e+01
4.855909206015084578e+00 -4.181250000000000000e+01
4.865425793832336865e+00 -5.893750000000000000e+01
4.873924903414760479e+00 -4.360937500000000000e+01
4.882364759863495607e+00 -4.382812500000000000e+01
4.891069952200300719e+00 -4.889062500000000000e+01
4.899683445093319989e+00 -4.412500000000000000e+01
4.908751792969937355e+00 -4.981250000000000000e+01
4.916533759835651551e+00 -4.096875000000000000e+01
4.925919716912638080e+00 -5.381250000000000000e+01
4.934565007769851519e+00 -4.454687500000000000e+01
4.943265173519424849e+00 -3.942187500000000000e+01
4.952102425589089307e+00 -5.043750000000000000e+01
4.960804542474921419e+00 -3.623437500000000000e+01
4.969412721722981985e+00 -5.412500000000000000e+01
4.977588847370359559e+00 -4.787500000000000000e+01
4.986775985061761673e+00 -4.875000000000000000e+01
4.995439883409495962e+00 -5.034375000000000000e+01
5.003900757454172066e+00 -4.835937500000000000e+01
5.012431551590484702e+00 -5.051562500000000000e+01
5.021214960234999580e+00 -4.859375000000000000e+01
5.030001269244891660e+00 -5.181250000000000000e+01
5.038603047932490142e+00 -4.906250000000000000e+01
5.047238918621008708e+00 -4.931250000000000000e+01
5.056447908657951018e+00 -4.881250000000000000e+01
5.064620201949026068e+00 -4.493750000000000000e+01
5.073594030933726629e+00 -4.931250000000000000e+01
5.081919219146733724e+00 -4.478125000000000000e+01
5.090912963014229575e+00 -4.204687500000000000e+01
5.099156623662885579e+00 -4.723437500000000000e+01
5.107983979269363317e+00 -4.520312500000000000e+01
5.117902885004653513e+00 -4.943750000000000000e+01
5.125921347818973572e+00 -4.056250000000000000e+01
5.134200958720732899e+00 -5.409375000000000000e+01
5.142714434159117332e+00 -4.667187500000000000e+01
5.151547433166186352e+00 -4.356250000000000000e+01
5.160354466677670615e+00 -4.854687500000000000e+01
5.169134009917701889e+00 -4.665625000000000000e+01
5.177722784343878004e+00 -5.353125000000000000e+01
5.186491410416479653e+00 -4.512500000000000000e+01
5.194908404944438729e+00 -5.450000000000000000e+01
5.202465752684162226e+00 -4.250000000000000000e+01
5.211992130138703772e+00 -5.242187500000000000e+01
5.220705379246432187e+00 -5.296875000000000000e+01
5.229447263627150733e+00 -4.298437500000000000e+01
5.238434520655069093e+00 -5.031250000000000000e+01
5.246975019315947009e+00 -4.315625000000000000e+01
5.255476770107996742e+00 -5.134375000000000000e+01
5.263671850057836110e+00 -4.796875000000000000e+01
5.273116491926199245e+00 -5.978125000000000000e+01
5.281821604908742529e+00 -5.292187500000000000e+01
5.290600306850954837e+00 -5.181250000000000000e+01
5.299471973106658851e+00 -4.756250000000000000e+01
5.307680643557134204e+00 -4.600000000000000000e+01
5.316500278174331129e+00 -4.793750000000000000e+01
5.324811642562135461e+00 -4.751562500000000000e+01
5.333531774435037676e+00 -5.175000000000000000e+01
5.342754612140051762e+00 -4.878125000000000000e+01
5.351149872706905342e+00 -4.700000000000000000e+01
5.359788168706504763e+00 -4.643750000000000000e+01
5.368539138000631539e+00 -4.748437500000000000e+01
5.377319736693127794e+00 -5.295312500000000000e+01
5.385917530118291552e+00 -4.596875000000000000e+01
5.394472888785681874e+00 -3.934375000000000000e+01
5.403742126420365111e+00 -4.078125000000000000e+01
5.412377083859155391e+00 -4.737500000000000000e+01
5.420657067032820464e+00 -4.543750000000000000e+01
5.429098233954640307e+00 -4.290625000000000000e+01
5.437657716752802628e+00 -4.225000000000000000e+01
5.446411079088573359e+00 -4.868750000000000000e+01
5.455261847010415721e+00 -4.178125000000000000e+01
5.464953252804974682e+00 -4.000000000000000000e+01
5.472743474259068819e+00 -4.159375000000000000e+01
5.481065154871096468e+00 -4.193750000000000000e+01
5.490116138407010737e+00 -3.550000000000000000e+01
5.498916045280225262e+00 -4.418750000000000000e+01
5.507663475396942232e+00 -4.157812500000000000e+01
5.516456957875568889e+00 -4.943750000000000000e+01
5.524907515014806592e+00 -3.646875000000000000e+01
5.533279868642935639e+00 -4.606250000000000000e+01
5.542130472638636007e+00 -3.887500000000000000e+01
5.550003070875895617e+00 -4.150000000000000000e+01
5.559586978448788130e+00 -4.656250000000000000e+01
5.568057145215647097e+00 -3.637500000000000000e+01
5.576808495828373680e+00 -4.403125000000000000e+01
5.585574347985673427e+00 -3.771875000000000000e+01
5.594285121082588574e+00 -3.837500000000000000e+01
5.602840280757298785e+00 -4.225000000000000000e+01
5.611133826036848404e+00 -3.393750000000000000e+01
5.620335156247538322e+00 -4.109375000000000000e+01
5.629049537081719734e+00 -3.756250000000000000e+01
5.637788469610097053e+00 -3.682812500000000000e+01
5.646141617392306244e+00 -2.792187500000000000e+01
5.654595633148563394e+00 -3.584375000000000000e+01
5.663490348702044486e+00 -3.315625000000000000e+01
5.672069278683409266e+00 -4.081250000000000000e+01
5.681324860244615138e+00 -3.437500000000000000e+01
5.689917689725056960e+00 -2.909375000000000000e+01
5.698511348943888777e+00 -3.523437500000000000e+01
5.707060482418683023e+00 -3.221875000000000000e+01
5.715803813633936414e+00 -3.223437500000000000e+01
5.724630429155602940e+00 -4.368750000000000000e+01
5.733101275758240689e+00 -2.798437500000000000e+01
5.741760478180438554e+00 -3.028125000000000000e+01
5.751036142194919876e+00 -2.831250000000000000e+01
5.758751584588136296e+00 -2.448437500000000000e+01
5.767664757029827172e+00 -3.093750000000000000e+01
5.776280704125237975e+00 -2.457812500000000000e+01
5.785008392522751564e+00 -3.278125000000000000e+01
5.793795669979651564e+00 -2.450000000000000000e+01
5.802583148029754057e+00 -2.750000000000000000e+01
5.811089985592783336e+00 -2.467187500000000000e+01
5.819845575310299779e+00 -3.378125000000000000e+01
5.828376573222779911e+00 -2.278125000000000000e+01
5.836765986068812140e+00 -2.425000000000000000e+01
5.846193707242427706e+00 -2.234375000000000000e+01
5.854727639601648548e+00 -2.764062500000000000e+01
5.863331468506228106e+00 -1.609375000000000000e+01
5.871879526497146173e+00 -2.165625000000000000e+01
5.880455053892873707e+00 -1.893750000000000000e+01
5.888904202940828725e+00 -1.628125000000000000e+01
5.897389463538779353e+00 -2.031250000000000000e+01
5.906825066453002648e+00 -9.218750000000000000e+00
5.915315466555121304e+00 -1.587500000000000000e+01
5.924087203392993217e+00 -1.843750000000000000e+01
5.932895650089346162e+00 -1.557812500000000000e+01
5.941590954746040154e+00 -2.150000000000000000e+01
5.949993641512925535e+00 -1.703125000000000000e+01
5.958309539641952313e+00 -8.718750000000000000e+00
5.967812621528807426e+00 -1.853125000000000000e+01
5.976224714564377649e+00 -1.884375000000000000e+01
5.984728792090102445e+00 -1.603125000000000000e+01
5.993140888621564244e+00 -2.562500000000000000e+01
6.001919637491745618e+00 -1.740625000000000000e+01
6.010748367311251172e+00 -1.781250000000000000e+01
6.019384173302903207e+00 -1.887500000000000000e+01
6.028301361540876258e+00 -1.543750000000000000e+01
6.037304433729381969e+00 -1.065625000000000000e+01
6.045872912026702295e+00 -1.918750000000000000e+01
6.054308256865652993e+00 -7.296875000000000000e+00
6.062780383819216468e+00 -8.671875000000000000e+00
6.071755315160512367e+00 -1.412500000000000000e+01
6.080166682611682916e+00 -6.750000000000000000e+00
6.088977706567032300e+00 -2.078125000000000000e+00
6.098515411233346839e+00 -5.015625000000000000e+00
6.106306594376224695e+00 -9.765625000000000000e+00
6.114604742282171657e+00 -5.390625000000000000e+00
6.123532727729454450e+00 -7.765625000000000000e+00
6.132315781074638039e+00 -8.062500000000000000e+00
6.141074352755925503e+00 -1.187500000000000000e+00
6.150010291874131951e+00 -3.031250000000000000e+00
6.158508516152160439e+00 -2.500000000000000000e+00
6.167231321173293423e+00 1.375000000000000000e+00
6.175688007632501808e+00 1.218750000000000000e+00
6.183224353564401810e+00 -1.343750000000000000e+00
6.193279486354025920e+00 2.156250000000000000e+00
6.201546594240575416e+00 -3.375000000000000000e+00
6.210317762819926202e+00 2.343750000000000000e+00
6.219116438621981047e+00 2.125000000000000000e+00
6.227796411904567009e+00 9.093750000000000000e+00
6.236539874025503138e+00 7.484375000000000000e+00
6.244430538311412704e+00 2.000000000000000000e+00
6.254113172687091549e+00 2.359375000000000000e+00
6.262649794244182999e+00 8.437500000000000000e-01
6.271407738450804459e+00 6.484375000000000000e+00
6.280114773186319610e+00 7.375000000000000000e+00
6.288036711627853492e+00 3.218750000000000000e+00
6.296936872955484432e+00 7.312500000000000000e+00
6.305630825730112576e+00 8.250000000000000000e+00
6.315010711988655601e+00 1.903125000000000000e+01
6.323611553494483672e+00 1.003125000000000000e+01
6.331935399973467327e+00 1.267187500000000000e+01
6.340421777948485271e+00 1.250000000000000000e+01
6.349237001054387264e+00 1.239062500000000000e+01
6.358073788419112304e+00 5.687500000000000000e+00
6.366723122332999196e+00 1.731250000000000000e+01
6.375546603174655047e+00 1.684375000000000000e+01
6.384598504262793739e+00 1.550000000000000000e+01
6.392811933263317314e+00 1.503125000000000000e+01
6.401519090773597043e+00 1.790625000000000000e+01
6.409956905346255951e+00 1.581250000000000000e+01
6.418734668725875281e+00 1.556250000000000000e+01
6.427294203227088332e+00 1.850000000000000000e+01
6.436193719978014371e+00 1.671875000000000000e+01
6.445231635625560784e+00 1.981250000000000000e+01
6.453618028061988809e+00 1.921875000000000000e+01
6.461845037217866405e+00 2.623437500000000000e+01
6.470894949906487170e+00 2.993750000000000000e+01
6.479606374115910228e+00 2.428125000000000000e+01
6.488474179166512812e+00 2.212500000000000000e+01
6.497331510176746150e+00 2.210937500000000000e+01
6.505756597620930393e+00 2.759375000000000000e+01
