#Time Flux
-2.103476302854570434e+00 6.684375000000000000e+01
-2.094940479549805445e+00 6.702343750000000000e+01
-2.086318468705758988e+00 6.686718750000000000e+01
-2.077921622998498918e+00 7.292187500000000000e+01
-2.069807592394532492e+00 7.678906250000000000e+01
-2.060984686611803340e+00 6.835156250000000000e+01
-2.052954775641016028e+00 6.456250000000000000e+01
-2.044219643190103852e+00 6.510156250000000000e+01
-2.035209696723057959e+00 6.943750000000000000e+01
-2.027551414299701094e+00 6.621875000000000000e+01
-2.018448716883156635e+00 6.360937500000000000e+01
-2.010726192587913630e+00 6.667187500000000000e+01
-2.002726620073687513e+00 6.528125000000000000e+01
-1.993734604496744112e+00 6.939843750000000000e+01
-1.985264313067709452e+00 6.285937500000000000e+01
-1.976344942239990132e+00 6.757031250000000000e+01
-1.968157928439048021e+00 6.482812500000000000e+01
-1.960146183093780081e+00 6.828906250000000000e+01
-1.951445843596108176e+00 6.858593750000000000e+01
-1.943282927027940588e+00 6.393750000000000000e+01
-1.934788993967927695e+00 6.709375000000000000e+01
-1.926245062741390512e+00 6.803906250000000000e+01
-1.917930572388751642e+00 6.435156250000000000e+01
-1.909695277412204462e+00 6.227343750000000000e+01
-1.900987797178277816e+00 6.078906250000000000e+01
-1.892313951756474211e+00 6.975000000000000000e+01
-1.884025632053280219e+00 6.395312500000000000e+01
-1.875305092540116902e+00 6.143750000000000000e+01
-1.867667754144221703e+00 6.408593750000000000e+01
-1.859104409002796388e+00 6.729687500000000000e+01
-1.850398607684510921e+00 6.520312500000000000e+01
-1.842045933506199162e+00 5.678125000000000000e+01
-1.833023702648659992e+00 6.071875000000000000e+01
-1.825115340306606271e+00 5.802343750000000000e+01
-1.817016795815320052e+00 5.876562500000000000e+01
-1.808014422479494954e+00 6.567187500000000000e+01
-1.799849495590784443e+00 5.695312500000000000e+01
-1.791118580084472001e+00 6.442187500000000000e+01
-1.782684142238302627e+00 6.554687500000000000e+01
-1.774913853009966402e+00 6.338281250000000000e+01
-1.766289367362510632e+00 6.361718750000000000e+01
-1.757665184070390296e+00 5.693750000000000000e+01
-1.749003579566963396e+00 6.014062500000000000e+01
-1.740334952638967536e+00 5.606250000000000000e+01
-1.732213409623263090e+00 5.984375000000000000e+01
-1.723790638075620052e+00 5.809375000000000000e+01
-1.715361999931062087e+00 6.004687500000000000e+01
-1.707340853237727885e+00 5.720312500000000000e+01
-1.698931676320526662e+00 5.023437500000000000e+01
-1.689755169079607100e+00 5.466406250000000000e+01
-1.682074469371823255e+00 5.848437500000000000e+01
-1.673574543907207612e+00 5.198437500000000000e+01
-1.664746825825027088e+00 5.485937500000000000e+01
-1.656209887039189255e+00 5.135937500000000000e+01
-1.647321005059950494e+00 5.510937500000000000e+01
-1.639468845421390597e+00 5.321875000000000000e+01
-1.631829056636298958e+00 5.363281250000000000e+01
-1.622826075818487368e+00 5.617187500000000000e+01
-1.614492282034504456e+00 5.096875000000000000e+01
-1.605812556937490143e+00 5.567968750000000000e+01
-1.597109240018795617e+00 4.964062500000000000e+01
-1.589143135199591939e+00 5.426562500000000000e+01
-1.580348075547561848e+00 5.045312500000000000e+01
-1.572093971387761968e+00 5.040625000000000000e+01
-1.564077352867492721e+00 5.083593750000000000e+01
-1.555777583796189134e+00 5.078906250000000000e+01
-1.546713615769139238e+00 4.770312500000000000e+01
-1.539033648371937346e+00 4.850781250000000000e+01
-1.530127531316995970e+00 4.521875000000000000e+01
-1.521637800991200606e+00 4.935937500000000000e+01
-1.512757115239029559e+00 5.082031250000000000e+01
-1.504234700277987002e+00 5.225781250000000000e+01
-1.496368867224852295e+00 4.373437500000000000e+01
-1.488438128258025017e+00 4.703125000000000000e+01
-1.479452696853272187e+00 4.870312500000000000e+01
-1.471452924530044726e+00 4.846875000000000000e+01
-1.462674978775510226e+00 4.643750000000000000e+01
-1.454250545200501676e+00 4.442187500000000000e+01
-1.445119721155826653e+00 4.406250000000000000e+01
-1.436874235879827211e+00 3.795312500000000000e+01
-1.429003625596852345e+00 4.318750000000000000e+01
-1.420179946654631209e+00 4.601562500000000000e+01
-1.411684302423342530e+00 4.163281250000000000e+01
-1.403575163077729115e+00 4.407812500000000000e+01
-1.395554683723048583e+00 4.025000000000000000e+01
-1.386675202656224570e+00 4.207031250000000000e+01
-1.378604208458753533e+00 4.317187500000000000e+01
-1.369598349837723106e+00 4.205468750000000000e+01
-1.360883861146540141e+00 4.205468750000000000e+01
-1.352962749495016936e+00 3.914843750000000000e+01
-1.344111124812641833e+00 4.389062500000000000e+01
-1.336360286907606110e+00 3.626562500000000000e+01
-1.328113486008984268e+00 3.711718750000000000e+01
-1.319405067820945021e+00 4.157812500000000000e+01
-1.311025151907557529e+00 4.320312500000000000e+01
-1.302043432085220331e+00 4.153125000000000000e+01
-1.293818561255349664e+00 4.056250000000000000e+01
-1.285391608563848820e+00 3.832812500000000000e+01
-1.276997506444764952e+00 4.050000000000000000e+01
-1.268574677273235807e+00 3.128906250000000000e+01
-1.260303559453483047e+00 3.707812500000000000e+01
-1.251894421247165212e+00 3.642187500000000000e+01
-1.243679571229769465e+00 3.881250000000000000e+01
-1.235235909358323170e+00 3.385937500000000000e+01
-1.226528571412302426e+00 3.554687500000000000e+01
-1.217903180773163285e+00 3.970312500000000000e+01
-1.209746143033441967e+00 3.667187500000000000e+01
-1.200956626750020462e+00 3.506250000000000000e+01
-1.193319102982954405e+00 3.771875000000000000e+01
-1.184563163295429433e+00 3.028125000000000000e+01
-1.176376139810336952e+00 3.543750000000000000e+01
-1.167782972894386262e+00 3.493750000000000000e+01
-1.158513238046758431e+00 2.926562500000000000e+01
-1.150782920283980104e+00 3.148437500000000000e+01
-1.142332952060137075e+00 3.414062500000000000e+01
-1.133708895961639485e+00 3.478125000000000000e+01
-1.125408977358205220e+00 2.957812500000000000e+01
-1.116835625449780878e+00 2.742187500000000000e+01
-1.108270704967896592e+00 3.662500000000000000e+01
-1.100551014898538682e+00 2.932812500000000000e+01
-1.091995164940339436e+00 3.214843750000000000e+01
-1.083324348676285354e+00 2.778125000000000000e+01
-1.074697237624882007e+00 3.624218750000000000e+01
-1.065993347499478716e+00 2.915625000000000000e+01
-1.057884079500833963e+00 3.135937500000000000e+01
-1.049494961341729038e+00 3.317187500000000000e+01
-1.040805918631185989e+00 2.484375000000000000e+01
-1.033062482363348522e+00 2.526562500000000000e+01
-1.024697083028037525e+00 2.267968750000000000e+01
-1.015366371515014521e+00 2.534375000000000000e+01
-1.007742187294077496e+00 2.976562500000000000e+01
-9.988692954641216204e-01 2.932031250000000000e+01
-9.905719736520026686e-01 2.517187500000000000e+01
-9.817283595263290863e-01 2.234375000000000000e+01
-9.729800766427274539e-01 2.271875000000000000e+01
-9.651107798859079878e-01 2.949218750000000000e+01
-9.574354295949447646e-01 2.464062500000000000e+01
-9.487212118959327256e-01 2.553125000000000000e+01
-9.402151371534550606e-01 2.516406250000000000e+01
-9.314988792516309957e-01 2.181250000000000000e+01
-9.228597451804922969e-01 2.360937500000000000e+01
-9.144268304376339529e-01 2.381250000000000000e+01
-9.058517230934057807e-01 2.555468750000000000e+01
-8.977306459544713846e-01 1.968750000000000000e+01
-8.897129805915433565e-01 2.227343750000000000e+01
-8.813845745138380039e-01 2.484375000000000000e+01
-8.723838979505309510e-01 1.672656250000000000e+01
-8.646767787359195268e-01 2.175000000000000000e+01
-8.554529758645017523e-01 1.403125000000000000e+01
-8.474108607270629534e-01 2.319531250000000000e+01
-8.383612954110404303e-01 2.071875000000000000e+01
-8.297188104778321360e-01 2.132031250000000000e+01
-8.220294792246036764e-01 2.259375000000000000e+01
-8.134496339667620646e-01 1.921093750000000000e+01
-8.053267659142520074e-01 1.459375000000000000e+01
-7.970022395543168159e-01 2.150000000000000000e+01
-7.882936487151575022e-01 9.734375000000000000e+00
-7.799089585710490269e-01 1.632812500000000000e+01
-7.708390335931127879e-01 1.632812500000000000e+01
-7.625453553437964160e-01 1.501562500000000000e+01
-7.541274926894843134e-01 2.209375000000000000e+01
-7.457148368784842773e-01 1.009375000000000000e+01
-7.373733563356985599e-01 1.437500000000000000e+01
-7.291887940017112157e-01 1.300781250000000000e+01
-7.214590540492231696e-01 1.475000000000000000e+01
-7.123093416300605440e-01 1.571875000000000000e+01
-7.043687231899404821e-01 1.120312500000000000e+01
-6.952805311857517268e-01 1.332812500000000000e+01
-6.865390910832083193e-01 8.914062500000000000e+00
-6.789373228332493682e-01 1.226562500000000000e+01
-6.697739148172132673e-01 6.015625000000000000e+00
-6.620884992438718086e-01 1.257812500000000000e+01
-6.527899307050546440e-01 1.285937500000000000e+01
-6.448275655071853407e-01 9.671875000000000000e+00
-6.366292236767421286e-01 6.195312500000000000e+00
-6.277889526037654377e-01 1.232031250000000000e+01
-6.195044989238844835e-01 9.765625000000000000e+00
-6.110947584799291121e-01 1.156250000000000000e+01
-6.024495417219171145e-01 7.640625000000000000e+00
-5.941096801915080050e-01 7.046875000000000000e+00
-5.855822485396089405e-01 7.984375000000000000e+00
-5.776195883274013454e-01 5.281250000000000000e+00
-5.692661784346562115e-01 2.757812500000000000e+00
-5.609384475091268030e-01 9.484375000000000000e+00
-5.520578280855445996e-01 4.000000000000000000e+00
-5.435070422724983530e-01 5.265625000000000000e+00
-5.354714108129314809e-01 9.437500000000000000e+00
-5.267049488176773764e-01 8.640625000000000000e+00
-5.189217946921829139e-01 1.040625000000000000e+01
-5.097514300953633892e-01 8.000000000000000000e+00
-5.017345876621028822e-01 5.539062500000000000e+00
-4.934675659877783005e-01 5.210937500000000000e+00
-4.842579787764655919e-01 2.398437500000000000e+00
-4.764643320653298986e-01 2.945312500000000000e+00
-4.680549001893439254e-01 3.625000000000000000e+00
-4.593213538058975587e-01 8.437500000000000000e-01
-4.507446465861448814e-01 5.406250000000000000e+00
-4.420112300466456645e-01 5.421875000000000000e+00
-4.339324820391148307e-01 8.265625000000000000e+00
-4.262015100488056873e-01 7.187500000000000000e-01
-4.173616159191055885e-01 3.781250000000000000e+00
-4.087446518619657354e-01 4.796875000000000000e+00
-4.001229878164735965e-01 4.218750000000000000e+00
-3.915605402729376294e-01 -2.640625000000000000e+00
-3.836064039544382354e-01 -4.226562500000000000e+00
-3.751540031606026560e-01 1.093750000000000000e-01
-3.665467640496693491e-01 -1.578125000000000000e+00
-3.584893205215067269e-01 4.062500000000000000e-01
-3.501771987950270670e-01 -2.804687500000000000e+00
-3.410568642047593357e-01 -6.554687500000000000e+00
-3.334239792048592221e-01 6.250000000000000000e-02
-3.246333483440935197e-01 -9.687500000000000000e-01
-3.161138796702616105e-01 -3.929687500000000000e+00
-3.072020273959346071e-01 -5.523437500000000000e+00
-2.985957134695063075e-01 -1.515625000000000000e+00
-2.908103028578921112e-01 -1.531250000000000000e+00
-2.830073917981259513e-01 -5.023437500000000000e+00
-2.742783180260843778e-01 4.687500000000000000e-02
-2.656674087582757693e-01 -1.898437500000000000e+00
-2.572822142667732237e-01 -3.875000000000000000e+00
-2.484275340586066250e-01 -2.250000000000000000e+00
-2.403253127635665010e-01 -1.929687500000000000e+00
-2.316993371614479713e-01 -3.007812500000000000e+00
-2.234143998806707998e-01 -3.382812500000000000e+00
-2.146153949407256789e-01 -9.289062500000000000e+00
-2.060969955353684213e-01 -6.250000000000000000e-01
-1.979674121012315879e-01 -6.179687500000000000e+00
-1.903633015458261468e-01 -2.117187500000000000e+00
-1.811645086150761585e-01 -5.281250000000000000e+00
-1.730343339343818343e-01 -3.296875000000000000e+00
-1.640466835537139900e-01 -6.250000000000000000e+00
-1.553099361273524437e-01 -1.057812500000000000e+01
-1.476737016493494536e-01 -5.125000000000000000e+00
-1.397241319855808683e-01 -5.984375000000000000e+00
-1.307958489065796925e-01 -5.500000000000000000e+00
-1.225966716738469131e-01 -6.625000000000000000e+00
-1.139118720073355462e-01 -6.734375000000000000e+00
-1.053854792964159515e-01 -5.156250000000000000e+00
-9.655809177206009508e-02 -6.437500000000000000e+00
-8.821237433799566929e-02 -5.210937500000000000e+00
-8.000796630182094304e-02 -1.192187500000000000e+01
-7.139470361378386087e-02 -8.875000000000000000e+00
-6.306789726735217982e-02 -9.984375000000000000e+00
-5.470519996250544636e-02 -5.765625000000000000e+00
-4.693332028084284957e-02 -1.015625000000000000e+00
-3.797848185760699380e-02 -1.203125000000000000e+01
-2.997922424565757638e-02 -6.687500000000000000e+00
-2.105701585040975488e-02 -1.068750000000000000e+01
-1.228140031996360904e-02 -1.325000000000000000e+01
-4.224932791146329691e-03 -1.229687500000000000e+01
4.589512179475008224e-03 -5.515625000000000000e+00
1.231345717589249489e-02 -5.671875000000000000e+00
2.097608411127538375e-02 -1.837500000000000000e+01
2.954978948411834949e-02 -1.182031250000000000e+01
3.778372005877628226e-02 -1.359375000000000000e+01
4.704016116372500278e-02 -1.339062500000000000e+01
5.482783815536507177e-02 -6.734375000000000000e+00
6.319834109697808344e-02 -1.429687500000000000e+01
7.184770239906157485e-02 -1.096875000000000000e+01
8.013319538496688210e-02 -1.440625000000000000e+01
8.925068274639258448e-02 -1.278125000000000000e+01
9.665534331255543066e-02 -1.129687500000000000e+01
1.050742698920466012e-01 -1.208593750000000000e+01
1.135631597252775293e-01 -1.011718750000000000e+01
1.222565211114527983e-01 -1.525781250000000000e+01
1.310570562004791384e-01 -1.142968750000000000e+01
1.391202656598302667e-01 -1.550781250000000000e+01
1.479072738616693528e-01 -1.282031250000000000e+01
1.554819166812819731e-01 -1.698437500000000000e+01
1.645725364930541446e-01 -1.757812500000000000e+01
1.727866641313866580e-01 -1.277343750000000000e+01
1.809629961325498471e-01 -1.435937500000000000e+01
1.901652754560601011e-01 -9.578125000000000000e+00
1.978693723985216479e-01 -1.448437500000000000e+01
2.064314984628090599e-01 -1.415625000000000000e+01
2.150786609021899665e-01 -1.702343750000000000e+01
2.235332655188813078e-01 -1.409375000000000000e+01
2.323307046064115866e-01 -1.306250000000000000e+01
2.404777273727489728e-01 -1.228125000000000000e+01
2.482001466520600275e-01 -1.926562500000000000e+01
2.568260704890086288e-01 -1.435937500000000000e+01
2.652950493515930930e-01 -1.775781250000000000e+01
2.742714624802076173e-01 -1.734375000000000000e+01
2.829430253570635045e-01 -1.341406250000000000e+01
2.907866377423857784e-01 -1.748437500000000000e+01
2.993708913791870430e-01 -1.743750000000000000e+01
3.078421698731617084e-01 -1.623437500000000000e+01
3.159078722888502000e-01 -1.444531250000000000e+01
3.244384794631010038e-01 -2.107812500000000000e+01
3.333134270302053892e-01 -1.551562500000000000e+01
3.409183222223219900e-01 -1.537500000000000000e+01
3.497590561216767924e-01 -1.578125000000000000e+01
3.582342248143248753e-01 -1.459375000000000000e+01
3.670918571531807117e-01 -1.736718750000000000e+01
3.758162368621960070e-01 -1.628906250000000000e+01
3.836317881557391729e-01 -1.806250000000000000e+01
3.920873635901571674e-01 -1.774218750000000000e+01
4.003828212382956053e-01 -1.520312500000000000e+01
4.086409463026541289e-01 -1.747656250000000000e+01
4.173370903756250527e-01 -2.111718750000000000e+01
4.259412222503797807e-01 -1.648437500000000000e+01
4.341219781121878896e-01 -2.198437500000000000e+01
4.429697279515423247e-01 -2.171875000000000000e+01
4.510865744093877083e-01 -1.473437500000000000e+01
4.598873842324096017e-01 -1.503125000000000000e+01
4.682132405220578164e-01 -1.700781250000000000e+01
4.764675392397776932e-01 -1.389062500000000000e+01
4.841089513689489365e-01 -1.845312500000000000e+01
4.931243036966392879e-01 -2.154687500000000000e+01
5.013203931504861544e-01 -1.814062500000000000e+01
5.100567809726328505e-01 -1.742187500000000000e+01
5.190665810365899802e-01 -2.259375000000000000e+01
5.268937060595284549e-01 -1.857812500000000000e+01
5.358522759993924467e-01 -1.487500000000000000e+01
5.435318045550801003e-01 -2.103125000000000000e+01
5.519578754836054202e-01 -1.437500000000000000e+01
5.609530012678796140e-01 -1.999218750000000000e+01
5.690451447834199428e-01 -2.179687500000000000e+01
5.778848955093209838e-01 -1.930468750000000000e+01
5.861179944243986029e-01 -1.850000000000000000e+01
5.942801498462699783e-01 -1.605468750000000000e+01
6.030741733124429516e-01 -1.654687500000000000e+01
6.116421806800218519e-01 -1.750000000000000000e+01
6.204645851040098137e-01 -2.215625000000000000e+01
6.275937538328903997e-01 -1.771093750000000000e+01
6.362602146200941888e-01 -1.925000000000000000e+01
6.443624499208411294e-01 -2.201562500000000000e+01
6.534725190161019270e-01 -1.725781250000000000e+01
6.624301038421549492e-01 -1.217187500000000000e+01
6.700800508564412894e-01 -1.998437500000000000e+01
6.789158380297592998e-01 -1.951562500000000000e+01
6.865756911097307125e-01 -2.070312500000000000e+01
6.959265272476962139e-01 -2.169531250000000000e+01
7.040625217715259510e-01 -1.671093750000000000e+01
7.123170063587593859e-01 -1.309375000000000000e+01
7.211731599950716998e-01 -2.043750000000000000e+01
7.291580125005339141e-01 -1.892187500000000000e+01
7.374680082431126493e-01 -1.878125000000000000e+01
7.462091511521080633e-01 -1.757812500000000000e+01
7.549044491651528688e-01 -2.275000000000000000e+01
7.637245893996187363e-01 -1.797656250000000000e+01
7.712805931077753030e-01 -2.045312500000000000e+01
7.794071449847059796e-01 -2.125000000000000000e+01
7.880458736887874238e-01 -2.095312500000000000e+01
7.967933280087677872e-01 -1.762500000000000000e+01
8.055193891742575829e-01 -1.768750000000000000e+01
8.136902017132783271e-01 -2.093750000000000000e+01
8.220074836865016721e-01 -1.897656250000000000e+01
8.300919935301926955e-01 -1.530468750000000000e+01
8.390315770227267933e-01 -1.763281250000000000e+01
8.471556442166701117e-01 -1.406250000000000000e+01
8.554242960516056371e-01 -2.071875000000000000e+01
8.644742454773037821e-01 -2.293750000000000000e+01
8.722006284784988850e-01 -1.958593750000000000e+01
8.805104999958359713e-01 -1.654687500000000000e+01
8.894915406064356489e-01 -2.184375000000000000e+01
8.982970246446768670e-01 -2.121875000000000000e+01
9.070428572087685382e-01 -1.943750000000000000e+01
9.148146052352643665e-01 -2.085937500000000000e+01
9.224846786939764343e-01 -1.979687500000000000e+01
9.311529855255216148e-01 -1.907812500000000000e+01
9.398621079034334969e-01 -1.988281250000000000e+01
9.485021797548256473e-01 -1.993750000000000000e+01
9.572299056348470003e-01 -2.115625000000000000e+01
9.652391977502290388e-01 -2.568750000000000000e+01
9.733951232030477740e-01 -2.082812500000000000e+01
9.820811161779801068e-01 -1.581250000000000000e+01
9.901341555097005198e-01 -1.946093750000000000e+01
9.988955342766345780e-01 -1.443750000000000000e+01
1.007706301751714051e+00 -1.898437500000000000e+01
1.015265975438488510e+00 -2.396875000000000000e+01
1.024044453848311775e+00 -1.868750000000000000e+01
1.032536935129130029e+00 -1.957812500000000000e+01
1.041217797558914526e+00 -2.307812500000000000e+01
1.050215527581556785e+00 -1.850000000000000000e+01
1.058047202684356591e+00 -1.667187500000000000e+01
1.066370661067971071e+00 -1.729687500000000000e+01
1.074670918869074399e+00 -2.006250000000000000e+01
1.082807240826486606e+00 -2.042968750000000000e+01
1.091557124291025360e+00 -2.233593750000000000e+01
1.100266904106511845e+00 -2.235937500000000000e+01
1.109001148369252121e+00 -2.273437500000000000e+01
1.117334068571775418e+00 -2.042187500000000000e+01
1.125265848661552326e+00 -2.171093750000000000e+01
1.134206803521941254e+00 -1.721875000000000000e+01
1.142524559779015902e+00 -2.330468750000000000e+01
1.150789991264858259e+00 -2.017187500000000000e+01
1.158606430622128869e+00 -1.990625000000000000e+01
1.167157958292200703e+00 -1.778125000000000000e+01
1.175567499970533447e+00 -2.091406250000000000e+01
1.184311647663321310e+00 -2.537500000000000000e+01
1.193310450565373770e+00 -1.542187500000000000e+01
1.201909175607532632e+00 -2.001562500000000000e+01
1.210210700584685384e+00 -1.865625000000000000e+01
1.217874337162903942e+00 -1.410937500000000000e+01
1.226024245660042311e+00 -2.059375000000000000e+01
1.235048584434807140e+00 -1.718750000000000000e+01
1.243420512787686505e+00 -2.189062500000000000e+01
1.252595826871385043e+00 -2.123437500000000000e+01
1.260466221070998927e+00 -2.632812500000000000e+01
1.268568506428380260e+00 -2.042968750000000000e+01
1.277297252476024880e+00 -1.739062500000000000e+01
1.285822851292220292e+00 -1.873437500000000000e+01
1.294821563894622329e+00 -2.342187500000000000e+01
1.302928399452049746e+00 -1.696875000000000000e+01
1.310572021827947964e+00 -1.670312500000000000e+01
1.318704378549405476e+00 -2.121875000000000000e+01
1.327642213366736712e+00 -1.875000000000000000e+01
1.336412513882955011e+00 -1.876562500000000000e+01
1.345450950841438953e+00 -2.535937500000000000e+01
1.353299710721511673e+00 -1.988281250000000000e+01
1.360988103412651640e+00 -1.825000000000000000e+01
1.369321041703912556e+00 -1.851562500000000000e+01
1.378307821019809865e+00 -2.485937500000000000e+01
1.386774415699285612e+00 -2.290625000000000000e+01
1.395742005343745262e+00 -1.916406250000000000e+01
1.403506236938881102e+00 -1.828125000000000000e+01
1.411753043319727396e+00 -1.747656250000000000e+01
1.420713677643977491e+00 -2.330468750000000000e+01
1.428913317743678135e+00 -1.876562500000000000e+01
1.438160397471186513e+00 -2.490625000000000000e+01
1.446146515660323928e+00 -2.026562500000000000e+01
1.453780508255690052e+00 -1.606250000000000000e+01
1.461971006141659757e+00 -2.139062500000000000e+01
1.470993837466778587e+00 -2.343750000000000000e+01
1.479687001518431799e+00 -2.106250000000000000e+01
1.488534983411497592e+00 -2.350781250000000000e+01
1.496339951732988283e+00 -1.894531250000000000e+01
1.504650292582777382e+00 -2.153125000000000000e+01
1.513299278797170189e+00 -2.225000000000000000e+01
1.521423868679530500e+00 -2.098437500000000000e+01
1.529888174362316278e+00 -2.197656250000000000e+01
1.538776865173385744e+00 -1.424218750000000000e+01
1.546561134511325264e+00 -2.397656250000000000e+01
1.555257362179670366e+00 -2.533593750000000000e+01
1.563813599074968863e+00 -2.410937500000000000e+01
1.572687241592767293e+00 -1.900000000000000000e+01
1.581357648685056461e+00 -2.032812500000000000e+01
1.589240085324249208e+00 -2.354687500000000000e+01
1.596848924924593405e+00 -2.085156250000000000e+01
1.605371869712797661e+00 -2.237500000000000000e+01
1.614170436850951518e+00 -2.480468750000000000e+01
1.622819746469499336e+00 -1.782812500000000000e+01
1.631586782307394401e+00 -1.982812500000000000e+01
1.639642857269308251e+00 -2.870312500000000000e+01
1.648239614261797215e+00 -2.225000000000000000e+01
1.656521253949300387e+00 -2.326562500000000000e+01
1.665006361100353161e+00 -1.834375000000000000e+01
1.673715372372647892e+00 -2.375000000000000000e+01
1.681987669604112057e+00 -2.142187500000000000e+01
1.690112614970395555e+00 -2.496093750000000000e+01
1.698671915769772056e+00 -1.821875000000000000e+01
1.706851651205546716e+00 -2.460156250000000000e+01
1.715715568405549618e+00 -2.673437500000000000e+01
1.724479107898471142e+00 -2.120312500000000000e+01
1.732589169544908714e+00 -2.385937500000000000e+01
1.741069800619701624e+00 -1.935937500000000000e+01
1.748751122484801357e+00 -2.346875000000000000e+01
1.757204945306405364e+00 -2.333593750000000000e+01
1.765892005178287150e+00 -1.657031250000000000e+01
1.774666509661013691e+00 -2.222656250000000000e+01
1.782973385667173005e+00 -2.193750000000000000e+01
1.791740862134588497e+00 -2.490625000000000000e+01
1.799669895396910135e+00 -2.465625000000000000e+01
1.808598428368377142e+00 -1.951562500000000000e+01
1.817122118540179798e+00 -2.411718750000000000e+01
1.825285061246365359e+00 -2.552343750000000000e+01
1.833423373728543027e+00 -2.826562500000000000e+01
1.841828725306950076e+00 -2.224218750000000000e+01
1.849954626125441592e+00 -2.072656250000000000e+01
1.858788767091297700e+00 -2.178906250000000000e+01
1.867520541606452866e+00 -2.517187500000000000e+01
1.876644357246231465e+00 -2.763281250000000000e+01
1.884537586858836988e+00 -2.550781250000000000e+01
1.892209420592372737e+00 -2.785937500000000000e+01
1.900363076447355581e+00 -2.345312500000000000e+01
1.909222248339180084e+00 -2.646093750000000000e+01
1.917822323091783687e+00 -2.439062500000000000e+01
1.926617394361805680e+00 -2.584375000000000000e+01
1.934813102654192818e+00 -2.589062500000000000e+01
1.943015818648092363e+00 -2.179687500000000000e+01
1.951626712827810195e+00 -2.462500000000000000e+01
1.960261544922062171e+00 -2.176562500000000000e+01
1.968769131825208518e+00 -2.522656250000000000e+01
1.977329067136356144e+00 -2.592187500000000000e+01
1.984994479964626635e+00 -2.695312500000000000e+01
1.993108709701019166e+00 -2.201562500000000000e+01
2.002292871425709109e+00 -2.459375000000000000e+01
2.010635983238508118e+00 -2.452343750000000000e+01
2.019756034229622799e+00 -2.460937500000000000e+01
2.027632087281851625e+00 -2.645312500000000000e+01
2.035427499195758827e+00 -2.292187500000000000e+01
2.044166871121095852e+00 -2.367968750000000000e+01
2.052611663680981025e+00 -2.832031250000000000e+01
2.061242430715623186e+00 -2.925000000000000000e+01
2.069978156851703943e+00 -2.620312500000000000e+01
2.077843477651150295e+00 -2.621875000000000000e+01
2.086286690096205376e+00 -2.444531250000000000e+01
2.094995153043093694e+00 -2.467187500000000000e+01
2.103556849295316056e+00 -2.146875000000000000e+01
2.112314233829366117e+00 -3.098437500000000000e+01
2.120499641991958839e+00 -2.020312500000000000e+01
2.128075413215533729e+00 -2.692187500000000000e+01
2.136634032370892555e+00 -2.485937500000000000e+01
2.145425576951204505e+00 -2.607812500000000000e+01
2.153912245559446603e+00 -2.785937500000000000e+01
2.162825759700623962e+00 -2.843750000000000000e+01
2.170721419646547190e+00 -3.134375000000000000e+01
2.179490402386250025e+00 -2.648437500000000000e+01
2.187714961802086577e+00 -3.095312500000000000e+01
2.195647444854220254e+00 -2.764062500000000000e+01
2.204394130564139687e+00 -2.695312500000000000e+01
2.213228412538924772e+00 -2.789843750000000000e+01
2.220893605613714072e+00 -2.707031250000000000e+01
2.229617442949944461e+00 -2.709375000000000000e+01
2.238109402688380101e+00 -2.945312500000000000e+01
2.247009319471814592e+00 -2.654687500000000000e+01
2.255682015319450784e+00 -2.318750000000000000e+01
2.263648303290501929e+00 -3.053125000000000000e+01
2.271270064319732995e+00 -2.877343750000000000e+01
2.279727841600649896e+00 -2.035156250000000000e+01
2.288470126644796210e+00 -2.668750000000000000e+01
2.297024922528109414e+00 -2.694531250000000000e+01
2.305877914908457171e+00 -3.052343750000000000e+01
2.313917069462576137e+00 -2.765625000000000000e+01
2.322683711483151114e+00 -2.935156250000000000e+01
2.330808663835458816e+00 -2.960937500000000000e+01
2.339545892215877387e+00 -2.290625000000000000e+01
2.348227089491231823e+00 -2.756250000000000000e+01
2.356324503345220478e+00 -2.771875000000000000e+01
2.364147179313548008e+00 -3.457812500000000000e+01
2.372678478046118755e+00 -2.304687500000000000e+01
2.381254028800800171e+00 -3.031250000000000000e+01
2.390037837071119498e+00 -2.757031250000000000e+01
2.398787010216576476e+00 -3.401562500000000000e+01
2.406845607630636152e+00 -3.299218750000000000e+01
2.415570947807097468e+00 -3.425000000000000000e+01
2.423615071946446875e+00 -2.812500000000000000e+01
2.431595395401934923e+00 -3.132031250000000000e+01
2.440287991614724206e+00 -2.678125000000000000e+01
2.448913029869551394e+00 -3.399218750000000000e+01
2.456802308664741474e+00 -2.959375000000000000e+01
2.465955384080128709e+00 -2.847656250000000000e+01
2.474114946268343829e+00 -3.687500000000000000e+01
2.482874784931873080e+00 -3.143750000000000000e+01
2.491560678529594952e+00 -2.906250000000000000e+01
2.499532626168196714e+00 -3.295312500000000000e+01
2.507697881616728353e+00 -3.051562500000000000e+01
2.516139671249074894e+00 -3.578125000000000000e+01
2.524296142309072621e+00 -2.862500000000000000e+01
2.533066503813003578e+00 -3.241406250000000000e+01
2.541822069120055261e+00 -2.906250000000000000e+01
2.551016391933636385e+00 -3.720312500000000000e+01
2.558875915725185024e+00 -3.030468750000000000e+01
2.566656574336125374e+00 -3.231250000000000000e+01
2.575083053250232012e+00 -3.928125000000000000e+01
2.583529310840791737e+00 -3.509375000000000000e+01
2.592129016299193012e+00 -3.245312500000000000e+01
2.600748319183018964e+00 -3.299218750000000000e+01
2.609145773499808030e+00 -3.245312500000000000e+01
2.617264686305233568e+00 -3.264062500000000000e+01
2.625960557090834868e+00 -3.191406250000000000e+01
2.635051897195211268e+00 -3.734375000000000000e+01
2.643461335798388490e+00 -3.264062500000000000e+01
2.651741967597885719e+00 -3.626562500000000000e+01
2.659343626433084751e+00 -2.927343750000000000e+01
2.667481393248724686e+00 -3.343750000000000000e+01
2.676584926437612921e+00 -3.096875000000000000e+01
2.684888506249514251e+00 -3.284375000000000000e+01
2.693989984706103513e+00 -3.064062500000000000e+01
2.702004891587094448e+00 -3.184375000000000000e+01
2.710221266898265924e+00 -3.146875000000000000e+01
2.718825330716402533e+00 -3.206250000000000000e+01
2.726854034017264894e+00 -3.439062500000000000e+01
2.735557165685435166e+00 -2.985937500000000000e+01
2.744234182517644172e+00 -3.701562500000000000e+01
2.752200282487436311e+00 -3.650000000000000000e+01
2.760838755819115420e+00 -3.723437500000000000e+01
2.769334883255616830e+00 -2.860937500000000000e+01
2.778199054411203406e+00 -3.593750000000000000e+01
2.786656238215201142e+00 -3.615625000000000000e+01
2.794890143048657905e+00 -3.450781250000000000e+01
2.802405485463513202e+00 -3.642187500000000000e+01
2.810928885000720356e+00 -3.346875000000000000e+01
2.819703513332463274e+00 -3.742187500000000000e+01
2.828348720020692042e+00 -3.548437500000000000e+01
2.837156453076580931e+00 -3.638281250000000000e+01
2.845109195504516464e+00 -3.362500000000000000e+01
2.854065663162593580e+00 -3.660937500000000000e+01
2.862159040952370503e+00 -3.418750000000000000e+01
2.870032576142953928e+00 -3.490625000000000000e+01
2.879018480008127767e+00 -3.910156250000000000e+01
2.887561251430057041e+00 -3.885937500000000000e+01
2.895281450096490516e+00 -3.287500000000000000e+01
2.903868759041635883e+00 -3.759375000000000000e+01
2.912503577753938089e+00 -3.460937500000000000e+01
2.921286945471635477e+00 -3.451562500000000000e+01
2.930062660594746404e+00 -3.072656250000000000e+01
2.938063453604229380e+00 -3.917187500000000000e+01
2.945584396696258267e+00 -3.342968750000000000e+01
2.954430898948011475e+00 -3.365625000000000000e+01
2.962751061007992348e+00 -3.726562500000000000e+01
2.971410056623167151e+00 -3.661718750000000000e+01
2.980147669717823078e+00 -4.603906250000000000e+01
2.988095373893706608e+00 -3.539062500000000000e+01
2.997168241669402988e+00 -3.696093750000000000e+01
3.005262432897112035e+00 -3.832812500000000000e+01
3.014124355511491160e+00 -4.139843750000000000e+01
3.022809596549592470e+00 -3.360937500000000000e+01
3.030691202859784994e+00 -3.748437500000000000e+01
3.038944485949137686e+00 -3.692187500000000000e+01
3.047383175281836998e+00 -3.584375000000000000e+01
3.055602915179306933e+00 -3.509375000000000000e+01
3.064316753723591802e+00 -3.639062500000000000e+01
3.073207635170156493e+00 -3.660156250000000000e+01
3.081432967199607020e+00 -3.425781250000000000e+01
3.089852773795243479e+00 -3.682031250000000000e+01
3.097839210946951027e+00 -3.659375000000000000e+01
3.106008402943658098e+00 -3.726562500000000000e+01
3.115002021517391029e+00 -3.513281250000000000e+01
3.123274998691016435e+00 -3.445312500000000000e+01
3.131827107709654001e+00 -3.503906250000000000e+01
3.140412203834461735e+00 -3.225000000000000000e+01
3.148421454315204926e+00 -3.042187500000000000e+01
3.157302175229091290e+00 -3.175000000000000000e+01
3.165851614997478691e+00 -3.178125000000000000e+01
3.173852262681442937e+00 -3.271875000000000000e+01
3.181987729739034876e+00 -3.456250000000000000e+01
3.190614378752030689e+00 -2.929687500000000000e+01
3.198654668241921684e+00 -3.044531250000000000e+01
3.207533253061221501e+00 -3.767187500000000000e+01
3.216186112600077251e+00 -3.607812500000000000e+01
3.225264801538695991e+00 -3.241406250000000000e+01
3.233211218964250122e+00 -3.171875000000000000e+01
3.240995334910881098e+00 -3.490625000000000000e+01
3.249208571392987466e+00 -3.720312500000000000e+01
3.258198395656908275e+00 -2.719531250000000000e+01
3.266568472989135330e+00 -3.351562500000000000e+01
3.275217784918190489e+00 -2.868750000000000000e+01
3.283445002335042773e+00 -3.565625000000000000e+01
3.291619985749381527e+00 -3.209375000000000000e+01
3.300502310020569041e+00 -3.200781250000000000e+01
3.309365842287064652e+00 -3.050000000000000000e+01
3.317590691019240978e+00 -3.370312500000000000e+01
3.326078236717407322e+00 -2.860937500000000000e+01
3.333650452646651274e+00 -3.318750000000000000e+01
3.342191588298845772e+00 -3.581250000000000000e+01
3.350973196385865549e+00 -3.390625000000000000e+01
3.359554175290142553e+00 -3.155468750000000000e+01
3.368375348796959656e+00 -3.275000000000000000e+01
3.376290714725950437e+00 -3.018750000000000000e+01
3.384478841198255594e+00 -3.878906250000000000e+01
3.393149915251981952e+00 -3.145312500000000000e+01
3.401234037801149412e+00 -2.522656250000000000e+01
3.410063531161249273e+00 -3.242187500000000000e+01
3.418737985328309748e+00 -3.525781250000000000e+01
3.426500879776028796e+00 -2.844531250000000000e+01
3.435094932895278674e+00 -2.880468750000000000e+01
3.443743065244383672e+00 -2.710937500000000000e+01
3.452547766351830916e+00 -3.239843750000000000e+01
3.461264800504821437e+00 -2.396875000000000000e+01
3.469212331451242193e+00 -2.440625000000000000e+01
3.476738193674808741e+00 -3.432031250000000000e+01
3.485259881322825493e+00 -2.714062500000000000e+01
3.494089384458465730e+00 -2.506250000000000000e+01
3.502667264618324339e+00 -2.830468750000000000e+01
3.511426198572721091e+00 -3.678125000000000000e+01
3.519402933910491527e+00 -2.800781250000000000e+01
3.528049658607301353e+00 -2.949218750000000000e+01
3.536498941626028625e+00 -2.790625000000000000e+01
3.544626717301831320e+00 -2.701562500000000000e+01
3.553098990653488443e+00 -2.925000000000000000e+01
3.561981576268195226e+00 -2.385156250000000000e+01
3.569555651637756455e+00 -3.254687500000000000e+01
3.578199316166838173e+00 -1.948437500000000000e+01
3.586849963112300088e+00 -2.476562500000000000e+01
3.595691863604486116e+00 -2.942968750000000000e+01
3.604493143698682900e+00 -2.350781250000000000e+01
3.612376386048232746e+00 -2.749218750000000000e+01
3.620382060726601736e+00 -3.003125000000000000e+01
3.628337578232709859e+00 -2.689062500000000000e+01
3.637127786834572163e+00 -2.187500000000000000e+01
3.645747660606321716e+00 -2.669531250000000000e+01
3.654633088428500542e+00 -2.848437500000000000e+01
3.662465500019123965e+00 -2.368750000000000000e+01
3.671109226735815412e+00 -2.264062500000000000e+01
3.679598097903472365e+00 -2.315625000000000000e+01
3.688443864571148367e+00 -1.943750000000000000e+01
3.697176808420444161e+00 -2.912500000000000000e+01
3.705134886620193413e+00 -2.376562500000000000e+01
3.712969029300399626e+00 -2.491406250000000000e+01
3.721765389634349219e+00 -2.727343750000000000e+01
3.729887000801369368e+00 -1.815625000000000000e+01
3.738640409245256535e+00 -1.878125000000000000e+01
3.747444036489657293e+00 -2.795312500000000000e+01
3.756245243237383846e+00 -2.212500000000000000e+01
3.764499206071384663e+00 -2.110156250000000000e+01
3.772150855390911772e+00 -1.866406250000000000e+01
3.780350551393453884e+00 -1.860937500000000000e+01
3.789294846075897283e+00 -2.415625000000000000e+01
3.797674737315947624e+00 -2.084375000000000000e+01
3.806297518158800131e+00 -1.825781250000000000e+01
3.814647604782201995e+00 -1.822656250000000000e+01
3.822729639580749961e+00 -1.353125000000000000e+01
3.831595881164361117e+00 -1.285156250000000000e+01
3.840192222450383497e+00 -1.579687500000000000e+01
3.848589357530979527e+00 -2.182031250000000000e+01
3.856761980637077869e+00 -1.556250000000000000e+01
3.864794629809004789e+00 -1.567187500000000000e+01
3.873029852320719613e+00 -1.407812500000000000e+01
3.881965582851737651e+00 -1.814843750000000000e+01
3.890485780604837629e+00 -1.360937500000000000e+01
3.899538283284016416e+00 -1.612500000000000000e+01
3.907545933248009362e+00 -1.654687500000000000e+01
3.915334356590651765e+00 -9.718750000000000000e+00
3.923998686903395594e+00 -1.814843750000000000e+01
3.932707509307046934e+00 -1.325781250000000000e+01
3.940891635496925005e+00 -1.745312500000000000e+01
3.949857061582996209e+00 -1.292968750000000000e+01
3.957774108764397170e+00 -1.200000000000000000e+01
3.965837875888787778e+00 -1.282812500000000000e+01
3.974963266389710981e+00 -1.167968750000000000e+01
3.983679224394421681e+00 -1.096875000000000000e+01
3.992297857064968980e+00 -6.906250000000000000e+00
4.000418396990674808e+00 -1.125000000000000000e+01
4.008030713316092175e+00 -1.466406250000000000e+01
4.016500324788179199e+00 -9.929687500000000000e+00
4.025285271448197477e+00 -6.781250000000000000e+00
4.033830023284942001e+00 -8.843750000000000000e+00
4.042675089158567658e+00 -1.475781250000000000e+01
4.050669215546399471e+00 -6.859375000000000000e+00
4.059195080024466051e+00 -9.500000000000000000e+00
4.067687800431414757e+00 -1.421875000000000000e+00
4.075926140779152718e+00 -6.968750000000000000e+00
4.084280855522489873e+00 -7.578125000000000000e+00
4.093155741723570884e+00 -1.687500000000000000e+00
4.100809804170978623e+00 -7.867187500000000000e+00
4.109407166271687117e+00 -1.765625000000000000e+00
4.118120775245891707e+00 7.812500000000000000e-02
4.126861206436394980e+00 -7.578125000000000000e+00
4.135541053691511593e+00 1.875000000000000000e-01
4.143534930392458904e+00 -4.523437500000000000e+00
4.151642681638382015e+00 -6.484375000000000000e-01
4.159825828525168134e+00 1.976562500000000000e+00
4.168282906022767520e+00 1.437500000000000000e+00
4.176884848135998141e+00 2.906250000000000000e+00
4.185730327408222706e+00 -4.546875000000000000e+00
4.194006152636834628e+00 -3.515625000000000000e-01
4.202329152487322972e+00 2.906250000000000000e+00
4.210839173057443929e+00 -4.703125000000000000e+00
4.219686297266640906e+00 1.031250000000000000e+00
4.228210780706106675e+00 1.734375000000000000e+00
4.236256893362558174e+00 1.906250000000000000e+00
4.243896669540955457e+00 -3.328125000000000000e+00
4.252926958222204235e+00 3.406250000000000000e+00
4.261183872806995510e+00 7.484375000000000000e+00
4.269985924897582663e+00 1.585937500000000000e+00
4.278636250964957810e+00 9.078125000000000000e+00
4.286656460709743044e+00 6.937500000000000000e+00
4.295672858319122156e+00 3.984375000000000000e+00
4.303441879269932713e+00 1.018750000000000000e+01
4.311496496577127857e+00 1.009375000000000000e+01
4.320015514298837900e+00 7.156250000000000000e+00
4.328913370826597884e+00 6.359375000000000000e+00
4.337347207664542736e+00 1.264062500000000000e+01
4.345678142020453549e+00 8.546875000000000000e+00
4.354083349102694456e+00 4.453125000000000000e+00
4.362778994423763379e+00 4.382812500000000000e+00
4.371398019204768559e+00 8.750000000000000000e+00
4.379369419733805557e+00 9.968750000000000000e+00
4.387249451727218030e+00 1.460156250000000000e+01
4.396257426407075286e+00 1.115625000000000000e+01
4.404278961584100927e+00 1.365625000000000000e+01
4.412918522516072528e+00 9.546875000000000000e+00
4.421745039603536043e+00 1.306250000000000000e+01
4.430522432141327016e+00 9.328125000000000000e+00
4.438839983692567159e+00 1.571875000000000000e+01
4.446631681478070419e+00 1.391406250000000000e+01
4.455595858575655654e+00 2.381250000000000000e+01
4.463784748624565424e+00 1.745312500000000000e+01
4.472072743564474706e+00 1.017187500000000000e+01
4.480689985657338781e+00 1.829687500000000000e+01
4.489045164074752847e+00 1.629687500000000000e+01
4.497169586661872387e+00 1.544531250000000000e+01
4.505889643037193082e+00 2.369531250000000000e+01
4.514440103660142256e+00 1.482812500000000000e+01
4.522620990260733720e+00 2.029687500000000000e+01
4.531603417628407016e+00 1.602343750000000000e+01
4.539310678183085201e+00 2.551562500000000000e+01
4.547576810823489524e+00 1.996093750000000000e+01
4.556393765222722436e+00 1.885937500000000000e+01
4.564863659499202697e+00 2.231250000000000000e+01
4.573550976097788379e+00 1.981250000000000000e+01
4.581930278930911982e+00 3.240625000000000000e+01
4.589960250783590823e+00 2.275000000000000000e+01
4.598624202414178797e+00 2.639062500000000000e+01
4.607049624491164508e+00 2.746875000000000000e+01
4.615289018636868690e+00 1.998437500000000000e+01
4.624164777640224600e+00 2.657031250000000000e+01
4.632110111071938263e+00 2.403125000000000000e+01
4.640661070776097574e+00 2.446875000000000000e+01
4.649313467272115474e+00 3.176562500000000000e+01
4.657783413981860576e+00 2.798437500000000000e+01
4.666397413052077781e+00 2.933593750000000000e+01
4.674767537515990057e+00 2.990625000000000000e+01
4.682427282173406979e+00 3.139062500000000000e+01
4.690796944305155591e+00 2.895312500000000000e+01
4.699658261380648128e+00 2.164062500000000000e+01
4.708053827537419522e+00 2.843750000000000000e+01
4.716997503061268304e+00 3.305468750000000000e+01
4.724941846000330514e+00 3.653906250000000000e+01
4.733523482295819207e+00 3.057812500000000000e+01
4.742065758314168988e+00 3.394531250000000000e+01
4.750304592066495246e+00 3.253125000000000000e+01
4.758594247230472973e+00 3.764062500000000000e+01
4.767493850096037988e+00 3.751562500000000000e+01
4.775154788111802162e+00 3.310156250000000000e+01
4.784061609313901897e+00 3.698437500000000000e+01
4.792432976208203854e+00 3.445312500000000000e+01
4.801139212837831849e+00 3.770312500000000000e+01
4.810001401326132964e+00 3.495312500000000000e+01
4.817858293788560786e+00 3.696875000000000000e+01
4.825934965505926044e+00 3.324218750000000000e+01
4.834106129327079060e+00 3.985156250000000000e+01
4.842732140233966476e+00 4.177343750000000000e+01
4.851225590981819380e+00 4.073437500000000000e+01
4.860037223956588548e+00 4.310937500000000000e+01
4.867986018812615612e+00 4.148437500000000000e+01
4.876783882938653392e+00 4.265625000000000000e+01
4.885302992702307279e+00 4.497656250000000000e+01
4.893925185366633457e+00 4.118750000000000000e+01
4.902658335781492127e+00 3.688281250000000000e+01
4.910584872787119082e+00 4.332812500000000000e+01
4.918233131506095646e+00 4.101562500000000000e+01
4.927297017974744620e+00 3.738281250000000000e+01
4.935462145191252148e+00 4.254687500000000000e+01
4.944279946784035928e+00 4.043750000000000000e+01
4.953081226082037603e+00 4.519531250000000000e+01
4.960929816799144021e+00 4.637500000000000000e+01
4.969809914475000312e+00 4.490625000000000000e+01
4.977739795902728304e+00 4.662500000000000000e+01
4.986844128352935002e+00 4.120312500000000000e+01
4.994810637128793473e+00 4.867187500000000000e+01
5.003311484697452016e+00 4.234375000000000000e+01
5.011647000687624143e+00 4.662500000000000000e+01
5.020102117157350108e+00 4.800000000000000000e+01
5.028493308959106400e+00 4.914062500000000000e+01
5.037074801385280409e+00 5.681250000000000000e+01
5.045747848895889121e+00 4.614062500000000000e+01
5.053826049867392811e+00 4.789062500000000000e+01
5.061840120950932942e+00 5.406250000000000000e+01
5.070588662724887286e+00 4.402343750000000000e+01
5.078530586290852966e+00 4.904687500000000000e+01
5.087213498425086300e+00 4.873437500000000000e+01
5.096122967279558935e+00 5.388281250000000000e+01
5.105068681314548940e+00 5.739062500000000000e+01
5.113175743774313275e+00 5.470312500000000000e+01
5.120846642007201410e+00 6.073437500000000000e+01
5.129529236957786509e+00 5.367968750000000000e+01
5.138095693689937349e+00 5.612500000000000000e+01
5.146500818345927541e+00 5.276562500000000000e+01
5.155082435245553540e+00 5.503125000000000000e+01
5.163348625443006767e+00 5.435156250000000000e+01
5.171526663545911617e+00 5.251562500000000000e+01
5.180263433053447386e+00 5.975000000000000000e+01
5.189263684902662987e+00 5.328125000000000000e+01
5.197951312547353098e+00 6.150781250000000000e+01
5.206036277817723601e+00 5.315625000000000000e+01
5.213671565709496747e+00 5.390625000000000000e+01
5.222046514679931306e+00 5.521875000000000000e+01
5.230757334256743718e+00 6.339843750000000000e+01
5.239315679374968227e+00 6.220312500000000000e+01
5.248127956902429503e+00 5.940625000000000000e+01
5.256215298633883037e+00 5.620312500000000000e+01
5.264383210255296319e+00 6.173437500000000000e+01
5.273077558251955566e+00 5.510937500000000000e+01
5.281131274777980167e+00 6.154687500000000000e+01
5.289782796954654032e+00 5.467187500000000000e+01
5.298636594078544704e+00 6.354687500000000000e+01
5.306382738468357729e+00 6.057031250000000000e+01
5.314955709509064263e+00 6.196093750000000000e+01
5.323636902843251306e+00 6.385156250000000000e+01
5.332298698166393791e+00 6.007031250000000000e+01
5.340981418103311285e+00 6.696875000000000000e+01
5.349095004396552611e+00 5.985156250000000000e+01
5.356771981955667172e+00 6.348437500000000000e+01
5.365092213059654114e+00 6.242187500000000000e+01
5.373906920475533866e+00 6.796093750000000000e+01
5.382448363546174619e+00 7.038281250000000000e+01
5.391319892160229443e+00 6.652343750000000000e+01
5.399256544044881423e+00 6.839062500000000000e+01
5.407876562610717031e+00 6.884375000000000000e+01
5.416409826241547876e+00 6.245312500000000000e+01
5.424620511154756741e+00 6.635937500000000000e+01
5.433345968470497667e+00 6.257812500000000000e+01
5.441755083575092300e+00 6.614843750000000000e+01
5.449498026062826739e+00 7.100781250000000000e+01
5.458173872971642027e+00 6.607031250000000000e+01
5.466713354455407625e+00 6.740625000000000000e+01
5.475455305322071808e+00 6.560937500000000000e+01
5.484341500400603309e+00 7.701562500000000000e+01
5.492213259486852905e+00 6.757812500000000000e+01
5.500651438131285431e+00 6.537500000000000000e+01
5.508833516232524374e+00 6.498437500000000000e+01
5.517065093567033784e+00 6.967187500000000000e+01
5.525542093150114908e+00 6.895312500000000000e+01
5.534608824460566012e+00 7.219531250000000000e+01
5.542297419054200702e+00 6.946875000000000000e+01
5.551066722773285278e+00 6.936718750000000000e+01
5.559612217211792995e+00 7.334375000000000000e+01
5.568341655509186694e+00 6.996093750000000000e+01
5.577038536758315956e+00 6.939062500000000000e+01
5.584964497700255492e+00 7.421875000000000000e+01
5.592591532530903464e+00 6.790625000000000000e+01
5.601654009758163966e+00 7.403125000000000000e+01
5.609740122402993023e+00 6.795312500000000000e+01
5.618702540053156724e+00 7.056250000000000000e+01
5.627316997631833573e+00 6.907812500000000000e+01
5.635777499511412714e+00 7.178125000000000000e+01
5.644439052930493972e+00 7.092187500000000000e+01
5.652186149021698469e+00 6.859375000000000000e+01
5.660779889520235031e+00 7.284375000000000000e+01
5.669166451576415966e+00 6.957812500000000000e+01
5.677707790878464778e+00 6.939062500000000000e+01
5.685913409345488390e+00 7.313281250000000000e+01
5.694618181929229195e+00 6.996875000000000000e+01
5.702724036284156028e+00 6.885937500000000000e+01
5.711374506305048726e+00 7.392968750000000000e+01
5.720126017626068204e+00 6.296093750000000000e+01
5.728162197512105536e+00 7.284375000000000000e+01
5.737213612233155402e+00 7.390625000000000000e+01
5.744910048845014217e+00 7.318750000000000000e+01
5.752941607393854184e+00 7.114843750000000000e+01
5.761738227944981361e+00 7.345312500000000000e+01
5.770358950301424983e+00 7.442968750000000000e+01
5.779077050052176645e+00 7.348437500000000000e+01
5.787500351432139922e+00 7.594531250000000000e+01
5.795415737780675869e+00 7.368750000000000000e+01
5.804149497844740324e+00 7.457812500000000000e+01
5.812617327037408188e+00 7.401562500000000000e+01
5.820824964330356011e+00 7.132812500000000000e+01
5.829381166018997362e+00 7.437500000000000000e+01
5.837737618475483004e+00 7.407812500000000000e+01
5.846006095426748317e+00 7.632812500000000000e+01
5.854704004983322108e+00 7.176562500000000000e+01
5.863561438390004099e+00 7.206250000000000000e+01
5.872243500651649128e+00 7.484375000000000000e+01
5.880388710626547777e+00 7.123437500000000000e+01
5.888007695836400046e+00 7.731250000000000000e+01
5.896194645675606694e+00 7.125781250000000000e+01
5.905182051072884519e+00 7.938281250000000000e+01
5.913540674503998673e+00 6.979687500000000000e+01
5.922603889330478211e+00 6.800781250000000000e+01
5.930547522975231800e+00 7.220312500000000000e+01
5.939071874118777572e+00 7.392968750000000000e+01
5.947671069808023958e+00 7.945312500000000000e+01
5.955807709339111966e+00 7.537500000000000000e+01
5.964272503987267271e+00 7.443750000000000000e+01
5.973052216697372074e+00 7.292968750000000000e+01
5.980777704774634884e+00 6.750000000000000000e+01
5.989241160220963422e+00 7.328125000000000000e+01
5.997930077159232098e+00 6.855468750000000000e+01
6.006699935427565862e+00 7.276562500000000000e+01
6.015331981192034050e+00 7.516406250000000000e+01
6.023466545130329308e+00 7.678906250000000000e+01
6.031103794089389680e+00 7.098437500000000000e+01
6.039635824046378332e+00 8.206250000000000000e+01
6.048333066746671705e+00 7.639062500000000000e+01
6.056582105985832243e+00 7.370312500000000000e+01
6.065641904779315752e+00 7.182031250000000000e+01
6.073591917588608169e+00 7.168750000000000000e+01
6.082489341325974408e+00 7.253125000000000000e+01
6.090714722828820982e+00 7.059375000000000000e+01
6.098850012648014740e+00 7.503125000000000000e+01
6.107468410405019199e+00 6.967187500000000000e+01
6.116169548559959424e+00 7.525000000000000000e+01
6.123830311041949415e+00 7.235937500000000000e+01
6.132645048286029521e+00 7.165625000000000000e+01
6.141102532707417794e+00 7.730468750000000000e+01
6.149977872543779256e+00 6.800000000000000000e+01
6.158615518773995490e+00 6.956250000000000000e+01
6.166534780655020143e+00 7.843750000000000000e+01
6.175432763697859428e+00 7.243750000000000000e+01
6.183394529245099136e+00 7.450781250000000000e+01
6.191456524728682353e+00 7.389062500000000000e+01
6.199822725976453341e+00 7.325000000000000000e+01
6.208805229747351717e+00 7.653125000000000000e+01
6.216651438227312809e+00 7.117187500000000000e+01
6.225716196909466760e+00 7.333593750000000000e+01
6.233953717373765357e+00 8.109375000000000000e+01
6.242639088539192471e+00 6.975781250000000000e+01
6.251379819660193959e+00 7.501562500000000000e+01
6.259302713936236273e+00 7.353125000000000000e+01
6.267287702505960567e+00 6.154687500000000000e+01
6.276203139103273543e+00 6.925000000000000000e+01
6.284144560854155515e+00 6.750781250000000000e+01
6.292910212245441670e+00 7.191406250000000000e+01
6.301499753036598150e+00 6.766406250000000000e+01
6.310052045933069564e+00 7.162500000000000000e+01
6.318742595523900718e+00 7.491406250000000000e+01
