#Time Flux
-2.809278890661943251e+00 -7.195312500000000000e+00
-2.798884964757318627e+00 -6.966796875000000000e+00
-2.786555853855682940e+00 -7.408203125000000000e+00
-2.775649202627802126e+00 -5.339843750000000000e+00
-2.764218668439701432e+00 -5.468750000000000000e+00
-2.753001947063015820e+00 -6.031250000000000000e+00
-2.742531084784399553e+00 -7.828125000000000000e+00
-2.730538690183879069e+00 -9.195312500000000000e+00
-2.720534121799268235e+00 -6.628906250000000000e+00
-2.708007589962635464e+00 -7.492187500000000000e+00
-2.697794643756042277e+00 -3.707031250000000000e+00
-2.685096955395261276e+00 -2.388671875000000000e+00
-2.674609231143968202e+00 -6.269531250000000000e+00
-2.662868765498553003e+00 -4.242187500000000000e+00
-2.651498278810159093e+00 -3.326171875000000000e+00
-2.640828956924359261e+00 -4.949218750000000000e+00
-2.629336783596654570e+00 -6.851562500000000000e+00
-2.618844029186270461e+00 -4.054687500000000000e+00
-2.606538049768403198e+00 -4.101562500000000000e+00
-2.596538707404398849e+00 -4.462890625000000000e+00
-2.583772976243770003e+00 -2.890625000000000000e+00
-2.573807687212378070e+00 -5.417968750000000000e+00
-2.561637090112514059e+00 -4.867187500000000000e+00
-2.550330796565971170e+00 -2.710937500000000000e+00
-2.539195849070958744e+00 -4.746093750000000000e+00
-2.527821735417507654e+00 -3.296875000000000000e+00
-2.517362192658774589e+00 -3.634765625000000000e+00
-2.505616370563211959e+00 -5.289062500000000000e+00
-2.495060588359169884e+00 -6.167968750000000000e+00
-2.482969549978426116e+00 -4.847656250000000000e+00
-2.472459026060677800e+00 -5.982421875000000000e+00
-2.460134675447164909e+00 -3.257812500000000000e+00
-2.449238488160160543e+00 -1.511718750000000000e+00
-2.437918869157437385e+00 -4.031250000000000000e+00
-2.426576011155828994e+00 -5.302734375000000000e+00
-2.416006970613352678e+00 -3.691406250000000000e+00
-2.403859727054642903e+00 -2.929687500000000000e-01
-2.393693345210346379e+00 -2.304687500000000000e+00
-2.381712343027748702e+00 -3.734375000000000000e+00
-2.371543400351230346e+00 -3.033203125000000000e+00
-2.358766194934425187e+00 -2.941406250000000000e+00
-2.347704266712801413e+00 -1.847656250000000000e+00
-2.336160864215623079e+00 -1.777343750000000000e+00
-2.325158708857168577e+00 -2.589843750000000000e+00
-2.313999847922241671e+00 -2.912109375000000000e+00
-2.302652500957764303e+00 -5.625000000000000000e+00
-2.291890879938414116e+00 -2.628906250000000000e+00
-2.279845894105378079e+00 -2.726562500000000000e+00
-2.269753066546234876e+00 -1.894531250000000000e+00
-2.257763698129702234e+00 -1.494140625000000000e+00
-2.247178283561963141e+00 -4.314453125000000000e+00
-2.235122572673841290e+00 -5.937500000000000000e-01
-2.223964055414809238e+00 -3.289062500000000000e+00
-2.213023857631220892e+00 -1.960937500000000000e+00
-2.201277211982510806e+00 -4.871093750000000000e+00
-2.190797180047933779e+00 -2.953125000000000000e+00
-2.179099987827632035e+00 -2.093750000000000000e+00
-2.168772579385384702e+00 -1.847656250000000000e+00
-2.156105803261150200e+00 -1.925781250000000000e+00
-2.145962133061534161e+00 -6.308593750000000000e+00
-2.133389273275520637e+00 -1.250000000000000000e-01
-2.122903838331531290e+00 -2.021484375000000000e+00
-2.111176944955635904e+00 -4.882812500000000000e-02
-2.099862149100491848e+00 -3.914062500000000000e+00
-2.089117046949080958e+00 -2.681640625000000000e+00
-2.077602559474753363e+00 -3.535156250000000000e+00
-2.067052692669507863e+00 -1.943359375000000000e+00
-2.054666442038850960e+00 -2.218750000000000000e+00
-2.044425096971092870e+00 -2.148437500000000000e-01
-2.032757763588152855e+00 -3.281250000000000000e+00
-2.021836142066145925e+00 -2.140625000000000000e+00
-2.009940237222496151e+00 -2.656250000000000000e+00
-1.998961628948425329e+00 -2.832031250000000000e+00
-1.987289771410857497e+00 -1.273437500000000000e+00
-1.976130942527067447e+00 -1.101562500000000000e+00
-1.965577522597017790e+00 -1.314453125000000000e+00
-1.953615868523320032e+00 -2.689453125000000000e+00
-1.943331330740452501e+00 -1.687500000000000000e+00
-1.931105453206098943e+00 -1.900390625000000000e+00
-1.920911255134127416e+00 -1.736328125000000000e+00
-1.908451768748903987e+00 -3.546875000000000000e+00
-1.897039616753728453e+00 -1.835937500000000000e-01
-1.886324044024789259e+00 -2.835937500000000000e+00
-1.874768647182762038e+00 -1.984375000000000000e+00
-1.864288961597761585e+00 -2.359375000000000000e+00
-1.852309817292690397e+00 -2.839843750000000000e+00
-1.841981755828607348e+00 -4.609375000000000000e-01
-1.829699916878581689e+00 -2.605468750000000000e+00
-1.819484245587528193e+00 -2.189453125000000000e+00
-1.806957447274495365e+00 -2.109375000000000000e-01
-1.796235492027312475e+00 -2.417968750000000000e+00
-1.784370620772955718e+00 -1.261718750000000000e+00
-1.773614029101715062e+00 -2.626953125000000000e+00
-1.762227352717580686e+00 -2.082031250000000000e+00
-1.751188078710974594e+00 -3.460937500000000000e+00
-1.740164633433865404e+00 1.171875000000000000e-02
-1.728330656824539346e+00 -2.695312500000000000e-01
-1.718124333072323040e+00 -1.937500000000000000e+00
-1.705898309333113261e+00 -1.820312500000000000e+00
-1.695905410881069386e+00 -1.300781250000000000e+00
-1.683127081394198754e+00 -4.863281250000000000e-01
-1.672268539739867776e+00 -4.164062500000000000e+00
-1.660466485093193612e+00 -4.980468750000000000e-01
-1.649582906382553560e+00 -1.275390625000000000e+00
-1.638637136775800585e+00 -2.433593750000000000e+00
-1.627120231377761073e+00 -1.232421875000000000e+00
-1.616657968315275085e+00 -2.841796875000000000e+00
-1.604379347762867170e+00 -7.949218750000000000e-01
-1.594487702742313218e+00 5.937500000000000000e-01
-1.581681570452042607e+00 -5.437500000000000000e+00
-1.571241139415638699e+00 -8.359375000000000000e-01
-1.559495804616139125e+00 -1.400390625000000000e+00
-1.548173745408977453e+00 -2.769531250000000000e+00
-1.537404364943768087e+00 -1.792968750000000000e+00
-1.525642789077966910e+00 -4.882812500000000000e+00
-1.515230958177852472e+00 -1.865234375000000000e+00
-1.503171589139071784e+00 -3.769531250000000000e+00
-1.493110193053121648e+00 -2.500000000000000000e-01
-1.481067185132983965e+00 -2.388671875000000000e+00
-1.470706029350397515e+00 -4.843750000000000000e-01
-1.457863536609204758e+00 -1.855468750000000000e+00
-1.447235734859393830e+00 -3.628906250000000000e+00
-1.435305806038648768e+00 -2.218750000000000000e+00
-1.424259466380588535e+00 -3.402343750000000000e+00
-1.413817284051605228e+00 -1.289062500000000000e+00
-1.401597720743867015e+00 -2.085937500000000000e+00
-1.391667710868375707e+00 -2.917968750000000000e+00
-1.379396207905072558e+00 -1.876953125000000000e+00
-1.369112114162733818e+00 -1.050781250000000000e+00
-1.356656165470457864e+00 -2.617187500000000000e+00
-1.345567525661435226e+00 -1.732421875000000000e+00
-1.334597739920994286e+00 -3.546875000000000000e+00
-1.323051682730991274e+00 -1.878906250000000000e+00
-1.311840391739963252e+00 -6.210937500000000000e-01
-1.300546649248563114e+00 -5.132812500000000000e+00
-1.290108338780536101e+00 -2.583984375000000000e+00
-1.277972039305296903e+00 -3.207031250000000000e+00
-1.267982100366491949e+00 -1.664062500000000000e+00
-1.255265508042381128e+00 -3.578125000000000000e+00
-1.244766358993921074e+00 -3.402343750000000000e+00
-1.232630498095803162e+00 -4.179687500000000000e-01
-1.221715324002696335e+00 -2.429687500000000000e+00
-1.210489482974784536e+00 -2.089843750000000000e+00
-1.198914924105038082e+00 -2.730468750000000000e+00
-1.188456930170191939e+00 -2.150390625000000000e+00
-1.176477309471223975e+00 -3.218750000000000000e+00
-1.166450627559372677e+00 -2.533203125000000000e+00
-1.154141385109380025e+00 -2.109375000000000000e+00
-1.143784158724004740e+00 -4.417968750000000000e+00
-1.131412822168934795e+00 -2.800781250000000000e+00
-1.120580801149310801e+00 -4.964843750000000000e+00
-1.108774516702679236e+00 -4.302734375000000000e+00
-1.097938863918379582e+00 -1.865234375000000000e+00
-1.086925276844853627e+00 -3.634765625000000000e+00
-1.075410837981893408e+00 -4.078125000000000000e+00
-1.065186411093739238e+00 5.859375000000000000e-02
-1.052881302560836119e+00 -3.572265625000000000e+00
-1.042765466779215444e+00 -2.687500000000000000e+00
-1.029959993587379330e+00 -3.132812500000000000e+00
-1.019491170247468048e+00 -4.445312500000000000e+00
-1.007702827910959442e+00 -4.277343750000000000e+00
-9.962538450281037683e-01 -3.414062500000000000e+00
-9.856685102506705931e-01 -3.613281250000000000e+00
-9.736995581877714301e-01 -3.101562500000000000e+00
-9.634145211766256267e-01 -3.312500000000000000e+00
-9.515418238018007457e-01 -5.046875000000000000e+00
-9.413839647357011842e-01 -3.820312500000000000e+00
-9.293225851989621589e-01 -4.070312500000000000e+00
-9.186135507246806498e-01 -3.480468750000000000e+00
-9.060008243635682135e-01 -3.261718750000000000e+00
-8.949764200515133439e-01 -2.882812500000000000e+00
-8.836257159072360423e-01 -1.769531250000000000e+00
-8.725723867333439188e-01 -2.687500000000000000e+00
-8.620111113012303150e-01 -4.011718750000000000e+00
-8.499453179666023317e-01 -2.023437500000000000e+00
-8.399473038991231988e-01 -1.835937500000000000e+00
-8.277776110253594055e-01 -5.808593750000000000e+00
-8.174926367116892578e-01 -2.375000000000000000e+00
-8.051208415708810406e-01 -2.812500000000000000e+00
-7.938604316282447115e-01 -6.050781250000000000e+00
-7.828712566540190210e-01 -2.078125000000000000e+00
-7.710171653938502345e-01 -2.330078125000000000e+00
-7.601492051329046262e-01 -5.203125000000000000e+00
-7.487543912505341126e-01 -2.761718750000000000e+00
-7.384757646429207512e-01 -2.199218750000000000e+00
-7.265551216847878635e-01 -2.867187500000000000e+00
-7.160730757338846786e-01 -2.830078125000000000e+00
-7.036014497416989144e-01 -2.417968750000000000e+00
-6.930844731561691674e-01 -3.496093750000000000e+00
-6.809898105254834633e-01 -6.576171875000000000e+00
-6.698610823518382773e-01 -2.720703125000000000e+00
-6.588016300750041410e-01 -4.160156250000000000e+00
-6.468133789821823854e-01 -4.531250000000000000e+00
-6.367104272146857369e-01 -2.115234375000000000e+00
-6.247931977725187380e-01 -2.378906250000000000e+00
-6.146817575279950319e-01 -1.992187500000000000e+00
-6.025893381409570537e-01 -3.281250000000000000e+00
-5.923242546700766553e-01 -1.500000000000000000e+00
-5.802743610423721776e-01 -1.921875000000000000e+00
-5.688656330821473261e-01 -4.656250000000000000e+00
-5.571742085281439216e-01 -2.181640625000000000e+00
-5.459624901557820209e-01 -1.355468750000000000e+00
-5.352133060865202907e-01 -2.070312500000000000e+00
-5.234683142445195614e-01 -4.984375000000000000e+00
-5.134993833076375580e-01 -1.878906250000000000e+00
-5.013177026778876666e-01 -3.476562500000000000e+00
-4.910431159069190699e-01 -1.109375000000000000e+00
-4.782663028700202545e-01 -2.673828125000000000e+00
-4.677716253227597321e-01 -1.326171875000000000e+00
-4.559978187343016742e-01 -3.472656250000000000e+00
-4.445235573084111991e-01 -4.859375000000000000e+00
-4.333217450375226321e-01 -4.425781250000000000e+00
-4.220035907486323623e-01 -3.546875000000000000e+00
-4.118043042872177040e-01 -1.466796875000000000e+00
-3.998047500362531537e-01 -2.050781250000000000e+00
-3.896170192005481425e-01 -4.531250000000000000e-01
-3.776168158867090341e-01 -2.880859375000000000e+00
-3.669219725037553559e-01 0.000000000000000000e+00
-3.541836182778812514e-01 -3.789062500000000000e+00
-3.434999877016391423e-01 -9.687500000000000000e-01
-3.319457878259512995e-01 -1.605468750000000000e+00
-3.204973213819801714e-01 -4.523437500000000000e+00
-3.100813686760162113e-01 -3.990234375000000000e+00
-2.982440254618712316e-01 -3.375000000000000000e+00
-2.882271050804661172e-01 -2.062500000000000000e+00
-2.760473009539250455e-01 -2.101562500000000000e+00
-2.659158063839814901e-01 -2.613281250000000000e+00
-2.533349163699103457e-01 -1.419921875000000000e+00
-2.423211978535686484e-01 -1.753906250000000000e+00
-2.310652381720181836e-01 -2.421875000000000000e-01
-2.194891693748477479e-01 -1.072265625000000000e+00
-2.083905016952574130e-01 -6.894531250000000000e-01
-1.971513331580894146e-01 -4.126953125000000000e+00
-1.866709449760559636e-01 8.339843750000000000e-01
-1.749365848634472087e-01 5.605468750000000000e-01
-1.646151865832443661e-01 -4.414062500000000000e-01
-1.519160993187611552e-01 -5.625000000000000000e-01
-1.411758555893740663e-01 -2.330078125000000000e+00
-1.292109228519020547e-01 3.222656250000000000e-01
-1.182164026310683624e-01 -7.460937500000000000e-01
-1.069948313972961529e-01 -3.091796875000000000e+00
-9.528939945797176847e-02 -5.917968750000000000e-01
-8.500382205672529778e-02 -1.468750000000000000e+00
-7.320997309972199218e-02 -5.468750000000000000e-01
-6.299106717398750277e-02 -1.972656250000000000e-01
-5.088232464504649499e-02 -2.392578125000000000e+00
-4.087212456480138201e-02 4.687500000000000000e-02
-2.804874666091805580e-02 -1.593750000000000000e+00
-1.669397781689774263e-02 -2.800781250000000000e+00
-5.038070077427292404e-03 -1.486328125000000000e+00
5.871058546784269083e-03 -7.539062500000000000e-01
1.711181390829530358e-02 3.066406250000000000e+00
2.847705151989465833e-02 1.751953125000000000e+00
3.871815854273563673e-02 8.789062500000000000e-01
5.053735207040510602e-02 8.789062500000000000e-02
6.091686289584519187e-02 8.203125000000000000e-01
7.360457005199716463e-02 -1.300781250000000000e+00
8.462961685963144021e-02 2.773437500000000000e-01
9.570735150659270829e-02 1.582031250000000000e+00
1.072668595041808004e-01 -1.828125000000000000e+00
1.183909604179067543e-01 -6.542968750000000000e-01
1.297940652267612904e-01 -2.892578125000000000e+00
1.403521628503288099e-01 2.070312500000000000e+00
1.518210314813934758e-01 -8.164062500000000000e-01
1.623083900296542481e-01 7.070312500000000000e-01
1.750249113034882953e-01 7.851562500000000000e-01
1.859719683331846340e-01 -4.375000000000000000e-01
1.976490707969258409e-01 5.468750000000000000e-02
2.087913281825759526e-01 -1.041015625000000000e+00
2.197678125216278033e-01 2.550781250000000000e+00
2.306342901606903695e-01 1.179687500000000000e+00
2.419966981778500781e-01 5.000000000000000000e-01
2.537274774546744993e-01 2.189453125000000000e+00
2.639367214871368716e-01 -2.792968750000000000e-01
2.760394802248793411e-01 2.128906250000000000e+00
2.861742578624379973e-01 7.988281250000000000e-01
2.983754723624079119e-01 5.527343750000000000e-01
3.100663653141531029e-01 2.605468750000000000e+00
3.216252074757477430e-01 3.320312500000000000e+00
3.325804083549979140e-01 3.292968750000000000e+00
3.433874557888820789e-01 2.296875000000000000e+00
3.546788592005238883e-01 4.007812500000000000e+00
3.654131226264860643e-01 2.804687500000000000e+00
3.771039281778394425e-01 1.289062500000000000e+00
3.876168122989458453e-01 5.650390625000000000e+00
3.998948465903193750e-01 3.652343750000000000e+00
4.108060603050613935e-01 1.222656250000000000e+00
4.224705080929798129e-01 2.066406250000000000e+00
4.338163974910536069e-01 4.113281250000000000e+00
4.446343111082642352e-01 3.626953125000000000e+00
4.566247146198501028e-01 3.410156250000000000e+00
4.668681742150502245e-01 4.390625000000000000e+00
4.786840580986009286e-01 3.578125000000000000e+00
4.890364753795424235e-01 1.845703125000000000e+00
5.009409512911409124e-01 1.636718750000000000e+00
5.113552289530245432e-01 9.121093750000000000e-01
5.237756076812853934e-01 1.179687500000000000e+00
5.353650424695146626e-01 4.656250000000000000e+00
5.466539055292134464e-01 2.960937500000000000e+00
5.575627954490691707e-01 8.121093750000000000e+00
5.682627890951845728e-01 2.980468750000000000e+00
5.797182969241259087e-01 5.738281250000000000e+00
5.904380232494190750e-01 2.050781250000000000e+00
6.026343527564481661e-01 4.355468750000000000e+00
6.126975283035616116e-01 6.972656250000000000e+00
6.250789272986203571e-01 7.410156250000000000e+00
6.366226719724625838e-01 6.867187500000000000e+00
6.474127329248799967e-01 6.996093750000000000e+00
6.591419753435356910e-01 4.486328125000000000e+00
6.701624156336833948e-01 5.265625000000000000e+00
6.816046969409423895e-01 4.671875000000000000e+00
6.919585916974861917e-01 6.630859375000000000e+00
7.035629862721748395e-01 4.878906250000000000e+00
7.139922177331818887e-01 7.675781250000000000e+00
7.267370619604243132e-01 6.464843750000000000e+00
7.374265131495647552e-01 8.082031250000000000e+00
7.493193788452616744e-01 4.777343750000000000e+00
7.605463908383018889e-01 3.101562500000000000e+00
7.714526869537090548e-01 4.820312500000000000e+00
7.832409063706382568e-01 3.398437500000000000e+00
7.931914703332818561e-01 5.261718750000000000e+00
8.053704346253738322e-01 6.699218750000000000e+00
8.156276687151899907e-01 8.525390625000000000e+00
8.277199764420384298e-01 4.289062500000000000e+00
8.379877517934293252e-01 1.843750000000000000e+00
8.503639689374757893e-01 5.597656250000000000e+00
8.618494357368211567e-01 5.476562500000000000e+00
8.733123883407216681e-01 7.648437500000000000e+00
8.843126756008228284e-01 6.433593750000000000e+00
8.950979859658154680e-01 5.925781250000000000e+00
9.069487240593385735e-01 5.437500000000000000e+00
9.168951697062812656e-01 5.339843750000000000e+00
9.293661875391343585e-01 7.675781250000000000e+00
9.394007698487438773e-01 6.582031250000000000e+00
9.520002683735420135e-01 8.214843750000000000e+00
9.629121142723562343e-01 4.896484375000000000e+00
9.741520117064883522e-01 1.115039062500000000e+01
9.855039397091864828e-01 6.074218750000000000e+00
9.964406479418048690e-01 6.359375000000000000e+00
1.008318346668986898e+00 8.259765625000000000e+00
1.018272172867169090e+00 8.173828125000000000e+00
1.030425049065105014e+00 8.183593750000000000e+00
1.040395037418665680e+00 5.617187500000000000e+00
1.052782248793676878e+00 6.382812500000000000e+00
1.063757295509005552e+00 1.040820312500000000e+01
1.076007500788852767e+00 8.554687500000000000e+00
1.087344902548386116e+00 8.648437500000000000e+00
1.098204508163487247e+00 1.052734375000000000e+01
1.109380613915152303e+00 7.603515625000000000e+00
1.119868773523460703e+00 1.062890625000000000e+01
1.131911214239972097e+00 8.529296875000000000e+00
1.141916323280164569e+00 8.263671875000000000e+00
1.154390492603420526e+00 6.968750000000000000e+00
1.164760466393174099e+00 1.028125000000000000e+01
1.177017584576997677e+00 8.882812500000000000e+00
1.188198023629839284e+00 8.818359375000000000e+00
1.199258910704244840e+00 1.062109375000000000e+01
1.210763027993991159e+00 1.231250000000000000e+01
1.221945991786915542e+00 1.108007812500000000e+01
1.233235271775939168e+00 8.742187500000000000e+00
1.243585881006161742e+00 8.710937500000000000e+00
1.255410803139253240e+00 1.004687500000000000e+01
1.265615411010357683e+00 9.974609375000000000e+00
1.278428024467988422e+00 8.000000000000000000e+00
1.288297404716158390e+00 1.394726562500000000e+01
1.301010347435526349e+00 1.155859375000000000e+01
1.312187360979160999e+00 9.015625000000000000e+00
1.323146020215646423e+00 1.336718750000000000e+01
1.334975144295031058e+00 1.385156250000000000e+01
1.345158496504028633e+00 1.285937500000000000e+01
1.357181981334875331e+00 1.097265625000000000e+01
1.367181915020065475e+00 1.355859375000000000e+01
1.379575092057944374e+00 1.101953125000000000e+01
1.389706351873195800e+00 1.189843750000000000e+01
1.402368692082543333e+00 1.078906250000000000e+01
1.413584879836422559e+00 1.177343750000000000e+01
1.424908095256266272e+00 1.374609375000000000e+01
1.436114171498208414e+00 1.266210937500000000e+01
1.446808074928679133e+00 1.438281250000000000e+01
1.459150710410340501e+00 1.239648437500000000e+01
1.468627631831354918e+00 1.311328125000000000e+01
1.481315492151205504e+00 1.028906250000000000e+01
1.491067111637820020e+00 1.239257812500000000e+01
1.503680004653308089e+00 1.250781250000000000e+01
1.513932049707388039e+00 1.303515625000000000e+01
1.525841113673394922e+00 1.579296875000000000e+01
1.537404684917582642e+00 1.293359375000000000e+01
1.547923046425012217e+00 1.310546875000000000e+01
1.560294535736911570e+00 1.505859375000000000e+01
1.569917593394949407e+00 1.251953125000000000e+01
1.582523988020847483e+00 1.239843750000000000e+01
1.592487202431946969e+00 1.188085937500000000e+01
1.604507848231890854e+00 1.526757812500000000e+01
1.614999713159916972e+00 1.269531250000000000e+01
1.627452093319584847e+00 1.270507812500000000e+01
1.638476080811537727e+00 1.320703125000000000e+01
1.649749720566347833e+00 1.339453125000000000e+01
1.661083301075438889e+00 1.400000000000000000e+01
1.671690281511997611e+00 1.233984375000000000e+01
1.683924055518018825e+00 1.489453125000000000e+01
1.693328987576547817e+00 1.514453125000000000e+01
1.706292642357015055e+00 1.502734375000000000e+01
1.716281257058868803e+00 1.710351562500000000e+01
1.728736352984582503e+00 1.538476562500000000e+01
1.739904992080001378e+00 1.264257812500000000e+01
1.750661567858506018e+00 1.445312500000000000e+01
1.762654540095258682e+00 1.217187500000000000e+01
1.773255938065860349e+00 1.284765625000000000e+01
1.785354371725561329e+00 1.433203125000000000e+01
1.795093545762937559e+00 1.350976562500000000e+01
1.807301880289168494e+00 1.830468750000000000e+01
1.817319185460646302e+00 1.800781250000000000e+01
1.830402530862791366e+00 1.523828125000000000e+01
1.840154182446443798e+00 1.662109375000000000e+01
1.852686853737706585e+00 1.273437500000000000e+01
1.863879114282191551e+00 1.524414062500000000e+01
1.874833009688275709e+00 1.661718750000000000e+01
1.886438197526740801e+00 1.695117187500000000e+01
1.896659828602592412e+00 1.824218750000000000e+01
1.908914437654029683e+00 1.918750000000000000e+01
1.918930556983418967e+00 1.859960937500000000e+01
1.931111031914790388e+00 1.352734375000000000e+01
1.941425089446733310e+00 1.638671875000000000e+01
1.953770755752346489e+00 1.472265625000000000e+01
1.965400298348990660e+00 1.937500000000000000e+01
1.976700888192596040e+00 1.524218750000000000e+01
1.988160839091898779e+00 1.638671875000000000e+01
1.998631969896974780e+00 1.739453125000000000e+01
2.010134532764795701e+00 1.257031250000000000e+01
2.020268401242516276e+00 1.415429687500000000e+01
2.032812992093685267e+00 1.620703125000000000e+01
2.042795822359934732e+00 1.456640625000000000e+01
2.055495532021183180e+00 1.619335937500000000e+01
2.066350409012400746e+00 1.828320312500000000e+01
2.077959006564046973e+00 1.473046875000000000e+01
2.089472483270091274e+00 1.460742187500000000e+01
2.100187733581716287e+00 1.346289062500000000e+01
2.111636839422002865e+00 1.318750000000000000e+01
2.121633277845999643e+00 1.437890625000000000e+01
2.133673469701616199e+00 1.559570312500000000e+01
2.143753632163015510e+00 1.163671875000000000e+01
2.156042125716208346e+00 1.443945312500000000e+01
2.166712040323758082e+00 1.404101562500000000e+01
2.179541469147823207e+00 1.649218750000000000e+01
2.190790838062559587e+00 1.679687500000000000e+01
2.201694776047681046e+00 1.751562500000000000e+01
2.212786232005771403e+00 1.579882812500000000e+01
2.223404364102476549e+00 1.694531250000000000e+01
2.234914753652419428e+00 1.419531250000000000e+01
2.244886686027613543e+00 1.491210937500000000e+01
2.257676663288591179e+00 1.454492187500000000e+01
2.268369678675975720e+00 1.764062500000000000e+01
2.280868291995567176e+00 1.699218750000000000e+01
2.291813589312390320e+00 1.596875000000000000e+01
2.303094316995713875e+00 1.418945312500000000e+01
2.314336274127430926e+00 1.078906250000000000e+01
2.325245988306438250e+00 1.637890625000000000e+01
2.336545212598313270e+00 1.440625000000000000e+01
2.347003227354740318e+00 1.438671875000000000e+01
2.358479855391500735e+00 1.446093750000000000e+01
2.369761228181614499e+00 1.356054687500000000e+01
2.381844555170529176e+00 1.438085937500000000e+01
2.392557250081178033e+00 1.194531250000000000e+01
2.404365949798686231e+00 1.306640625000000000e+01
2.415641001550548950e+00 1.346484375000000000e+01
2.426696122270800338e+00 1.469531250000000000e+01
2.437802975910472902e+00 1.336523437500000000e+01
2.448491500341649640e+00 1.471484375000000000e+01
2.460266556643501801e+00 1.071093750000000000e+01
2.471149228618036986e+00 1.105078125000000000e+01
2.482730763480661906e+00 1.145703125000000000e+01
2.493600645876405508e+00 1.138281250000000000e+01
2.505791855087421638e+00 9.960937500000000000e+00
2.517084806791112683e+00 1.215625000000000000e+01
2.528494371772264770e+00 1.125781250000000000e+01
2.539509039383856859e+00 1.385156250000000000e+01
2.550227827822066473e+00 1.270703125000000000e+01
2.561589305432871555e+00 1.091796875000000000e+01
2.571978692826247581e+00 1.096289062500000000e+01
2.583952245207492560e+00 9.556640625000000000e+00
2.594684345559818084e+00 1.050000000000000000e+01
2.606978461294074734e+00 1.083007812500000000e+01
2.618500752221182282e+00 9.691406250000000000e+00
2.629663363835149426e+00 1.249218750000000000e+01
2.641110876855110590e+00 8.390625000000000000e+00
2.651633180767695386e+00 7.701171875000000000e+00
2.663295019196384672e+00 8.380859375000000000e+00
2.673765430092315931e+00 9.064453125000000000e+00
2.685340395060492824e+00 7.605468750000000000e+00
2.695958610331572025e+00 9.519531250000000000e+00
2.707933296750423935e+00 1.044531250000000000e+01
2.718877299149023763e+00 7.451171875000000000e+00
2.730886308122294714e+00 8.423828125000000000e+00
2.742542424272276236e+00 7.251953125000000000e+00
2.753254199634991295e+00 4.455078125000000000e+00
2.764489512767783985e+00 6.068359375000000000e+00
2.775233224190179371e+00 1.011914062500000000e+01
2.786647991103536448e+00 6.128906250000000000e+00
2.797094090617755491e+00 8.052734375000000000e+00
2.809381735569629335e+00 6.986328125000000000e+00
2.820088791688926122e+00 5.097656250000000000e+00
2.832326581006066490e+00 5.716796875000000000e+00
2.843690270483652860e+00 3.019531250000000000e+00
2.854444843301312318e+00 6.218750000000000000e+00
2.865987363386530262e+00 4.435546875000000000e+00
2.876955873033745448e+00 5.097656250000000000e+00
2.888356540993575194e+00 3.777343750000000000e+00
2.898591248978894086e+00 2.558593750000000000e+00
2.910229587868105483e+00 4.513671875000000000e+00
2.920728921980487058e+00 1.859375000000000000e+00
2.933328857627655495e+00 2.429687500000000000e+00
2.945014870915500182e+00 3.984375000000000000e-01
2.956083820789221939e+00 8.671875000000000000e-01
2.967429322410043646e+00 1.109375000000000000e+00
2.978225349813002687e+00 9.609375000000000000e-01
2.989634161897420483e+00 -5.351562500000000000e-01
3.000009757069511451e+00 4.023437500000000000e-01
3.012231756807310035e+00 -6.718750000000000000e-01
3.022353876406004503e+00 -2.371093750000000000e+00
3.034442349359322222e+00 -5.937500000000000000e-01
3.045119571675885872e+00 -1.878906250000000000e+00
3.057337577620920399e+00 -4.082031250000000000e-01
3.068735274378144418e+00 -1.546875000000000000e+00
3.079999042729187231e+00 -2.289062500000000000e+00
3.091240841434055753e+00 -3.269531250000000000e+00
3.101727967171479250e+00 -7.890625000000000000e-01
3.113220759969132168e+00 -4.363281250000000000e+00
3.123825232287076759e+00 -2.410156250000000000e+00
3.135795055007939425e+00 -2.804687500000000000e+00
3.146243411806080914e+00 -1.060546875000000000e+00
3.159091833001752114e+00 -3.150390625000000000e+00
3.170231073992356485e+00 -1.992187500000000000e+00
3.181386226045137988e+00 -2.882812500000000000e+00
3.192529662301403448e+00 -9.160156250000000000e-01
3.203369414820068428e+00 -1.980468750000000000e+00
3.214958036842590516e+00 -4.507812500000000000e+00
3.225027381592108000e+00 -4.863281250000000000e+00
3.237071114622821710e+00 -6.386718750000000000e+00
3.247653130372061270e+00 -3.121093750000000000e+00
3.260282040286709204e+00 -4.773437500000000000e+00
3.270524180716623874e+00 -5.847656250000000000e+00
3.282885715436000496e+00 -4.224609375000000000e+00
3.293530007887179423e+00 -7.812500000000000000e+00
3.304996761628448354e+00 -6.302734375000000000e+00
3.316022859406236201e+00 -7.777343750000000000e+00
3.326770591023373136e+00 -7.185546875000000000e+00
3.338781755041873467e+00 -5.978515625000000000e+00
3.348460189083722227e+00 -6.134765625000000000e+00
3.361283538834848983e+00 -9.320312500000000000e+00
3.371744090372811087e+00 -8.349609375000000000e+00
3.384048224971786922e+00 -7.781250000000000000e+00
3.395131046812626785e+00 -5.507812500000000000e+00
3.406147593891340364e+00 -8.464843750000000000e+00
3.417636907042341576e+00 -8.886718750000000000e+00
3.428625301341241993e+00 -7.730468750000000000e+00
3.440160763918989950e+00 -5.791015625000000000e+00
3.450305421209170831e+00 -5.027343750000000000e+00
3.462234708570773201e+00 -6.953125000000000000e+00
3.472447695408456880e+00 -7.531250000000000000e+00
3.485566408535245131e+00 -7.679687500000000000e+00
3.495755508374412734e+00 -7.640625000000000000e+00
3.507775389176690517e+00 -8.265625000000000000e+00
3.519054072488962959e+00 -9.126953125000000000e+00
3.529889922231404853e+00 -1.037890625000000000e+01
3.541504458705475145e+00 -8.337890625000000000e+00
3.551734210780869816e+00 -9.013671875000000000e+00
3.564001255972847559e+00 -6.500000000000000000e+00
3.574032979335488136e+00 -8.707031250000000000e+00
3.586377000701627793e+00 -8.326171875000000000e+00
3.596582913471815246e+00 -9.972656250000000000e+00
3.608897780124978638e+00 -7.609375000000000000e+00
3.620454417328014429e+00 -8.011718750000000000e+00
3.631817956989998208e+00 -8.843750000000000000e+00
3.642954566177234454e+00 -9.496093750000000000e+00
3.653569880734139019e+00 -8.945312500000000000e+00
3.665334343489093705e+00 -1.034179687500000000e+01
3.675558029833796425e+00 -8.726562500000000000e+00
3.688023282808287284e+00 -1.025195312500000000e+01
3.697954652924108743e+00 -8.716796875000000000e+00
3.710683474749412625e+00 -9.636718750000000000e+00
3.721057277356761617e+00 -9.027343750000000000e+00
3.732638493130243873e+00 -8.621093750000000000e+00
3.744546761434911275e+00 -1.044921875000000000e+01
3.755068475261229111e+00 -9.371093750000000000e+00
3.766900903658271460e+00 -1.132031250000000000e+01
3.776642897628503803e+00 -8.660156250000000000e+00
3.788909108406244286e+00 -8.531250000000000000e+00
3.799064499950635110e+00 -1.117578125000000000e+01
3.812183963692360678e+00 -1.028906250000000000e+01
3.822047009241086535e+00 -5.736328125000000000e+00
3.834660370364451509e+00 -9.828125000000000000e+00
3.845206427276163907e+00 -9.667968750000000000e+00
3.856587892383849692e+00 -1.054687500000000000e+01
3.867468489995388836e+00 -1.136718750000000000e+01
3.878416905863826258e+00 -9.722656250000000000e+00
3.890838031138414976e+00 -6.738281250000000000e+00
3.900337999591743099e+00 -9.785156250000000000e+00
3.913046055334143958e+00 -1.013671875000000000e+01
3.923510638539452700e+00 -7.617187500000000000e+00
3.935973937745721685e+00 -9.822265625000000000e+00
3.946832444449417387e+00 -1.223437500000000000e+01
3.957871955742152892e+00 -1.053710937500000000e+01
3.969336259660357413e+00 -8.892578125000000000e+00
3.980318517533021350e+00 -9.859375000000000000e+00
3.991872096295716155e+00 -9.375000000000000000e+00
4.002019260375211829e+00 -8.671875000000000000e+00
4.014425076311191276e+00 -1.107812500000000000e+01
4.024165441568037238e+00 -7.398437500000000000e+00
4.037247293434059969e+00 -8.070312500000000000e+00
4.047289085565161315e+00 -6.605468750000000000e+00
4.059530217320723722e+00 -1.041406250000000000e+01
4.070735451405514738e+00 -9.437500000000000000e+00
4.081531782967818600e+00 -1.066796875000000000e+01
4.093100884291352770e+00 -9.773437500000000000e+00
4.103442527629539427e+00 -8.287109375000000000e+00
4.115680477354921152e+00 -8.757812500000000000e+00
4.125767570545742835e+00 -5.898437500000000000e+00
4.138400558730371159e+00 -8.812500000000000000e+00
4.148302587723032175e+00 -7.441406250000000000e+00
4.160875366439553247e+00 -8.238281250000000000e+00
4.171836109510199897e+00 -8.742187500000000000e+00
4.183401125870891413e+00 -7.523437500000000000e+00
4.194647855477835918e+00 -6.113281250000000000e+00
4.205290871642645811e+00 -9.279296875000000000e+00
4.217443928790908458e+00 -6.931640625000000000e+00
4.227493875861690675e+00 -8.880859375000000000e+00
4.239839983783758370e+00 -7.451171875000000000e+00
4.249666125424864660e+00 -3.406250000000000000e+00
4.262099765425245934e+00 -7.070312500000000000e+00
4.272269430597823714e+00 -4.935546875000000000e+00
4.284551318260930053e+00 -7.058593750000000000e+00
4.296251062457166370e+00 -4.248046875000000000e+00
4.306788470120242351e+00 -5.500000000000000000e+00
4.318610055244963775e+00 -4.859375000000000000e+00
4.328913857354514505e+00 -4.609375000000000000e+00
4.340594109052346994e+00 -1.968750000000000000e+00
4.350806949980916549e+00 -3.982421875000000000e+00
4.363464522682641622e+00 -4.609375000000000000e+00
4.373764753425055218e+00 -2.000000000000000000e+00
4.386324845887740409e+00 -3.042968750000000000e+00
4.396917133203845474e+00 7.695312500000000000e-01
4.408169886634145662e+00 -2.455078125000000000e+00
4.419447943768479270e+00 -2.916015625000000000e+00
4.430374601334932549e+00 -3.947265625000000000e+00
4.442520927810406306e+00 -2.191406250000000000e+00
4.452471209678890318e+00 -2.660156250000000000e+00
4.464742496792476700e+00 -8.203125000000000000e-01
4.475138799437528903e+00 -1.835937500000000000e+00
4.487546495873546704e+00 -8.984375000000000000e-01
4.498471415048145516e+00 2.519531250000000000e+00
4.509585503284174735e+00 2.349609375000000000e+00
4.521044140622553442e+00 9.648437500000000000e-01
4.532179996784567066e+00 -9.296875000000000000e-01
4.544020879294266457e+00 4.343750000000000000e+00
4.553733066013640141e+00 -3.046875000000000000e-01
4.566031931568013569e+00 3.654296875000000000e+00
4.575892977367013614e+00 2.261718750000000000e+00
4.588833331993820153e+00 2.894531250000000000e+00
4.598947526577103595e+00 3.687500000000000000e+00
4.611202568259479939e+00 2.970703125000000000e+00
4.622446800731584204e+00 2.710937500000000000e+00
4.633174357910778696e+00 1.933593750000000000e+00
4.645236785807361102e+00 3.140625000000000000e+00
4.655244635232394401e+00 2.824218750000000000e+00
4.667359814679379326e+00 3.554687500000000000e+00
4.677431071058403944e+00 4.785156250000000000e+00
4.690037715491497394e+00 2.859375000000000000e+00
4.700022592819317779e+00 4.687500000000000000e+00
4.712443312657988770e+00 4.218750000000000000e+00
4.723741736420207005e+00 6.761718750000000000e+00
4.735117721696454396e+00 3.894531250000000000e+00
4.746388724641453116e+00 6.875000000000000000e+00
4.757011962842952357e+00 3.242187500000000000e+00
4.769077244720255848e+00 7.843750000000000000e+00
4.779017217112259353e+00 5.347656250000000000e+00
4.791433661997439586e+00 5.164062500000000000e+00
4.801377828777203760e+00 7.146484375000000000e+00
4.813957148033972899e+00 5.414062500000000000e+00
4.824323637506036100e+00 6.197265625000000000e+00
4.836478332847740091e+00 6.988281250000000000e+00
4.847951294354579943e+00 6.212890625000000000e+00
4.858508794085370397e+00 5.722656250000000000e+00
4.870319375051796129e+00 7.941406250000000000e+00
4.880647887885011471e+00 6.339843750000000000e+00
4.892584890890444349e+00 6.716796875000000000e+00
4.902501683475430916e+00 8.552734375000000000e+00
4.915482114800850511e+00 8.320312500000000000e+00
4.925773461067872283e+00 6.455078125000000000e+00
4.938004087817118304e+00 7.964843750000000000e+00
4.949013182283549916e+00 1.261132812500000000e+01
4.959878679137048607e+00 7.210937500000000000e+00
4.971504177321941498e+00 9.207031250000000000e+00
4.981833819976866806e+00 8.503906250000000000e+00
4.994242192568062677e+00 8.464843750000000000e+00
5.004189257491646003e+00 9.347656250000000000e+00
5.016443119221387192e+00 9.484375000000000000e+00
5.026530245085303328e+00 8.380859375000000000e+00
5.039377791274738172e+00 7.328125000000000000e+00
5.050267425514637587e+00 9.755859375000000000e+00
5.061299010841171508e+00 9.720703125000000000e+00
5.072759820218355031e+00 8.439453125000000000e+00
5.083705679374986630e+00 9.500000000000000000e+00
5.095478380169961241e+00 9.406250000000000000e+00
5.105546158990771133e+00 1.010937500000000000e+01
5.118090186727948243e+00 9.482421875000000000e+00
5.127616592234721438e+00 7.089843750000000000e+00
5.140608602918231185e+00 1.087109375000000000e+01
5.150658361934448592e+00 7.160156250000000000e+00
5.162935832022939486e+00 8.816406250000000000e+00
5.174130578392380997e+00 6.398437500000000000e+00
5.184921072240129547e+00 8.873046875000000000e+00
5.196917179433517830e+00 9.050781250000000000e+00
5.206957178274192799e+00 1.041796875000000000e+01
5.219215337217619322e+00 4.246093750000000000e+00
5.229231982475626594e+00 1.098437500000000000e+01
5.241863886810040896e+00 9.175781250000000000e+00
5.252172692505714835e+00 7.554687500000000000e+00
5.264263345866323718e+00 7.261718750000000000e+00
5.275041242686445919e+00 7.056640625000000000e+00
5.286819844003781910e+00 9.906250000000000000e+00
5.297803201336234835e+00 1.111132812500000000e+01
5.308772214855974170e+00 1.189062500000000000e+01
5.320810191438658521e+00 2.535156250000000000e+00
5.330725429656903103e+00 1.110351562500000000e+01
5.343224551780305198e+00 8.091796875000000000e+00
5.353468737162052626e+00 7.228515625000000000e+00
5.365749416584758791e+00 8.261718750000000000e+00
5.376018643165020983e+00 8.156250000000000000e+00
5.387942183755940917e+00 8.791015625000000000e+00
5.399594826778635337e+00 7.378906250000000000e+00
5.410229345868007300e+00 6.382812500000000000e+00
5.421894125029512068e+00 7.617187500000000000e+00
5.432381946929986327e+00 6.394531250000000000e+00
5.444686718426546612e+00 5.925781250000000000e+00
5.454477382844188149e+00 6.089843750000000000e+00
5.467215319888508063e+00 4.832031250000000000e+00
5.477384096197514651e+00 5.929687500000000000e+00
5.489853683302078124e+00 7.402343750000000000e+00
5.500242994676972863e+00 7.705078125000000000e+00
5.511814599431549055e+00 8.396484375000000000e+00
5.522572764313833815e+00 4.388671875000000000e+00
5.533618363232958082e+00 5.187500000000000000e+00
5.545719928662903087e+00 5.933593750000000000e+00
5.555907186211527460e+00 4.265625000000000000e+00
5.568125350638021942e+00 5.296875000000000000e+00
5.578597117816654460e+00 6.515625000000000000e+00
5.591079825694315275e+00 6.369140625000000000e+00
5.601853655041368896e+00 7.697265625000000000e+00
5.613697368811418009e+00 4.585937500000000000e+00
5.624390846950127809e+00 6.755859375000000000e+00
5.635651451873139095e+00 6.441406250000000000e+00
5.646800905831062423e+00 5.964843750000000000e+00
5.657248545720805488e+00 7.253906250000000000e+00
5.669458970019641164e+00 7.957031250000000000e+00
5.679344852814415034e+00 5.324218750000000000e+00
5.692541425533143240e+00 6.519531250000000000e+00
5.702361471339099985e+00 6.548828125000000000e+00
5.714876491416790216e+00 5.708984375000000000e+00
5.725829825596322920e+00 5.796875000000000000e+00
5.736698529409040681e+00 5.535156250000000000e+00
5.748300517831530954e+00 4.714843750000000000e+00
5.758733875042114647e+00 3.160156250000000000e+00
5.770889027705436547e+00 5.144531250000000000e+00
5.780821651725879917e+00 4.558593750000000000e+00
5.793228926582681737e+00 2.343750000000000000e+00
5.803665110816091044e+00 3.818359375000000000e+00
5.816496575956710657e+00 5.781250000000000000e+00
5.826911341579266157e+00 2.636718750000000000e+00
5.838693161616994587e+00 3.730468750000000000e+00
5.849814122746626488e+00 4.378906250000000000e+00
5.860558859234001439e+00 6.500000000000000000e+00
5.872268150539611931e+00 3.292968750000000000e+00
5.882650615309706232e+00 1.191406250000000000e+00
5.894926731253373298e+00 7.232421875000000000e+00
5.904901451383652855e+00 3.085937500000000000e+00
5.917858640896172417e+00 3.820312500000000000e+00
5.927713820092772146e+00 3.703125000000000000e+00
5.940032272120603807e+00 4.765625000000000000e+00
5.951461684767011207e+00 2.582031250000000000e+00
5.962454052643306746e+00 2.800781250000000000e+00
5.973628048399705293e+00 3.082031250000000000e+00
5.984100799198179388e+00 4.316406250000000000e+00
5.995725889567992795e+00 1.921875000000000000e+00
6.005891919263969037e+00 2.167968750000000000e+00
6.018374762387555421e+00 1.488281250000000000e+00
6.028993704724436853e+00 3.062500000000000000e+00
6.041580159744778911e+00 2.351562500000000000e+00
6.052118300203030543e+00 -9.375000000000000000e-02
6.063540641486497407e+00 4.468750000000000000e+00
6.074722041639633474e+00 1.525390625000000000e+00
6.085410473826938116e+00 1.601562500000000000e-01
6.097496434929651876e+00 2.300781250000000000e+00
6.107571008907708432e+00 4.179687500000000000e-01
6.119807708365280874e+00 2.441406250000000000e+00
6.130238808903383685e+00 1.417968750000000000e+00
6.142886347332945363e+00 1.539062500000000000e+00
6.153560575233742114e+00 2.089843750000000000e-01
6.165389899258744144e+00 -8.105468750000000000e-01
6.176233829435533451e+00 1.953125000000000000e-03
6.187360259366704973e+00 3.919921875000000000e+00
6.198728089418310105e+00 -1.230468750000000000e+00
6.208972335291342404e+00 8.710937500000000000e-01
6.221219767430476111e+00 4.023437500000000000e-01
6.231066398699475428e+00 1.128906250000000000e+00
6.244042201493886779e+00 2.347656250000000000e+00
6.254124585612418130e+00 1.210937500000000000e+00
6.266356688818498277e+00 -3.974609375000000000e+00
6.277608895944748468e+00 -6.718750000000000000e-01
6.288464425672403380e+00 -2.343750000000000000e-02
6.300033500798754460e+00 1.562500000000000000e-01
6.310441094345467405e+00 -1.269531250000000000e+00
6.322397648821073801e+00 1.164062500000000000e+00
6.332429455973642263e+00 1.375000000000000000e+00
6.344708068486378139e+00 -3.359375000000000000e-01
6.355561516285538559e+00 -8.164062500000000000e-01
6.368179090670031073e+00 -3.398437500000000000e-01
6.378510828944875755e+00 -3.437500000000000000e-01
6.390418022287509103e+00 5.273437500000000000e-01
6.401630181074152048e+00 -2.019531250000000000e+00
6.412353363625312497e+00 -2.031250000000000000e-01
6.423727042883992766e+00 -1.007812500000000000e+00
6.434222849282109635e+00 5.390625000000000000e-01
6.446608150302498785e+00 -1.542968750000000000e+00
6.456848818107551402e+00 -1.107421875000000000e+00
6.469127859268365199e+00 -1.234375000000000000e+00
6.479211142722057559e+00 -1.789062500000000000e+00
6.492338635949138848e+00 -3.660156250000000000e+00
6.503107742771110367e+00 -3.064453125000000000e+00
6.514267448746261735e+00 -2.785156250000000000e+00
6.525220203996006774e+00 -6.523437500000000000e-01
6.535831901084747209e+00 -8.378906250000000000e-01
6.547335520604121939e+00 -2.464843750000000000e+00
6.557708425334416447e+00 -2.351562500000000000e+00
6.570040350264037876e+00 -2.076171875000000000e+00
6.580576990575664809e+00 -2.691406250000000000e+00
6.593256557744624935e+00 -3.736328125000000000e+00
6.603846593837399581e+00 -1.054687500000000000e+00
6.615357365199742823e+00 -1.226562500000000000e+00
6.626409527129736077e+00 -2.738281250000000000e+00
6.637239697342179667e+00 -1.814453125000000000e+00
6.649056751408215504e+00 -4.933593750000000000e+00
6.659297980141415607e+00 -4.218750000000000000e+00
6.671317949433002603e+00 -3.724609375000000000e+00
6.681987816779864531e+00 -2.509765625000000000e+00
6.694380650270625566e+00 -4.246093750000000000e+00
6.705395315882372032e+00 -4.734375000000000000e+00
6.716819334210754278e+00 -3.097656250000000000e+00
6.727752534413021124e+00 -2.548828125000000000e+00
6.739126385422689935e+00 -2.875000000000000000e+00
6.750200059431105792e+00 -2.796875000000000000e+00
6.760929591207987421e+00 -4.529296875000000000e+00
6.772236760954555734e+00 -6.867187500000000000e+00
6.783086900318758161e+00 -6.437500000000000000e+00
6.795625779153207091e+00 -6.869140625000000000e+00
6.806132793701841877e+00 -4.988281250000000000e+00
6.818300514023717618e+00 -6.886718750000000000e+00
6.829261850557982960e+00 -2.509765625000000000e+00
6.840711648409220302e+00 -3.707031250000000000e+00
6.851594829252008800e+00 -7.974609375000000000e+00
6.862510696283715461e+00 -3.720703125000000000e+00
6.874043667116065848e+00 -5.873046875000000000e+00
6.884351786795178008e+00 -3.052734375000000000e+00
6.896207973703438299e+00 -5.496093750000000000e+00
6.907080471239332553e+00 -6.748046875000000000e+00
6.919602536701271234e+00 -6.904296875000000000e+00
6.930295512678871894e+00 -2.730468750000000000e+00
6.942098931280657581e+00 -4.509765625000000000e+00
6.953361371129004098e+00 -4.601562500000000000e+00
6.964161433217837427e+00 -3.746093750000000000e+00
6.975225973657089185e+00 -7.396484375000000000e+00
6.986176562271449342e+00 -4.300781250000000000e+00
6.997930416667821341e+00 -4.710937500000000000e+00
7.008334859896131697e+00 -6.238281250000000000e+00
7.020803725229365355e+00 -7.046875000000000000e+00
7.031318039417113752e+00 -7.910156250000000000e+00
7.043489859527923613e+00 -5.027343750000000000e+00
7.054674591540397444e+00 -4.371093750000000000e+00
7.066065141035650754e+00 -7.513671875000000000e+00
7.076758839343396446e+00 -6.574218750000000000e+00
7.087542065722525209e+00 -3.457031250000000000e+00
7.098928287507749957e+00 -6.933593750000000000e+00
7.109752320520078328e+00 -5.898437500000000000e+00
7.122125966064793978e+00 -6.990234375000000000e+00
7.132810432609959506e+00 -4.347656250000000000e+00
7.144817401662900025e+00 -8.230468750000000000e+00
7.155868629744388976e+00 -5.673828125000000000e+00
7.167332359949500464e+00 -7.607421875000000000e+00
7.178140772947527282e+00 -5.972656250000000000e+00
7.188920057888195103e+00 -4.662109375000000000e+00
7.200834177378011347e+00 -7.062500000000000000e+00
7.211059649667561189e+00 -7.250000000000000000e+00
7.223087324517267760e+00 -7.847656250000000000e+00
7.233118700380172683e+00 -1.025781250000000000e+01
7.245839476607961238e+00 -9.201171875000000000e+00
7.257152616111874011e+00 -8.089843750000000000e+00
7.268864159605304742e+00 -6.636718750000000000e+00
7.279677821214747269e+00 -6.738281250000000000e+00
7.290846150621678845e+00 -9.175781250000000000e+00
7.301930459889437230e+00 -9.558593750000000000e+00
7.312651808817482113e+00 -7.167968750000000000e+00
7.324583290260642698e+00 -9.164062500000000000e+00
7.334801457476296527e+00 -7.634765625000000000e+00
7.347317989945302941e+00 -8.582031250000000000e+00
7.357813045970694077e+00 -7.851562500000000000e+00
7.369827499005202398e+00 -9.992187500000000000e+00
7.381032642237287611e+00 -8.144531250000000000e+00
7.391869805115250713e+00 -7.800781250000000000e+00
7.403499462425834565e+00 -5.726562500000000000e+00
7.414000917950202663e+00 -6.726562500000000000e+00
7.425756433169603099e+00 -4.531250000000000000e+00
7.436070362202172213e+00 -8.931640625000000000e+00
7.448165424918423483e+00 -5.972656250000000000e+00
7.458593867844609093e+00 -1.117578125000000000e+01
7.471431233452474174e+00 -8.296875000000000000e+00
7.482054190052155107e+00 -8.289062500000000000e+00
7.493720872021237156e+00 -9.691406250000000000e+00
7.505092451986284274e+00 -9.742187500000000000e+00
7.515626227772759904e+00 -7.042968750000000000e+00
7.527742942180202235e+00 -8.355468750000000000e+00
7.537774209075599252e+00 -7.640625000000000000e+00
7.550033611235131836e+00 -7.814453125000000000e+00
7.560526296890172304e+00 -7.773437500000000000e+00
7.572515605882239598e+00 -7.234375000000000000e+00
7.582571632373152681e+00 -7.441406250000000000e+00
7.594607001115525335e+00 -6.398437500000000000e+00
7.606467370338085843e+00 -7.312500000000000000e+00
7.617645154047943734e+00 -8.753906250000000000e+00
7.628797646096520779e+00 -8.898437500000000000e+00
7.639006731977875830e+00 -8.109375000000000000e+00
7.650920258923733286e+00 -7.812500000000000000e+00
7.661743497031729966e+00 -9.070312500000000000e+00
7.673765894123786069e+00 -5.738281250000000000e+00
7.683964286977108316e+00 -1.071484375000000000e+01
7.696352065519038277e+00 -6.365234375000000000e+00
7.707862311535594202e+00 -8.257812500000000000e+00
7.718588028633121212e+00 -9.171875000000000000e+00
7.729976773925610445e+00 -8.810546875000000000e+00
7.740564353770622574e+00 -1.007421875000000000e+01
7.752614990005682216e+00 -7.867187500000000000e+00
7.762709176373636666e+00 -8.226562500000000000e+00
7.774836003370300119e+00 -9.386718750000000000e+00
7.785285836923291569e+00 -5.808593750000000000e+00
7.797903428701388862e+00 -8.851562500000000000e+00
7.808858103689733987e+00 -8.720703125000000000e+00
7.820466080231133432e+00 -9.527343750000000000e+00
7.831416569307339870e+00 -7.347656250000000000e+00
7.842541469596010728e+00 -9.488281250000000000e+00
7.853641221383615090e+00 -9.355468750000000000e+00
7.864106019078768384e+00 -7.339843750000000000e+00
7.876551643728469720e+00 -8.347656250000000000e+00
7.886782355751511986e+00 -8.917968750000000000e+00
7.899022544851769467e+00 -5.763671875000000000e+00
7.909408463761491426e+00 -8.158203125000000000e+00
7.921512428194412259e+00 -1.018554687500000000e+01
7.932665590670975320e+00 -1.218359375000000000e+01
7.944059632148142924e+00 -9.722656250000000000e+00
7.955361299755763227e+00 -1.052343750000000000e+01
7.965562761525095681e+00 -6.773437500000000000e+00
7.977534142416278229e+00 -7.388671875000000000e+00
7.987654941059148861e+00 -9.337890625000000000e+00
8.000441539403993829e+00 -4.933593750000000000e+00
8.010318733113233947e+00 -7.097656250000000000e+00
8.022946907144063999e+00 -7.156250000000000000e+00
8.033685397755052193e+00 -8.060546875000000000e+00
8.045428616812003497e+00 -8.974609375000000000e+00
8.056791903012653577e+00 -9.093750000000000000e+00
8.067425067523021909e+00 -8.812500000000000000e+00
8.079202600591106176e+00 -7.111328125000000000e+00
8.089422647098858832e+00 -6.593750000000000000e+00
8.101781722686588694e+00 -8.320312500000000000e+00
8.111719258951806566e+00 -6.703125000000000000e+00
8.124257980796990353e+00 -7.945312500000000000e+00
8.134496213061080283e+00 -9.666015625000000000e+00
8.146806934007177148e+00 -8.125000000000000000e+00
8.158082809250931433e+00 -7.968750000000000000e+00
8.169221139132286424e+00 -7.195312500000000000e+00
8.180487894628916123e+00 -7.265625000000000000e+00
8.190922317158262800e+00 -6.003906250000000000e+00
8.203257427594088824e+00 -8.615234375000000000e+00
8.213210199664194633e+00 -6.730468750000000000e+00
8.225766088619707261e+00 -6.384765625000000000e+00
8.235669472476725872e+00 -7.134765625000000000e+00
8.248402680186853075e+00 -3.878906250000000000e+00
8.259032504921517415e+00 -7.867187500000000000e+00
8.270506782357673004e+00 -8.531250000000000000e+00
8.281602732797919586e+00 -8.496093750000000000e+00
8.292294479829745768e+00 -9.611328125000000000e+00
8.304296900523482350e+00 -7.605468750000000000e+00
8.314344537002348545e+00 -4.060546875000000000e+00
8.326550194823518325e+00 -7.025390625000000000e+00
8.336968687902269082e+00 -9.468750000000000000e+00
8.349616821414670653e+00 -4.902343750000000000e+00
8.360564254158838082e+00 -5.886718750000000000e+00
8.371940542146489861e+00 -7.541015625000000000e+00
8.383119878694444083e+00 -6.757812500000000000e+00
8.394172027730522956e+00 -5.654296875000000000e+00
8.405352247839065427e+00 -8.105468750000000000e+00
8.416104332380950126e+00 -3.435546875000000000e+00
8.428469529458675780e+00 -7.605468750000000000e+00
8.438473323480007338e+00 -3.386718750000000000e+00
