#Time Flux
-7.461999744835719639e+01 -1.709375000000000000e+01
-7.432539828228780721e+01 -1.689062500000000000e+01
-7.402744559055662421e+01 -2.134375000000000000e+01
-7.372659463036134753e+01 -1.121875000000000000e+01
-7.342944071729993993e+01 6.312500000000000000e+00
-7.312693527479120803e+01 1.235937500000000000e+01
-7.283053363983691497e+01 2.525000000000000000e+01
-7.253163156326414196e+01 1.481250000000000000e+01
-7.222789241959242190e+01 1.042187500000000000e+01
-7.193458457759132330e+01 7.156250000000000000e+00
-7.163256198958484333e+01 1.375000000000000000e+00
-7.133153893307289195e+01 -1.093750000000000000e+00
-7.103547457921175123e+01 -9.750000000000000000e+00
-7.073897180920366168e+01 -8.156250000000000000e+00
-7.044888971563520386e+01 -3.421875000000000000e+00
-7.013636434341040626e+01 -1.187500000000000000e+01
-6.983872202789297035e+01 -4.031250000000000000e+00
-6.952012698784147915e+01 1.187500000000000000e+00
-6.924617181340380512e+01 5.343750000000000000e+00
-6.894083861794032941e+01 5.390625000000000000e+00
-6.862744307427760759e+01 -1.468750000000000000e+00
-6.834421261538551562e+01 -1.718750000000000000e+00
-6.804177289842309051e+01 8.281250000000000000e+00
-6.774877766865370177e+01 1.153125000000000000e+01
-6.744662843255707685e+01 1.387500000000000000e+01
-6.714381716644857079e+01 3.781250000000000000e+00
-6.684967768187175352e+01 1.418750000000000000e+01
-6.654904860098412200e+01 1.509375000000000000e+01
-6.624472827219142346e+01 1.875000000000000000e-01
-6.595356947333090147e+01 4.062500000000000000e+00
-6.564854240946795016e+01 6.250000000000000000e-01
-6.534563990960305091e+01 1.412500000000000000e+01
-6.505452314051541407e+01 1.690625000000000000e+01
-6.476693044665958610e+01 2.168750000000000000e+01
-6.445561605051059928e+01 4.162500000000000000e+01
-6.415642654892496921e+01 3.239062500000000000e+01
-6.384586194334383435e+01 3.621875000000000000e+01
-6.355650389134987677e+01 3.660937500000000000e+01
-6.325938071369836280e+01 2.596875000000000000e+01
-6.296062095933649516e+01 5.687500000000000000e+00
-6.265739155814824812e+01 -1.676562500000000000e+01
-6.235725517875286528e+01 -1.454687500000000000e+01
-6.205864933936928196e+01 -1.468750000000000000e+01
-6.176779398765592077e+01 -1.937500000000000000e+01
-6.146322046975546982e+01 -9.656250000000000000e+00
-6.116568196866299445e+01 6.406250000000000000e-01
-6.086561472523860061e+01 5.062500000000000000e+00
-6.057954666169641200e+01 7.843750000000000000e+00
-6.026325604240611256e+01 -2.531250000000000000e+00
-5.997344499002429075e+01 -6.937500000000000000e+00
-5.966413961603947769e+01 -1.268750000000000000e+01
-5.936747219258703012e+01 -6.765625000000000000e+00
-5.906748854228678169e+01 -6.781250000000000000e+00
-5.876874995515927935e+01 -7.062500000000000000e+00
-5.847491873685245878e+01 -8.953125000000000000e+00
-5.817339024247485213e+01 6.593750000000000000e+00
-5.787576136810619687e+01 2.131250000000000000e+01
-5.758081294094154146e+01 1.653125000000000000e+01
-5.727430765455210349e+01 1.975000000000000000e+01
-5.697329036939100888e+01 8.812500000000000000e+00
-5.668089556813910690e+01 -1.171875000000000000e+00
-5.637439809356700948e+01 2.625000000000000000e+00
-5.608420591906721597e+01 -1.962500000000000000e+01
-5.577101790624672617e+01 -2.390625000000000000e+00
-5.547885611488700874e+01 -6.156250000000000000e+00
-5.518176351602596696e+01 2.437500000000000000e+00
-5.488626717211255368e+01 4.671875000000000000e+00
-5.459334729118188534e+01 -1.462500000000000000e+01
-5.428683789375998003e+01 -1.190625000000000000e+01
-5.398032855484041193e+01 -7.250000000000000000e+00
-5.368670805393574597e+01 -6.406250000000000000e-01
-5.339040657395906919e+01 -5.875000000000000000e+00
-5.308540899568470195e+01 -2.468750000000000000e+00
-5.278759383358354285e+01 -4.078125000000000000e+00
-5.248981208054817671e+01 -4.250000000000000000e+00
-5.218633001582202269e+01 1.500000000000000000e+00
-5.189725979445199755e+01 -7.515625000000000000e+00
-5.159638025045379095e+01 -7.015625000000000000e+00
-5.129588117428082228e+01 -5.515625000000000000e+00
-5.099663810386442719e+01 6.250000000000000000e+00
-5.069399008206355006e+01 1.612500000000000000e+01
-5.039676658087208239e+01 2.420312500000000000e+01
-5.010075692290791949e+01 3.890625000000000000e+01
-4.979560097661305917e+01 2.728125000000000000e+01
-4.950105490745022507e+01 2.271875000000000000e+01
-4.920012380137984564e+01 -6.406250000000000000e-01
-4.890164797019298248e+01 -1.250000000000000000e+01
-4.860395402752479299e+01 -2.464062500000000000e+01
-4.830332031740007892e+01 -1.651562500000000000e+01
-4.800252957105459473e+01 -1.765625000000000000e+01
-4.770852499009185976e+01 -1.914062500000000000e+01
-4.740426598864914354e+01 1.245312500000000000e+01
-4.710682358143620263e+01 -1.453125000000000000e+00
-4.680947892392566700e+01 5.718750000000000000e+00
-4.650830658515215532e+01 -1.609375000000000000e+00
-4.621320464107125758e+01 -7.187500000000000000e-01
-4.591207706651420040e+01 -1.131250000000000000e+01
-4.561852657795657251e+01 -4.750000000000000000e+00
-4.531201091640082268e+01 3.125000000000000000e-01
-4.501304393390836367e+01 -1.656250000000000000e+01
-4.471257595215485026e+01 -4.312500000000000000e+00
-4.441716518799836422e+01 -6.781250000000000000e+00
-4.411455831670363636e+01 -9.046875000000000000e+00
-4.381687965696417564e+01 1.281250000000000000e+00
-4.351378410294978494e+01 2.656250000000000000e+00
-4.321603344809409464e+01 1.906250000000000000e+00
-4.291193702021513445e+01 -1.459375000000000000e+01
-4.262073812254664062e+01 4.531250000000000000e+00
-4.231645376576312856e+01 -8.921875000000000000e+00
-4.202427511148715666e+01 -5.234375000000000000e+00
-4.172439226064307149e+01 -1.759375000000000000e+01
-4.142262687123348996e+01 -1.771875000000000000e+01
-4.112741512768440089e+01 -5.156250000000000000e+00
-4.082484559508708344e+01 -1.406250000000000000e+01
-4.053035891712329430e+01 -4.125000000000000000e+00
-4.023182533424932217e+01 8.250000000000000000e+00
-3.993091229952170806e+01 1.675000000000000000e+01
-3.963578620330696367e+01 2.203125000000000000e+01
-3.933104002740935812e+01 1.862500000000000000e+01
-3.902718279634427745e+01 1.125000000000000000e+01
-3.873442467360808905e+01 -4.703125000000000000e+00
-3.843418805979496256e+01 5.906250000000000000e+00
-3.813268220781520768e+01 -1.346875000000000000e+01
-3.783765548080879171e+01 -1.465625000000000000e+01
-3.754925927613447811e+01 -2.407812500000000000e+01
-3.724508924920843356e+01 -2.743750000000000000e+01
-3.694258257167717829e+01 1.109375000000000000e+00
-3.663208917313346547e+01 3.656250000000000000e+00
-3.634129584333254570e+01 1.693750000000000000e+01
-3.603952211009487883e+01 1.762500000000000000e+01
-3.573741244764096336e+01 2.206250000000000000e+01
-3.544695473576172162e+01 1.212500000000000000e+01
-3.514412227594237947e+01 1.606250000000000000e+01
-3.484056069317188076e+01 1.075000000000000000e+01
-3.454547413367771469e+01 -6.171875000000000000e+00
-3.424578048702824162e+01 -1.500000000000000000e+00
-3.394706171192757438e+01 -9.390625000000000000e+00
-3.365254715686404552e+01 -5.625000000000000000e-01
-3.334605899452816402e+01 -1.725000000000000000e+01
-3.304794651147113882e+01 -1.184375000000000000e+01
-3.275163164741377386e+01 2.203125000000000000e+00
-3.244765089236170752e+01 1.625000000000000000e+00
-3.215470213895758889e+01 -6.156250000000000000e+00
-3.185478508493002892e+01 -8.171875000000000000e+00
-3.155071391635095779e+01 -2.203125000000000000e+00
-3.125810778532792256e+01 -1.421875000000000000e+01
-3.095573758798678909e+01 5.171875000000000000e+00
-3.066050612281810572e+01 5.375000000000000000e+00
-3.036097264028273912e+01 3.640625000000000000e+00
-3.005669061467966685e+01 1.223437500000000000e+01
-2.975800272809448188e+01 2.531250000000000000e+00
-2.946192073949703172e+01 1.454687500000000000e+01
-2.915789783086074749e+01 3.718750000000000000e+00
-2.886483044029745315e+01 8.656250000000000000e+00
-2.856533462722291006e+01 -1.781250000000000000e+00
-2.826291221953925970e+01 4.593750000000000000e+00
-2.796831945674381359e+01 9.562500000000000000e+00
-2.766829529304408197e+01 7.484375000000000000e+00
-2.736380233362052650e+01 2.175000000000000000e+01
-2.707327115708557130e+01 1.118750000000000000e+01
-2.676012646690804786e+01 -3.968750000000000000e+00
-2.646805994105835680e+01 -1.256250000000000000e+01
-2.617220479489685658e+01 -9.421875000000000000e+00
-2.586815343974740244e+01 -6.437500000000000000e+00
-2.557230689588300265e+01 2.875000000000000000e+00
-2.527559164671401959e+01 6.875000000000000000e+00
-2.497634720052684543e+01 3.828125000000000000e+00
-2.467318658086855976e+01 1.156250000000000000e+00
-2.437617627720845803e+01 -4.468750000000000000e+00
-2.407723292489191635e+01 3.125000000000000000e-02
-2.379450059925852656e+01 -5.437500000000000000e+00
-2.347520770204738483e+01 -8.203125000000000000e+00
-2.317811873032570702e+01 -3.562500000000000000e+00
-2.287992956427831359e+01 -9.109375000000000000e+00
-2.258218025220031677e+01 1.500000000000000000e+00
-2.228779222006738792e+01 2.500000000000000000e-01
-2.198958704216403248e+01 1.281250000000000000e+01
-2.167204483891845257e+01 2.323437500000000000e+01
-2.138871335743493773e+01 3.715625000000000000e+01
-2.108666718425416775e+01 3.685937500000000000e+01
-2.078396703885283614e+01 3.559375000000000000e+01
-2.049181189127909875e+01 2.500000000000000000e+01
-2.018762312388031432e+01 8.859375000000000000e+00
-1.988817933085175582e+01 4.687500000000000000e-01
-1.959495777569480879e+01 -1.365625000000000000e+01
-1.929226880661354926e+01 -2.418750000000000000e+01
-1.899237587423681362e+01 -2.153125000000000000e+01
-1.869592539730746239e+01 -1.643750000000000000e+01
-1.839139915304070882e+01 -2.284375000000000000e+01
-1.809607493777156151e+01 -8.875000000000000000e+00
-1.779689286618321375e+01 -5.218750000000000000e+00
-1.749231978260462483e+01 1.360937500000000000e+01
-1.719697288600008278e+01 8.781250000000000000e+00
-1.689794117832030906e+01 3.609375000000000000e+00
-1.661195969806431094e+01 -1.250000000000000000e-01
-1.630539013985804786e+01 4.859375000000000000e+00
-1.600066667346430904e+01 9.000000000000000000e+00
-1.569585165215886491e+01 8.718750000000000000e+00
-1.540164677032186091e+01 4.406250000000000000e+00
-1.512022671230459991e+01 -1.437500000000000000e+00
-1.480328465416073414e+01 -1.331250000000000000e+01
-1.450724954688865864e+01 -9.781250000000000000e+00
-1.419315139703184059e+01 -7.796875000000000000e+00
-1.389764644201551391e+01 -1.012500000000000000e+01
-1.360826199302215400e+01 -1.103125000000000000e+01
-1.330830762232454845e+01 -1.448437500000000000e+01
-1.301089803119572252e+01 -1.706250000000000000e+01
-1.270921956568605538e+01 -1.890625000000000000e+01
-1.241243619912688700e+01 -1.634375000000000000e+01
-1.211422465870043652e+01 -8.140625000000000000e+00
-1.181020602068747394e+01 1.625000000000000000e+00
-1.151627271130718100e+01 4.968750000000000000e+00
-1.121762686978587453e+01 -5.265625000000000000e+00
-1.091426505704640704e+01 4.406250000000000000e+00
-1.061097214393322474e+01 -2.171875000000000000e+00
-1.031858495792226904e+01 -2.953125000000000000e+00
-1.001837605301062695e+01 -3.078125000000000000e+00
-9.721056148063837554e+00 -1.362500000000000000e+01
-9.419551600090926513e+00 -2.259375000000000000e+01
-9.119264901220788033e+00 -2.637500000000000000e+01
-8.826989080120426934e+00 -1.737500000000000000e+01
-8.520503012892731931e+00 -9.156250000000000000e+00
-8.226363517960351146e+00 5.562500000000000000e+00
-7.927948484524677042e+00 1.546875000000000000e+01
-7.621464804866434406e+00 1.250000000000000000e+01
-7.335401290589345535e+00 2.442187500000000000e+01
-7.028909853334027957e+00 2.526562500000000000e+01
-6.725281098460811791e+00 1.203125000000000000e+01
-6.440951714366690339e+00 3.406250000000000000e+00
-6.129853684644331224e+00 -2.843750000000000000e+00
-5.832491750071994829e+00 9.843750000000000000e+00
-5.534706881133217848e+00 3.640625000000000000e+00
-5.232222448499669554e+00 -6.296875000000000000e+00
-4.936449442405944410e+00 -4.468750000000000000e+00
-4.638253827892185654e+00 -7.343750000000000000e+00
-4.333156176911870716e+00 -1.284375000000000000e+01
-4.037341557608385756e+00 -1.129687500000000000e+01
-3.739208090657484718e+00 -2.009375000000000000e+01
-3.435404754538296856e+00 -1.390625000000000000e+01
-3.141344400926357139e+00 -1.071875000000000000e+01
-2.840195493985504527e+00 -9.046875000000000000e+00
-2.542518712107039391e+00 -7.812500000000000000e+00
-2.247610438578703906e+00 3.937500000000000000e+00
-1.943724363754711248e+00 -2.718750000000000000e+00
-1.643395731378177516e+00 2.593750000000000000e+00
-1.348604723591108723e+00 -2.656250000000000000e+00
-1.042113519555698531e+00 -3.875000000000000000e+00
-7.442727737723089376e-01 -7.406250000000000000e+00
-4.495219507443835028e-01 -8.531250000000000000e+00
-1.443260001105954871e-01 -7.156250000000000000e+00
1.516875106011355001e-01 -6.062500000000000000e+00
4.494323287543124934e-01 1.012500000000000000e+01
7.505052100661657732e-01 1.131250000000000000e+01
1.042072801901667845e+00 7.937500000000000000e+00
1.348470848886620388e+00 1.790625000000000000e+01
1.643392217427702917e+00 2.079687500000000000e+01
1.941067486537491504e+00 1.004687500000000000e+01
2.247509672913849954e+00 1.250000000000000000e+00
2.545522918979543192e+00 -2.375000000000000000e+00
2.840157892969727982e+00 -9.593750000000000000e+00
3.146599375731881310e+00 -1.695312500000000000e+01
3.444822413308656905e+00 -1.334375000000000000e+01
3.739148941929585135e+00 -5.812500000000000000e+00
4.034208278486715926e+00 9.296875000000000000e+00
4.329488528248646162e+00 5.156250000000000000e+00
4.635996573557520151e+00 -2.906250000000000000e+00
4.933319102247281762e+00 -2.343750000000000000e-01
5.230791122601658572e+00 -6.875000000000000000e+00
5.535086327083433844e+00 -1.171875000000000000e+01
5.835671154709643815e+00 -1.096875000000000000e+01
6.129831912068766542e+00 -2.718750000000000000e+00
6.434175352889894839e+00 9.406250000000000000e+00
6.731541484640132467e+00 1.089062500000000000e+01
7.034801009173349939e+00 1.106250000000000000e+01
7.333263848657395556e+00 1.934375000000000000e+01
7.621319699133721315e+00 2.006250000000000000e+01
7.925844425186539866e+00 1.921875000000000000e+01
8.223249473181880376e+00 2.175000000000000000e+01
8.523476440934445009e+00 1.639062500000000000e+01
8.826853464768475988e+00 1.715625000000000000e+01
9.122361412725098262e+00 1.843750000000000000e+00
9.419500401447294280e+00 -1.562500000000000000e-01
9.724957457245182013e+00 -1.254687500000000000e+01
1.001511646446508053e+01 -1.714062500000000000e+01
1.031853923828020925e+01 -1.593750000000000000e+01
1.061736623400815915e+01 -6.562500000000000000e+00
1.091104301199621318e+01 -2.703125000000000000e+00
1.121749082482330095e+01 1.340625000000000000e+01
1.151648794981906576e+01 4.500000000000000000e+00
1.181012571495375596e+01 1.109375000000000000e+01
1.211565196045557968e+01 1.001562500000000000e+01
1.240898187894021021e+01 7.812500000000000000e-01
1.270912529815714720e+01 -2.500000000000000000e+00
1.301103288793294155e+01 -6.750000000000000000e+00
1.331140863075265202e+01 -1.685937500000000000e+01
1.360816644373872464e+01 -7.359375000000000000e+00
1.390733350772666199e+01 -2.500000000000000000e-01
1.420074859596206807e+01 5.218750000000000000e+00
1.450717720200537997e+01 8.906250000000000000e+00
1.480645460339314923e+01 2.181250000000000000e+01
1.509975783623113443e+01 2.660937500000000000e+01
1.540541036332797376e+01 3.200000000000000000e+01
1.570223264804585028e+01 2.056250000000000000e+01
1.598831426646424347e+01 1.142187500000000000e+01
1.628815974154360902e+01 1.209375000000000000e+01
1.661018479676221204e+01 4.406250000000000000e+00
1.689703979993646499e+01 1.259375000000000000e+01
1.719729845546703473e+01 -1.271875000000000000e+01
1.750381681564635983e+01 -3.281250000000000000e+00
1.779610391722962959e+01 -8.093750000000000000e+00
1.809304462215581566e+01 -1.004687500000000000e+01
1.838943312682195597e+01 -8.921875000000000000e+00
1.869516809308333904e+01 -6.250000000000000000e+00
1.898877852471599681e+01 1.625000000000000000e+00
1.928847687994129956e+01 -5.312500000000000000e-01
1.959423160286868892e+01 7.484375000000000000e+00
1.988788693134523555e+01 6.406250000000000000e+00
2.018751729373062176e+01 7.078125000000000000e+00
2.049400142338708974e+01 6.468750000000000000e+00
2.078699584275130974e+01 -1.125000000000000000e+00
2.108584895673092774e+01 3.046875000000000000e+00
2.138298537285513135e+01 -2.078125000000000000e+00
2.167911034548697558e+01 1.353125000000000000e+01
2.198422844779651086e+01 1.871875000000000000e+01
2.228209986521173391e+01 1.835937500000000000e+01
2.257815300394750579e+01 2.312500000000000000e+01
2.288330573463116480e+01 1.340625000000000000e+01
2.317427272730139975e+01 8.046875000000000000e+00
2.347722953466637819e+01 9.375000000000000000e-01
2.378301660289625374e+01 -5.234375000000000000e+00
2.407692153141073277e+01 -6.656250000000000000e+00
2.437557567326629737e+01 -5.015625000000000000e+00
2.466593042792021606e+01 4.375000000000000000e+00
2.496878996841942921e+01 1.228125000000000000e+01
2.527523010681761662e+01 7.250000000000000000e+00
2.557204253670929006e+01 1.426562500000000000e+01
2.585470995297185937e+01 1.612500000000000000e+01
2.615395374327255240e+01 9.093750000000000000e+00
2.646774091752416780e+01 2.034375000000000000e+01
2.677060067723516568e+01 1.526562500000000000e+01
2.707273857184017629e+01 5.968750000000000000e+00
2.736685327948038093e+01 -5.937500000000000000e-01
2.766475087861562088e+01 6.968750000000000000e+00
2.795197996282323061e+01 1.118750000000000000e+01
2.825855778335591140e+01 1.065625000000000000e+01
2.856434973531403898e+01 1.306250000000000000e+01
2.885856345371979614e+01 1.296875000000000000e+01
2.915751652248391679e+01 1.701562500000000000e+01
2.946340245071596087e+01 1.828125000000000000e+01
2.976110131896925282e+01 1.570312500000000000e+01
3.005656097449346476e+01 1.582812500000000000e+01
3.036196826124449899e+01 1.721875000000000000e+01
3.064911307234970650e+01 1.270312500000000000e+01
3.095453792348797606e+01 1.459375000000000000e+01
3.125521419482930696e+01 1.125000000000000000e+00
3.156800159593521471e+01 -1.340625000000000000e+01
3.185451834643026814e+01 -1.218750000000000000e+00
3.214850356850041635e+01 -1.318750000000000000e+01
3.244720304744797090e+01 -2.112500000000000000e+01
3.275311479449928243e+01 -1.568750000000000000e+01
3.305103093782813062e+01 -2.292187500000000000e+01
3.334624846984107194e+01 -2.454687500000000000e+01
3.365216565948330185e+01 -6.796875000000000000e+00
3.393896334414222338e+01 -1.015625000000000000e+01
3.424472175381205830e+01 -4.453125000000000000e+00
3.454848682301073381e+01 -8.203125000000000000e+00
3.483802285365874241e+01 -9.562500000000000000e+00
3.514377199009149422e+01 -4.984375000000000000e+00
3.544186032441425027e+01 1.218750000000000000e+00
3.573689331621235965e+01 -9.062500000000000000e-01
3.604282195582172221e+01 -4.546875000000000000e+00
3.634895219336993932e+01 -5.500000000000000000e+00
3.663614393779045031e+01 -1.093750000000000000e+01
3.694151898620856400e+01 -6.750000000000000000e+00
3.723668213756576506e+01 -1.434375000000000000e+01
3.753476773511647480e+01 -2.781250000000000000e+00
3.783834132800095063e+01 -2.062500000000000000e+00
3.812665172695068350e+01 -1.046875000000000000e+01
3.843315143901799047e+01 -1.218750000000000000e+01
3.873521062626264211e+01 -2.381250000000000000e+01
3.904646327168856601e+01 -2.439062500000000000e+01
3.933252419408572109e+01 -2.623437500000000000e+01
3.963092009314854636e+01 -2.003125000000000000e+01
3.992259333354215300e+01 -1.064062500000000000e+01
4.023157247025127958e+01 9.687500000000000000e-01
4.053343586263531506e+01 9.187500000000000000e+00
4.082384614409619417e+01 1.371875000000000000e+01
4.113062046367312519e+01 1.593750000000000000e+01
4.141752466953386147e+01 5.437500000000000000e+00
4.172317452961405593e+01 -1.906250000000000000e+00
4.201761731096306107e+01 9.437500000000000000e+00
4.231598302071506623e+01 6.281250000000000000e+00
4.262222198627395642e+01 7.609375000000000000e+00
4.292425533432128759e+01 8.437500000000000000e-01
4.321501488566718763e+01 1.375000000000000000e+00
4.352150295603496488e+01 1.134375000000000000e+01
4.381579445442733345e+01 1.656250000000000000e+01
4.411404676540405490e+01 3.209375000000000000e+01
4.442009668586632642e+01 2.668750000000000000e+01
4.471488328628586828e+01 2.817187500000000000e+01
4.501286923199049284e+01 1.689062500000000000e+01
4.531711483887031022e+01 2.517187500000000000e+01
4.560599017298764579e+01 2.303125000000000000e+01
4.589666533613501542e+01 3.593750000000000000e-01
4.621080277385621571e+01 -2.595312500000000000e+01
4.650968415789986921e+01 -2.329687500000000000e+01
4.682046018003569543e+01 -2.487500000000000000e+01
4.711191076207643391e+01 -9.687500000000000000e+00
4.740368652620963985e+01 -8.218750000000000000e+00
4.771000710601410333e+01 -5.000000000000000000e+00
4.801100042966601222e+01 7.078125000000000000e+00
4.830314235525466415e+01 2.120312500000000000e+01
4.859394996022831492e+01 6.234375000000000000e+00
4.889569898247819424e+01 1.504687500000000000e+01
4.920175091435521608e+01 1.890625000000000000e+01
4.948870500993126598e+01 1.375000000000000000e+01
4.979429487270681420e+01 7.375000000000000000e+00
5.010124582284871053e+01 2.812500000000000000e+00
5.039739533964166185e+01 -1.312500000000000000e+00
5.069332721842511091e+01 -1.000000000000000000e+00
5.099981557508726837e+01 -5.406250000000000000e+00
5.129646009343923652e+01 -1.596875000000000000e+01
5.156209284428041428e+01 -2.168750000000000000e+01
5.188852314885852479e+01 -2.203125000000000000e+01
5.218479898308768838e+01 -1.560937500000000000e+01
5.250150792762187280e+01 -1.279687500000000000e+01
5.278756748403074539e+01 -1.275000000000000000e+01
5.308384314636541035e+01 2.406250000000000000e+00
5.339033552160444174e+01 -2.578125000000000000e+00
5.368661144096594739e+01 -1.710937500000000000e+01
5.398296941959415562e+01 -2.309375000000000000e+01
5.428930082232926679e+01 -2.665625000000000000e+01
5.457551392781897448e+01 -1.718750000000000000e+01
5.488185951743452051e+01 -1.725000000000000000e+01
5.518835519094517394e+01 -1.381250000000000000e+01
5.549491518599651840e+01 -9.406250000000000000e+00
5.578222439852453363e+01 -1.912500000000000000e+01
5.608392224256408554e+01 -2.050000000000000000e+01
5.637358026350557338e+01 -2.193750000000000000e+01
5.668001782423934287e+01 -1.912500000000000000e+01
5.698479183785832447e+01 -3.700000000000000000e+01
5.727261369732150342e+01 -1.606250000000000000e+01
5.757735964585674537e+01 -1.246875000000000000e+01
5.788548460806140383e+01 5.000000000000000000e-01
5.817159698147779068e+01 2.464062500000000000e+01
5.847804177835877226e+01 2.925000000000000000e+01
5.877337996313329427e+01 4.787500000000000000e+01
5.907059860255338890e+01 3.556250000000000000e+01
5.937545779469130025e+01 5.103125000000000000e+01
5.966322631658840692e+01 3.725000000000000000e+01
5.997041357241860737e+01 4.159375000000000000e+01
6.027292395622521326e+01 2.328125000000000000e+01
6.056220612758278321e+01 1.637500000000000000e+01
6.086947080088967255e+01 1.642187500000000000e+01
6.116414422275741458e+01 3.781250000000000000e+00
6.146127571319638605e+01 -4.687500000000000000e-01
6.176776754770443745e+01 -7.406250000000000000e+00
6.205534451357726766e+01 -1.550000000000000000e+01
6.235875487803261308e+01 2.093750000000000000e+00
6.265736077883411781e+01 5.656250000000000000e+00
6.295442654457639264e+01 2.312500000000000000e+00
6.325936480778909754e+01 -7.750000000000000000e+00
6.356585410019033588e+01 -2.040625000000000000e+01
6.385191080899676308e+01 -3.065625000000000000e+01
6.415840219213905016e+01 -2.189062500000000000e+01
6.445400032869477513e+01 -2.559375000000000000e+01
6.475094615296256961e+01 -1.215625000000000000e+01
6.505744417807918012e+01 -1.601562500000000000e+01
6.534434209001483396e+01 -9.968750000000000000e+00
6.564998199047113303e+01 -1.481250000000000000e+01
6.595503571574238322e+01 -7.031250000000000000e+00
6.624256071253711298e+01 -3.687500000000000000e+00
6.652858539640874369e+01 4.562500000000000000e+00
6.685269760116375437e+01 9.187500000000000000e+00
6.715920808584655788e+01 -8.750000000000000000e-01
6.744807772032990556e+01 2.734375000000000000e+00
6.774385743196219778e+01 -8.328125000000000000e+00
6.804242672608580733e+01 -8.343750000000000000e+00
6.834573610521704268e+01 -1.948437500000000000e+01
6.863410704700800125e+01 -2.346875000000000000e+01
6.893966929037750901e+01 -8.203125000000000000e+00
6.924347729897294812e+01 -2.031250000000000000e+01
6.953317346396943321e+01 -1.773437500000000000e+01
6.984060091632619560e+01 -2.675000000000000000e+01
7.014257287092937077e+01 -9.062500000000000000e+00
7.043129827530009379e+01 -1.209375000000000000e+01
7.073775193104856385e+01 -1.121875000000000000e+01
7.104166784753783759e+01 -7.500000000000000000e+00
7.133026087161124451e+01 -9.281250000000000000e+00
7.163550193846106140e+01 -1.120312500000000000e+01
7.192485189718337324e+01 -6.500000000000000000e+00
7.222929909144295380e+01 -7.375000000000000000e+00
7.253456810341242544e+01 -2.984375000000000000e+00
7.282189297867634536e+01 1.029687500000000000e+01
7.312838426580319151e+01 1.362500000000000000e+01
7.343244006903137233e+01 8.437500000000000000e+00
7.372098220995775364e+01 2.284375000000000000e+01
7.402742540547305339e+01 7.593750000000000000e+00
7.433396597252084348e+01 -5.062500000000000000e+00
7.461997520080521440e+01 -4.406250000000000000e+00
7.492641609543352388e+01 -4.062500000000000000e+00
7.521019108787027108e+01 -1.562500000000000000e+00
7.551906761651133593e+01 -1.718750000000000000e+00
7.582438370165456831e+01 -1.751562500000000000e+01
7.611685350671697847e+01 -1.535937500000000000e+01
7.641810969958550004e+01 -1.259375000000000000e+01
7.671740561593827579e+01 -1.954687500000000000e+01
7.701177579292561859e+01 -9.390625000000000000e+00
7.731601649148635147e+01 -6.343750000000000000e+00
7.760855538430197953e+01 2.812500000000000000e-01
7.791198524977863826e+01 -8.750000000000000000e-01
7.821619256374486895e+01 8.406250000000000000e+00
7.851075758194895116e+01 4.625000000000000000e+00
7.880655347414744938e+01 3.906250000000000000e+00
7.911306131073092729e+01 -4.093750000000000000e+00
7.940677249462689247e+01 -8.359375000000000000e+00
7.970778271961552264e+01 -9.968750000000000000e+00
8.000248388012516898e+01 -6.656250000000000000e+00
8.030154601817775983e+01 2.609375000000000000e+00
8.060804646058386425e+01 6.406250000000000000e-01
8.090160673930915891e+01 2.093750000000000000e+00
8.120061397729659802e+01 4.937500000000000000e+00
8.150836636834338833e+01 7.875000000000000000e+00
8.180552761135544415e+01 1.360937500000000000e+01
8.209740509696914046e+01 2.828125000000000000e+00
8.240290582426700894e+01 8.343750000000000000e+00
8.269985206356034269e+01 1.250000000000000000e-01
8.299745029466083679e+01 7.156250000000000000e+00
8.329245559748198957e+01 5.093750000000000000e+00
8.359131796788642532e+01 -4.609375000000000000e+00
8.389914814358400008e+01 1.731250000000000000e+01
8.418388576603319962e+01 1.203125000000000000e+00
8.448809395869304240e+01 2.762500000000000000e+01
8.479688704502768815e+01 2.979687500000000000e+01
8.510016357798326680e+01 2.031250000000000000e+01
8.539721942131984633e+01 2.043750000000000000e+01
8.569274210455500906e+01 7.687500000000000000e+00
8.598662294130346595e+01 3.890625000000000000e+00
8.628621654824220855e+01 -1.000000000000000000e+01
8.657921897673961098e+01 -5.109375000000000000e+00
8.688894521896838796e+01 2.406250000000000000e+00
8.718615015073390850e+01 -2.062500000000000000e+00
8.748154863001366266e+01 3.906250000000000000e+00
8.778162376488381824e+01 -5.937500000000000000e+00
8.808433726036511757e+01 2.356250000000000000e+01
8.838067066492624235e+01 1.381250000000000000e+01
8.867773437453814722e+01 1.643750000000000000e+01
8.897792185615975313e+01 2.187500000000000000e-01
8.927331472222050479e+01 1.209375000000000000e+01
8.959792041308358534e+01 4.234375000000000000e+00
8.987702368165986400e+01 1.390625000000000000e+00
9.017241697082846486e+01 4.812500000000000000e+00
9.047580714735175889e+01 7.687500000000000000e+00
9.078073249354952168e+01 1.000000000000000000e+01
9.107477819762945614e+01 -1.406250000000000000e+00
9.137482879826538351e+01 -3.765625000000000000e+00
9.167063964426017719e+01 2.812500000000000000e+00
9.196738930315422067e+01 3.343750000000000000e+00
9.227238837588106435e+01 1.168750000000000000e+01
9.256648780935731224e+01 9.375000000000000000e+00
9.286641901759139728e+01 1.815625000000000000e+01
9.317219054675672396e+01 6.343750000000000000e+00
9.346560069215931321e+01 2.375000000000000000e+00
9.375168218822520316e+01 5.578125000000000000e+00
9.405491059134129728e+01 -1.018750000000000000e+01
9.435972437026603643e+01 -4.531250000000000000e-01
9.468355445691145178e+01 2.312500000000000000e+00
9.497101438088429859e+01 6.562500000000000000e-01
9.525705831740023655e+01 5.671875000000000000e+00
9.556286399490474537e+01 2.234375000000000000e+01
9.585312150816372423e+01 2.496875000000000000e+01
9.615612781017989619e+01 3.100000000000000000e+01
9.646191971330173942e+01 3.223437500000000000e+01
9.675553823230958983e+01 3.284375000000000000e+01
9.704939040433959008e+01 2.543750000000000000e+01
9.735145084282669359e+01 1.221875000000000000e+01
9.764769608268952084e+01 4.953125000000000000e+00
9.795423303842107998e+01 -6.937500000000000000e+00
9.826072851216304116e+01 -7.000000000000000000e+00
9.854673968556571140e+01 -1.410937500000000000e+01
9.884758650731231455e+01 -9.062500000000000000e-01
9.914636379659143017e+01 4.156250000000000000e+00
9.944584484974620864e+01 8.187500000000000000e+00
9.975164248562779790e+01 9.875000000000000000e+00
1.000421443320117874e+02 3.968750000000000000e+00
1.003448275895189852e+02 -6.937500000000000000e+00
1.006414135360824957e+02 -7.187500000000000000e+00
1.009412531271189550e+02 -1.625000000000000000e+01
1.012438719073598747e+02 -1.026562500000000000e+01
1.015405330937934423e+02 -2.353125000000000000e+01
1.018364238590494040e+02 -2.662500000000000000e+01
1.021423070758594065e+02 -1.776562500000000000e+01
1.024363050309491143e+02 -1.465625000000000000e+01
1.027354685766023010e+02 1.156250000000000000e+01
1.030408641821416040e+02 2.143750000000000000e+01
1.033354196670240697e+02 1.735937500000000000e+01
1.036345135459615392e+02 2.646875000000000000e+01
1.039356543274697628e+02 1.884375000000000000e+01
1.042291830573903155e+02 1.606250000000000000e+01
1.045335587751597757e+02 4.468750000000000000e+00
1.048304917910933227e+02 1.156250000000000000e+00
1.051261113938581673e+02 3.968750000000000000e+00
1.054315755177306073e+02 -5.437500000000000000e+00
1.057228851395882998e+02 -1.268750000000000000e+01
1.060250090720984986e+02 -1.971875000000000000e+01
1.063310713678713171e+02 -4.531250000000000000e-01
1.066253627999373919e+02 -6.390625000000000000e+00
1.069242030310179814e+02 8.843750000000000000e+00
1.072255217413584774e+02 1.175000000000000000e+01
1.075190179458785735e+02 -8.125000000000000000e-01
1.078230738917665690e+02 -2.812500000000000000e-01
1.081204469742730225e+02 -3.500000000000000000e+00
1.084158026350906709e+02 -9.156250000000000000e+00
1.087221061064303171e+02 -1.496875000000000000e+01
1.090128192103837250e+02 -1.450000000000000000e+01
1.093146500888507830e+02 5.500000000000000000e+00
1.096204177535767030e+02 -1.937500000000000000e+00
1.099153070968329473e+02 2.203125000000000000e+00
1.102138963337330040e+02 -5.156250000000000000e-01
1.105194842957428136e+02 5.593750000000000000e+00
1.108088603953709992e+02 2.131250000000000000e+01
1.111129436548563660e+02 2.578125000000000000e+00
1.114070212018429800e+02 6.203125000000000000e+00
1.117079490420709647e+02 -1.007812500000000000e+01
1.120111162977993899e+02 -1.043750000000000000e+01
1.123061365619593914e+02 -1.629687500000000000e+01
1.126039859677859738e+02 -1.093750000000000000e+01
1.129104797130805480e+02 -1.096875000000000000e+01
1.132052518986799612e+02 -1.118750000000000000e+01
1.135035939304853798e+02 -2.218750000000000000e+00
1.138092457085297156e+02 -1.256250000000000000e+01
1.141009888563456229e+02 -7.812500000000000000e-01
1.144026424251916012e+02 -2.500000000000000000e-01
1.147083093504409135e+02 1.781250000000000000e+00
1.149948976249035582e+02 1.937500000000000000e+00
1.153011297034629195e+02 -1.987500000000000000e+01
1.155903836828491933e+02 -1.639062500000000000e+01
1.158942465893397582e+02 -6.906250000000000000e+00
1.161999363938959959e+02 -7.250000000000000000e+00
1.164985738589163020e+02 -1.350000000000000000e+01
1.167885778110975821e+02 -1.240625000000000000e+01
1.170989983452238903e+02 1.300000000000000000e+01
1.173943122942052639e+02 1.339062500000000000e+01
1.176974535885199771e+02 2.418750000000000000e+01
1.179869109857188221e+02 5.531250000000000000e+00
1.182845371645273076e+02 5.000000000000000000e+00
1.185906225996079684e+02 -1.162500000000000000e+01
1.188766873701099485e+02 -1.850000000000000000e+01
1.191835691424604988e+02 -1.881250000000000000e+01
1.194932539657292239e+02 -5.406250000000000000e+00
1.197685418411656713e+02 6.437500000000000000e+00
1.200833889080822701e+02 -1.978125000000000000e+01
1.203893163942049114e+02 -1.835937500000000000e+01
1.207084981594362318e+02 -1.634375000000000000e+01
1.209820463682936804e+02 -5.687500000000000000e+00
1.212806454392284934e+02 -8.859375000000000000e+00
1.215741772613366152e+02 -1.196875000000000000e+01
1.218805143269875941e+02 -1.418750000000000000e+01
1.221726072732452053e+02 -1.831250000000000000e+01
1.224736551262777482e+02 -7.281250000000000000e+00
1.227795595165318616e+02 -2.150000000000000000e+01
1.230717259335031599e+02 -2.603125000000000000e+01
1.233727075353181988e+02 -2.404687500000000000e+01
1.236847613771349756e+02 -1.534375000000000000e+01
1.239716469290650025e+02 -1.034375000000000000e+01
1.242717603125657604e+02 -1.562500000000000000e+00
1.245738405478550135e+02 3.015625000000000000e+00
1.248643180748350403e+02 7.640625000000000000e+00
1.251703069080651289e+02 7.843750000000000000e+00
1.254659107373715585e+02 1.503125000000000000e+01
1.257628512313496572e+02 1.818750000000000000e+01
1.260692454501897544e+02 6.578125000000000000e+00
1.263650256105808865e+02 -2.593750000000000000e+00
1.266629670471011195e+02 -1.221875000000000000e+01
1.269645840540069344e+02 -1.353125000000000000e+01
1.272641404309704001e+02 -2.109375000000000000e+00
1.275646828479383714e+02 -1.687500000000000000e+01
1.278672612281009151e+02 -1.918750000000000000e+01
1.281572704013141504e+02 -5.875000000000000000e+00
1.284562425946750750e+02 -1.823437500000000000e+01
1.287458821191905827e+02 -2.528125000000000000e+01
1.290768031400165512e+02 -3.675000000000000000e+01
1.293595780529813339e+02 -2.340625000000000000e+01
1.296489571508153915e+02 -3.234375000000000000e+01
1.299515040277220237e+02 -5.300000000000000000e+01
1.302579927587394764e+02 -4.725000000000000000e+01
1.305609389543259056e+02 -4.770312500000000000e+01
1.308578798947381188e+02 -2.514062500000000000e+01
1.311569489641844939e+02 -5.750000000000000000e+00
1.314498853959046869e+02 -1.156250000000000000e+00
1.317495388044536924e+02 1.103125000000000000e+01
1.320457926648393538e+02 6.437500000000000000e+00
1.323435038285533665e+02 2.137500000000000000e+01
1.326486055051391872e+02 1.962500000000000000e+01
1.329482040238432319e+02 1.028125000000000000e+01
1.332453560490847906e+02 7.812500000000000000e+00
1.335476397391722116e+02 4.718750000000000000e+00
1.338440204249288570e+02 8.843750000000000000e+00
1.341409252777575887e+02 8.296875000000000000e+00
1.344466593748295509e+02 -3.531250000000000000e+00
1.347370471097582652e+02 -9.375000000000000000e-01
1.350392198667869366e+02 -1.875000000000000000e-01
1.353252764256705234e+02 5.125000000000000000e+00
1.356333243863700773e+02 1.003125000000000000e+01
1.359382647012464531e+02 1.328125000000000000e+01
1.362315770333187288e+02 7.593750000000000000e+00
1.365344577700507500e+02 1.843750000000000000e+00
1.368373137818127816e+02 -5.437500000000000000e+00
1.371306989946131694e+02 -2.156250000000000000e+01
1.374343545012287962e+02 -2.704687500000000000e+01
1.377298081002514891e+02 -1.400000000000000000e+01
1.380363208513077780e+02 -8.343750000000000000e+00
1.383297462757510630e+02 -4.281250000000000000e+00
1.386289116016120033e+02 8.937500000000000000e+00
1.389231544752256013e+02 -6.562500000000000000e+00
1.392279360199810583e+02 -4.453125000000000000e+00
1.395312059174774220e+02 8.875000000000000000e+00
1.398213792249554217e+02 5.109375000000000000e+00
1.401269777721555840e+02 -1.562500000000000000e+00
1.404238930297376271e+02 4.265625000000000000e+00
1.407195651469157838e+02 -6.187500000000000000e+00
1.410259804639172785e+02 -1.093750000000000000e+01
1.413230051652660393e+02 -1.420312500000000000e+01
1.416195125891500766e+02 -2.145312500000000000e+01
1.419219129447827470e+02 -2.189062500000000000e+01
1.422129940824379446e+02 -7.968750000000000000e+00
1.425176571591075572e+02 -3.343750000000000000e+00
1.428115177204561519e+02 9.562500000000000000e+00
1.431111461880101388e+02 1.382812500000000000e+01
1.434166523652731087e+02 1.934375000000000000e+01
1.437076521204780022e+02 9.031250000000000000e+00
1.440102131407803654e+02 2.031250000000000000e+00
1.443156936990691577e+02 -6.406250000000000000e+00
1.446067582360682593e+02 -2.890625000000000000e+00
1.449092801486623330e+02 2.500000000000000000e-01
1.452055322486901048e+02 9.531250000000000000e-01
1.455028432631734177e+02 6.781250000000000000e+00
1.458073432982130271e+02 1.428125000000000000e+01
1.461077964240026859e+02 2.287500000000000000e+01
1.464009144360644541e+02 3.896875000000000000e+01
1.467062653706853439e+02 4.303125000000000000e+01
1.470037537619880084e+02 4.860937500000000000e+01
1.473010254512555548e+02 4.084375000000000000e+01
1.476064820208740684e+02 4.357812500000000000e+01
1.479028640306221121e+02 2.710937500000000000e+01
1.481979171669901518e+02 1.675000000000000000e+01
1.485043442951173915e+02 6.218750000000000000e+00
1.487927014423476066e+02 -2.093750000000000000e+00
1.490968934641314831e+02 -8.156250000000000000e+00
1.493945691050300582e+02 -1.150000000000000000e+01
1.496895735317232266e+02 3.531250000000000000e+00
1.499959995545742970e+02 -7.203125000000000000e+00
1.502967719264194102e+02 -1.596875000000000000e+01
1.505908885731914779e+02 -9.906250000000000000e+00
1.508951065521835062e+02 -8.812500000000000000e+00
1.511897082823086862e+02 6.843750000000000000e+00
1.514888198435038476e+02 -9.140625000000000000e+00
1.517884528674982221e+02 -1.250000000000000000e+00
1.520856998921061916e+02 -1.031250000000000000e+01
1.523866314787575504e+02 -2.187500000000000000e-01
1.526814349094091199e+02 7.500000000000000000e-01
1.529816643650265178e+02 -2.250000000000000000e+00
1.532856725692201110e+02 4.562500000000000000e+00
1.535921640234284098e+02 -1.882812500000000000e+01
1.538839188061373591e+02 -1.570312500000000000e+01
1.541847139441944421e+02 -1.504687500000000000e+01
1.544827075611444513e+02 -7.984375000000000000e+00
1.547772017947173140e+02 -1.481250000000000000e+01
1.550783185821270536e+02 -1.290625000000000000e+01
1.553756239583980516e+02 -1.806250000000000000e+01
1.556749286987358687e+02 -1.007812500000000000e+01
1.559854660060082097e+02 2.593750000000000000e+00
1.562702281643870492e+02 2.343750000000000000e-01
1.565754041158654672e+02 1.750000000000000000e+00
1.568765025498574914e+02 -3.031250000000000000e+00
1.571692968217067801e+02 -1.314062500000000000e+01
1.574744426755135009e+02 -7.687500000000000000e+00
1.577696520650968637e+02 -8.781250000000000000e+00
1.580587022272099773e+02 1.437500000000000000e+00
1.583707734120597195e+02 -1.593750000000000000e+00
1.586542501552827389e+02 1.250000000000000000e+00
1.589659234929095533e+02 -3.781250000000000000e+00
1.592725187156468110e+02 -1.771875000000000000e+01
1.595632365811671036e+02 -1.271875000000000000e+01
1.598650177194778337e+02 -8.968750000000000000e+00
1.601634278861435803e+02 8.984375000000000000e+00
1.604576134661040214e+02 2.468750000000000000e+00
1.607589367213728337e+02 1.909375000000000000e+01
1.610625333737786775e+02 2.265625000000000000e+00
1.613565690491851115e+02 1.771875000000000000e+01
1.616605435768377390e+02 8.609375000000000000e+00
1.619587447796910169e+02 2.371875000000000000e+01
1.622531108821366104e+02 2.550000000000000000e+01
1.625542303249291933e+02 9.531250000000000000e+00
1.628636197015217704e+02 4.406250000000000000e+00
1.631546638652399110e+02 -2.296875000000000000e+01
1.634533347409612531e+02 -9.015625000000000000e+00
1.637472443593052560e+02 -1.343750000000000000e+00
1.640537598021912800e+02 1.025000000000000000e+01
1.643552861759013695e+02 1.318750000000000000e+01
1.646479114570867068e+02 1.150000000000000000e+01
1.649503131715808593e+02 2.282812500000000000e+01
1.652454104829866139e+02 5.062500000000000000e+00
1.655453290160313884e+02 -2.953125000000000000e+00
1.658518104596697071e+02 -1.475000000000000000e+01
1.661412125510541955e+02 -2.603125000000000000e+01
1.664443715948019928e+02 -2.090625000000000000e+01
1.667404372233466461e+02 -1.700000000000000000e+01
1.670386204400348333e+02 -1.090625000000000000e+01
1.673434165362596673e+02 -1.893750000000000000e+01
1.676451189743380610e+02 -5.062500000000000000e+00
1.679359727736046466e+02 -6.687500000000000000e+00
1.682400718972930349e+02 2.359375000000000000e+00
1.685353477055522546e+02 -2.234375000000000000e+00
1.688350241680419117e+02 2.968750000000000000e+00
1.691340306756116831e+02 5.203125000000000000e+00
1.694344614457494629e+02 2.125000000000000000e+00
1.697316918821415470e+02 3.968750000000000000e+00
1.700331320752645468e+02 -5.937500000000000000e-01
1.703192097183907379e+02 -4.265625000000000000e+00
1.706349363229728908e+02 -1.095312500000000000e+01
1.709322330905685874e+02 -5.406250000000000000e+00
1.712275121329348906e+02 -2.203125000000000000e+00
1.715248222063944183e+02 -6.906250000000000000e+00
1.718313337166962071e+02 9.953125000000000000e+00
1.721247404921196562e+02 -5.000000000000000000e-01
1.724212447118659952e+02 1.356250000000000000e+01
1.727210400553085492e+02 -2.187500000000000000e-01
1.730237947960086444e+02 -9.093750000000000000e+00
1.733169996047708139e+02 1.003125000000000000e+01
1.736235158184298655e+02 5.890625000000000000e+00
1.739224594105251640e+02 1.765625000000000000e+01
1.742221217166095073e+02 -5.859375000000000000e+00
1.745192586441335152e+02 7.437500000000000000e+00
1.748215536505156820e+02 1.851562500000000000e+01
1.751118538726950646e+02 1.534375000000000000e+01
1.754303417869665509e+02 2.293750000000000000e+01
1.757138083215229187e+02 1.878125000000000000e+01
1.760203191101661275e+02 1.870312500000000000e+01
1.763134128227376607e+02 1.004687500000000000e+01
1.766154893600684090e+02 6.781250000000000000e+00
1.769080786344584624e+02 -2.281250000000000000e+00
1.772080628632025991e+02 -1.515625000000000000e+01
1.775094421570354939e+02 -1.696875000000000000e+01
1.777980806104548890e+02 -4.875000000000000000e+00
1.781045909772708171e+02 -9.375000000000000000e+00
1.784085604317259026e+02 -9.812500000000000000e+00
1.787150779256588180e+02 2.687500000000000000e+00
1.790083083540702660e+02 5.421875000000000000e+00
1.793042865326841877e+02 5.781250000000000000e+00
1.796031019574931236e+02 7.500000000000000000e+00
1.799027843535093041e+02 -3.828125000000000000e+00
1.801979135051315382e+02 -8.437500000000000000e-01
1.805019785071347087e+02 -6.187500000000000000e+00
1.808043642151529866e+02 -8.000000000000000000e+00
1.810947013318201755e+02 -1.301562500000000000e+01
1.813989731281871514e+02 -2.359375000000000000e+00
1.816951154714351162e+02 -1.828125000000000000e+00
1.819939412212152661e+02 6.531250000000000000e+00
1.822980259136710970e+02 5.359375000000000000e+00
1.825942307434833367e+02 1.164062500000000000e+01
1.828925868377411916e+02 3.281250000000000000e+00
1.832072639226006743e+02 1.690625000000000000e+01
1.834899449751974316e+02 1.025000000000000000e+01
1.837920652834764610e+02 -2.000000000000000000e+00
1.840776746840786018e+02 -9.937500000000000000e+00
1.843868444090603873e+02 -7.750000000000000000e+00
1.846906509104958332e+02 -1.096875000000000000e+01
1.849850600981280024e+02 -1.267187500000000000e+01
1.852915767387620747e+02 -1.264062500000000000e+01
1.855896830709027654e+02 -8.750000000000000000e-01
1.858841754399090007e+02 -1.007812500000000000e+01
1.861824920175805858e+02 -2.090625000000000000e+01
1.864825204142923383e+02 -2.414062500000000000e+01
1.867832909453117338e+02 -1.778125000000000000e+01
1.870815403716570984e+02 -2.470312500000000000e+01
1.873792919519653992e+02 -2.765625000000000000e+01
1.876740952590791096e+02 -3.320312500000000000e+01
1.879783960512831413e+02 -2.231250000000000000e+01
1.882750050664671164e+02 -2.221875000000000000e+01
1.885734541616075717e+02 -5.750000000000000000e+00
1.888774462081709657e+02 -9.531250000000000000e+00
1.891741204677363442e+02 -1.134375000000000000e+01
1.894718663144815309e+02 -6.000000000000000000e+00
1.897764960888306973e+02 -1.578125000000000000e+00
1.900698366689903196e+02 7.093750000000000000e+00
1.903712433924066829e+02 9.062500000000000000e+00
1.906737046921404044e+02 1.421875000000000000e+01
1.909641562474099032e+02 3.875000000000000000e+00
1.912662712568122743e+02 1.500000000000000000e+00
1.915649499231384709e+02 6.640625000000000000e+00
1.918632250502451484e+02 -1.562500000000000000e+00
1.921671496503440153e+02 2.203125000000000000e+00
1.924606715494010132e+02 1.031250000000000000e+00
1.927557215869507843e+02 7.687500000000000000e+00
1.930644025433499564e+02 1.787500000000000000e+01
1.933597894999911659e+02 2.118750000000000000e+01
1.936795996449453412e+02 1.500000000000000000e+01
1.939634671581439989e+02 1.759375000000000000e+01
1.942678152389396189e+02 1.779687500000000000e+01
1.945595702076682301e+02 5.750000000000000000e+00
1.948582605774461740e+02 1.115625000000000000e+01
1.951530053978604542e+02 -7.875000000000000000e+00
1.954568490555138283e+02 3.265625000000000000e+00
1.957506273978942772e+02 5.843750000000000000e+00
1.960511464991361663e+02 5.656250000000000000e+00
1.963576349276556812e+02 1.850000000000000000e+01
1.966531146727374164e+02 2.137500000000000000e+01
1.969506646251412860e+02 2.981250000000000000e+01
1.972511497867178321e+02 2.629687500000000000e+01
1.975462939364279293e+02 2.260937500000000000e+01
1.978474979110141589e+02 3.256250000000000000e+01
1.981481888176966208e+02 2.690625000000000000e+01
1.984427959701170607e+02 2.090625000000000000e+01
1.987448456548369222e+02 6.906250000000000000e+00
1.990405871038019541e+02 8.625000000000000000e+00
1.993407883252732518e+02 -6.500000000000000000e+00
1.996439062074347248e+02 -3.656250000000000000e+00
1.999397071735002100e+02 -9.593750000000000000e+00
2.002398212659466026e+02 7.281250000000000000e+00
2.005264465386445920e+02 7.187500000000000000e-01
2.008329425541579951e+02 2.031250000000000000e-01
2.011371911481909933e+02 1.451562500000000000e+01
2.014347703234106177e+02 1.007812500000000000e+01
2.017319973963114137e+02 1.421875000000000000e+01
2.020345870110101032e+02 1.478125000000000000e+01
2.023338846222958693e+02 2.643750000000000000e+01
2.026310527901206626e+02 2.068750000000000000e+01
2.029352830155802963e+02 5.156250000000000000e-01
2.032296708938447409e+02 -3.031250000000000000e+00
2.035294656414191650e+02 -2.062500000000000000e+00
2.038327028963827843e+02 9.718750000000000000e+00
2.041233262319547634e+02 1.250000000000000000e-01
2.044252632029161987e+02 1.550000000000000000e+01
2.047247107566307989e+02 1.454687500000000000e+01
2.050224056730549478e+02 -5.000000000000000000e-01
2.053259265467312957e+02 -1.890625000000000000e+00
2.056271332172362349e+02 -5.343750000000000000e+00
2.059207820801113087e+02 -5.484375000000000000e+00
2.062233760151572142e+02 -1.228125000000000000e+01
2.065196373142607627e+02 4.062500000000000000e-01
2.068198396487806860e+02 -1.085937500000000000e+01
2.071206313148229299e+02 -9.484375000000000000e+00
2.074159510148802212e+02 -1.759375000000000000e+01
2.077165687023625082e+02 -1.528125000000000000e+01
2.080197112544753679e+02 -1.579687500000000000e+01
2.083122249569387918e+02 -1.962500000000000000e+01
2.086156133210824350e+02 -1.746875000000000000e+01
2.089170405746734218e+02 -1.809375000000000000e+01
2.091965682293521240e+02 -1.590625000000000000e+01
2.095129245169210037e+02 -9.859375000000000000e+00
2.098128752927131302e+02 -1.125000000000000000e+01
2.101226570412871411e+02 -3.437500000000000000e+00
2.104104436027971303e+02 -9.515625000000000000e+00
2.107087283385699266e+02 -8.718750000000000000e+00
2.110062538752644627e+02 -2.006250000000000000e+01
2.113078385054430441e+02 -4.375000000000000000e-01
2.116049523541933297e+02 -2.921875000000000000e+00
2.119052979761835900e+02 -4.093750000000000000e+00
2.121946330253377369e+02 1.487500000000000000e+01
2.125002600249919453e+02 9.234375000000000000e+00
2.128058703852950657e+02 7.281250000000000000e+00
2.130995765722254873e+02 -6.375000000000000000e+00
2.134002255291380266e+02 -2.843750000000000000e+00
2.137017696502171304e+02 -1.698437500000000000e+01
2.140113964380655034e+02 -7.593750000000000000e+00
2.142974536061230992e+02 -9.562500000000000000e+00
2.145977335192472424e+02 -1.653125000000000000e+01
2.148918926158549425e+02 -4.218750000000000000e+00
2.151934708837721928e+02 1.406250000000000000e+00
2.154936297635958056e+02 1.301562500000000000e+01
2.157909806190692166e+02 7.468750000000000000e+00
2.160925205886738922e+02 1.009375000000000000e+01
2.163927410856430527e+02 7.765625000000000000e+00
2.166890722804911604e+02 1.454687500000000000e+01
2.169885222771879967e+02 7.656250000000000000e+00
2.172918522056660606e+02 4.593750000000000000e+00
2.175856188666911635e+02 1.420312500000000000e+01
2.178844480480856021e+02 -4.109375000000000000e+00
2.181796611506363206e+02 4.937500000000000000e+00
2.184816904673332090e+02 1.121875000000000000e+01
2.187867196519981121e+02 2.015625000000000000e+01
2.190786996328681653e+02 1.834375000000000000e+01
2.193822198023914325e+02 1.634375000000000000e+01
2.196795207739269244e+02 1.506250000000000000e+01
2.199777385048585074e+02 -2.437500000000000000e+00
2.202812668901675579e+02 -5.937500000000000000e+00
2.205817792382166829e+02 9.062500000000000000e-01
2.208752991374494172e+02 3.453125000000000000e+00
2.211570671113984758e+02 -1.021875000000000000e+01
2.214897594967335408e+02 -2.528125000000000000e+01
2.217758176588615697e+02 -1.078125000000000000e+01
2.220834620315237373e+02 -3.528125000000000000e+01
2.223695286219791853e+02 -1.996875000000000000e+01
2.226705478658202253e+02 -2.160937500000000000e+01
2.229725933982789741e+02 -1.010937500000000000e+01
2.232685956605402282e+02 -7.250000000000000000e+00
2.235709577422309167e+02 -1.071875000000000000e+01
2.238686167231790023e+02 -7.406250000000000000e+00
2.241635100243726129e+02 -1.915625000000000000e+01
