#Time Flux
-2.195569013933784674e+00 -4.293125000000000000e+02
-2.187154854513234881e+00 -4.277656250000000000e+02
-2.178049416365656299e+00 -4.342500000000000000e+02
-2.168839068454710528e+00 -4.133437500000000000e+02
-2.160593650914922392e+00 -4.153437500000000000e+02
-2.151465954081611898e+00 -4.164375000000000000e+02
-2.143093882706285314e+00 -4.193125000000000000e+02
-2.134236195953494786e+00 -4.144531250000000000e+02
-2.125379958254164592e+00 -3.921250000000000000e+02
-2.116474395615671966e+00 -3.937500000000000000e+02
-2.107318466559158665e+00 -3.801250000000000000e+02
-2.099129921788755126e+00 -3.798125000000000000e+02
-2.090165468635785118e+00 -3.711562500000000000e+02
-2.081078056764173567e+00 -3.700625000000000000e+02
-2.072677510691651293e+00 -3.599375000000000000e+02
-2.063696399491217193e+00 -3.380625000000000000e+02
-2.054787187573644758e+00 -3.424375000000000000e+02
-2.045766345789969520e+00 -3.328125000000000000e+02
-2.037173074818673157e+00 -3.323125000000000000e+02
-2.028315967110366103e+00 -3.152500000000000000e+02
-2.019396423583351918e+00 -3.225625000000000000e+02
-2.011007980140821161e+00 -3.091250000000000000e+02
-2.001967293147846050e+00 -2.868125000000000000e+02
-1.993079548796256262e+00 -3.044062500000000000e+02
-1.984427281551432998e+00 -2.730000000000000000e+02
-1.975519377250808617e+00 -2.654062500000000000e+02
-1.966763927936018064e+00 -2.491250000000000000e+02
-1.957946528965820221e+00 -2.624375000000000000e+02
-1.949476304424138107e+00 -2.405937500000000000e+02
-1.940545596754304825e+00 -2.336875000000000000e+02
-1.931583347532516370e+00 -2.178125000000000000e+02
-1.923058282362156035e+00 -2.089687500000000000e+02
-1.913464682825814833e+00 -1.977500000000000000e+02
-1.905313575716023777e+00 -1.668750000000000000e+02
-1.896143306628918168e+00 -1.803125000000000000e+02
-1.887938166267083773e+00 -1.695625000000000000e+02
-1.878815295669552299e+00 -1.582812500000000000e+02
-1.869471273432379732e+00 -1.399687500000000000e+02
-1.861546957779474099e+00 -1.297187500000000000e+02
-1.851956753416088119e+00 -1.225000000000000000e+02
-1.843554930140120618e+00 -9.731250000000000000e+01
-1.834778643453393698e+00 -1.031250000000000000e+02
-1.826362699888818497e+00 -8.725000000000000000e+01
-1.817246726203347151e+00 -8.093750000000000000e+01
-1.807848829750691166e+00 -6.090625000000000000e+01
-1.799993040424366697e+00 -5.465625000000000000e+01
-1.790577710550213197e+00 -4.134375000000000000e+01
-1.781648795914245298e+00 -2.946875000000000000e+01
-1.773189269832766257e+00 -2.325000000000000000e+01
-1.765064824008845790e+00 -3.437500000000000000e+00
-1.755794220441032394e+00 3.125000000000000000e-02
-1.746555956419733491e+00 1.512500000000000000e+01
-1.738657511603442174e+00 2.281250000000000000e+01
-1.729227327297955696e+00 3.756250000000000000e+01
-1.720162925052889591e+00 3.928125000000000000e+01
-1.711987949884509419e+00 4.640625000000000000e+01
-1.702758563561005190e+00 6.743750000000000000e+01
-1.694353321062202156e+00 8.362500000000000000e+01
-1.685204626790827831e+00 8.653125000000000000e+01
-1.676582025464551151e+00 9.837500000000000000e+01
-1.667248845040750993e+00 1.194687500000000000e+02
-1.658348520775428270e+00 1.230625000000000000e+02
-1.650225034846616978e+00 1.338750000000000000e+02
-1.640995131280313046e+00 1.390625000000000000e+02
-1.632574939321880692e+00 1.436875000000000000e+02
-1.623654735303841079e+00 1.657500000000000000e+02
-1.615017945392157372e+00 1.905625000000000000e+02
-1.605697986121317200e+00 1.910000000000000000e+02
-1.596480334502198062e+00 1.978125000000000000e+02
-1.588705009086746500e+00 1.956093750000000000e+02
-1.579659230299981232e+00 2.167500000000000000e+02
-1.571271681627063543e+00 2.195000000000000000e+02
-1.562229652747980424e+00 2.321250000000000000e+02
-1.553263834232460283e+00 2.484375000000000000e+02
-1.544371953548445475e+00 2.445625000000000000e+02
-1.535179775365472565e+00 2.560625000000000000e+02
-1.527309749290036933e+00 2.605468750000000000e+02
-1.518027539907887302e+00 2.757500000000000000e+02
-1.509287864797105527e+00 2.816562500000000000e+02
-1.500779979500009631e+00 2.913125000000000000e+02
-1.491595258763924292e+00 2.981875000000000000e+02
-1.482483016773787909e+00 2.985000000000000000e+02
-1.473641359817762009e+00 3.101875000000000000e+02
-1.465657982809361215e+00 2.976875000000000000e+02
-1.456334104955072206e+00 3.257500000000000000e+02
-1.447424977189875506e+00 3.162500000000000000e+02
-1.439240507820873205e+00 3.253125000000000000e+02
-1.430076612694440641e+00 3.291875000000000000e+02
-1.420992384099456274e+00 3.374062500000000000e+02
-1.412294596593810070e+00 3.459375000000000000e+02
-1.403418621541625555e+00 3.440000000000000000e+02
-1.394664330988668155e+00 3.447500000000000000e+02
-1.385985479351042216e+00 3.537500000000000000e+02
-1.377588152946518818e+00 3.633125000000000000e+02
-1.368504347087672102e+00 3.623750000000000000e+02
-1.359253177870387574e+00 3.614062500000000000e+02
-1.350820550289139277e+00 3.738750000000000000e+02
-1.341450736482611816e+00 3.686875000000000000e+02
-1.333173078920696142e+00 3.746562500000000000e+02
-1.324477432013352995e+00 3.724375000000000000e+02
-1.316180443958785418e+00 3.811875000000000000e+02
-1.306965133406736257e+00 3.724531250000000000e+02
-1.297449675296350691e+00 3.760937500000000000e+02
-1.289322671662340269e+00 3.746875000000000000e+02
-1.279825216464159254e+00 3.773125000000000000e+02
-1.271420382516984304e+00 3.812187500000000000e+02
-1.262795912205282534e+00 3.806875000000000000e+02
-1.254497716419399111e+00 3.761250000000000000e+02
-1.245335194193554429e+00 3.788750000000000000e+02
-1.235919513509802670e+00 3.845781250000000000e+02
-1.227855478575717640e+00 3.776562500000000000e+02
-1.218398218657346987e+00 3.813906250000000000e+02
-1.209794486516356571e+00 3.798125000000000000e+02
-1.201250089325245796e+00 3.699375000000000000e+02
-1.192951138880857798e+00 3.766875000000000000e+02
-1.183794485723819179e+00 3.688125000000000000e+02
-1.174515012242872913e+00 3.658750000000000000e+02
-1.166279717840328800e+00 3.649375000000000000e+02
-1.157057531517882154e+00 3.683437500000000000e+02
-1.147997000608327767e+00 3.637500000000000000e+02
-1.139752145912657610e+00 3.599687500000000000e+02
-1.131307039273142578e+00 3.561875000000000000e+02
-1.122481109274641398e+00 3.518750000000000000e+02
-1.112858198807206378e+00 3.520625000000000000e+02
-1.104774506569121684e+00 3.363750000000000000e+02
-1.095210379108877419e+00 3.400000000000000000e+02
-1.086388727249989472e+00 3.435625000000000000e+02
-1.078169878366404433e+00 3.354375000000000000e+02
-1.069059380127933778e+00 3.276875000000000000e+02
-1.060796816597623149e+00 3.152500000000000000e+02
-1.051444651659496188e+00 3.245468750000000000e+02
-1.043107685120867600e+00 3.098437500000000000e+02
-1.033794653700869759e+00 3.103750000000000000e+02
-1.024654978993897458e+00 3.107500000000000000e+02
-1.016584675375021618e+00 2.876250000000000000e+02
-1.007388038929738272e+00 2.907812500000000000e+02
-9.991086965311346546e-01 2.880000000000000000e+02
-9.899625875180255719e-01 2.820625000000000000e+02
-9.814954809466804875e-01 2.723125000000000000e+02
-9.723705414472281205e-01 2.700937500000000000e+02
-9.628979913745645547e-01 2.573750000000000000e+02
-9.551678351228201080e-01 2.568750000000000000e+02
-9.459998284583992501e-01 2.537812500000000000e+02
-9.374731181552995452e-01 2.440000000000000000e+02
-9.285293720226821534e-01 2.397812500000000000e+02
-9.194685249313430120e-01 2.313750000000000000e+02
-9.108855643695399351e-01 2.242500000000000000e+02
-9.015106099498240155e-01 2.204375000000000000e+02
-8.936498638955114870e-01 2.190625000000000000e+02
-8.842751128024719520e-01 2.193125000000000000e+02
-8.752646679656024276e-01 2.000000000000000000e+02
-8.670945383245509674e-01 2.057500000000000000e+02
-8.577143138355349805e-01 1.990000000000000000e+02
-8.488276045377389778e-01 1.871875000000000000e+02
-8.401698212314823166e-01 1.706875000000000000e+02
-8.315968048439739135e-01 1.682500000000000000e+02
-8.228466854591491852e-01 1.615000000000000000e+02
-8.138570716917783443e-01 1.634843750000000000e+02
-8.054672235258841795e-01 1.450000000000000000e+02
-7.964063172476443242e-01 1.443125000000000000e+02
-7.875242461363924917e-01 1.434218750000000000e+02
-7.788620256354334970e-01 1.283750000000000000e+02
-7.699648454669123510e-01 1.196562500000000000e+02
-7.611767877388508907e-01 1.212500000000000000e+02
-7.523117006217745484e-01 1.086875000000000000e+02
-7.440627702672486521e-01 1.100000000000000000e+02
-7.349070699318644984e-01 8.475000000000000000e+01
-7.255309365370052888e-01 8.746875000000000000e+01
-7.173875900983244236e-01 8.796875000000000000e+01
-7.080242953919064774e-01 6.775000000000000000e+01
-6.995388856419335610e-01 6.709375000000000000e+01
-6.906078143803178193e-01 6.556250000000000000e+01
-6.823048196499996720e-01 5.631250000000000000e+01
-6.732784274500556165e-01 4.721875000000000000e+01
-6.636119762596806027e-01 4.212500000000000000e+01
-6.559061072475387277e-01 3.437500000000000000e+01
-6.464054167955524122e-01 2.212500000000000000e+01
-6.382383338975810005e-01 2.368750000000000000e+01
-6.291150627076298463e-01 1.906250000000000000e+01
-6.208950069646306247e-01 5.750000000000000000e+00
-6.115296861688435115e-01 -1.537500000000000000e+01
-6.022587268417911588e-01 2.062500000000000000e+00
-5.944873097295051423e-01 -5.187500000000000000e+00
-5.850318281177244728e-01 -1.784375000000000000e+01
-5.761941989374150808e-01 -2.800000000000000000e+01
-5.675557380288207554e-01 -2.309375000000000000e+01
-5.593666358917221970e-01 -4.021875000000000000e+01
-5.503438542895402463e-01 -4.537500000000000000e+01
-5.409005553258872112e-01 -5.206250000000000000e+01
-5.329364993762393254e-01 -6.151562500000000000e+01
-5.236347479790151027e-01 -6.428125000000000000e+01
-5.146077176920762497e-01 -8.487500000000000000e+01
-5.062304204592571466e-01 -6.431250000000000000e+01
-4.970802392811002335e-01 -8.050000000000000000e+01
-4.887053979604480958e-01 -1.042187500000000000e+02
-4.794941573578004324e-01 -9.081250000000000000e+01
-4.713556960043590038e-01 -1.003125000000000000e+02
-4.617368185529624469e-01 -9.825000000000000000e+01
-4.526970749445631270e-01 -1.257500000000000000e+02
-4.445165226077119058e-01 -1.321250000000000000e+02
-4.353574803929394221e-01 -1.236250000000000000e+02
-4.268120031891484700e-01 -1.353125000000000000e+02
-4.179949866943406533e-01 -1.379687500000000000e+02
-4.096416838591956378e-01 -1.521562500000000000e+02
-4.004286730851660536e-01 -1.538750000000000000e+02
-3.907275058307977389e-01 -1.735000000000000000e+02
-3.829712922509855844e-01 -1.614375000000000000e+02
-3.739625848590630852e-01 -1.820000000000000000e+02
-3.653471594537869294e-01 -1.819062500000000000e+02
-3.565896850552938702e-01 -1.917500000000000000e+02
-3.478810909605254409e-01 -2.072500000000000000e+02
-3.389399543266993220e-01 -1.901875000000000000e+02
-3.293795965248733637e-01 -2.095625000000000000e+02
-3.215040483715299047e-01 -2.058125000000000000e+02
-3.124552361086081476e-01 -2.231562500000000000e+02
-3.030588186375542392e-01 -2.197500000000000000e+02
-2.950957477748534785e-01 -2.310937500000000000e+02
-2.859950266764954563e-01 -2.361875000000000000e+02
-2.774405623618925176e-01 -2.514687500000000000e+02
-2.680437870397582856e-01 -2.565937500000000000e+02
-2.595179062585195595e-01 -2.572500000000000000e+02
-2.508371093383647832e-01 -2.614375000000000000e+02
-2.414493659394594260e-01 -2.623750000000000000e+02
-2.334873586129209144e-01 -2.648750000000000000e+02
-2.242720904869965892e-01 -2.777343750000000000e+02
-2.153607603614346999e-01 -2.807500000000000000e+02
-2.065995678772409860e-01 -2.822812500000000000e+02
-1.978261549098725425e-01 -2.945625000000000000e+02
-1.890303801585684340e-01 -2.996562500000000000e+02
-1.799246841940558284e-01 -3.058750000000000000e+02
-1.720525436081121740e-01 -3.158593750000000000e+02
-1.629412271628769560e-01 -3.288437500000000000e+02
-1.539452070342051115e-01 -3.431875000000000000e+02
-1.451935981539325127e-01 -3.346875000000000000e+02
-1.364324663111560199e-01 -3.555625000000000000e+02
-1.276378011396648304e-01 -3.497812500000000000e+02
-1.183251582334214902e-01 -3.490000000000000000e+02
-1.106467172067482352e-01 -3.540625000000000000e+02
-1.014503204090182464e-01 -3.714375000000000000e+02
-9.194211357256065753e-02 -3.755625000000000000e+02
-8.381736445659981882e-02 -3.731875000000000000e+02
-7.426196835811360586e-02 -3.924062500000000000e+02
-6.556694581743549577e-02 -3.875625000000000000e+02
-5.670081121651193712e-02 -3.861562500000000000e+02
-4.878396562273934478e-02 -3.940312500000000000e+02
-3.965352815651712604e-02 -4.084375000000000000e+02
-3.042978061504264531e-02 -4.100937500000000000e+02
-2.236687903210921036e-02 -4.115000000000000000e+02
-1.285018936188819794e-02 -4.141250000000000000e+02
-3.933104796326247765e-03 -4.376562500000000000e+02
4.648343174553204449e-03 -4.217187500000000000e+02
1.257387686189304077e-02 -4.240625000000000000e+02
2.164594726997748353e-02 -4.376875000000000000e+02
3.110725557332472135e-02 -4.286875000000000000e+02
3.932091885075905680e-02 -4.418125000000000000e+02
4.847331652188735518e-02 -4.502187500000000000e+02
5.761735617632979256e-02 -4.630937500000000000e+02
6.599868546756226806e-02 -4.475000000000000000e+02
7.469423418650578128e-02 -4.626250000000000000e+02
8.310925657274381706e-02 -4.616875000000000000e+02
9.267330710866872323e-02 -4.636250000000000000e+02
1.008711717710344402e-01 -4.765625000000000000e+02
1.098331839704336232e-01 -4.710625000000000000e+02
1.191855956202445554e-01 -4.782500000000000000e+02
1.275890309704443837e-01 -4.592500000000000000e+02
1.366857277548660932e-01 -4.841250000000000000e+02
1.450339615475115806e-01 -4.893125000000000000e+02
1.541533215654435907e-01 -4.861250000000000000e+02
1.625139130351165306e-01 -4.963125000000000000e+02
1.716956784802690095e-01 -4.979375000000000000e+02
1.814518998041734221e-01 -5.001250000000000000e+02
1.891522986567366615e-01 -4.973125000000000000e+02
1.981639185075252385e-01 -5.131875000000000000e+02
2.067355675448503405e-01 -5.116875000000000000e+02
2.154893278885836594e-01 -5.005625000000000000e+02
2.242587467821994807e-01 -5.065000000000000000e+02
2.332886787596422096e-01 -5.067500000000000000e+02
2.427746566287822816e-01 -5.084375000000000000e+02
2.505408834760505243e-01 -5.076562500000000000e+02
2.596848445274027029e-01 -5.171250000000000000e+02
2.684123937047537822e-01 -5.085000000000000000e+02
2.769106950588273719e-01 -5.109687500000000000e+02
2.861085252566351045e-01 -5.073750000000000000e+02
2.946338631867071456e-01 -5.080625000000000000e+02
3.041084098570827621e-01 -5.135000000000000000e+02
3.126783582599106381e-01 -5.085312500000000000e+02
3.213291688617978537e-01 -5.206875000000000000e+02
3.303702301315691869e-01 -4.996875000000000000e+02
3.384554290670109822e-01 -5.163125000000000000e+02
3.478945087080322907e-01 -5.116875000000000000e+02
3.568035875431831982e-01 -5.130000000000000000e+02
3.655108120582468700e-01 -5.232500000000000000e+02
3.741990544926920848e-01 -4.955937500000000000e+02
3.829576057978449910e-01 -5.090937500000000000e+02
3.919143814957806171e-01 -4.937812500000000000e+02
3.998388501320100374e-01 -5.126250000000000000e+02
4.092098131935255623e-01 -5.065312500000000000e+02
4.181682383946352388e-01 -5.027500000000000000e+02
4.269202949172381523e-01 -4.961875000000000000e+02
4.356800330366397134e-01 -4.957500000000000000e+02
4.444438569567168429e-01 -5.024375000000000000e+02
4.534083257290753011e-01 -4.914687500000000000e+02
4.617896365051592511e-01 -4.749062500000000000e+02
4.707314614307733791e-01 -4.867500000000000000e+02
4.801909187341770746e-01 -4.855625000000000000e+02
4.882986299329488133e-01 -4.783125000000000000e+02
4.978511379318142360e-01 -4.771562500000000000e+02
5.063572941478078349e-01 -4.783750000000000000e+02
5.150278392246896431e-01 -4.574375000000000000e+02
5.233323029999326081e-01 -4.627500000000000000e+02
5.321947285686690066e-01 -4.698750000000000000e+02
5.417560923159818742e-01 -4.555000000000000000e+02
5.496910724337684684e-01 -4.431875000000000000e+02
5.592346843520221711e-01 -4.515625000000000000e+02
5.680343349042544787e-01 -4.591250000000000000e+02
5.764561626928603744e-01 -4.375625000000000000e+02
5.850332356261240818e-01 -4.476250000000000000e+02
5.936643347594330322e-01 -4.330937500000000000e+02
6.031805119730915266e-01 -4.316875000000000000e+02
6.111596929490890062e-01 -4.151562500000000000e+02
6.206082916060875476e-01 -4.091250000000000000e+02
6.297022866171637645e-01 -4.277500000000000000e+02
6.380164638335656946e-01 -4.023125000000000000e+02
6.469061914422873372e-01 -4.112031250000000000e+02
6.553488267737961337e-01 -4.037500000000000000e+02
6.647380487672229776e-01 -3.976875000000000000e+02
6.728170321540893895e-01 -3.965312500000000000e+02
6.819075171470938557e-01 -3.947187500000000000e+02
6.912328996055627783e-01 -3.948750000000000000e+02
6.993825053344284726e-01 -3.642500000000000000e+02
7.086018914945633185e-01 -3.753750000000000000e+02
7.169199878873300236e-01 -3.737500000000000000e+02
7.260855446060645590e-01 -3.585000000000000000e+02
7.345389445246528481e-01 -3.596562500000000000e+02
7.438162092788722646e-01 -3.514375000000000000e+02
7.529158666001123379e-01 -3.535312500000000000e+02
7.610544108013286291e-01 -3.216875000000000000e+02
7.702900531606164947e-01 -3.425312500000000000e+02
7.788515683409364954e-01 -3.311875000000000000e+02
7.877212487786096062e-01 -3.226250000000000000e+02
7.962755013213360655e-01 -3.181250000000000000e+02
8.051818939733159652e-01 -3.112812500000000000e+02
8.144306996901757856e-01 -3.091875000000000000e+02
8.225650617387323393e-01 -2.956250000000000000e+02
8.318327724401477496e-01 -3.003437500000000000e+02
8.405492656762056924e-01 -2.926875000000000000e+02
8.490466658047033377e-01 -2.816875000000000000e+02
8.579830518835560582e-01 -2.867187500000000000e+02
8.667127863779811037e-01 -2.801875000000000000e+02
8.760659391350706926e-01 -2.733125000000000000e+02
8.841629211594810300e-01 -2.547500000000000000e+02
8.934371623734005396e-01 -2.626250000000000000e+02
9.024665049044742204e-01 -2.420625000000000000e+02
9.105807492915971579e-01 -2.463125000000000000e+02
9.197828817100184295e-01 -2.403750000000000000e+02
9.282279128150783265e-01 -2.376875000000000000e+02
9.375209095719601038e-01 -2.268125000000000000e+02
9.462237544618687934e-01 -2.152500000000000000e+02
9.549426201905859557e-01 -2.265000000000000000e+02
9.639639014944734186e-01 -2.074375000000000000e+02
9.722693539442772703e-01 -2.154062500000000000e+02
9.813316810831569370e-01 -2.084062500000000000e+02
9.902736769122455485e-01 -1.970312500000000000e+02
9.989405982603507539e-01 -1.954687500000000000e+02
1.007751516967235972e+00 -1.993750000000000000e+02
1.016551318003575233e+00 -1.893125000000000000e+02
1.025381135116958831e+00 -1.782500000000000000e+02
1.033951530423529164e+00 -1.771250000000000000e+02
1.042677057361245829e+00 -1.747500000000000000e+02
1.051740916392056135e+00 -1.813125000000000000e+02
1.060383535713356196e+00 -1.655625000000000000e+02
1.069726433559740286e+00 -1.640625000000000000e+02
1.078177987360712464e+00 -1.658750000000000000e+02
1.087162662140958247e+00 -1.482187500000000000e+02
1.095500931970988745e+00 -1.597187500000000000e+02
1.104313178801334061e+00 -1.560000000000000000e+02
1.113708853115410236e+00 -1.453437500000000000e+02
1.121791881033296079e+00 -1.406875000000000000e+02
1.131265623991151159e+00 -1.308125000000000000e+02
1.139719403813765908e+00 -1.383437500000000000e+02
1.148640332952332699e+00 -1.301562500000000000e+02
1.157743374536114089e+00 -1.352812500000000000e+02
1.165963524876099555e+00 -1.355625000000000000e+02
1.175320011085473126e+00 -1.329062500000000000e+02
1.183422935762727946e+00 -1.190000000000000000e+02
1.192708221629327880e+00 -1.183125000000000000e+02
1.201841195182279165e+00 -1.331875000000000000e+02
1.210070771215374208e+00 -1.035468750000000000e+02
1.219010038752355030e+00 -1.260000000000000000e+02
1.227386458105311107e+00 -1.165937500000000000e+02
1.236591298571074304e+00 -1.188125000000000000e+02
1.244822896065295836e+00 -1.088125000000000000e+02
1.254007764343878506e+00 -1.055000000000000000e+02
1.263273704352442905e+00 -1.215000000000000000e+02
1.271454233031466430e+00 -9.481250000000000000e+01
1.280707863069213914e+00 -1.122500000000000000e+02
1.288892380673486215e+00 -1.072187500000000000e+02
1.298074425729968340e+00 -1.084687500000000000e+02
1.306302886100418448e+00 -9.581250000000000000e+01
1.315644543414908441e+00 -1.143125000000000000e+02
1.324747158486591303e+00 -1.080000000000000000e+02
1.333168316674594678e+00 -8.756250000000000000e+01
1.342384083379769777e+00 -1.186250000000000000e+02
1.350843004327824559e+00 -1.085312500000000000e+02
1.359727787171088664e+00 -1.055000000000000000e+02
1.368292403670729129e+00 -1.052187500000000000e+02
1.377248656883590883e+00 -1.154062500000000000e+02
1.386582655540307130e+00 -1.197187500000000000e+02
1.394715028179080107e+00 -9.159375000000000000e+01
1.403716079192147248e+00 -1.116875000000000000e+02
1.412367029768237359e+00 -1.038125000000000000e+02
1.421037866624704549e+00 -1.081250000000000000e+02
1.429839088906648570e+00 -1.134062500000000000e+02
1.438731092069019724e+00 -9.700000000000000000e+01
1.448171258879206391e+00 -1.074375000000000000e+02
1.456196891239953217e+00 -9.346875000000000000e+01
1.465278062626648392e+00 -1.149375000000000000e+02
1.474202218682247434e+00 -1.017500000000000000e+02
1.482558419967874741e+00 -1.126250000000000000e+02
1.491826614208466850e+00 -1.159687500000000000e+02
1.500202976471289418e+00 -1.127500000000000000e+02
1.509656747324273240e+00 -1.192500000000000000e+02
1.517897119369408188e+00 -1.069687500000000000e+02
1.526933481264066472e+00 -1.251250000000000000e+02
1.535973720802479292e+00 -1.100000000000000000e+02
1.544039523415190018e+00 -1.219375000000000000e+02
1.553408155968545756e+00 -1.222812500000000000e+02
1.561749756689122748e+00 -1.202812500000000000e+02
1.571058146307812819e+00 -1.275625000000000000e+02
1.579897688294966684e+00 -1.304062500000000000e+02
1.588679599936538622e+00 -1.333437500000000000e+02
1.597544418294319257e+00 -1.180625000000000000e+02
1.605702064342082735e+00 -1.192500000000000000e+02
1.614792252334790845e+00 -1.291875000000000000e+02
1.623403603565357400e+00 -1.256250000000000000e+02
1.632406532728754911e+00 -1.150312500000000000e+02
1.641368484368946667e+00 -1.206875000000000000e+02
1.650128201844166753e+00 -1.353750000000000000e+02
1.659029926796129928e+00 -1.089375000000000000e+02
1.667422563867035024e+00 -1.436875000000000000e+02
1.676370175179840771e+00 -1.297500000000000000e+02
1.685210803920973888e+00 -1.225625000000000000e+02
1.693855357961684405e+00 -1.303750000000000000e+02
1.703241045956293220e+00 -1.298750000000000000e+02
1.711882107648040829e+00 -1.330625000000000000e+02
1.720729767373921248e+00 -1.201250000000000000e+02
1.728968953469319558e+00 -1.467500000000000000e+02
1.737939654150887137e+00 -1.259218750000000000e+02
1.747149580581632833e+00 -1.338437500000000000e+02
1.755278687454827846e+00 -1.292187500000000000e+02
1.764812001831787214e+00 -1.368125000000000000e+02
1.774031055706206672e+00 -1.417500000000000000e+02
1.782298386804834323e+00 -1.310625000000000000e+02
1.790458409397919226e+00 -1.477500000000000000e+02
1.799320579068350412e+00 -1.372500000000000000e+02
1.808667044250537259e+00 -1.481562500000000000e+02
1.816593136306561718e+00 -1.315000000000000000e+02
1.826159964012814996e+00 -1.384062500000000000e+02
1.835438844675719494e+00 -1.446562500000000000e+02
1.843717160519659615e+00 -1.330000000000000000e+02
1.852470284997149719e+00 -1.497500000000000000e+02
1.860925742387870230e+00 -1.307500000000000000e+02
1.870071364198402364e+00 -1.471875000000000000e+02
1.878378778509759428e+00 -1.147187500000000000e+02
1.887501084993612466e+00 -1.333750000000000000e+02
1.896820126123248684e+00 -1.319375000000000000e+02
1.905075277292036517e+00 -1.116562500000000000e+02
1.914185050311742131e+00 -1.345937500000000000e+02
1.922496788657689137e+00 -1.180000000000000000e+02
1.931795522257775843e+00 -1.248750000000000000e+02
1.939866836053299792e+00 -1.215000000000000000e+02
1.949396118795291954e+00 -1.304375000000000000e+02
1.958544637925616172e+00 -1.217500000000000000e+02
1.966689400553764955e+00 -1.154375000000000000e+02
1.975840591255000334e+00 -1.101250000000000000e+02
1.984505153586386683e+00 -1.003437500000000000e+02
1.993282267227117543e+00 -1.035000000000000000e+02
2.001761796900190404e+00 -9.264062500000000000e+01
2.010836006577958912e+00 -1.173125000000000000e+02
2.020249465650627130e+00 -8.709375000000000000e+01
2.028239993242440420e+00 -9.153125000000000000e+01
2.037268723391655101e+00 -9.200000000000000000e+01
2.046123535581106268e+00 -8.331250000000000000e+01
2.054727663713761032e+00 -9.225000000000000000e+01
2.063279645446074895e+00 -7.534375000000000000e+01
2.072257575009233577e+00 -8.275000000000000000e+01
2.081721731298486588e+00 -7.237500000000000000e+01
2.089627095867028217e+00 -6.368750000000000000e+01
2.099031468800923506e+00 -7.287500000000000000e+01
2.108124642477099187e+00 -5.650000000000000000e+01
2.116130224053534903e+00 -5.525000000000000000e+01
2.125492212391581148e+00 -5.237500000000000000e+01
2.133934742663434747e+00 -5.981250000000000000e+01
2.143047033325942152e+00 -3.212500000000000000e+01
2.151847302968860731e+00 -4.131250000000000000e+01
2.160456153377133148e+00 -4.543750000000000000e+01
2.169707569922366019e+00 -3.525000000000000000e+01
2.177768133339112566e+00 -3.112500000000000000e+01
2.186877218885548757e+00 -2.168750000000000000e+01
2.195902660641806392e+00 -1.575000000000000000e+01
2.204519081382066759e+00 -3.812500000000000000e+00
2.213258923285920332e+00 -1.375000000000000000e+01
2.222029454894061118e+00 -1.225000000000000000e+01
2.231148745141318557e+00 -1.150000000000000000e+01
2.239066617285415006e+00 -1.281250000000000000e+00
2.248297323072577569e+00 1.656250000000000000e+01
2.257426410810188244e+00 2.906250000000000000e+00
2.265956855982144802e+00 2.693750000000000000e+01
2.275045798315730394e+00 1.487500000000000000e+01
2.283540974341283558e+00 2.537500000000000000e+01
2.292864842565844441e+00 3.568750000000000000e+01
2.300927269012067455e+00 2.806250000000000000e+01
2.309914814646548464e+00 4.537500000000000000e+01
2.319404504429176228e+00 3.743750000000000000e+01
2.327363129118657170e+00 6.231250000000000000e+01
2.336796022429137309e+00 5.900000000000000000e+01
2.345729263608440363e+00 6.815625000000000000e+01
2.354217910290788751e+00 7.081250000000000000e+01
2.362479912543470562e+00 7.184375000000000000e+01
2.371591316197667609e+00 7.915625000000000000e+01
2.380895072800804257e+00 6.262500000000000000e+01
2.388613501595557409e+00 9.168750000000000000e+01
2.398250955419543473e+00 8.500000000000000000e+01
2.407498704193773875e+00 9.359375000000000000e+01
2.415737355064559111e+00 9.975000000000000000e+01
2.424619127969965149e+00 9.765625000000000000e+01
2.432893330296723278e+00 1.190000000000000000e+02
2.442200470608709040e+00 1.073750000000000000e+02
2.450420524169659942e+00 1.228750000000000000e+02
2.459605754080897100e+00 1.283125000000000000e+02
2.468928111086924559e+00 1.334375000000000000e+02
2.477037991792096605e+00 1.311875000000000000e+02
2.486312382225825957e+00 1.381250000000000000e+02
2.494532398975596976e+00 1.516250000000000000e+02
2.503856265675103998e+00 1.465625000000000000e+02
2.511852114000106440e+00 1.770312500000000000e+02
2.521479403736815783e+00 1.448125000000000000e+02
2.530338039294171892e+00 1.771250000000000000e+02
2.538590296292429827e+00 1.717500000000000000e+02
2.547965949580138556e+00 1.715000000000000000e+02
2.556475764226259884e+00 1.786250000000000000e+02
2.565358128436511009e+00 1.729375000000000000e+02
2.573787834752760517e+00 1.772187500000000000e+02
2.582838753031708734e+00 1.748125000000000000e+02
2.592342884291355176e+00 1.866250000000000000e+02
2.600381787893983443e+00 1.827812500000000000e+02
2.609531007717198037e+00 1.908125000000000000e+02
2.617796870420018962e+00 2.053125000000000000e+02
2.626707965937315592e+00 1.871250000000000000e+02
2.635419572475713679e+00 2.059687500000000000e+02
2.644471075442513808e+00 1.843125000000000000e+02
2.653741916613121532e+00 2.196875000000000000e+02
2.661607593211401834e+00 1.958125000000000000e+02
2.670903353961964655e+00 2.151250000000000000e+02
2.679394098476063135e+00 2.271250000000000000e+02
2.688255318767090785e+00 1.950000000000000000e+02
2.697614410972054344e+00 2.241875000000000000e+02
2.705990974236943458e+00 2.041875000000000000e+02
2.715158281739334711e+00 2.296875000000000000e+02
2.723124983347993577e+00 2.104062500000000000e+02
2.732388009611117496e+00 2.237500000000000000e+02
2.741602009655544236e+00 2.254375000000000000e+02
2.749752104286681487e+00 2.153125000000000000e+02
2.759044396072477312e+00 2.319375000000000000e+02
2.767992947480447441e+00 2.128125000000000000e+02
2.776785093766287460e+00 2.372812500000000000e+02
2.785531809932496827e+00 2.314062500000000000e+02
2.794108852605884152e+00 2.266875000000000000e+02
2.803173771858610053e+00 2.208125000000000000e+02
2.811091362448483011e+00 2.161562500000000000e+02
2.820418583136712343e+00 2.314062500000000000e+02
2.829379575875549335e+00 2.293125000000000000e+02
2.838087360599368836e+00 2.297187500000000000e+02
2.846972346665225473e+00 2.203750000000000000e+02
2.855552001132990014e+00 2.346250000000000000e+02
2.864649865215275426e+00 2.201562500000000000e+02
2.873002490810215193e+00 2.269375000000000000e+02
2.881987402310855373e+00 2.448125000000000000e+02
2.891326141205961875e+00 2.156875000000000000e+02
2.899471416984908956e+00 2.373750000000000000e+02
2.908862010826780420e+00 2.123125000000000000e+02
2.917075941940034056e+00 2.300625000000000000e+02
2.926332273325513711e+00 2.315000000000000000e+02
2.934644372705200510e+00 2.205000000000000000e+02
2.943776484689468731e+00 2.258750000000000000e+02
2.952836261391226458e+00 2.176250000000000000e+02
2.960901565090189536e+00 2.311875000000000000e+02
2.970389398357555777e+00 2.019375000000000000e+02
2.979629853655861638e+00 2.250625000000000000e+02
2.987735275853552253e+00 2.093125000000000000e+02
2.996405536078153631e+00 2.142500000000000000e+02
3.005156839893562193e+00 2.098125000000000000e+02
3.014363391719161456e+00 1.995625000000000000e+02
3.022613766991593565e+00 2.236250000000000000e+02
3.031729572347742874e+00 2.011250000000000000e+02
3.040932871134938154e+00 2.255000000000000000e+02
3.049136909317088140e+00 2.058750000000000000e+02
3.058056629804088544e+00 2.056250000000000000e+02
3.066544942329297641e+00 2.153750000000000000e+02
3.076020353107715266e+00 1.969375000000000000e+02
3.084009416807422355e+00 2.135000000000000000e+02
3.093100337406106348e+00 1.880000000000000000e+02
3.102397107160486556e+00 2.034062500000000000e+02
3.110517808106607163e+00 1.927500000000000000e+02
3.119724868502764537e+00 1.939375000000000000e+02
3.128048039553711135e+00 1.908125000000000000e+02
3.137511520908322638e+00 1.754375000000000000e+02
3.146074568670840677e+00 1.846250000000000000e+02
3.154931274401983288e+00 1.780625000000000000e+02
3.164108536855156473e+00 1.784062500000000000e+02
3.172212273796214177e+00 1.820937500000000000e+02
3.181413183589659965e+00 1.924062500000000000e+02
3.189946430284084755e+00 1.743125000000000000e+02
3.198828874557531066e+00 1.755625000000000000e+02
3.207563848578072196e+00 1.709375000000000000e+02
3.216416180018764948e+00 1.646875000000000000e+02
3.225798001386209535e+00 1.803750000000000000e+02
3.233807582077805165e+00 1.670625000000000000e+02
3.243011323472355656e+00 1.830937500000000000e+02
3.251471670278295534e+00 1.660312500000000000e+02
3.260205976805378825e+00 1.623281250000000000e+02
3.269478694048221001e+00 1.716562500000000000e+02
3.277744148908025679e+00 1.610000000000000000e+02
3.287283266225770717e+00 1.692500000000000000e+02
3.295207070255157689e+00 1.547812500000000000e+02
3.304508362302971847e+00 1.641875000000000000e+02
3.313728520050693405e+00 1.609062500000000000e+02
3.321562397340237283e+00 1.635625000000000000e+02
3.331268007247059515e+00 1.687187500000000000e+02
3.339447326854884324e+00 1.456875000000000000e+02
3.348674447102469642e+00 1.715000000000000000e+02
3.356865650899962361e+00 1.525937500000000000e+02
3.365938237779396047e+00 1.718125000000000000e+02
3.375336640590148818e+00 1.558125000000000000e+02
3.383207614050416367e+00 1.616250000000000000e+02
3.392664197459742681e+00 1.565000000000000000e+02
3.401330499692910792e+00 1.580000000000000000e+02
3.410221390992935753e+00 1.670156250000000000e+02
3.418802618916288338e+00 1.579687500000000000e+02
3.427241886695220785e+00 1.674375000000000000e+02
3.436684403339960170e+00 1.666875000000000000e+02
3.444660166591290817e+00 1.495625000000000000e+02
3.454083889030101773e+00 1.485625000000000000e+02
3.463125181180679135e+00 1.511875000000000000e+02
3.471530481466393425e+00 1.628125000000000000e+02
3.480528301792130463e+00 1.561250000000000000e+02
3.489104229921155209e+00 1.716875000000000000e+02
3.498320178672928549e+00 1.620000000000000000e+02
3.506648401177475449e+00 1.659375000000000000e+02
3.515787810725939266e+00 1.658125000000000000e+02
3.525062208017214260e+00 1.778437500000000000e+02
3.533210564075830007e+00 1.672187500000000000e+02
3.542424326993124595e+00 1.692187500000000000e+02
3.550818306652860912e+00 1.793750000000000000e+02
3.559743027819045835e+00 1.671250000000000000e+02
3.568197171500596454e+00 1.790625000000000000e+02
3.577305329011824853e+00 1.766250000000000000e+02
3.586479612555462992e+00 1.775937500000000000e+02
3.594690861509208801e+00 1.755312500000000000e+02
3.603834694178566167e+00 1.778125000000000000e+02
3.612799407764375914e+00 1.901875000000000000e+02
3.621174158722638481e+00 1.808437500000000000e+02
3.630244408544864854e+00 2.034375000000000000e+02
3.638695679629007529e+00 1.890937500000000000e+02
3.647953738093235643e+00 1.968125000000000000e+02
3.656116497924127628e+00 1.945625000000000000e+02
3.665136323404929897e+00 1.981875000000000000e+02
3.674426497272284209e+00 2.168750000000000000e+02
3.682563506760846650e+00 1.890625000000000000e+02
3.691958295156613445e+00 2.120000000000000000e+02
3.700209587764355490e+00 2.059375000000000000e+02
3.709486682205071162e+00 2.205000000000000000e+02
3.717897032690883563e+00 2.125312500000000000e+02
3.726540349387398976e+00 2.160000000000000000e+02
3.735844961832372135e+00 2.221875000000000000e+02
3.744118286925351313e+00 2.230625000000000000e+02
3.753469869293521555e+00 2.280000000000000000e+02
3.762068405505104352e+00 2.244687500000000000e+02
3.770930156741744810e+00 2.289062500000000000e+02
3.779670290395621635e+00 2.445000000000000000e+02
3.788421396615671455e+00 2.396250000000000000e+02
3.797380772745118094e+00 2.647500000000000000e+02
3.805786859577315440e+00 2.388125000000000000e+02
3.814877573460293547e+00 2.487500000000000000e+02
3.823715112052763487e+00 2.499375000000000000e+02
3.832289776173254836e+00 2.523750000000000000e+02
3.841334344935550149e+00 2.630625000000000000e+02
3.849878159913256326e+00 2.661875000000000000e+02
3.858840498063319302e+00 2.594375000000000000e+02
3.867095457242850642e+00 2.621250000000000000e+02
3.876456565637536045e+00 2.741250000000000000e+02
3.885440197276304630e+00 2.735625000000000000e+02
3.893730037344969475e+00 2.792187500000000000e+02
3.903320637473280286e+00 2.732500000000000000e+02
3.911215164615668982e+00 2.899375000000000000e+02
3.920612593262099210e+00 2.835937500000000000e+02
3.928665095994103851e+00 2.987812500000000000e+02
3.938056412697100939e+00 2.972500000000000000e+02
3.947222656052254308e+00 2.946250000000000000e+02
3.955364506510509415e+00 2.875312500000000000e+02
3.964772157232758332e+00 3.064375000000000000e+02
3.972903864689602216e+00 3.075625000000000000e+02
3.982114619147553825e+00 2.987812500000000000e+02
3.990472738795393326e+00 3.029375000000000000e+02
3.999393714139252154e+00 3.073750000000000000e+02
4.008802524712564264e+00 3.082500000000000000e+02
4.016963381644055531e+00 3.099843750000000000e+02
4.026116608480441172e+00 3.177500000000000000e+02
4.035064613920953391e+00 3.122812500000000000e+02
4.043558236250815341e+00 3.139375000000000000e+02
4.051770642498627950e+00 3.201250000000000000e+02
4.061004607072415951e+00 3.175625000000000000e+02
4.070168488696104703e+00 3.295000000000000000e+02
4.078649196709779545e+00 3.301875000000000000e+02
4.087574020995718982e+00 3.317187500000000000e+02
4.097051803037093265e+00 3.323750000000000000e+02
4.104970706319651441e+00 3.353125000000000000e+02
4.114384388280360128e+00 3.228125000000000000e+02
4.122996939036207564e+00 3.444062500000000000e+02
4.131876875646351976e+00 3.285000000000000000e+02
4.140311830646467683e+00 3.424375000000000000e+02
4.149475933728488997e+00 3.332812500000000000e+02
4.158619196367267179e+00 3.460937500000000000e+02
4.166399789387526198e+00 3.313750000000000000e+02
4.175739804582502046e+00 3.413125000000000000e+02
4.184937540124499478e+00 3.394062500000000000e+02
4.193233322373924210e+00 3.345000000000000000e+02
4.201615076998066911e+00 3.485625000000000000e+02
4.210821577073501132e+00 3.489062500000000000e+02
4.220346076798204393e+00 3.397500000000000000e+02
4.228114305667922679e+00 3.289375000000000000e+02
4.237037997461396088e+00 3.539375000000000000e+02
4.246558722919072437e+00 3.458750000000000000e+02
4.254612764399567482e+00 3.393125000000000000e+02
4.263953479040303307e+00 3.471250000000000000e+02
4.272347902947501552e+00 3.445937500000000000e+02
4.281654070070263884e+00 3.454375000000000000e+02
4.289562591377801937e+00 3.310000000000000000e+02
4.298633165933907208e+00 3.493125000000000000e+02
4.307868210325167979e+00 3.460000000000000000e+02
4.316054589983034262e+00 3.390937500000000000e+02
4.325336618833487634e+00 3.379375000000000000e+02
4.334271916163491056e+00 3.305000000000000000e+02
4.343064980354313320e+00 3.379375000000000000e+02
4.351111349389192640e+00 3.332500000000000000e+02
4.360564437960446682e+00 3.426875000000000000e+02
4.369507613037303173e+00 3.314375000000000000e+02
4.377783434686756792e+00 3.170937500000000000e+02
4.386906652440577759e+00 3.432656250000000000e+02
4.395722874812829417e+00 3.306250000000000000e+02
4.404433651819875450e+00 3.305000000000000000e+02
4.413152258659845728e+00 3.153750000000000000e+02
4.422058434368182134e+00 3.274375000000000000e+02
4.430972874893587488e+00 3.177968750000000000e+02
4.439258024148035275e+00 3.135625000000000000e+02
4.448288825028333449e+00 3.127500000000000000e+02
4.457272828648971341e+00 3.117500000000000000e+02
4.465808137976225112e+00 3.062812500000000000e+02
4.474745644001760780e+00 3.100625000000000000e+02
4.483590316132895381e+00 3.165000000000000000e+02
4.492747647466508454e+00 3.044687500000000000e+02
4.500858085876139114e+00 3.031250000000000000e+02
4.509837070765856382e+00 3.027187500000000000e+02
4.519381334297868591e+00 3.053750000000000000e+02
4.527154883445398070e+00 2.851250000000000000e+02
4.536703958986528562e+00 2.926875000000000000e+02
4.545033444475874873e+00 2.845625000000000000e+02
4.554254288695604558e+00 2.777187500000000000e+02
4.562934774268015303e+00 2.837187500000000000e+02
4.571545419456334969e+00 2.750625000000000000e+02
4.580900262618435193e+00 2.739375000000000000e+02
4.588699210628671921e+00 2.677187500000000000e+02
4.598266956285732121e+00 2.660937500000000000e+02
4.607163812826840399e+00 2.714375000000000000e+02
4.615689673609436383e+00 2.510625000000000000e+02
4.624302328320403888e+00 2.615312500000000000e+02
4.633047420516257731e+00 2.519687500000000000e+02
4.642315916169136969e+00 2.507500000000000000e+02
4.650101877305846898e+00 2.390000000000000000e+02
4.659627108371125814e+00 2.433125000000000000e+02
4.668754825775998540e+00 2.357500000000000000e+02
4.677069947821998142e+00 2.264375000000000000e+02
4.686036037100670626e+00 2.317500000000000000e+02
4.694713706842536638e+00 2.238125000000000000e+02
4.704047553510395829e+00 2.186875000000000000e+02
4.712089768415939517e+00 2.180625000000000000e+02
4.721491607096712784e+00 2.211875000000000000e+02
4.730580246409104461e+00 2.241250000000000000e+02
4.738634435518125798e+00 2.048593750000000000e+02
4.747855390074203541e+00 2.172500000000000000e+02
4.756522613586298576e+00 2.150000000000000000e+02
4.765666063017789611e+00 1.888750000000000000e+02
4.773585649220276395e+00 2.089687500000000000e+02
4.782913270369270720e+00 2.008437500000000000e+02
4.792059396060990295e+00 1.950937500000000000e+02
4.800131511183233002e+00 1.845000000000000000e+02
4.809434250768298114e+00 1.885000000000000000e+02
4.818684867425972129e+00 1.861875000000000000e+02
4.827009569956786095e+00 1.686250000000000000e+02
4.835020459459283160e+00 1.793125000000000000e+02
4.844377239559971571e+00 1.879375000000000000e+02
4.853644106673931091e+00 1.718750000000000000e+02
4.861629519276162270e+00 1.564062500000000000e+02
4.870984853350048382e+00 1.680625000000000000e+02
4.880002854849513128e+00 1.612500000000000000e+02
4.888289850894146582e+00 1.501562500000000000e+02
4.896678469746168716e+00 1.571250000000000000e+02
4.905842620835670687e+00 1.631875000000000000e+02
4.915156835385916523e+00 1.565000000000000000e+02
4.923226315718729040e+00 1.372500000000000000e+02
4.932579706473866565e+00 1.556875000000000000e+02
4.941411571903056910e+00 1.525625000000000000e+02
4.949746557480715126e+00 1.265000000000000000e+02
4.958774391096765655e+00 1.383437500000000000e+02
4.967742659653499260e+00 1.393125000000000000e+02
4.976495673491374561e+00 1.409062500000000000e+02
4.985025765404760278e+00 1.283125000000000000e+02
4.994040451808455572e+00 1.260000000000000000e+02
5.002966622707059940e+00 1.193750000000000000e+02
5.011439504412464885e+00 1.225156250000000000e+02
5.020353859394438345e+00 1.207187500000000000e+02
5.029410120297658437e+00 1.232500000000000000e+02
5.037895132416327471e+00 1.216250000000000000e+02
5.046762104950843764e+00 1.002812500000000000e+02
5.055603622806618347e+00 1.195625000000000000e+02
5.064809194743352450e+00 1.059218750000000000e+02
5.072852076051621140e+00 1.172500000000000000e+02
5.081679876566251863e+00 1.004375000000000000e+02
5.091289481795639560e+00 1.051250000000000000e+02
5.099250501510638856e+00 9.725000000000000000e+01
5.108960554713757318e+00 9.575000000000000000e+01
5.117170730420211200e+00 1.048125000000000000e+02
5.126203918178973140e+00 9.931250000000000000e+01
5.134379035318112017e+00 9.853125000000000000e+01
5.143591861173540281e+00 9.400000000000000000e+01
5.153087349472453838e+00 1.011562500000000000e+02
5.160825723386349040e+00 8.340625000000000000e+01
5.170413538714591084e+00 8.578125000000000000e+01
5.178741997107833228e+00 8.315625000000000000e+01
5.187612174679756549e+00 6.737500000000000000e+01
5.196438612510895894e+00 9.321875000000000000e+01
5.205038176535154548e+00 7.703125000000000000e+01
5.214524164340351930e+00 9.409375000000000000e+01
5.222046818675803337e+00 5.912500000000000000e+01
5.231739844022298414e+00 8.387500000000000000e+01
5.240639812007461984e+00 7.606250000000000000e+01
5.249162973581441349e+00 5.006250000000000000e+01
5.258198908276931149e+00 6.750000000000000000e+01
5.266377877871882163e+00 6.837500000000000000e+01
5.275825253916215374e+00 6.637500000000000000e+01
5.283614539635834717e+00 5.450000000000000000e+01
5.293286289091270191e+00 5.725000000000000000e+01
5.302401748471281095e+00 6.406250000000000000e+01
5.310667990255652171e+00 4.031250000000000000e+01
5.320096749288389049e+00 5.746875000000000000e+01
5.328330623412234957e+00 4.687500000000000000e+01
5.337587832572822322e+00 5.000000000000000000e+01
5.345624784302231092e+00 4.509375000000000000e+01
5.355098352323722111e+00 4.075000000000000000e+01
5.364069604220883747e+00 3.590625000000000000e+01
5.372102288569241324e+00 3.084375000000000000e+01
5.381511974683874655e+00 3.825000000000000000e+01
5.389983637601858391e+00 2.975000000000000000e+01
5.399031130810110213e+00 4.587500000000000000e+01
5.407212514430987937e+00 2.971875000000000000e+01
5.416508613410396578e+00 3.593750000000000000e+01
5.425499755189134632e+00 2.450000000000000000e+01
5.433697590314752190e+00 1.106250000000000000e+01
5.442921112022204966e+00 2.093750000000000000e+01
5.452140634045568035e+00 9.375000000000000000e+00
5.460433878278784903e+00 5.312500000000000000e+00
5.469089254713505710e+00 7.875000000000000000e+00
5.477953445343906935e+00 4.937500000000000000e+00
5.487271825083052335e+00 1.493750000000000000e+01
5.495071622651435561e+00 -3.843750000000000000e+00
5.504571945204178363e+00 1.028125000000000000e+01
5.513395347271497826e+00 -6.250000000000000000e+00
5.521747995540422949e+00 -5.812500000000000000e+00
5.530777657401579006e+00 -1.137500000000000000e+01
5.539792604403899645e+00 -2.340625000000000000e+01
5.548610746546103201e+00 -1.706250000000000000e+01
5.556667144118538459e+00 -3.290625000000000000e+01
5.566061817642173892e+00 -2.000000000000000000e+01
5.575079679068618788e+00 -3.981250000000000000e+01
5.583511665939285606e+00 -3.984375000000000000e+01
5.592486617487047340e+00 -3.968750000000000000e+01
5.601430685906269247e+00 -4.287500000000000000e+01
5.610010888526357320e+00 -5.207812500000000000e+01
5.618785040298842404e+00 -5.962500000000000000e+01
5.627589137607662551e+00 -4.278125000000000000e+01
5.636419056204633904e+00 -5.718750000000000000e+01
5.644890872376596036e+00 -5.137500000000000000e+01
5.653919392681459044e+00 -6.468750000000000000e+01
5.662891742662676364e+00 -7.937500000000000000e+01
5.671356752936720369e+00 -7.612500000000000000e+01
5.680202031097664417e+00 -8.537500000000000000e+01
5.688962750713013605e+00 -7.956250000000000000e+01
5.698314020625474541e+00 -9.856250000000000000e+01
5.706445920839946950e+00 -8.393750000000000000e+01
5.715585174784013844e+00 -1.065000000000000000e+02
5.725156845718366583e+00 -9.762500000000000000e+01
5.732880374501032605e+00 -1.072500000000000000e+02
5.742547996393071230e+00 -1.200000000000000000e+02
5.750670772822946475e+00 -1.129375000000000000e+02
5.759952948726263955e+00 -1.495000000000000000e+02
5.768574866462508055e+00 -1.369687500000000000e+02
5.777329309460791151e+00 -1.378750000000000000e+02
5.786598793999983670e+00 -1.396406250000000000e+02
5.794321548278130507e+00 -1.525625000000000000e+02
5.803869597837104877e+00 -1.570937500000000000e+02
5.812379433381927640e+00 -1.470625000000000000e+02
5.821252769207772459e+00 -1.851406250000000000e+02
5.829993277159417175e+00 -1.591250000000000000e+02
5.838747779635038881e+00 -1.776250000000000000e+02
5.847968877386980679e+00 -1.774062500000000000e+02
5.855730583982886372e+00 -1.878125000000000000e+02
5.865187973617761230e+00 -1.888437500000000000e+02
5.873677272882112277e+00 -1.750625000000000000e+02
5.882615556271026946e+00 -2.054062500000000000e+02
5.891705499746549890e+00 -1.974062500000000000e+02
5.900461469996592712e+00 -2.223125000000000000e+02
5.909591155206666002e+00 -2.193125000000000000e+02
5.917787581506026129e+00 -2.278125000000000000e+02
5.927174439898177383e+00 -2.325625000000000000e+02
5.935902169487842883e+00 -2.355625000000000000e+02
5.944242179443204321e+00 -2.555000000000000000e+02
5.953417067574530819e+00 -2.317500000000000000e+02
5.962005384283807885e+00 -2.540625000000000000e+02
5.971070291193530721e+00 -2.461875000000000000e+02
5.979297593862410665e+00 -2.624375000000000000e+02
5.988512199685638748e+00 -2.750000000000000000e+02
5.997479930118302605e+00 -2.751250000000000000e+02
6.005776770968690670e+00 -2.856250000000000000e+02
6.014985560343394155e+00 -2.795937500000000000e+02
6.023502931735883692e+00 -2.948750000000000000e+02
6.032571023717110847e+00 -2.980000000000000000e+02
6.040710643841819660e+00 -3.092500000000000000e+02
6.050064111013423229e+00 -3.117656250000000000e+02
6.059048905817252972e+00 -3.143125000000000000e+02
6.067270781081646192e+00 -3.359375000000000000e+02
6.076336704463663807e+00 -3.130000000000000000e+02
6.085509710169489495e+00 -3.377500000000000000e+02
6.093770821242580737e+00 -3.298437500000000000e+02
6.102503798274735658e+00 -3.349375000000000000e+02
6.111406983963412642e+00 -3.493750000000000000e+02
6.120733856425715658e+00 -3.551875000000000000e+02
6.128792483158751025e+00 -3.720937500000000000e+02
6.137797373566643344e+00 -3.506562500000000000e+02
6.147130635032189261e+00 -3.696562500000000000e+02
6.155229415122352776e+00 -3.718437500000000000e+02
6.164590175876128342e+00 -3.776562500000000000e+02
6.173527077060182222e+00 -3.798125000000000000e+02
6.182067265032575420e+00 -3.863437500000000000e+02
6.190837682130174713e+00 -4.036875000000000000e+02
6.199571580577963203e+00 -3.927500000000000000e+02
6.208584488234212273e+00 -4.005625000000000000e+02
6.216988239325235810e+00 -4.070625000000000000e+02
6.225937414914280765e+00 -4.108125000000000000e+02
6.234965437030790980e+00 -4.122500000000000000e+02
6.243491144037282226e+00 -4.162500000000000000e+02
6.252889570772712347e+00 -4.221250000000000000e+02
6.261001294339006762e+00 -4.161250000000000000e+02
6.270368857748591651e+00 -4.288125000000000000e+02
6.278587485416228020e+00 -4.268125000000000000e+02
6.287623675662974421e+00 -4.396562500000000000e+02
6.297133820450035557e+00 -4.305000000000000000e+02
6.304890857342904553e+00 -4.438125000000000000e+02
6.314705353332058735e+00 -4.466250000000000000e+02
6.322546213928548653e+00 -4.424218750000000000e+02
6.331824058707503866e+00 -4.445000000000000000e+02
6.339972908631885673e+00 -4.498750000000000000e+02
6.349214303414854044e+00 -4.535312500000000000e+02
6.358685750755732613e+00 -4.580625000000000000e+02
6.366440202361300038e+00 -4.636875000000000000e+02
6.376029053838177418e+00 -4.526250000000000000e+02
6.384128376549075057e+00 -4.669375000000000000e+02
6.393372846562062506e+00 -4.746250000000000000e+02
6.401870357697717395e+00 -4.585000000000000000e+02
6.410426301778265668e+00 -4.668750000000000000e+02
6.420024126629751748e+00 -4.653125000000000000e+02
6.427869554072762170e+00 -4.742812500000000000e+02
6.437329958379162775e+00 -4.728125000000000000e+02
6.446165572822824430e+00 -4.620000000000000000e+02
6.454684294570311565e+00 -4.724687500000000000e+02
6.463614306681741084e+00 -4.630625000000000000e+02
6.472197017174064371e+00 -4.742500000000000000e+02
6.481504703739503270e+00 -4.678750000000000000e+02
6.489546179132634762e+00 -4.656875000000000000e+02
6.499050563587580598e+00 -4.789687500000000000e+02
6.507802303860842130e+00 -4.678125000000000000e+02
6.516221001001307300e+00 -4.686875000000000000e+02
6.525516052719396498e+00 -4.540000000000000000e+02
6.533959097044039765e+00 -4.758125000000000000e+02
6.542973714150853937e+00 -4.640000000000000000e+02
6.551362360586008293e+00 -4.506875000000000000e+02
6.560598807755692263e+00 -4.551250000000000000e+02
6.569628615163551899e+00 -4.447500000000000000e+02
6.578048046474513910e+00 -4.513750000000000000e+02
6.587123151936157939e+00 -4.437187500000000000e+02
6.595441935183012916e+00 -4.412187500000000000e+02
