#Time Flux
-3.173477789831235185e+00 -3.725000000000000000e+01
-3.164609735932140566e+00 -1.109375000000000000e+01
-3.149439255130381810e+00 -3.206250000000000000e+01
-3.140912542929861218e+00 -1.593750000000000000e+01
-3.125961799223706095e+00 -1.812500000000000000e+01
-3.110127134354248923e+00 -2.543750000000000000e+01
-3.102374315481842615e+00 -2.181250000000000000e+01
-3.086621560920274732e+00 -3.075000000000000000e+01
-3.071728503765193352e+00 -2.675000000000000000e+01
-3.062661875972526815e+00 -2.462500000000000000e+01
-3.047355561486870812e+00 -3.231250000000000000e+01
-3.038740749830019183e+00 -2.756250000000000000e+01
-3.023749860518847754e+00 -2.934375000000000000e+01
-3.008154659077685977e+00 -7.425000000000000000e+01
-3.000283518160546947e+00 -1.943750000000000000e+01
-2.984223181124210811e+00 -3.450000000000000000e+01
-2.969746065304340377e+00 -3.890625000000000000e+01
-2.960700314660183352e+00 -3.500000000000000000e+01
-2.945348808614760117e+00 -2.996875000000000000e+01
-2.936991895940286312e+00 -1.812500000000000000e+01
-2.921640312423088304e+00 -2.978125000000000000e+01
-2.906283065380417696e+00 -4.890625000000000000e+01
-2.898279739329414184e+00 -4.140625000000000000e+01
-2.882884812420826393e+00 -3.056250000000000000e+01
-2.873099420094785472e+00 -6.443750000000000000e+01
-2.858894456553358054e+00 -3.334375000000000000e+01
-2.843365879167381038e+00 -4.450000000000000000e+01
-2.835133905837704305e+00 -2.625000000000000000e+01
-2.819527493485903591e+00 -4.500000000000000000e+01
-2.804326603092746950e+00 -6.500000000000000000e+01
-2.796268926917367281e+00 -3.212500000000000000e+01
-2.780712750219691998e+00 -4.006250000000000000e+01
-2.771011642040082990e+00 -4.287500000000000000e+01
-2.757077571920206083e+00 -4.943750000000000000e+01
-2.741451249768104503e+00 -4.075000000000000000e+01
-2.733179987155727630e+00 -3.809375000000000000e+01
-2.717523400794846111e+00 -2.987500000000000000e+01
-2.702577832583632045e+00 -4.225000000000000000e+01
-2.694151104582966028e+00 -3.253125000000000000e+01
-2.678804774907000308e+00 -3.984375000000000000e+01
-2.669252687209063168e+00 -3.537500000000000000e+01
-2.655205786949053959e+00 -3.431250000000000000e+01
-2.639348804587610786e+00 -4.331250000000000000e+01
-2.631438769863439830e+00 -4.931250000000000000e+01
-2.615636797270669334e+00 -1.650000000000000000e+01
-2.600739781870929690e+00 -4.728125000000000000e+01
-2.592040613729011511e+00 -2.006250000000000000e+01
-2.576869706447139308e+00 -2.878125000000000000e+01
-2.567760080033892223e+00 -3.118750000000000000e+01
-2.553532162593880273e+00 -2.871875000000000000e+01
-2.537255972869713716e+00 -5.015625000000000000e+01
-2.529491548390929267e+00 -4.168750000000000000e+01
-2.513687060069598189e+00 -2.656250000000000000e+01
-2.498776905537532400e+00 -5.293750000000000000e+01
-2.489877142287411971e+00 -1.681250000000000000e+01
-2.474988489519587276e+00 -2.996875000000000000e+01
-2.465932218454531366e+00 -1.640625000000000000e+01
-2.451467446054271804e+00 -3.462500000000000000e+01
-2.435387176273934529e+00 -4.421875000000000000e+01
-2.427431119038496732e+00 -2.556250000000000000e+01
-2.411887092039210145e+00 -4.068750000000000000e+01
-2.397090038188476768e+00 -5.075000000000000000e+01
-2.387793817977627242e+00 -2.809375000000000000e+01
-2.373008073993657874e+00 -4.118750000000000000e+01
-2.364109483786432264e+00 -2.556250000000000000e+01
-2.349372078570278077e+00 -4.112500000000000000e+01
-2.333491877763563593e+00 -5.743750000000000000e+01
-2.325358097086105857e+00 -2.075000000000000000e+01
-2.310031789957385229e+00 -3.071875000000000000e+01
-2.295282620941001994e+00 -3.731250000000000000e+01
-2.285815042457805646e+00 -1.290625000000000000e+01
-2.271185691651734118e+00 -4.118750000000000000e+01
-2.262419030913711993e+00 -2.187500000000000000e+01
-2.247332166623937866e+00 -4.256250000000000000e+01
-2.231800934832435246e+00 -5.156250000000000000e+01
-2.223333751338326891e+00 -3.543750000000000000e+01
-2.208251101249729231e+00 -3.975000000000000000e+01
-2.193400143269087721e+00 -5.678125000000000000e+01
-2.183528863000368858e+00 -3.425000000000000000e+01
-2.169015937624461543e+00 -3.950000000000000000e+01
-2.160521458920106497e+00 -2.706250000000000000e+01
-2.145199200540629292e+00 -3.487500000000000000e+01
-2.129585869824955680e+00 -7.206250000000000000e+01
-2.121414612742487549e+00 -4.759375000000000000e+01
-2.106667851156196036e+00 -5.278125000000000000e+01
-2.096575277486826039e+00 -3.109375000000000000e+01
-2.082166554355033838e+00 -3.025000000000000000e+01
-2.066882650617635875e+00 -3.668750000000000000e+01
-2.058690584819981240e+00 -3.856250000000000000e+01
-2.043233431787768950e+00 -4.362500000000000000e+01
-2.028140570929398478e+00 -5.137500000000000000e+01
-2.019328274941329937e+00 -4.756250000000000000e+01
-2.004870274464904512e+00 -4.093750000000000000e+01
-1.994754258542943859e+00 -6.006250000000000000e+01
-1.980453217369623431e+00 -2.706250000000000000e+01
-1.964839469073762501e+00 -5.890625000000000000e+01
-1.956676916585257331e+00 -3.403125000000000000e+01
-1.941069390907024683e+00 -1.653125000000000000e+01
-1.926138877868073251e+00 -8.137500000000000000e+01
-1.917164436238062208e+00 -3.378125000000000000e+01
-1.902702369443998620e+00 -6.656250000000000000e+01
-1.893019174985951736e+00 -5.475000000000000000e+01
-1.878309872179787732e+00 -3.981250000000000000e+01
-1.862942874810503469e+00 -4.925000000000000000e+01
-1.854739662360792352e+00 -4.600000000000000000e+01
-1.839201253754975340e+00 -4.356250000000000000e+01
-1.824453107891027770e+00 -5.903125000000000000e+01
-1.815182613523763422e+00 -2.125000000000000000e+01
-1.800664287155193222e+00 -3.709375000000000000e+01
-1.791259968217033816e+00 -3.968750000000000000e+01
-1.776595934181651515e+00 -4.753125000000000000e+01
-1.760797269522406339e+00 -3.475000000000000000e+01
-1.752989499160012343e+00 1.281250000000000000e+00
-1.737037755826268182e+00 -3.450000000000000000e+01
-1.722555263510990642e+00 -4.618750000000000000e+01
-1.713138063078336160e+00 -2.103125000000000000e+01
-1.698703747688666610e+00 -5.093750000000000000e+01
-1.689457104266898213e+00 -1.618750000000000000e+01
-1.674904827163519627e+00 -2.787500000000000000e+01
-1.658918401552082145e+00 -4.800000000000000000e+01
-1.650957082562067413e+00 -2.118750000000000000e+01
-1.635382660173450020e+00 -4.153125000000000000e+01
-1.620645275255963469e+00 -3.537500000000000000e+01
-1.611179335852762406e+00 -3.656250000000000000e+01
-1.596628607104026543e+00 -4.250000000000000000e+01
-1.587450837749035060e+00 -2.331250000000000000e+01
-1.572813793139181016e+00 -2.196875000000000000e+01
-1.557190026194993138e+00 -4.743750000000000000e+01
-1.549209690956310226e+00 -3.931250000000000000e+01
-1.533504414580196595e+00 -4.700000000000000000e+01
-1.518874080945083804e+00 -7.321875000000000000e+01
-1.509424679557817228e+00 -4.318750000000000000e+01
-1.494273527443546357e+00 -4.137500000000000000e+01
-1.485728480761160597e+00 -2.768750000000000000e+01
-1.470796656975545957e+00 -4.265625000000000000e+01
-1.455214555808620247e+00 -7.553125000000000000e+01
-1.447045224629370352e+00 -5.437500000000000000e+01
-1.431627776881752467e+00 -3.371875000000000000e+01
-1.417000668881232883e+00 -5.300000000000000000e+01
-1.407253037274024621e+00 -4.656250000000000000e+01
-1.392525243457892969e+00 -5.131250000000000000e+01
-1.384050724582470693e+00 -4.725000000000000000e+01
-1.368628897200943939e+00 -4.531250000000000000e+01
-1.353108274106494591e+00 -3.887500000000000000e+01
-1.344941942024716397e+00 -2.515625000000000000e+01
-1.329869606011499172e+00 -5.256250000000000000e+01
-1.320106700426967095e+00 -5.121875000000000000e+01
-1.305604197200562311e+00 -1.896875000000000000e+01
-1.290362698522644180e+00 -5.268750000000000000e+01
-1.282247025936651852e+00 -4.606250000000000000e+01
-1.266539845705239031e+00 -4.350000000000000000e+01
-1.251352183306575938e+00 -7.012500000000000000e+01
-1.243053764094478097e+00 -3.959375000000000000e+01
-1.227832288612829004e+00 -5.906250000000000000e+01
-1.218051800669616824e+00 -4.712500000000000000e+01
-1.203930757354513048e+00 -5.962500000000000000e+01
-1.188341709661312251e+00 -7.371875000000000000e+01
-1.180268755293496952e+00 -1.362500000000000000e+01
-1.164406731682785079e+00 -3.918750000000000000e+01
-1.149700049630485665e+00 -7.112500000000000000e+01
-1.141000983127273827e+00 -4.556250000000000000e+01
-1.126053385586406108e+00 -4.337500000000000000e+01
-1.116560745267477728e+00 -3.631250000000000000e+01
-1.102146264417067201e+00 -4.231250000000000000e+01
-1.086317349448179925e+00 -6.600000000000000000e+01
-1.078530995346650201e+00 -4.993750000000000000e+01
-1.062656946535240010e+00 -4.509375000000000000e+01
-1.047793386342805277e+00 -5.912500000000000000e+01
-1.038929805238115733e+00 -6.287500000000000000e+01
-1.024058177776735690e+00 -5.421875000000000000e+01
-1.014921803365709252e+00 -6.328125000000000000e+01
-1.000097941061515172e+00 -4.850000000000000000e+01
-9.843131338315735945e-01 -6.575000000000000000e+01
-9.765822605261611500e-01 -4.075000000000000000e+01
-9.605675918231568744e-01 -5.118750000000000000e+01
-9.459522527108354950e-01 -5.756250000000000000e+01
-9.370092518930057679e-01 -4.800000000000000000e+01
-9.221170180081017520e-01 -6.500000000000000000e+01
-9.130533269172715904e-01 -3.787500000000000000e+01
-8.983652871036298393e-01 -5.875000000000000000e+01
-8.823715803016867198e-01 -4.862500000000000000e+01
-8.745540528530231228e-01 -4.709375000000000000e+01
-8.587898159770261941e-01 -5.128125000000000000e+01
-8.438725714850860982e-01 -7.287500000000000000e+01
-8.348412963987819069e-01 -4.384375000000000000e+01
-8.198603034471645401e-01 -5.656250000000000000e+01
-8.111651585410974974e-01 -3.856250000000000000e+01
-7.963249840119956957e-01 -4.071875000000000000e+01
-7.804474993963665952e-01 -6.650000000000000000e+01
-7.726460309700318163e-01 -2.778125000000000000e+01
-7.570635085692209998e-01 -3.512500000000000000e+01
-7.423946443729665390e-01 -4.165625000000000000e+01
-7.328001702805053696e-01 -5.406250000000000000e+01
-7.178971501874524819e-01 -5.178125000000000000e+01
-7.094008924680892392e-01 -3.950000000000000000e+01
-6.942678028611144470e-01 -5.834375000000000000e+01
-6.784328000011470294e-01 -3.712500000000000000e+01
-6.705953718680817133e-01 -3.381250000000000000e+01
-6.549206743824029786e-01 -3.775000000000000000e+01
-6.402395873048103425e-01 -1.350000000000000000e+01
-6.312684048818191229e-01 -4.265625000000000000e+01
-6.159425104784741478e-01 -6.493750000000000000e+01
-6.071434820737149352e-01 -3.656250000000000000e+01
-5.922245916448822811e-01 -4.340625000000000000e+01
-5.768245946476096009e-01 -5.528125000000000000e+01
-5.686490706307498755e-01 -4.981250000000000000e+01
-5.532093699086857441e-01 -5.518750000000000000e+01
-5.386379488013393058e-01 -5.459375000000000000e+01
-5.294434820771591887e-01 -5.403125000000000000e+01
-5.138573781319522027e-01 -5.612500000000000000e+01
-5.056299559914485542e-01 -5.850000000000000000e+01
-4.901398986138083558e-01 -4.818750000000000000e+01
-4.748815183379200278e-01 -6.590625000000000000e+01
-4.667733104782776365e-01 -5.968750000000000000e+01
-4.513588112682764830e-01 -5.493750000000000000e+01
-4.415917916926073161e-01 -4.287500000000000000e+01
-4.276854254793960308e-01 -6.881250000000000000e+01
-4.116944097927976998e-01 -6.468750000000000000e+01
-4.040067442538415321e-01 -4.975000000000000000e+01
-3.881315352649394868e-01 -6.456250000000000000e+01
-3.730897569142577197e-01 -8.068750000000000000e+01
-3.646025465408122557e-01 -1.010000000000000000e+02
-3.493640680951237698e-01 -7.281250000000000000e+01
-3.400480337621303306e-01 -5.731250000000000000e+01
-3.256423146198788032e-01 -6.815625000000000000e+01
-3.098340266997894332e-01 -7.231250000000000000e+01
-3.021124265491152983e-01 -6.281250000000000000e+01
-2.862266712335532759e-01 -6.700000000000000000e+01
-2.710981146295701194e-01 -6.243750000000000000e+01
-2.624316888962887617e-01 -7.231250000000000000e+01
-2.472432159143131969e-01 -6.131250000000000000e+01
-2.383181376577532262e-01 -6.425000000000000000e+01
-2.236544921072809444e-01 -6.343750000000000000e+01
-2.077687421912166599e-01 -5.887500000000000000e+01
-2.001125161116625861e-01 -6.112500000000000000e+01
-1.841396641064356743e-01 -3.950000000000000000e+01
-1.695349675402084699e-01 -7.131250000000000000e+01
-1.605329721624464412e-01 -5.215625000000000000e+01
-1.454957656262152454e-01 -7.106250000000000000e+01
-1.365066378508181799e-01 -6.525000000000000000e+01
-1.218369466691839875e-01 -5.756250000000000000e+01
-1.058560659907819002e-01 -5.012500000000000000e+01
-9.801998038511072764e-02 -6.662500000000000000e+01
-8.240382867541207190e-02 -5.828125000000000000e+01
-6.770991664991399261e-02 -5.900000000000000000e+01
-5.838928946349142279e-02 -6.887500000000000000e+01
-4.359227908785889838e-02 -5.540625000000000000e+01
-3.444573222482993913e-02 -5.540625000000000000e+01
-1.971510510408336359e-02 -5.896875000000000000e+01
-4.054091132683623755e-03 -8.240625000000000000e+01
3.952133004236912939e-03 -5.375000000000000000e+01
1.981429551208435669e-02 -6.343750000000000000e+01
3.411302507392477423e-02 -7.693750000000000000e+01
4.358260047421680383e-02 -6.193750000000000000e+01
5.872307357818584705e-02 -7.618750000000000000e+01
6.772167958801311727e-02 -6.984375000000000000e+01
8.246645040668099114e-02 -9.568750000000000000e+01
9.792036115121938167e-02 -6.306250000000000000e+01
1.059876730191486871e-01 -5.850000000000000000e+01
1.219324314062060211e-01 -6.137500000000000000e+01
1.362303257935799650e-01 -7.643750000000000000e+01
1.458456337129199198e-01 -8.909375000000000000e+01
1.604824579603061352e-01 -6.943750000000000000e+01
1.693810786440899108e-01 -7.212500000000000000e+01
1.843686882272859151e-01 -6.871875000000000000e+01
1.998465986762258950e-01 -7.943750000000000000e+01
2.080206752872886256e-01 -5.618750000000000000e+01
2.237180479220555185e-01 -6.456250000000000000e+01
2.380715132437707382e-01 -5.775000000000000000e+01
2.479255202034593708e-01 -7.875000000000000000e+01
2.626412081426092726e-01 -6.962500000000000000e+01
2.712624402241097243e-01 -4.750000000000000000e+01
2.864671097523014964e-01 -8.250000000000000000e+01
3.013872463951621228e-01 -6.975000000000000000e+01
3.101953673814072943e-01 -8.487500000000000000e+01
3.253164454622208268e-01 -6.431250000000000000e+01
3.349456920530258230e-01 -5.003125000000000000e+01
3.496741940753658184e-01 -7.481250000000000000e+01
3.644199303104347365e-01 -7.546875000000000000e+01
3.730804829386933363e-01 -8.965625000000000000e+01
3.885154149226295317e-01 -7.331250000000000000e+01
4.032272933250489189e-01 -6.715625000000000000e+01
4.123323110286172266e-01 -8.484375000000000000e+01
4.270757283032118323e-01 -6.081250000000000000e+01
4.366839016010839458e-01 -8.025000000000000000e+01
4.515716280852526410e-01 -8.018750000000000000e+01
4.665247660744746838e-01 -6.781250000000000000e+01
4.749682039959743918e-01 -8.900000000000000000e+01
4.906822468707545681e-01 -6.156250000000000000e+01
5.052167327339649461e-01 -8.987500000000000000e+01
5.143194532551884635e-01 -9.487500000000000000e+01
5.288943821245783994e-01 -9.693750000000000000e+01
5.383876427565894573e-01 -6.990625000000000000e+01
5.531774359513939032e-01 -8.431250000000000000e+01
5.687545401393823141e-01 -8.559375000000000000e+01
5.767710594309178873e-01 -8.006250000000000000e+01
5.926020893239538623e-01 -7.950000000000000000e+01
6.071420914975114158e-01 -7.628125000000000000e+01
6.166567961019211452e-01 -8.731250000000000000e+01
6.310622925005890949e-01 -9.546875000000000000e+01
6.403483184290426067e-01 -7.525000000000000000e+01
6.550668058335098465e-01 -7.750000000000000000e+01
6.707686424287722105e-01 -9.178125000000000000e+01
6.785933803176291690e-01 -7.550000000000000000e+01
6.945376283089430558e-01 -7.934375000000000000e+01
7.087929267925154875e-01 -8.231250000000000000e+01
7.182890335517289060e-01 -9.793750000000000000e+01
7.328804005934603794e-01 -8.025000000000000000e+01
7.421729259789735522e-01 -7.965625000000000000e+01
7.569438653353692814e-01 -8.781250000000000000e+01
7.725302139451670769e-01 -8.868750000000000000e+01
7.806302029636889017e-01 -7.603125000000000000e+01
7.963174666780545863e-01 -8.065625000000000000e+01
8.106253161453373934e-01 -8.537500000000000000e+01
8.204606440141208878e-01 -9.734375000000000000e+01
8.348479323971123023e-01 -7.321875000000000000e+01
8.437920107290963756e-01 -7.781250000000000000e+01
8.589792606904289585e-01 -8.550000000000000000e+01
8.743216818015504543e-01 -8.062500000000000000e+01
8.826176813379014163e-01 -1.100312500000000000e+02
8.984101963416133430e-01 -9.600000000000000000e+01
9.125288956056412104e-01 -9.265625000000000000e+01
9.223177826276831581e-01 -9.809375000000000000e+01
9.370163203487908987e-01 -8.078125000000000000e+01
9.458922246829164493e-01 -7.096875000000000000e+01
9.608703398271138951e-01 -7.975000000000000000e+01
9.762284310068913840e-01 -7.237500000000000000e+01
9.847741018754057052e-01 -8.606250000000000000e+01
9.998821908093304955e-01 -6.981250000000000000e+01
1.014344950156804259e+00 -8.800000000000000000e+01
1.024428619121060535e+00 -7.131250000000000000e+01
1.039143491512673378e+00 -8.159375000000000000e+01
1.047960769538498482e+00 -7.962500000000000000e+01
1.062887210487723166e+00 -7.131250000000000000e+01
1.077937481463884239e+00 -6.712500000000000000e+01
1.086673262119466798e+00 -8.831250000000000000e+01
1.101823191904685473e+00 -7.331250000000000000e+01
1.111416610341422029e+00 -7.400000000000000000e+01
1.126000803628446789e+00 -7.062500000000000000e+01
1.141289223959066845e+00 -5.656250000000000000e+01
1.149456087802850135e+00 -6.725000000000000000e+01
1.165022698471183560e+00 -6.118750000000000000e+01
1.179926065383053668e+00 -6.015625000000000000e+01
1.188796503063962007e+00 -7.437500000000000000e+01
1.203794712361718311e+00 -9.590625000000000000e+01
1.213162582033273651e+00 -5.668750000000000000e+01
1.227739532372240205e+00 -7.637500000000000000e+01
1.243486175206212963e+00 -5.334375000000000000e+01
1.251387821981637671e+00 -5.950000000000000000e+01
1.267149689346886987e+00 -7.431250000000000000e+01
1.281689014103898572e+00 -4.431250000000000000e+01
1.290596353019093812e+00 -9.331250000000000000e+01
1.305678837934724612e+00 -8.281250000000000000e+01
1.315150137274187614e+00 -7.393750000000000000e+01
1.329911156145996642e+00 -6.675000000000000000e+01
1.345226561346537508e+00 -7.650000000000000000e+01
1.353127333897736762e+00 -8.228125000000000000e+01
1.369096640192186243e+00 -7.425000000000000000e+01
1.383484805602087420e+00 -4.475000000000000000e+01
1.392759943320736937e+00 -8.462500000000000000e+01
1.407765084387953891e+00 -8.656250000000000000e+01
1.416728792042139418e+00 -6.950000000000000000e+01
1.431818203252509747e+00 -8.653125000000000000e+01
1.447246858517056367e+00 -7.759375000000000000e+01
1.455073825504818785e+00 -7.856250000000000000e+01
1.471167336214319832e+00 -1.042812500000000000e+02
1.485353476778829673e+00 -4.968750000000000000e+01
1.494904646382234858e+00 -8.937500000000000000e+01
1.509860667379097521e+00 -8.375000000000000000e+01
1.518842908430102057e+00 -6.737500000000000000e+01
1.533510617445600133e+00 -8.306250000000000000e+01
1.549274776578851487e+00 -6.100000000000000000e+01
1.557100976886609089e+00 -1.133125000000000000e+02
1.572805557982105640e+00 -9.271875000000000000e+01
1.587238157229453606e+00 -5.387500000000000000e+01
1.596854651349154608e+00 -8.000000000000000000e+01
1.611718507818189039e+00 -7.762500000000000000e+01
1.620299376035411854e+00 -6.468750000000000000e+01
1.635583253796971448e+00 -8.315625000000000000e+01
1.651047878858239670e+00 -4.721875000000000000e+01
1.659086863408187895e+00 -8.656250000000000000e+01
1.674977147482463735e+00 -7.753125000000000000e+01
1.689171033032611291e+00 -5.825000000000000000e+01
1.698923385536499353e+00 -8.787500000000000000e+01
1.713693293547855490e+00 -7.443750000000000000e+01
1.722068965507801863e+00 -4.803125000000000000e+01
1.737265061287352808e+00 -6.762500000000000000e+01
1.752986874509108617e+00 -7.037500000000000000e+01
1.760958896605330892e+00 -8.781250000000000000e+01
1.777055997796308517e+00 -7.609375000000000000e+01
1.791045176684558982e+00 -6.337500000000000000e+01
1.800518873212300974e+00 -7.506250000000000000e+01
1.816042808362730909e+00 -9.050000000000000000e+01
1.823954647394145923e+00 -4.425000000000000000e+01
1.839392637071750158e+00 -7.387500000000000000e+01
1.855104420529087861e+00 -6.625000000000000000e+01
1.863128765192556102e+00 -8.937500000000000000e+01
1.878300537029296891e+00 -8.343750000000000000e+01
1.887887082759135637e+00 -6.903125000000000000e+01
1.902507957524537829e+00 -8.050000000000000000e+01
1.917797314388629104e+00 -6.571875000000000000e+01
1.925713525137410898e+00 -8.068750000000000000e+01
1.941492431253163176e+00 -9.168750000000000000e+01
1.956559791280591654e+00 -4.778125000000000000e+01
1.965271981236323739e+00 -7.362500000000000000e+01
1.980099579571724888e+00 -7.125000000000000000e+01
1.989612739686290155e+00 -6.118750000000000000e+01
2.004131610761135107e+00 -7.340625000000000000e+01
2.019785443194161090e+00 -7.000000000000000000e+01
2.027487466943579619e+00 -5.787500000000000000e+01
2.043659036245980332e+00 -7.831250000000000000e+01
2.058703595660624330e+00 -3.793750000000000000e+01
2.067050374542045432e+00 -6.175000000000000000e+01
2.082195069378833807e+00 -1.003750000000000000e+02
2.091548269537762295e+00 -6.737500000000000000e+01
2.106060940477501475e+00 -8.237500000000000000e+01
2.121610128190116740e+00 -4.800000000000000000e+01
2.129389073192010429e+00 -7.968750000000000000e+01
2.145531186245250410e+00 -7.400000000000000000e+01
2.160381589187306162e+00 -7.300000000000000000e+01
2.169204052732123245e+00 -6.750000000000000000e+01
2.184038647189895599e+00 -7.090625000000000000e+01
2.193170245787204209e+00 -4.487500000000000000e+01
2.208062604404428697e+00 -6.537500000000000000e+01
2.223736048044408165e+00 -9.462500000000000000e+01
2.231440288083708978e+00 -7.225000000000000000e+01
2.247638356075084332e+00 -7.787500000000000000e+01
2.262447940781704858e+00 -5.756250000000000000e+01
2.271063744659794992e+00 -6.009375000000000000e+01
2.286370612798190649e+00 -7.331250000000000000e+01
2.295304596693906518e+00 -8.700000000000000000e+01
2.309831973888829992e+00 -7.468750000000000000e+01
2.325761207755741466e+00 -6.784375000000000000e+01
2.333403174722366913e+00 -8.218750000000000000e+01
2.349250442097872593e+00 -6.662500000000000000e+01
2.364125628373580312e+00 -6.612500000000000000e+01
2.373231747840645056e+00 -7.850000000000000000e+01
2.388002597710162433e+00 -7.537500000000000000e+01
2.396632891840148716e+00 -5.862500000000000000e+01
2.411884297627429063e+00 -8.696875000000000000e+01
2.427675531588640467e+00 -7.900000000000000000e+01
2.435389035335997931e+00 -9.675000000000000000e+01
2.451307957926225356e+00 -7.675000000000000000e+01
2.465821931851127857e+00 -8.056250000000000000e+01
2.475262342419334516e+00 -8.112500000000000000e+01
2.489977062252306084e+00 -6.971875000000000000e+01
2.498699141992272388e+00 -6.743750000000000000e+01
2.513836357728894910e+00 -9.106250000000000000e+01
2.529481353461481064e+00 -7.781250000000000000e+01
2.537704297114718344e+00 -8.368750000000000000e+01
2.553354355764794192e+00 -6.734375000000000000e+01
2.567481109535723505e+00 -6.587500000000000000e+01
2.577428618049193432e+00 -7.168750000000000000e+01
2.592148445861253592e+00 -8.850000000000000000e+01
2.600474105290937032e+00 -7.653125000000000000e+01
2.615889265207833603e+00 -8.081250000000000000e+01
2.630916796074298958e+00 -7.387500000000000000e+01
2.639618969949111715e+00 -8.887500000000000000e+01
2.655130764347743977e+00 -8.181250000000000000e+01
2.669445171433611819e+00 -6.712500000000000000e+01
2.679114307441370357e+00 -1.003750000000000000e+02
2.694097546858868597e+00 -5.840625000000000000e+01
2.702478494143310428e+00 -7.212500000000000000e+01
2.717865733332626377e+00 -7.331250000000000000e+01
2.732794103356749105e+00 -6.293750000000000000e+01
2.741741262139580471e+00 -5.412500000000000000e+01
2.756605022977492325e+00 -6.143750000000000000e+01
2.766308781551508389e+00 -7.375000000000000000e+01
2.780772466552615896e+00 -7.750000000000000000e+01
2.796264160088069772e+00 -7.062500000000000000e+01
2.804139496554867605e+00 -7.750000000000000000e+01
2.820078600514133171e+00 -8.250000000000000000e+01
2.834657465304768920e+00 -5.606250000000000000e+01
2.843484296053969018e+00 -8.631250000000000000e+01
2.858558834168693608e+00 -6.312500000000000000e+01
2.868160985645975103e+00 -7.962500000000000000e+01
2.882702406931528571e+00 -9.631250000000000000e+01
2.898430780393139727e+00 -3.634375000000000000e+01
2.906116481020308839e+00 -7.690625000000000000e+01
2.922161526274621224e+00 -7.668750000000000000e+01
2.936643037422193458e+00 -4.318750000000000000e+01
2.945687734787238554e+00 -9.256250000000000000e+01
2.960835322366513367e+00 -6.540625000000000000e+01
2.969773923720074649e+00 -6.640625000000000000e+01
2.984399849581413022e+00 -5.921875000000000000e+01
3.000233984217523187e+00 -3.512500000000000000e+01
3.007982578466348755e+00 -9.587500000000000000e+01
3.024068981903010211e+00 -8.537500000000000000e+01
3.038502982312053291e+00 -3.518750000000000000e+01
3.047758527744180768e+00 -8.743750000000000000e+01
3.062659130667613638e+00 -5.440625000000000000e+01
3.071815772557467739e+00 -7.375000000000000000e+01
3.086402609056122515e+00 -7.381250000000000000e+01
3.102333166441813006e+00 -4.256250000000000000e+01
3.110051362555264376e+00 -8.875000000000000000e+01
3.125813052836788231e+00 -5.862500000000000000e+01
3.140161175040152131e+00 -5.693750000000000000e+01
3.150021901943286906e+00 -6.440625000000000000e+01
3.164824857351090870e+00 -4.953125000000000000e+01
3.173723206764574201e+00 -5.556250000000000000e+01
3.188491607114004367e+00 -7.278125000000000000e+01
3.203802714398785056e+00 -8.031250000000000000e+00
3.212054630531088861e+00 -7.018750000000000000e+01
3.227843071168647882e+00 -5.393750000000000000e+01
3.242113244182977638e+00 -5.271875000000000000e+01
3.252094780866345403e+00 -6.840625000000000000e+01
3.266427943154159408e+00 -4.750000000000000000e+01
3.275312843449377453e+00 -6.731250000000000000e+01
3.290365458195037007e+00 -6.037500000000000000e+01
3.305956592396242399e+00 -3.437500000000000000e+01
3.314158290652589045e+00 -3.331250000000000000e+01
3.329738133914407427e+00 -3.093750000000000000e+01
3.343951936147053772e+00 -5.534375000000000000e+01
3.353935825061959974e+00 -4.193750000000000000e+01
3.368598024541316960e+00 -3.693750000000000000e+01
3.377178695624039051e+00 -4.903125000000000000e+01
3.392326689945502238e+00 -4.381250000000000000e+01
3.407427025437637980e+00 -2.412500000000000000e+01
3.416247770253999505e+00 -5.556250000000000000e+01
3.431768816475276651e+00 -3.193750000000000000e+01
3.445915706311783566e+00 -5.596875000000000000e+01
3.455907903366634670e+00 -2.640625000000000000e+01
3.470707505127688108e+00 -2.475000000000000000e+01
3.478989521766511217e+00 -2.600000000000000000e+01
3.494378122646056184e+00 -3.759375000000000000e+01
3.509419542050743246e+00 -2.475000000000000000e+01
3.518420526639697954e+00 -2.956250000000000000e+01
3.533413260241694331e+00 -2.037500000000000000e+01
3.542652487565229436e+00 -2.875000000000000000e+01
3.557693827157525135e+00 -1.512500000000000000e+01
3.572871552825130692e+00 -2.187500000000000000e+00
3.580877853395662669e+00 -1.550000000000000000e+01
3.596544184332204352e+00 -4.325000000000000000e+01
3.611293984030355730e+00 -7.406250000000000000e+00
3.620377140068480770e+00 -4.134375000000000000e+01
3.635045457704972449e+00 -1.162500000000000000e+01
3.644664352604905844e+00 -2.178125000000000000e+01
3.659412046896203918e+00 -2.465625000000000000e+01
3.674759346834363782e+00 -2.375000000000000000e+00
3.682630818968481989e+00 -4.890625000000000000e+01
3.698411915702207509e+00 -1.750000000000000000e+01
3.713136092128275223e+00 1.440625000000000000e+01
3.722223653910656793e+00 -1.562500000000000000e+00
3.737162214291206652e+00 -7.125000000000000000e+00
3.746402356133060607e+00 -2.600000000000000000e+01
3.761222610922734688e+00 -1.078125000000000000e+01
3.776697828165527682e+00 5.750000000000000000e+00
3.784627086744890789e+00 -9.406250000000000000e+00
3.800262121938619231e+00 -4.250000000000000000e+00
3.815064170801210963e+00 1.593750000000000000e+01
3.824255154167797599e+00 8.750000000000000000e-01
3.838880877648811918e+00 1.512500000000000000e+01
3.848271669572582709e+00 3.968750000000000000e+00
3.862853088832229886e+00 5.812500000000000000e+00
3.878762613727483100e+00 1.412500000000000000e+01
3.886497545981569601e+00 -2.812500000000000000e+00
3.902358067414361642e+00 -1.375000000000000000e+00
3.916850318013178622e+00 2.540625000000000000e+01
3.926390008028270984e+00 6.250000000000000000e-02
3.941266544650757098e+00 6.562500000000000000e-01
3.950024679132782879e+00 1.506250000000000000e+01
3.964985538501377249e+00 3.718750000000000000e+00
3.980452183379412645e+00 2.793750000000000000e+01
3.988431108477406895e+00 1.937500000000000000e+00
4.004488047037780163e+00 9.343750000000000000e+00
4.018838961153537781e+00 3.418750000000000000e+01
4.028414506938453599e+00 1.884375000000000000e+01
4.043043705639711050e+00 2.856250000000000000e+01
4.051578339005953211e+00 3.718750000000000000e+01
4.066642218151564236e+00 2.668750000000000000e+01
4.082469120190101108e+00 4.343750000000000000e+01
4.090658660061048835e+00 1.400000000000000000e+01
4.106079694408004244e+00 1.906250000000000000e+01
4.120564987046231309e+00 5.346875000000000000e+01
4.130304728373914713e+00 3.275000000000000000e+01
4.145154087289425249e+00 3.812500000000000000e+01
4.153741419990563344e+00 3.587500000000000000e+01
4.168730585713682046e+00 6.937500000000000000e+00
4.184573741860802443e+00 7.268750000000000000e+01
4.192768766026738092e+00 3.125000000000000000e+00
4.208093132118847279e+00 3.968750000000000000e+01
4.222590478182386420e+00 5.096875000000000000e+01
4.232123190334124985e+00 3.771875000000000000e+01
4.247155272541316862e+00 5.306250000000000000e+01
4.255471315001651433e+00 5.256250000000000000e+01
4.270858175293136938e+00 2.340625000000000000e+01
4.286216697694030131e+00 5.153125000000000000e+01
4.294589928040544180e+00 3.556250000000000000e+01
4.309752342151810467e+00 6.718750000000000000e+01
4.319283447983053748e+00 5.809375000000000000e+01
4.333676797454565133e+00 4.693750000000000000e+01
4.349319464244512545e+00 5.962500000000000000e+01
4.357375353551191210e+00 5.218750000000000000e+01
4.372951490680760500e+00 4.006250000000000000e+01
4.387999041804301115e+00 8.696875000000000000e+01
4.396754073992518386e+00 5.900000000000000000e+01
4.411554876693980276e+00 6.525000000000000000e+01
4.421134315243563151e+00 5.093750000000000000e+01
4.435555549057928815e+00 5.953125000000000000e+01
4.451019025028838172e+00 5.106250000000000000e+01
4.459247331865791253e+00 6.831250000000000000e+01
4.474881745278151968e+00 7.787500000000000000e+01
4.489747056028130956e+00 9.325000000000000000e+01
4.498719480363103429e+00 9.393750000000000000e+01
4.513381537803111243e+00 8.200000000000000000e+01
4.522899662689908951e+00 7.256250000000000000e+01
4.537559233191156949e+00 9.506250000000000000e+01
4.553187308963426716e+00 1.141875000000000000e+02
4.561303632215730985e+00 9.668750000000000000e+01
4.576876677203152610e+00 9.093750000000000000e+01
4.591538769188932889e+00 1.089687500000000000e+02
4.600890029041362794e+00 8.337500000000000000e+01
4.615324196425540038e+00 1.099375000000000000e+02
4.624607404088038720e+00 8.034375000000000000e+01
4.639296021399232473e+00 8.575000000000000000e+01
4.655277899535168018e+00 1.085000000000000000e+02
4.663001398246883866e+00 1.073750000000000000e+02
4.678819976128620439e+00 1.131875000000000000e+02
4.693538204366626942e+00 1.316562500000000000e+02
4.702902144129062378e+00 1.193750000000000000e+02
4.717435408294129218e+00 1.041562500000000000e+02
4.726774774573442528e+00 1.143750000000000000e+02
4.741135634443661928e+00 1.144062500000000000e+02
4.757304695725061094e+00 1.308125000000000000e+02
4.765148431411958541e+00 1.103750000000000000e+02
4.780601918802757311e+00 1.191875000000000000e+02
4.795275921853022538e+00 1.356250000000000000e+02
4.805152784500124952e+00 1.186562500000000000e+02
4.819415923854140971e+00 1.299375000000000000e+02
4.828327871153909712e+00 1.239375000000000000e+02
4.843102197772559236e+00 1.392500000000000000e+02
4.858981864096122649e+00 1.476875000000000000e+02
4.867228880610086961e+00 1.438437500000000000e+02
4.882430828846736404e+00 1.424375000000000000e+02
4.897224485082691814e+00 1.483437500000000000e+02
4.906967135542393166e+00 1.427187500000000000e+02
4.921586120841713097e+00 1.421250000000000000e+02
4.930062728506175773e+00 1.475625000000000000e+02
4.945218905753907990e+00 1.286875000000000000e+02
4.961019157808621571e+00 1.596250000000000000e+02
4.969252003297178533e+00 1.673750000000000000e+02
4.984756644073536691e+00 1.487812500000000000e+02
4.998884838904336547e+00 1.713437500000000000e+02
5.008908349476143940e+00 1.482500000000000000e+02
5.023680001016948893e+00 1.634375000000000000e+02
5.031702484773717288e+00 1.581875000000000000e+02
5.047374315705281944e+00 1.546562500000000000e+02
5.062765088057492591e+00 1.742500000000000000e+02
5.071037505231537068e+00 1.693750000000000000e+02
5.086524266375391790e+00 1.838750000000000000e+02
5.095752504150169671e+00 1.662187500000000000e+02
5.110189660403147371e+00 1.743125000000000000e+02
5.125458639863078147e+00 1.732187500000000000e+02
5.133558173583461226e+00 1.635000000000000000e+02
5.149518545954236970e+00 1.848125000000000000e+02
5.164636786300118132e+00 2.062187500000000000e+02
5.173123014554180443e+00 2.078437500000000000e+02
5.188525369599709336e+00 2.102187500000000000e+02
5.197400056116768141e+00 2.154062500000000000e+02
5.212256378155611714e+00 2.011875000000000000e+02
5.227512227171843051e+00 2.101250000000000000e+02
5.235545738518135650e+00 2.240937500000000000e+02
5.251587417216695641e+00 1.893750000000000000e+02
5.266302851093634274e+00 2.185000000000000000e+02
5.275068934339820714e+00 2.128125000000000000e+02
5.290492385474975023e+00 2.237187500000000000e+02
5.298934748417540419e+00 2.047500000000000000e+02
5.314014227717006378e+00 1.916875000000000000e+02
5.329901784588329861e+00 2.289375000000000000e+02
5.337483642229067016e+00 1.868125000000000000e+02
5.353737726681327302e+00 2.140000000000000000e+02
5.368387616563262910e+00 2.460937500000000000e+02
5.377141592891160116e+00 2.165625000000000000e+02
5.392523762038049284e+00 2.378437500000000000e+02
5.401060187770948318e+00 2.176250000000000000e+02
5.416181480357362688e+00 2.350312500000000000e+02
5.431787594622040416e+00 2.423750000000000000e+02
5.439478445532463624e+00 2.243125000000000000e+02
5.455701091231357935e+00 2.365625000000000000e+02
5.470203239062696454e+00 2.302187500000000000e+02
5.479305123704573788e+00 2.593125000000000000e+02
5.494580894032832674e+00 2.624375000000000000e+02
5.502751512175471760e+00 2.255625000000000000e+02
5.517980736376079776e+00 2.420937500000000000e+02
5.533800952250922833e+00 2.524062500000000000e+02
5.541500132502438447e+00 2.375625000000000000e+02
5.557675161357227722e+00 2.557812500000000000e+02
5.571961505623907129e+00 2.333437500000000000e+02
5.581586929025966981e+00 2.688125000000000000e+02
5.596424107079089438e+00 2.698437500000000000e+02
5.604426484100272887e+00 2.693750000000000000e+02
5.619774179606782383e+00 2.631875000000000000e+02
5.635670918922723871e+00 3.021250000000000000e+02
5.643614443919528156e+00 2.757500000000000000e+02
5.659646967247869753e+00 2.643125000000000000e+02
5.673697034175123832e+00 2.925937500000000000e+02
5.683185389397579002e+00 2.690000000000000000e+02
5.698160429308641639e+00 2.747187500000000000e+02
5.706255921697030331e+00 2.702500000000000000e+02
5.721728503680814981e+00 2.776875000000000000e+02
5.737712212608617079e+00 2.868750000000000000e+02
5.745628995506153913e+00 2.875625000000000000e+02
5.761607957761922805e+00 2.814062500000000000e+02
5.775534441150515619e+00 2.807812500000000000e+02
5.785292748725796130e+00 2.926250000000000000e+02
5.800151654409894775e+00 3.021250000000000000e+02
5.807869246942155783e+00 2.836562500000000000e+02
5.823830538460196493e+00 2.855000000000000000e+02
5.839206368227312538e+00 3.186250000000000000e+02
5.847744854841181450e+00 3.118125000000000000e+02
5.863070316005076776e+00 2.919687500000000000e+02
5.872221046227224406e+00 3.315000000000000000e+02
5.886767976127472934e+00 2.954375000000000000e+02
5.902318979897138718e+00 3.239062500000000000e+02
5.909990465975738516e+00 2.865000000000000000e+02
5.926011664400029133e+00 2.981562500000000000e+02
5.941303730930368232e+00 3.171250000000000000e+02
5.949594135405236628e+00 3.122187500000000000e+02
5.965001325465896898e+00 3.059062500000000000e+02
5.973835823331773653e+00 3.158125000000000000e+02
5.988720108631561345e+00 3.073750000000000000e+02
6.004486362082282369e+00 3.301875000000000000e+02
6.011861878032519257e+00 3.119687500000000000e+02
6.028164520519521119e+00 3.116250000000000000e+02
6.043110139982468709e+00 3.333125000000000000e+02
6.051645522338832350e+00 3.456250000000000000e+02
6.066973641155964714e+00 3.368750000000000000e+02
6.075197799939504151e+00 3.100000000000000000e+02
6.090883367455127484e+00 3.311875000000000000e+02
6.106467083294885967e+00 3.259375000000000000e+02
6.114028774121848642e+00 3.225000000000000000e+02
6.130328684020968311e+00 3.113125000000000000e+02
6.144860773867543813e+00 3.274062500000000000e+02
6.153669173170955631e+00 3.467500000000000000e+02
6.169018831649607293e+00 3.282187500000000000e+02
6.177369600406253269e+00 3.295000000000000000e+02
6.193087278667988471e+00 3.408750000000000000e+02
6.208472018456101083e+00 3.339062500000000000e+02
6.215959720369596653e+00 3.394687500000000000e+02
6.232187801199952304e+00 3.187500000000000000e+02
6.246708664547780288e+00 3.366250000000000000e+02
6.255748038578342829e+00 3.418750000000000000e+02
6.271089821749182391e+00 3.356875000000000000e+02
6.279348890963895258e+00 3.161875000000000000e+02
6.294354638149698644e+00 3.126250000000000000e+02
6.310162414676625531e+00 3.544375000000000000e+02
6.317954885255044672e+00 3.315000000000000000e+02
6.333997765785211342e+00 3.383437500000000000e+02
6.348542675188230788e+00 3.088750000000000000e+02
6.358005420872531843e+00 3.389687500000000000e+02
6.372973312946019320e+00 3.245000000000000000e+02
6.380897406661841131e+00 3.076875000000000000e+02
6.396151868953191766e+00 3.209062500000000000e+02
6.412010996816693620e+00 3.138437500000000000e+02
6.419970326473734445e+00 3.278125000000000000e+02
6.436125467087880025e+00 3.100937500000000000e+02
6.450348246624338699e+00 3.110312500000000000e+02
6.459600004778794258e+00 2.986562500000000000e+02
6.474702521545445677e+00 3.201250000000000000e+02
6.482859625900477596e+00 3.195000000000000000e+02
6.498189486678192850e+00 3.139375000000000000e+02
6.513794188133047669e+00 3.073437500000000000e+02
6.521915440920306395e+00 3.562187500000000000e+02
6.538051964786033565e+00 2.972187500000000000e+02
6.552138571547397206e+00 3.180625000000000000e+02
6.561746740902041353e+00 3.059375000000000000e+02
6.576746478297028631e+00 3.178125000000000000e+02
6.584533211292887600e+00 2.699687500000000000e+02
6.600358750699555799e+00 2.885312500000000000e+02
6.615647571686711359e+00 3.176250000000000000e+02
6.623806013814929727e+00 2.992187500000000000e+02
6.639673905540005805e+00 2.872187500000000000e+02
6.648888035548463193e+00 3.052500000000000000e+02
6.663176824467257120e+00 3.029687500000000000e+02
6.678973428652282607e+00 3.019375000000000000e+02
6.686531123084439088e+00 2.800625000000000000e+02
6.702521450670637648e+00 2.868750000000000000e+02
6.717810788295171420e+00 3.227500000000000000e+02
6.726095684602363178e+00 3.123750000000000000e+02
6.741308628426377680e+00 3.121250000000000000e+02
6.750542028102955783e+00 2.736875000000000000e+02
6.765206271855017661e+00 2.821875000000000000e+02
6.780829678589110898e+00 2.968750000000000000e+02
6.788489310265299892e+00 2.804687500000000000e+02
6.804649157882558086e+00 2.756875000000000000e+02
6.819581644251025310e+00 2.808750000000000000e+02
6.828093604529009042e+00 2.995625000000000000e+02
6.843396330505825631e+00 3.003125000000000000e+02
6.852635026240331939e+00 2.648125000000000000e+02
6.867191436406018923e+00 2.804375000000000000e+02
6.882993918837495784e+00 3.157500000000000000e+02
6.890357797493647851e+00 2.750312500000000000e+02
6.906759644482125537e+00 2.901875000000000000e+02
6.921489898733263146e+00 2.676250000000000000e+02
6.929965088967906084e+00 2.841875000000000000e+02
6.945492919112309593e+00 2.841875000000000000e+02
6.954064437250220720e+00 2.488125000000000000e+02
6.969230336420903171e+00 2.653750000000000000e+02
6.984898447388250275e+00 2.555625000000000000e+02
6.992428436998775254e+00 2.600000000000000000e+02
7.008745844961712379e+00 2.801562500000000000e+02
7.023341516957440689e+00 2.451875000000000000e+02
7.032190643903771132e+00 2.601875000000000000e+02
7.047250871344918011e+00 2.573750000000000000e+02
7.055857944408792548e+00 2.349375000000000000e+02
7.070802462141173805e+00 2.344375000000000000e+02
7.086796296029671538e+00 2.668750000000000000e+02
7.094359537062441490e+00 2.550625000000000000e+02
7.110438858406167739e+00 2.397812500000000000e+02
7.125049725594738703e+00 2.498750000000000000e+02
7.134245170598767061e+00 2.437500000000000000e+02
7.149252406703324070e+00 2.471250000000000000e+02
7.157592873375998366e+00 2.133750000000000000e+02
7.172704349837612625e+00 2.354062500000000000e+02
7.188475682232397190e+00 2.336875000000000000e+02
7.196215841671541824e+00 2.124375000000000000e+02
7.212900323757537535e+00 2.260000000000000000e+02
7.226964283425198587e+00 2.140937500000000000e+02
7.236075039414744836e+00 2.479687500000000000e+02
7.251109100585493294e+00 2.379062500000000000e+02
7.259369738491972868e+00 1.863750000000000000e+02
7.274690058472941701e+00 2.001875000000000000e+02
7.290265676332651879e+00 1.884375000000000000e+02
7.298382630134906179e+00 1.973125000000000000e+02
7.314549377983102119e+00 1.924375000000000000e+02
7.328936425939605925e+00 1.754375000000000000e+02
7.338140341116700327e+00 2.040312500000000000e+02
7.353276236552231282e+00 2.064062500000000000e+02
7.361198427757784657e+00 2.026250000000000000e+02
7.376837581878088912e+00 1.712187500000000000e+02
7.392250937855726178e+00 1.847812500000000000e+02
7.400378140746646238e+00 1.966250000000000000e+02
7.416172920303111482e+00 1.962187500000000000e+02
7.430370780701190725e+00 1.649375000000000000e+02
7.439779811498326012e+00 1.645625000000000000e+02
7.455114538353267761e+00 1.658125000000000000e+02
7.463015320530416830e+00 1.629375000000000000e+02
7.478921127106922029e+00 1.613750000000000000e+02
7.494122288073427285e+00 1.480000000000000000e+02
7.502542230011634672e+00 1.652500000000000000e+02
7.517631614089493652e+00 1.525312500000000000e+02
7.527186709583494562e+00 1.587812500000000000e+02
7.541761574203590612e+00 1.484375000000000000e+02
7.557065916620476997e+00 1.128125000000000000e+02
7.565117380734605490e+00 1.515312500000000000e+02
7.581087255961072913e+00 1.518750000000000000e+02
7.596289652214196053e+00 1.123437500000000000e+02
7.604698715602022929e+00 1.584375000000000000e+02
7.619365181674115917e+00 1.433750000000000000e+02
7.629177373722797029e+00 1.185937500000000000e+02
7.643764034183142542e+00 1.271250000000000000e+02
7.659125246934282316e+00 1.160312500000000000e+02
7.666995205822765058e+00 1.201250000000000000e+02
7.682990573855104088e+00 1.391250000000000000e+02
7.697997795541006383e+00 1.063125000000000000e+02
7.706636076523752266e+00 1.421562500000000000e+02
7.721099824060551953e+00 1.244375000000000000e+02
7.730419870254426229e+00 1.034375000000000000e+02
7.745731134738914392e+00 1.019375000000000000e+02
7.761178685352234652e+00 9.487500000000000000e+01
7.768908584777395987e+00 1.237500000000000000e+02
7.784838213618531455e+00 9.406250000000000000e+01
7.800218966391398112e+00 6.737500000000000000e+01
7.808633145503147688e+00 1.149375000000000000e+02
7.823346613845949094e+00 9.271875000000000000e+01
7.832275047719029715e+00 8.378125000000000000e+01
7.847063422647796216e+00 1.156875000000000000e+02
7.863273484971170291e+00 9.556250000000000000e+01
7.870999142453966257e+00 9.921875000000000000e+01
7.886907895077355235e+00 8.581250000000000000e+01
7.901943706886083163e+00 6.000000000000000000e+01
7.910770977914539870e+00 1.102187500000000000e+02
7.925397089484651048e+00 9.037500000000000000e+01
7.934354830031828953e+00 1.088750000000000000e+02
7.949080003317680720e+00 7.184375000000000000e+01
7.965013776531568723e+00 5.887500000000000000e+01
7.973107382595076231e+00 7.928125000000000000e+01
7.988645874163820437e+00 7.215625000000000000e+01
8.003574557259884870e+00 8.450000000000000000e+01
8.012550020074003854e+00 6.931250000000000000e+01
8.027401382481805570e+00 6.762500000000000000e+01
8.036179789353498748e+00 5.075000000000000000e+01
8.051140725548929566e+00 6.725000000000000000e+01
8.067100997058762601e+00 3.912500000000000000e+01
8.075038705347427737e+00 7.525000000000000000e+01
8.090371023074595769e+00 5.512500000000000000e+01
8.105532924463034306e+00 4.893750000000000000e+01
8.114717820943214477e+00 4.559375000000000000e+01
8.129399769140331244e+00 4.762500000000000000e+01
8.138052100822410040e+00 5.237500000000000000e+01
8.153275355316763395e+00 5.137500000000000000e+01
8.168846561778948967e+00 3.981250000000000000e+01
8.177207452060571313e+00 5.506250000000000000e+01
8.192430445352552937e+00 4.337500000000000000e+01
8.207002148862805768e+00 9.062500000000000000e+00
8.216780416862052405e+00 4.081250000000000000e+01
8.231327415870197228e+00 3.556250000000000000e+01
8.239868936454598725e+00 2.556250000000000000e+01
8.255439019891245067e+00 1.918750000000000000e+01
8.270764900402568287e+00 1.390625000000000000e+01
8.279372477632891858e+00 3.512500000000000000e+01
8.293642851569789087e+00 1.975000000000000000e+01
8.303858135192733414e+00 -2.237500000000000000e+01
8.318458041201253650e+00 2.200000000000000000e+01
8.333365582518778680e+00 1.421875000000000000e+01
8.341644581054007190e+00 1.459375000000000000e+01
8.357534118955417313e+00 1.415625000000000000e+01
8.372381104175580901e+00 -1.737500000000000000e+01
8.381152634983912719e+00 3.125000000000000000e+00
8.395806230155617556e+00 2.056250000000000000e+01
8.405645446824365763e+00 -1.181250000000000000e+01
8.420132827730585134e+00 1.406250000000000000e+01
8.435533391304231188e+00 5.156250000000000000e+00
8.443752845434080001e+00 1.343750000000000000e+01
8.459285749807065713e+00 5.375000000000000000e+00
8.474505835474111848e+00 -1.375000000000000000e+01
8.483291152219486264e+00 2.731250000000000000e+01
8.497868989903379244e+00 -9.843750000000000000e+00
8.507500397756393440e+00 -2.062500000000000000e+01
8.522081071428868171e+00 4.468750000000000000e+00
8.537647907534875458e+00 -1.700000000000000000e+01
8.545385314460450132e+00 -5.875000000000000000e+00
8.561317985858813984e+00 -1.881250000000000000e+01
8.576219836730739843e+00 -2.056250000000000000e+01
8.584917115348245531e+00 4.250000000000000000e+00
8.599831879486314890e+00 4.968750000000000000e+00
8.608876700546836958e+00 -2.687500000000000000e+01
8.623624867767093249e+00 -1.512500000000000000e+01
8.639572333850111363e+00 -3.096875000000000000e+01
8.647421086505961085e+00 -7.500000000000000000e+00
8.663052244934124957e+00 -3.287500000000000000e+01
8.678215041083451098e+00 -3.350000000000000000e+01
8.687245127524981569e+00 3.312500000000000000e+00
8.702003472642841686e+00 -1.843750000000000000e+00
8.710778079437460519e+00 -3.071875000000000000e+01
8.725564007910611153e+00 -2.584375000000000000e+01
8.741542474925509509e+00 -1.412500000000000000e+01
8.749562610576717248e+00 -8.312500000000000000e+00
8.765008821428388330e+00 -6.937500000000000000e+00
8.779859768256130792e+00 -5.562500000000000000e+00
8.788945495726977697e+00 -1.206250000000000000e+01
8.804063920272202637e+00 -2.256250000000000000e+01
8.812485703190194641e+00 -1.490625000000000000e+01
8.827732994178836279e+00 -2.678125000000000000e+01
8.843592076800153023e+00 -3.268750000000000000e+01
8.851490084895662136e+00 -1.906250000000000000e+01
8.867015870374203246e+00 -2.359375000000000000e+01
8.881928571285238050e+00 -2.737500000000000000e+01
8.891108707911655529e+00 -1.375000000000000000e+00
8.905834646570767177e+00 -3.843750000000000000e+01
8.914370670785734418e+00 -3.662500000000000000e+01
8.929778987081407493e+00 -2.096875000000000000e+01
8.945374926646778135e+00 -4.693750000000000000e+01
8.953345673793261739e+00 -1.893750000000000000e+01
8.969046506889327475e+00 -3.375000000000000000e+01
8.983723616645761467e+00 -4.187500000000000000e+01
8.993013253787532690e+00 -2.640625000000000000e+01
9.007919070101625181e+00 -3.918750000000000000e+01
9.016314140935733690e+00 -1.168750000000000000e+01
9.031908402610751452e+00 -3.346875000000000000e+01
9.047133337533157516e+00 -4.068750000000000000e+01
9.055487211235332623e+00 -1.206250000000000000e+01
9.070607283153503175e+00 -1.775000000000000000e+01
9.080434583714833252e+00 -3.315625000000000000e+01
9.094867182839111663e+00 -1.228125000000000000e+01
9.110174015625418065e+00 -4.606250000000000000e+01
9.118317810383615551e+00 -4.412500000000000000e+01
9.134013303593427224e+00 -2.500000000000000000e+01
9.149006379086943141e+00 -3.590625000000000000e+01
9.157614830359698033e+00 -1.940625000000000000e+01
9.172398794160436353e+00 -4.387500000000000000e+01
9.182159503378516163e+00 -3.528125000000000000e+01
9.196268917122832676e+00 -2.543750000000000000e+01
9.212165815832719318e+00 -2.818750000000000000e+01
9.220200241257277440e+00 -2.012500000000000000e+01
9.236021132664216537e+00 -2.918750000000000000e+01
9.250983079281574817e+00 -4.262500000000000000e+01
9.259378450822582707e+00 -2.468750000000000000e+01
9.274723860526467689e+00 -1.896875000000000000e+01
9.283748816862370745e+00 -4.756250000000000000e+01
9.298350083848955450e+00 -3.825000000000000000e+01
9.314235700024621423e+00 -3.562500000000000000e+01
9.321968888217538662e+00 -1.856250000000000000e+01
9.337881990910867458e+00 -2.296875000000000000e+01
9.352914700527357184e+00 -2.887500000000000000e+01
9.361393924932080779e+00 -1.246875000000000000e+01
9.376574148935365116e+00 -2.868750000000000000e+01
9.385463564066757414e+00 -4.300000000000000000e+01
9.400147967309194996e+00 -5.412500000000000000e+01
9.416218882458952777e+00 -3.162500000000000000e+01
9.423927160267654202e+00 -4.115625000000000000e+01
9.439550403301883108e+00 -3.125000000000000000e+01
9.454571333507931996e+00 -3.203125000000000000e+01
9.463223686560557013e+00 -3.525000000000000000e+01
9.478390212715058993e+00 -3.325000000000000000e+01
9.487462699907062813e+00 -1.481250000000000000e+01
9.502048208430528220e+00 -6.687500000000000000e+00
9.518202982281827929e+00 -4.181250000000000000e+01
9.525930888929174500e+00 -9.250000000000000000e+00
9.541797487532793554e+00 -2.900000000000000000e+01
