#Time Flux
-2.191873447918583295e+00 -1.773437500000000000e+01
-2.183112028897282286e+00 -3.460937500000000000e+01
-2.174183968388161858e+00 -3.989062500000000000e+01
-2.165116048149162253e+00 -9.484375000000000000e+00
-2.156251675014186020e+00 -6.254687500000000000e+01
-2.147900410625158685e+00 -1.482812500000000000e+01
-2.138840837855980226e+00 -8.896875000000000000e+01
-2.130237119695266301e+00 -2.708593750000000000e+01
-2.121670104136223145e+00 -2.598437500000000000e+01
-2.112742043313108553e+00 -6.890625000000000000e+00
-2.104118766388911155e+00 -6.750000000000000000e+00
-2.095372609141943343e+00 -5.681250000000000000e+01
-2.086187802396818114e+00 -5.000000000000000000e+00
-2.077435542250936962e+00 -6.428906250000000000e+01
-2.068453819487629630e+00 -1.145312500000000000e+01
-2.060041557504119325e+00 -3.511718750000000000e+01
-2.051375208003824113e+00 -1.469531250000000000e+01
-2.042513263615933994e+00 -1.790625000000000000e+01
-2.033861986730915561e+00 -5.099218750000000000e+01
-2.024480589410899256e+00 2.484375000000000000e+00
-2.015787858626687523e+00 -5.494531250000000000e+01
-2.007076551826719069e+00 -2.820312500000000000e+01
-1.998241990470541296e+00 -4.150000000000000000e+01
-1.990004390883079566e+00 -1.487500000000000000e+01
-1.981040595148011008e+00 -2.250000000000000000e+01
-1.972284305502117974e+00 -3.953125000000000000e+01
-1.963179588580494794e+00 5.781250000000000000e-01
-1.954436179418792108e+00 -3.854687500000000000e+01
-1.945702549984199337e+00 -1.850000000000000000e+01
-1.936938532301264004e+00 -5.834375000000000000e+01
-1.928384351137228947e+00 -1.628125000000000000e+01
-1.919596526423227090e+00 -2.250000000000000000e+00
-1.910885155896098198e+00 -4.160937500000000000e+01
-1.901754931513170988e+00 2.253125000000000000e+01
-1.892714039790028835e+00 -3.707812500000000000e+01
-1.884401657065378544e+00 -6.609375000000000000e+00
-1.875462398354869720e+00 -4.364062500000000000e+01
-1.866806195904466392e+00 9.242187500000000000e+00
-1.858105917676205365e+00 -5.796875000000000000e+00
-1.849441327613646990e+00 -4.682031250000000000e+01
-1.840394444668842056e+00 2.106250000000000000e+01
-1.831307526838845234e+00 -2.514062500000000000e+01
-1.822843302068868354e+00 1.243750000000000000e+01
-1.813984230194874314e+00 -5.113281250000000000e+01
-1.805448748317360241e+00 3.968750000000000000e+00
-1.796738315205566039e+00 -1.350000000000000000e+01
-1.787966022063534055e+00 -2.585156250000000000e+01
-1.778805886302396999e+00 9.859375000000000000e+00
-1.769794569864725275e+00 -2.525781250000000000e+01
-1.761238532302423110e+00 9.375000000000000000e+00
-1.752542327744682993e+00 -4.896875000000000000e+01
-1.744139115413325669e+00 6.578125000000000000e+00
-1.735419106008073697e+00 -2.006250000000000000e+01
-1.726665066008768790e+00 -1.488281250000000000e+01
-1.717385834813216050e+00 1.625000000000000000e+01
-1.708495608089556583e+00 -2.548437500000000000e+01
-1.699805832386498849e+00 7.234375000000000000e+00
-1.691242168611003294e+00 -3.075781250000000000e+01
-1.682829962140417024e+00 1.884375000000000000e+01
-1.674121138189100577e+00 2.343750000000000000e+00
-1.665248067947910471e+00 -2.135937500000000000e+01
-1.655875952336588242e+00 1.378906250000000000e+01
-1.646702964223884180e+00 -2.890625000000000000e+01
-1.638439577798159519e+00 9.531250000000000000e+00
-1.629845999722974170e+00 -2.801562500000000000e+01
-1.621185636254676155e+00 -1.703125000000000000e+00
-1.612733030142265989e+00 9.218750000000000000e+00
-1.603507654276263850e+00 -2.224218750000000000e+01
-1.594483544502057981e+00 1.931250000000000000e+01
-1.585402299032800499e+00 -1.437500000000000000e+01
-1.576650572659522354e+00 1.168750000000000000e+01
-1.567956353159434713e+00 -4.320312500000000000e+01
-1.559881837919828484e+00 4.765625000000000000e+00
-1.551285668712974797e+00 1.509375000000000000e+01
-1.542110118787633155e+00 -1.190625000000000000e+01
-1.533181927382887721e+00 1.209375000000000000e+01
-1.523999498553402887e+00 -1.709375000000000000e+01
-1.515266035307529791e+00 9.921875000000000000e+00
-1.506652967807941224e+00 -1.551562500000000000e+01
-1.497987802934282797e+00 5.093750000000000000e+00
-1.489836486473464561e+00 2.151562500000000000e+01
-1.480905196120666290e+00 -1.253906250000000000e+01
-1.471880307236919094e+00 2.325000000000000000e+01
-1.462589143393607571e+00 -1.881250000000000000e+01
-1.453821858021800750e+00 9.195312500000000000e+00
-1.445184789243432633e+00 -3.036718750000000000e+01
-1.436417063251365533e+00 8.546875000000000000e+00
-1.428079142830037895e+00 1.203906250000000000e+01
-1.419124574821189810e+00 -3.578125000000000000e+00
-1.409974022843094588e+00 1.943750000000000000e+01
-1.401267468351402812e+00 -2.650781250000000000e+01
-1.392410648088553415e+00 2.674218750000000000e+01
-1.383067761539376050e+00 -3.292187500000000000e+01
-1.374739653297938347e+00 1.320312500000000000e+01
-1.366270053687280495e+00 1.121875000000000000e+01
-1.357928617741141153e+00 -1.771093750000000000e+01
-1.348668028956101494e+00 2.235937500000000000e+01
-1.339473777199206239e+00 -1.377343750000000000e+01
-1.330517590187088928e+00 2.148437500000000000e+01
-1.321589822533940861e+00 -3.575000000000000000e+01
-1.313195195569237583e+00 5.781250000000000000e-01
-1.304908842502614519e+00 1.540625000000000000e+01
-1.296157279888943137e+00 -5.273437500000000000e+00
-1.287246861628734251e+00 1.812500000000000000e+01
-1.277828340122358242e+00 -2.214843750000000000e+01
-1.269213904374925761e+00 2.687500000000000000e+01
-1.260289608335813938e+00 -3.304687500000000000e+01
-1.251394086761191460e+00 2.617187500000000000e+00
-1.243382182921427770e+00 1.671875000000000000e+01
-1.234525270522592422e+00 1.640625000000000000e+00
-1.225817216315263636e+00 2.137500000000000000e+01
-1.216230606699983952e+00 -1.380468750000000000e+01
-1.207451316990526990e+00 2.816406250000000000e+01
-1.198857347932801076e+00 -3.559375000000000000e+01
-1.189767021849846174e+00 7.609375000000000000e+00
-1.181957392044907351e+00 4.593750000000000000e+00
-1.172937030146183446e+00 -6.171875000000000000e+00
-1.164483967371241491e+00 1.707031250000000000e+01
-1.154928959312830017e+00 -3.495312500000000000e+01
-1.146149012380673682e+00 1.664843750000000000e+01
-1.137389267843538221e+00 -3.600781250000000000e+01
-1.128351218037096260e+00 -7.195312500000000000e+00
-1.120526649507352701e+00 4.539062500000000000e+00
-1.111633501283701975e+00 5.000000000000000000e-01
-1.103151458479420199e+00 7.140625000000000000e+00
-1.093627311227184151e+00 -2.194531250000000000e+01
-1.084679012898682515e+00 -4.250000000000000000e+00
-1.075876050091871150e+00 -3.072656250000000000e+01
-1.066917096822173505e+00 -9.875000000000000000e+00
-1.059223648093590597e+00 -1.614062500000000000e+01
-1.050245207163749583e+00 -1.339843750000000000e+01
-1.041849118653932038e+00 3.296875000000000000e+00
-1.032235798004252914e+00 -2.513281250000000000e+01
-1.023482202200554525e+00 -7.781250000000000000e+00
-1.014391792035173268e+00 -3.274218750000000000e+01
-1.005664160377207850e+00 -1.713281250000000000e+01
-9.977852130273223707e-01 -1.211718750000000000e+01
-9.887099987802159262e-01 -1.370312500000000000e+01
-9.797500453983278845e-01 -8.906250000000000000e+00
-9.707176486228021872e-01 -4.568750000000000000e+01
-9.619773185193096765e-01 -1.582031250000000000e+01
-9.528747426635959528e-01 -3.424218750000000000e+01
-9.442795713308953509e-01 -1.462500000000000000e+01
-9.356863226826082069e-01 -2.279687500000000000e+01
-9.270477941632808694e-01 -2.218750000000000000e+01
-9.182359269496807030e-01 -4.156250000000000000e+00
-9.093188918298036327e-01 -5.425781250000000000e+01
-9.004496272425477343e-01 -5.359375000000000000e+00
-8.911087349474513530e-01 -5.859375000000000000e+01
-8.824524029754847732e-01 -1.159375000000000000e+01
-8.741471457368685805e-01 -3.850000000000000000e+01
-8.655291092726642432e-01 -3.756250000000000000e+01
-8.568296437799105547e-01 -4.578125000000000000e+00
-8.479291387696363813e-01 -5.900000000000000000e+01
-8.389024412331735903e-01 -1.132812500000000000e+01
-8.298051587330377288e-01 -5.851562500000000000e+01
-8.209918290636188942e-01 -2.118750000000000000e+01
-8.126974246098903620e-01 -6.343750000000000000e+01
-8.038350985138009719e-01 -3.967187500000000000e+01
-7.955164905947711418e-01 -7.250000000000000000e+00
-7.865980218123205248e-01 -6.817187500000000000e+01
-7.775151481272395415e-01 -7.484375000000000000e+00
-7.683933979003203518e-01 -6.724218750000000000e+01
-7.597687415268197242e-01 -3.081250000000000000e+01
-7.513063854502401995e-01 -6.362500000000000000e+01
-7.424989578552860792e-01 -5.000000000000000000e+01
-7.342256834270699528e-01 -1.253125000000000000e+01
-7.251375275097213802e-01 -7.420312500000000000e+01
-7.159937353971770335e-01 -1.921875000000000000e+01
-7.066640054666262216e-01 -7.792968750000000000e+01
-6.980475437985660392e-01 -3.415625000000000000e+01
-6.900062249195766384e-01 -6.380468750000000000e+01
-6.809232422121187511e-01 -4.775781250000000000e+01
-6.728370717335891982e-01 -4.220312500000000000e+01
-6.635555137114081958e-01 -8.254687500000000000e+01
-6.546911471413920935e-01 -2.901562500000000000e+01
-6.454580560906535425e-01 -7.446875000000000000e+01
-6.366015108311948723e-01 -3.481250000000000000e+01
-6.282936853766205587e-01 -7.157031250000000000e+01
-6.193509560770209532e-01 -4.823437500000000000e+01
-6.111499746280202316e-01 -5.954687500000000000e+01
-6.020651505058651765e-01 -7.832812500000000000e+01
-5.936046730947772687e-01 -3.332812500000000000e+01
-5.842716838839390192e-01 -8.228906250000000000e+01
-5.752750661103540608e-01 -3.746875000000000000e+01
-5.666676960245702332e-01 -7.871875000000000000e+01
-5.579448369130073360e-01 -4.846093750000000000e+01
-5.498462594719200069e-01 -5.987500000000000000e+01
-5.407635304799498499e-01 -9.102343750000000000e+01
-5.320039043660802491e-01 -3.631250000000000000e+01
-5.226433754868970993e-01 -9.040625000000000000e+01
-5.139202538101734774e-01 -5.795312500000000000e+01
-5.052405637017383100e-01 -7.960937500000000000e+01
-4.963304678647411095e-01 -6.203125000000000000e+01
-4.880984419815010966e-01 -7.144531250000000000e+01
-4.788803534111760740e-01 -9.528125000000000000e+01
-4.701170734409068075e-01 -4.042187500000000000e+01
-4.611459931927051059e-01 -8.473437500000000000e+01
-4.524551000914378562e-01 -5.285937500000000000e+01
-4.431194942010492355e-01 -9.682812500000000000e+01
-4.349588713940768514e-01 -5.515625000000000000e+01
-4.266953004646776293e-01 -8.139843750000000000e+01
-4.175288758200661476e-01 -8.666406250000000000e+01
-4.087559781488643296e-01 -4.365625000000000000e+01
-3.996773505877726507e-01 -6.724218750000000000e+01
-3.909702524923996947e-01 -3.704687500000000000e+01
-3.814801635679145875e-01 -1.027500000000000000e+02
-3.735542763820731693e-01 -6.418750000000000000e+01
-3.649818268416726852e-01 -7.275000000000000000e+01
-3.562077065177540192e-01 -8.039062500000000000e+01
-3.473633380113110292e-01 -7.202343750000000000e+01
-3.378941653011118262e-01 -7.862500000000000000e+01
-3.293863785810717815e-01 -6.303125000000000000e+01
-3.201766707723550098e-01 -9.554687500000000000e+01
-3.121646983762094152e-01 -7.942968750000000000e+01
-3.035971344282977213e-01 -7.571093750000000000e+01
-2.942530145726571789e-01 -9.475000000000000000e+01
-2.860626844908633615e-01 -6.637500000000000000e+01
-2.762069001135571966e-01 -8.231250000000000000e+01
-2.677293029841933958e-01 -5.705468750000000000e+01
-2.587407435763466879e-01 -9.468750000000000000e+01
-2.506078644727995908e-01 -6.315625000000000000e+01
-2.421302711223827231e-01 -6.369531250000000000e+01
-2.329221930332323609e-01 -7.196875000000000000e+01
-2.245085607459333943e-01 -6.662500000000000000e+01
-2.149075209625337379e-01 -6.723437500000000000e+01
-2.062354573533973223e-01 -5.500000000000000000e+01
-1.975700805131168636e-01 -9.682812500000000000e+01
-1.888189490846912122e-01 -5.995312500000000000e+01
-1.809920983778816606e-01 -6.478125000000000000e+01
-1.715822489149907426e-01 -4.901562500000000000e+01
-1.631817562048816228e-01 -7.565625000000000000e+01
-1.534652092303971926e-01 -5.909375000000000000e+01
-1.448766023500223099e-01 -3.698437500000000000e+01
-1.359190100129694656e-01 -8.751562500000000000e+01
-1.271688714007979115e-01 -3.918750000000000000e+01
-1.193626456962846305e-01 -1.041562500000000000e+02
-1.102824110875992858e-01 -5.492031250000000000e+02
-1.018792757496846946e-01 -1.894656250000000000e+03
-9.216174029270263190e-02 -4.594875000000000000e+03
-8.337343971054167469e-02 -8.050718750000000000e+03
-7.434354512711394136e-02 -1.240635937500000000e+04
-6.586515014016924852e-02 -1.642525000000000000e+04
-5.782314390240728130e-02 -2.101732812500000000e+04
-4.842610246361722659e-02 -2.522936328125000000e+04
-3.995000452901820154e-02 -2.970419140625000000e+04
-3.076722245909735420e-02 -3.329491406250000000e+04
-2.202472942137490008e-02 -3.613964062500000000e+04
-1.295777285912436128e-02 -3.795482421875000000e+04
-4.421569513390011252e-03 -3.866901562500000000e+04
4.426532916369296800e-03 -3.942155468750000000e+04
1.308066048304823425e-02 -3.771489843750000000e+04
2.179022385052320487e-02 -3.620730468750000000e+04
3.119178498257468846e-02 -3.274156250000000000e+04
3.975610613856872533e-02 -2.927751562500000000e+04
4.865459023038098962e-02 -2.491473437500000000e+04
5.726979248276364842e-02 -2.065364843750000000e+04
6.583607663975676871e-02 -1.645350781250000000e+04
7.438340386649144875e-02 -1.180978125000000000e+04
8.308822964271911360e-02 -8.199078125000000000e+03
9.249297968874969911e-02 -4.405054687500000000e+03
1.011130459176339258e-01 -1.910250000000000000e+03
1.102068506267475101e-01 -4.619296875000000000e+02
1.185722721230533239e-01 -4.137500000000000000e+01
1.272042507625350538e-01 -6.972656250000000000e+01
1.358843540481000645e-01 -3.435156250000000000e+01
1.444073844227702352e-01 -5.263281250000000000e+01
1.537942250355897045e-01 -4.642968750000000000e+01
1.623594934630574471e-01 -2.409375000000000000e+01
1.715066322255385245e-01 -4.822656250000000000e+01
1.799913389935223762e-01 -8.007812500000000000e+00
1.885442290166032819e-01 -7.229687500000000000e+01
1.974399990227624357e-01 -1.888281250000000000e+01
2.059983940906242594e-01 -5.657031250000000000e+01
2.154867357747427548e-01 -3.930468750000000000e+01
2.240560291677535787e-01 -2.455468750000000000e+01
2.332635158115241580e-01 -4.397656250000000000e+01
2.416061564176423815e-01 -9.609375000000000000e+00
2.498447186533816478e-01 -8.289062500000000000e+01
2.587951077244277087e-01 -2.393750000000000000e+01
2.677270282749848462e-01 -5.521093750000000000e+01
2.769428027108276069e-01 -3.400000000000000000e+01
2.852824807742138091e-01 -2.020312500000000000e+01
2.945630722048750982e-01 -4.996093750000000000e+01
3.030775393856242061e-01 -7.562500000000000000e+00
3.116641920698111079e-01 -7.592187500000000000e+01
3.205870865923614588e-01 -5.984375000000000000e+00
3.293312597715569723e-01 -2.337500000000000000e+01
3.380906035270747623e-01 -2.883593750000000000e+01
3.466603658591917991e-01 -7.820312500000000000e+00
3.559377336702986838e-01 -5.392187500000000000e+01
3.646529450987010534e-01 3.171875000000000000e+00
3.733683045264264422e-01 -6.348437500000000000e+01
3.821264991656754262e-01 -1.023437500000000000e+01
3.906789074441920917e-01 -4.584375000000000000e+01
3.996285418796770017e-01 -3.717187500000000000e+01
4.085193836463396622e-01 -2.026562500000000000e+01
4.172603638945098226e-01 -4.384375000000000000e+01
4.260120868907115721e-01 -5.250000000000000000e+00
4.352732307272013657e-01 -5.950000000000000000e+01
4.436538490827981462e-01 -1.034375000000000000e+01
4.523850277764260852e-01 -3.853125000000000000e+01
4.610995159597184312e-01 -2.586718750000000000e+01
4.698519859336549587e-01 -2.067187500000000000e+01
4.790157317623275901e-01 -1.398437500000000000e+01
4.875129556047888002e-01 -2.312500000000000000e+00
4.967066508793873680e-01 -4.310937500000000000e+01
5.049546898500150149e-01 -8.906250000000000000e-01
5.137002507029002629e-01 -3.470312500000000000e+01
5.223995040799387368e-01 -7.257812500000000000e+00
5.312522758077129481e-01 -1.067187500000000000e+01
5.405139328623569384e-01 -6.203125000000000000e+00
5.488151229027700140e-01 2.687500000000000000e+00
5.582853965511382910e-01 -3.375000000000000000e+01
5.663432879632726014e-01 8.390625000000000000e+00
5.750121632269049599e-01 -3.114843750000000000e+01
5.836996391149540386e-01 -3.906250000000000000e-01
5.927260318400264794e-01 -5.234375000000000000e+00
6.022681481394336345e-01 -7.000000000000000000e+00
6.101173928790650791e-01 1.682812500000000000e+01
6.195857106336113418e-01 -3.428125000000000000e+01
6.280697804796044892e-01 2.591406250000000000e+01
6.369387033962432554e-01 -1.671875000000000000e+01
6.453677386274510042e-01 1.750000000000000000e+00
6.544460841746211344e-01 -2.523437500000000000e+00
6.636417653660853233e-01 -8.414062500000000000e+00
6.723046897311615311e-01 1.288281250000000000e+01
6.809984474151402623e-01 -2.582031250000000000e+01
6.893728579707794069e-01 2.875781250000000000e+01
6.982606590331723595e-01 -2.867968750000000000e+01
7.070377449900195899e-01 7.109375000000000000e+00
7.157482572060569481e-01 -1.363281250000000000e+01
7.249416350912749607e-01 8.320312500000000000e+00
7.330062674240025444e-01 2.259375000000000000e+01
7.425096149803707135e-01 -2.510156250000000000e+01
7.515056461161329082e-01 2.685937500000000000e+01
7.601337935863288209e-01 -4.148437500000000000e+01
7.685063108150504974e-01 3.457812500000000000e+01
7.773495179568037372e-01 -9.984375000000000000e+00
7.863133581242252035e-01 3.781250000000000000e+00
7.951872325544542264e-01 2.110156250000000000e+01
8.039459938429658337e-01 -2.149218750000000000e+01
8.127465312581989565e-01 3.739062500000000000e+01
8.214350408540216364e-01 -2.552343750000000000e+01
8.298081655961002667e-01 4.489843750000000000e+01
8.390731394065653603e-01 1.169531250000000000e+01
8.476126909419505751e-01 4.103125000000000000e+01
8.564458298594246344e-01 1.970312500000000000e+01
8.654276444984070338e-01 -6.921875000000000000e+00
8.741254275625323089e-01 2.448437500000000000e+01
8.831328482584126505e-01 -5.312500000000000000e+00
8.916441149868603588e-01 5.185937500000000000e+01
9.004184771448784375e-01 2.890625000000000000e+00
9.090962310545833702e-01 2.017187500000000000e+01
9.178787277511020193e-01 2.798437500000000000e+01
9.273003041780842892e-01 1.025000000000000000e+01
9.359392101279055964e-01 4.171875000000000000e+01
9.445391753016032510e-01 7.812500000000000000e-02
9.529896636384052044e-01 5.259375000000000000e+01
9.617802560286605740e-01 1.269531250000000000e+01
9.704365704600164122e-01 3.376562500000000000e+01
9.795430207710396076e-01 2.500000000000000000e+01
9.886702366476516346e-01 1.388281250000000000e+01
9.973521251543839838e-01 3.563281250000000000e+01
1.006046282953676041e+00 3.218750000000000000e+00
1.014343577803710872e+00 4.518750000000000000e+01
1.023046133644728073e+00 2.450781250000000000e+01
1.031734735515648538e+00 2.096875000000000000e+01
1.040932062650899326e+00 2.678125000000000000e+01
1.050004273585095405e+00 2.143750000000000000e+01
1.058876717589122052e+00 3.795312500000000000e+01
1.067346359083231278e+00 1.739062500000000000e+01
1.076178214078527873e+00 5.785937500000000000e+01
1.084656967374531433e+00 2.269531250000000000e+01
1.093306687136422539e+00 2.814062500000000000e+01
1.102388803125256445e+00 4.318750000000000000e+01
1.111390024793681874e+00 2.677343750000000000e+01
1.120065846452764191e+00 5.898437500000000000e+01
1.129014958588507866e+00 -6.375000000000000000e+00
1.137215521200069190e+00 6.775000000000000000e+01
1.146222766872128318e+00 1.778125000000000000e+01
1.154628533551328218e+00 5.709375000000000000e+01
1.163953916835481550e+00 3.317187500000000000e+01
1.173001008480555996e+00 4.525781250000000000e+01
1.181763541648463089e+00 5.297656250000000000e+01
1.189946020651760250e+00 1.270312500000000000e+01
1.199225325536765752e+00 5.325000000000000000e+01
1.207903322086199438e+00 1.260937500000000000e+01
1.216528580714992813e+00 6.126562500000000000e+01
1.225256579597072459e+00 3.931250000000000000e+01
1.234301220233961160e+00 5.150781250000000000e+01
1.242784774238792522e+00 5.812500000000000000e+01
1.251980836646740869e+00 1.712500000000000000e+01
1.260089352038040289e+00 7.026562500000000000e+01
1.269356534235805967e+00 2.207031250000000000e+01
1.278053719088187989e+00 6.451562500000000000e+01
1.286627459855720801e+00 3.285156250000000000e+01
1.295847180654828179e+00 4.537500000000000000e+01
1.304547381228887915e+00 6.458593750000000000e+01
1.313301764988818121e+00 1.556250000000000000e+01
1.321826077334783633e+00 7.804687500000000000e+01
1.330839679750704718e+00 2.360937500000000000e+01
1.339582882914205797e+00 8.033593750000000000e+01
1.348196435102270385e+00 3.410937500000000000e+01
1.357261002817224949e+00 5.484375000000000000e+01
1.365933865284507220e+00 6.204687500000000000e+01
1.374848955347680146e+00 1.593750000000000000e+01
1.383573276886838954e+00 8.384375000000000000e+01
1.392303383690236984e+00 2.139062500000000000e+01
1.401027758318010186e+00 8.382031250000000000e+01
1.409852981528313620e+00 2.664062500000000000e+01
1.418756080233205097e+00 4.962500000000000000e+01
1.427481551475384691e+00 6.190625000000000000e+01
1.436637187783672331e+00 1.050000000000000000e+01
1.444927445064832838e+00 7.611718750000000000e+01
1.453865877253765149e+00 1.790625000000000000e+01
1.462307514971730171e+00 5.585937500000000000e+01
1.471294532280730039e+00 3.268750000000000000e+01
1.480375247216855428e+00 8.446093750000000000e+01
1.488783860217981925e+00 4.535937500000000000e+01
1.498115910582175303e+00 2.686718750000000000e+01
1.506303838044370735e+00 5.941406250000000000e+01
1.514941180235783946e+00 2.323437500000000000e+01
1.523648435060337647e+00 8.201562500000000000e+01
1.532823906481425524e+00 3.725000000000000000e+01
1.542209777099220247e+00 6.395312500000000000e+01
1.550086171638131560e+00 4.496875000000000000e+01
1.559461090400624528e+00 2.896875000000000000e+01
1.567648816017445768e+00 7.065625000000000000e+01
1.576701535085547334e+00 1.182812500000000000e+01
1.585688104990770952e+00 7.727343750000000000e+01
1.594865418437354521e+00 3.434375000000000000e+01
1.603276807936492077e+00 6.785156250000000000e+01
1.611658334063918119e+00 5.840625000000000000e+01
1.620794701894391565e+00 2.510937500000000000e+01
1.629078978034312897e+00 7.320312500000000000e+01
1.638238547312999671e+00 1.696093750000000000e+01
1.647188617031124735e+00 8.100000000000000000e+01
1.656169048377439168e+00 3.648437500000000000e+01
1.664810776978288942e+00 6.521875000000000000e+01
1.672825234005488326e+00 6.453125000000000000e+01
1.682262110551482337e+00 3.485937500000000000e+01
1.691053216099078327e+00 7.150000000000000000e+01
1.700086178270476367e+00 1.831250000000000000e+01
1.708787343544226900e+00 9.209375000000000000e+01
1.717472677502616563e+00 3.551562500000000000e+01
1.726172984452025716e+00 5.037500000000000000e+01
1.734973852410110595e+00 5.812500000000000000e+01
1.743702258630207780e+00 4.660937500000000000e+01
1.752646698886564991e+00 6.328906250000000000e+01
1.761387351265193857e+00 2.329687500000000000e+01
1.769958311883563340e+00 9.042187500000000000e+01
1.778888543717220827e+00 2.224218750000000000e+01
1.787533729640180979e+00 5.978125000000000000e+01
1.796431069661210245e+00 5.893750000000000000e+01
1.805193041064683257e+00 2.568750000000000000e+01
1.814033760736194267e+00 7.041406250000000000e+01
1.822956103094597324e+00 1.431250000000000000e+01
1.831597356660587650e+00 1.186953125000000000e+02
1.840384590615629534e+00 1.290625000000000000e+01
1.849043748865234704e+00 6.870312500000000000e+01
1.857937531949502841e+00 4.779687500000000000e+01
1.867248364172219510e+00 6.060937500000000000e+01
1.875691655479748476e+00 8.979687500000000000e+01
1.884468506148692768e+00 1.026562500000000000e+01
1.893016410383179249e+00 9.871875000000000000e+01
1.901757258728700606e+00 3.253125000000000000e+01
1.910657479733121278e+00 8.035937500000000000e+01
1.919603958552688283e+00 4.470312500000000000e+01
1.928584835721290247e+00 7.186718750000000000e+01
1.936769717832866888e+00 6.576562500000000000e+01
1.945823246596834366e+00 2.418750000000000000e+01
1.954508218923255214e+00 1.057890625000000000e+02
1.963605478687426853e+00 2.048437500000000000e+01
1.971985179116650500e+00 7.543750000000000000e+01
1.980906640581014955e+00 5.803906250000000000e+01
1.989887967141863001e+00 5.821875000000000000e+01
1.998067622467424087e+00 7.487500000000000000e+01
2.007126357208168344e+00 2.687500000000000000e+01
2.016168697128296827e+00 1.094531250000000000e+02
2.025281815825142218e+00 3.092187500000000000e+01
2.033287689214098748e+00 7.075000000000000000e+01
2.042361384765433385e+00 4.626562500000000000e+01
2.051231922205390745e+00 4.817187500000000000e+01
2.059348279467190679e+00 8.752343750000000000e+01
2.068429469565732148e+00 2.281250000000000000e+01
2.077386347170985914e+00 1.049843750000000000e+02
2.086585185576982582e+00 2.942187500000000000e+01
2.095000183125584670e+00 6.819531250000000000e+01
2.104052733566728506e+00 4.360937500000000000e+01
2.112782673286607960e+00 4.966406250000000000e+01
2.121224044365908057e+00 6.760156250000000000e+01
2.129805466019414339e+00 2.664062500000000000e+01
2.138776129244934765e+00 9.737500000000000000e+01
2.148087839019790835e+00 2.750000000000000000e+01
2.156508259671767291e+00 6.531250000000000000e+01
2.165529765578956045e+00 4.873437500000000000e+01
2.174084264867166993e+00 4.375781250000000000e+01
2.182759403155181133e+00 7.855468750000000000e+01
2.191534908434826789e+00 3.537500000000000000e+01
2.200465184395518747e+00 9.515625000000000000e+01
2.209283961751630443e+00 3.853125000000000000e+01
2.217601887603045441e+00 5.013281250000000000e+01
2.227027840456717200e+00 5.398437500000000000e+01
2.235396134015953606e+00 6.729687500000000000e+01
2.244328037771197160e+00 9.003125000000000000e+01
2.253238032483643849e+00 3.374218750000000000e+01
2.262059574686642094e+00 8.459375000000000000e+01
2.270916192574709669e+00 4.187500000000000000e+01
2.279529013410346749e+00 9.021875000000000000e+01
2.288325884072978766e+00 5.565625000000000000e+01
2.297054547997259277e+00 6.867187500000000000e+01
2.305829955385888752e+00 7.992187500000000000e+01
2.314986534021763021e+00 5.225000000000000000e+01
2.323506258581399919e+00 9.331250000000000000e+01
2.332259177013785489e+00 4.425000000000000000e+01
2.340995773156052451e+00 8.801562500000000000e+01
2.349711552934454772e+00 5.639843750000000000e+01
2.358880323279699098e+00 8.135156250000000000e+01
2.367312561919607816e+00 6.203125000000000000e+01
2.376707220569130641e+00 5.096875000000000000e+01
2.384804473229959143e+00 9.089062500000000000e+01
2.393558022742528379e+00 4.073437500000000000e+01
2.403013486071369442e+00 9.395312500000000000e+01
2.411165670522203541e+00 4.434375000000000000e+01
2.420181642681235701e+00 6.314843750000000000e+01
2.428610500896684954e+00 5.553125000000000000e+01
2.438075515872089483e+00 3.610937500000000000e+01
2.446249936251064128e+00 7.596875000000000000e+01
2.455237997034645403e+00 5.100000000000000000e+01
2.463955775829871797e+00 5.950000000000000000e+01
2.472806197443205178e+00 5.131250000000000000e+01
2.481636194809382800e+00 7.942968750000000000e+01
2.489908339058093389e+00 4.784375000000000000e+01
2.499447409223400030e+00 3.953125000000000000e+01
2.507601004305307413e+00 8.298437500000000000e+01
2.516539490346120900e+00 4.638281250000000000e+01
2.525613533440274949e+00 8.153125000000000000e+01
2.534380728712191555e+00 4.179687500000000000e+01
2.543452674856258255e+00 7.010937500000000000e+01
2.551485134934539545e+00 6.687500000000000000e+01
2.560750967917307719e+00 4.171875000000000000e+01
2.569050109947211169e+00 8.019531250000000000e+01
2.578216970961426213e+00 3.596093750000000000e+01
2.587014724021376111e+00 8.503125000000000000e+01
2.596055721273515360e+00 4.725781250000000000e+01
2.604933230790130949e+00 5.305468750000000000e+01
2.612504012819773180e+00 5.489062500000000000e+01
2.622059679337889193e+00 4.269531250000000000e+01
2.630897655089029286e+00 6.510156250000000000e+01
2.640166347366545097e+00 3.246875000000000000e+01
2.648688901995273071e+00 8.077343750000000000e+01
2.657358140145007042e+00 4.277343750000000000e+01
2.666104539641130700e+00 6.175000000000000000e+01
2.674088875754152994e+00 5.857812500000000000e+01
2.683526308157842877e+00 3.392968750000000000e+01
2.692326241712898138e+00 7.582812500000000000e+01
2.701306805042396064e+00 3.796093750000000000e+01
2.710039671242503445e+00 8.157812500000000000e+01
2.718834903995775321e+00 4.752343750000000000e+01
2.727530891935977309e+00 6.365625000000000000e+01
2.736107421544616614e+00 6.382031250000000000e+01
2.745029823568629013e+00 3.559375000000000000e+01
2.753933091392966048e+00 7.057031250000000000e+01
2.762904519303296169e+00 4.310156250000000000e+01
2.771509069497767541e+00 8.215625000000000000e+01
2.780350079831075405e+00 5.562500000000000000e+01
2.789023300374516623e+00 4.148437500000000000e+01
2.797836274319635663e+00 5.510937500000000000e+01
2.807228683531384661e+00 4.789062500000000000e+01
2.815392200488236796e+00 5.567187500000000000e+01
2.824450306303475600e+00 5.179687500000000000e+01
2.832991307000238379e+00 6.778125000000000000e+01
2.842008219472109687e+00 4.596093750000000000e+01
2.850549786308755884e+00 5.256250000000000000e+01
2.859133921909162268e+00 5.101562500000000000e+01
2.868574460740369148e+00 3.657812500000000000e+01
2.876713989058472976e+00 5.532812500000000000e+01
2.885783625075365677e+00 3.992187500000000000e+01
2.894855610948571467e+00 5.598437500000000000e+01
2.903495196119662225e+00 4.246093750000000000e+01
2.912062195700185541e+00 5.159375000000000000e+01
2.920827175603868398e+00 4.132812500000000000e+01
2.929854689729097572e+00 5.097656250000000000e+01
2.938253831659853432e+00 4.732031250000000000e+01
2.947085374151303228e+00 3.273437500000000000e+01
2.956331677819290960e+00 5.264062500000000000e+01
2.965082935015979970e+00 3.839843750000000000e+01
2.973422074898635969e+00 5.800000000000000000e+01
2.982333643753269925e+00 4.396875000000000000e+01
2.991174766667704432e+00 4.890625000000000000e+01
2.999792459241795939e+00 5.476562500000000000e+01
3.008511244789033867e+00 3.520312500000000000e+01
3.017889346183290300e+00 6.546093750000000000e+01
3.026612779854977120e+00 5.859375000000000000e+01
3.035357654107551539e+00 6.483593750000000000e+01
3.043636159249478723e+00 5.282812500000000000e+01
3.052510399908879180e+00 5.664062500000000000e+01
3.061431780809037662e+00 5.732812500000000000e+01
3.069811124875187147e+00 1.154687500000000000e+01
3.079188482626557644e+00 6.389062500000000000e+01
3.088016002658799053e+00 5.634375000000000000e+01
3.096852887382109287e+00 4.971875000000000000e+01
3.105037885279781307e+00 3.556250000000000000e+01
3.114022783116578097e+00 7.248437500000000000e+01
3.122881515325811819e+00 5.839062500000000000e+01
3.131197319227432274e+00 4.264062500000000000e+01
3.140669986339357678e+00 5.951562500000000000e+01
3.149319143014247757e+00 5.099218750000000000e+01
3.158126900760453992e+00 5.318750000000000000e+01
3.166455270224133756e+00 4.464062500000000000e+01
3.175364799667036664e+00 5.170312500000000000e+01
3.184366392232536924e+00 4.339062500000000000e+01
3.193100210480967149e+00 4.367187500000000000e+01
3.202038824585489607e+00 5.160937500000000000e+01
3.210834831537786371e+00 4.376562500000000000e+01
3.219509655275917481e+00 3.845312500000000000e+01
3.227919461411598689e+00 2.921875000000000000e+01
3.236966351646874074e+00 6.097656250000000000e+01
3.245840421409562637e+00 4.959375000000000000e+01
3.254657380218784368e+00 5.345312500000000000e+01
3.263522192378742304e+00 3.538281250000000000e+01
3.272168876648100522e+00 4.191406250000000000e+01
3.280823586923037993e+00 6.470312500000000000e+01
3.289567562980391102e+00 3.293750000000000000e+01
3.298267639380409122e+00 6.235937500000000000e+01
3.307212667163913267e+00 4.300000000000000000e+01
3.316134976986536032e+00 4.856250000000000000e+01
3.324951284449035427e+00 5.100000000000000000e+01
3.333595948627230854e+00 5.361718750000000000e+01
3.342186771959394065e+00 4.996093750000000000e+01
3.350916026130139613e+00 4.061718750000000000e+01
3.359959881081802990e+00 4.788281250000000000e+01
3.368616809492646524e+00 5.603906250000000000e+01
3.377939372027810805e+00 4.850000000000000000e+01
3.386239840636648069e+00 4.634375000000000000e+01
3.395017262849496120e+00 4.278125000000000000e+01
3.403548312656809571e+00 5.104687500000000000e+01
3.412573391147738278e+00 4.332812500000000000e+01
3.421585980897642543e+00 5.543750000000000000e+01
3.430145684529763983e+00 4.551562500000000000e+01
3.439321837937518112e+00 4.998437500000000000e+01
3.448384308294215828e+00 4.525000000000000000e+01
3.456496088741049633e+00 5.194531250000000000e+01
3.465658465863315385e+00 5.281250000000000000e+01
3.474092015666755628e+00 4.032812500000000000e+01
3.483142716678564454e+00 5.610937500000000000e+01
3.492038387431232849e+00 4.007812500000000000e+01
3.500622027692065430e+00 3.117968750000000000e+01
3.509748690845050589e+00 4.816406250000000000e+01
3.518160176562322050e+00 3.007812500000000000e+01
3.527003191798232962e+00 5.867187500000000000e+01
3.535650023006807530e+00 4.309375000000000000e+01
3.544736238201769751e+00 4.696875000000000000e+01
3.553342028190666468e+00 2.723437500000000000e+01
3.562022924232786991e+00 3.442187500000000000e+01
3.571149782751490420e+00 4.685156250000000000e+01
3.579918043260978067e+00 1.293750000000000000e+01
3.588471338031004265e+00 4.762500000000000000e+01
3.596952219554138352e+00 2.699218750000000000e+01
3.605997302073252087e+00 3.892187500000000000e+01
3.614930406798738005e+00 4.310937500000000000e+01
3.623493930727516243e+00 1.597656250000000000e+01
3.632447634329764696e+00 3.564062500000000000e+01
3.641369224220767364e+00 -1.154687500000000000e+01
3.649942283194004489e+00 4.244531250000000000e+01
3.658808627609225539e+00 2.289062500000000000e+01
3.667443928657284857e+00 3.102343750000000000e+01
3.676251225143680301e+00 1.525781250000000000e+01
3.685004777827032285e+00 7.421875000000000000e+00
3.693978366108858324e+00 4.140625000000000000e+01
3.703114323984651790e+00 9.125000000000000000e+00
3.711311904990649779e+00 5.514843750000000000e+01
3.720214472607068501e+00 2.410937500000000000e+01
3.728853034037321379e+00 3.173437500000000000e+01
3.737734833801297896e+00 4.645312500000000000e+01
3.747208571215260520e+00 4.171875000000000000e+00
3.755858228100912299e+00 3.059375000000000000e+01
3.764457489075640595e+00 -1.134375000000000000e+01
3.772700619258799293e+00 3.176562500000000000e+01
3.781677000690601531e+00 2.452343750000000000e+01
3.790387679182551040e+00 2.726562500000000000e+01
3.799552152695031992e+00 4.602343750000000000e+01
3.808317600484443233e+00 2.289062500000000000e+01
3.816932688033734422e+00 3.317187500000000000e+01
3.825815659283060555e+00 1.624218750000000000e+01
3.834141900200178199e+00 3.067187500000000000e+01
3.843290080047655266e+00 1.756250000000000000e+01
3.851930119610820213e+00 4.032812500000000000e+01
3.860892204217137191e+00 3.450000000000000000e+01
3.869810971836436408e+00 1.346875000000000000e+01
3.878463490410574366e+00 1.907812500000000000e+01
3.887144698481634464e+00 -1.432812500000000000e+01
3.895571030177134020e+00 2.957812500000000000e+01
3.905070254599431578e+00 1.003906250000000000e+01
3.913295952415534629e+00 3.237500000000000000e+01
3.922193775585085973e+00 3.531250000000000000e+01
3.931117808985682416e+00 5.437500000000000000e+00
3.939944042454573747e+00 3.790625000000000000e+01
3.948578820163312741e+00 -2.728125000000000000e+01
3.957453621815648859e+00 1.953125000000000000e+01
3.966593850962444989e+00 4.812500000000000000e+00
3.974624055837251646e+00 2.508593750000000000e+01
3.983720271831881377e+00 2.750000000000000000e+01
3.992493475626343269e+00 -1.459375000000000000e+01
4.001568327457302843e+00 2.954687500000000000e+01
4.009882416524852999e+00 7.734375000000000000e+00
4.018757342850722836e+00 1.803125000000000000e+01
4.027858242537181610e+00 1.848437500000000000e+01
4.035948049827212003e+00 1.110937500000000000e+01
4.045023770455483003e+00 2.014062500000000000e+01
4.053999347356045391e+00 -1.282031250000000000e+01
4.062922746384288075e+00 4.434375000000000000e+01
4.071711585658537302e+00 -5.687500000000000000e+00
4.080346371861317323e+00 1.140625000000000000e+01
4.089238762459849852e+00 1.345312500000000000e+01
4.098025959780262184e+00 -2.218750000000000000e+00
4.106505423503461927e+00 2.463281250000000000e+01
4.115300906540403147e+00 1.312500000000000000e+00
4.124315784412335262e+00 4.056250000000000000e+01
4.133253419524361760e+00 -1.968750000000000000e+01
4.141973196214113528e+00 1.556250000000000000e+01
4.150751500492891211e+00 -5.718750000000000000e+00
4.159421521955945167e+00 9.625000000000000000e+00
4.168152953860381871e+00 9.765625000000000000e+00
4.176874234460543178e+00 8.875000000000000000e+00
4.185820357368417177e+00 2.464062500000000000e+01
4.194759073355385226e+00 -6.718750000000000000e-01
4.203307318942531623e+00 1.800000000000000000e+01
4.212107008629295990e+00 1.951562500000000000e+01
4.220771306827861835e+00 5.117187500000000000e+00
4.229548350126645317e+00 2.939062500000000000e+01
4.238177399237095244e+00 -4.281250000000000000e+00
4.247504879289538238e+00 1.607031250000000000e+01
4.256428926262342927e+00 -8.429687500000000000e+00
4.264760022274012741e+00 1.550000000000000000e+01
4.273526192193441986e+00 2.891406250000000000e+01
4.282116188829085957e+00 7.062500000000000000e+00
4.290851652422773554e+00 2.064843750000000000e+01
4.299909005439776166e+00 -6.859375000000000000e+00
4.308919917269463440e+00 9.015625000000000000e+00
4.317957958887040704e+00 -1.112500000000000000e+01
4.326206205696927043e+00 6.328125000000000000e+00
4.334826348533153961e+00 2.232812500000000000e+01
4.343840061340214831e+00 -2.187500000000000000e+00
4.352666317406725938e+00 2.593750000000000000e+00
4.361538037989792116e+00 1.145312500000000000e+01
4.370221288053812714e+00 1.482812500000000000e+01
4.379345552360529581e+00 -6.812500000000000000e+00
4.387874111696763890e+00 1.053125000000000000e+01
4.396661863377474333e+00 2.345312500000000000e+01
4.405530191524524852e+00 1.497656250000000000e+01
4.414554714654126855e+00 1.164062500000000000e+01
4.422837974420961160e+00 9.984375000000000000e+00
4.431522761865721804e+00 1.943750000000000000e+01
4.440646070177091786e+00 -1.445312500000000000e+01
4.449650875971009611e+00 2.392187500000000000e+01
4.458134472003383308e+00 1.948437500000000000e+01
4.467120244013424113e+00 -5.070312500000000000e+00
4.475855848067634923e+00 1.714062500000000000e+01
4.484181419444492889e+00 2.609375000000000000e+00
4.493331398142611732e+00 1.962500000000000000e+01
4.501986405683618742e+00 2.539062500000000000e+00
4.510717181811591203e+00 1.769531250000000000e+01
4.519599246098991330e+00 -3.789062500000000000e+00
4.528585660945628533e+00 -3.171875000000000000e+00
4.537156878453583175e+00 5.609375000000000000e+00
4.545484993898124770e+00 -2.906250000000000000e+00
4.554635027384204449e+00 2.267187500000000000e+01
4.563158679881075486e+00 -2.968750000000000000e+00
4.572282150125580813e+00 1.898437500000000000e+01
4.581390195463887594e+00 -2.703125000000000000e+01
4.589937986684549998e+00 -3.093750000000000000e+00
4.598713198538000313e+00 1.562500000000000000e+01
4.607293255828317058e+00 -4.781250000000000000e+00
4.616212453988044473e+00 3.479687500000000000e+01
4.624882595753909698e+00 -4.359375000000000000e+00
4.633901890233543597e+00 2.765625000000000000e+01
4.643109304379464675e+00 -6.937500000000000000e+00
4.651327672319382600e+00 -5.687500000000000000e+00
4.660046567236083348e+00 2.304687500000000000e+01
4.668757194376532027e+00 -1.500000000000000000e+01
4.677916755274285521e+00 1.922656250000000000e+01
4.686636715239103523e+00 -2.977343750000000000e+01
4.695391174227253828e+00 4.081250000000000000e+01
4.704375307102042214e+00 -4.167187500000000000e+01
4.712782865478642336e+00 -5.093750000000000000e+00
4.721590604821578552e+00 8.765625000000000000e+00
4.730448193367854159e+00 -1.744531250000000000e+01
4.738922817344530358e+00 3.855468750000000000e+01
4.748248899214232210e+00 -2.439843750000000000e+01
4.756914998495080482e+00 2.984375000000000000e+01
4.765715552726902615e+00 -2.795312500000000000e+01
4.774406127418732382e+00 5.625000000000000000e+00
4.782945119431271763e+00 1.087500000000000000e+01
4.791979749773657815e+00 1.960937500000000000e+00
4.800828239536276243e+00 2.525781250000000000e+01
4.809548779183970169e+00 -3.417187500000000000e+01
4.818218234834962033e+00 3.190625000000000000e+01
4.827075652717420340e+00 -2.407812500000000000e+01
4.836006153274510666e+00 -8.117187500000000000e+00
4.844266254952906081e+00 1.203125000000000000e+00
4.853276354250638747e+00 4.953125000000000000e+00
4.862150649014850501e+00 1.970312500000000000e+01
4.870649075524831062e+00 -2.523437500000000000e+01
4.879740459789097429e+00 4.162500000000000000e+01
4.888377338172384512e+00 -3.595312500000000000e+01
4.897444322678484951e+00 -1.968750000000000000e+00
4.905568492100080391e+00 9.703125000000000000e+00
4.914590214831729753e+00 1.187500000000000000e+00
4.923753827098222402e+00 3.017968750000000000e+01
4.932374328403227537e+00 -3.742968750000000000e+01
4.941382797560912365e+00 3.921093750000000000e+01
4.949775318784300993e+00 -4.185156250000000000e+01
4.958867822239737322e+00 -1.015625000000000000e+00
4.967356656882953914e+00 -2.945312500000000000e+00
4.976627206824833394e+00 8.703125000000000000e+00
4.985104693954809818e+00 2.345312500000000000e+01
4.993826584058769669e+00 -4.060937500000000000e+01
5.002685611837044632e+00 2.877343750000000000e+01
5.011174910257615522e+00 -5.484375000000000000e+01
5.020288175327671354e+00 -2.359375000000000000e+00
5.029216877727726853e+00 3.015625000000000000e+00
5.038014459162670988e+00 -1.353125000000000000e+01
5.046723425540857733e+00 1.400000000000000000e+01
5.055258068490990908e+00 -4.476562500000000000e+01
5.064171813778671094e+00 4.181250000000000000e+01
5.073272368451311465e+00 -3.979687500000000000e+01
5.081923851860263852e+00 7.812500000000000000e+00
5.090861663606103704e+00 3.179687500000000000e+00
5.099418447178811320e+00 -1.484375000000000000e+01
5.108054481510745148e+00 1.121875000000000000e+01
5.116825268406167027e+00 -2.807812500000000000e+01
5.125791665582406509e+00 1.865625000000000000e+01
5.134712651736776934e+00 -2.916406250000000000e+01
5.143266427361592008e+00 5.156250000000000000e-01
5.152050862867959324e+00 8.312500000000000000e+00
5.161182064405492653e+00 -1.945312500000000000e+01
5.169352510636937126e+00 3.078125000000000000e+01
5.178126393554187246e+00 -2.854687500000000000e+01
5.187098180355860677e+00 3.237500000000000000e+01
5.196163588856315130e+00 -3.381250000000000000e+01
5.204713933796691450e+00 3.486718750000000000e+01
5.213572417410677673e+00 -6.234375000000000000e+00
5.222938358398891978e+00 -6.140625000000000000e+00
5.230744679113779938e+00 1.715625000000000000e+01
5.239830113863508387e+00 -2.003125000000000000e+01
5.248533292789902660e+00 1.550000000000000000e+01
5.257801708251406581e+00 -2.778125000000000000e+01
5.266190368981735759e+00 6.250000000000000000e-01
5.275344548767705533e+00 -3.940625000000000000e+01
5.284307022689107569e+00 -1.952890625000000000e+02
5.292013225124744480e+00 -5.061718750000000000e+02
5.301129346687748267e+00 -1.038546875000000000e+03
5.309699887567299825e+00 -1.512460937500000000e+03
5.319287385629206000e+00 -2.313328125000000000e+03
5.328072699605591822e+00 -2.944906250000000000e+03
5.336901039522414791e+00 -3.776648437500000000e+03
5.345609798238955435e+00 -4.285109375000000000e+03
5.353455036678827383e+00 -4.997515625000000000e+03
5.362818603962935526e+00 -5.605312500000000000e+03
5.371269811507691117e+00 -6.099000000000000000e+03
5.380494705547084422e+00 -6.611554687500000000e+03
5.389167426717794029e+00 -6.896171875000000000e+03
5.398294262112081299e+00 -7.265828125000000000e+03
5.407064226083386771e+00 -7.299375000000000000e+03
5.415060201333163903e+00 -7.452351562500000000e+03
5.424585797393252307e+00 -7.253234375000000000e+03
5.432676450067576823e+00 -7.126945312500000000e+03
5.441888624858176371e+00 -6.906921875000000000e+03
5.450913606027519620e+00 -6.422906250000000000e+03
5.460146744134419805e+00 -6.125359375000000000e+03
5.468547316772031763e+00 -5.380140625000000000e+03
5.476363748152708766e+00 -4.897703125000000000e+03
5.485899686007369880e+00 -4.115570312500000000e+03
5.494082138911267066e+00 -3.463312500000000000e+03
5.503315011832206949e+00 -2.783625000000000000e+03
5.512215995393241030e+00 -2.041578125000000000e+03
5.521584411304694129e+00 -1.471312500000000000e+03
5.529891884478322694e+00 -8.436015625000000000e+02
5.538528527038758753e+00 -4.612578125000000000e+02
5.547339467701497995e+00 -1.668906250000000000e+02
5.556064718962481663e+00 -1.586718750000000000e+01
5.564947789490531704e+00 -4.020312500000000000e+01
5.573827496603341203e+00 1.311718750000000000e+01
5.583101780181344509e+00 -5.312500000000000000e+01
5.591230349376107966e+00 -1.172656250000000000e+01
5.599960032264327481e+00 -1.298437500000000000e+01
5.608859305502825521e+00 -3.269531250000000000e+01
5.617513500947170613e+00 1.337500000000000000e+01
5.627085284058289005e+00 -5.764062500000000000e+01
5.635594349339402953e+00 1.348437500000000000e+01
5.644431195936002510e+00 -6.677343750000000000e+01
5.652534597050760112e+00 -2.859375000000000000e+00
5.661630870595779186e+00 -2.726562500000000000e+01
5.670160076806475047e+00 -3.477343750000000000e+01
5.678829690743370406e+00 1.407812500000000000e+01
5.688470177564404651e+00 -5.525000000000000000e+01
5.696897500055815300e+00 8.187500000000000000e+00
5.705986212554559955e+00 -7.028125000000000000e+01
5.714372363779947506e+00 -4.453125000000000000e-01
5.723564122066349569e+00 -4.035937500000000000e+01
5.731842423474811099e+00 -3.397656250000000000e+01
5.740155930775756588e+00 1.351562500000000000e+01
5.749480965282273814e+00 -7.445312500000000000e+01
5.757988856686708345e+00 6.453125000000000000e+00
5.767153989340689790e+00 -7.928906250000000000e+01
5.775830728984754359e+00 -2.165625000000000000e+01
5.785043902027846130e+00 -3.519531250000000000e+01
5.793240745514834700e+00 -4.117968750000000000e+01
5.801793802263677691e+00 -5.351562500000000000e+00
5.811076084000042385e+00 -5.876562500000000000e+01
5.819503954516580535e+00 -4.273437500000000000e+00
5.828818468417455989e+00 -7.123437500000000000e+01
5.837283678361572470e+00 -5.945312500000000000e+00
5.846523292929337146e+00 -3.584375000000000000e+01
5.855089061970156550e+00 -4.624218750000000000e+01
5.863406564976248347e+00 8.867187500000000000e+00
5.872379034423893529e+00 -6.053125000000000000e+01
5.881017965027346861e+00 2.890625000000000000e+00
5.890117348728825419e+00 -7.504687500000000000e+01
5.898738663675022309e+00 -1.920312500000000000e+01
5.907859554370579858e+00 -3.638281250000000000e+01
5.916250198241158387e+00 -3.079687500000000000e+01
5.925037961956219235e+00 -1.178125000000000000e+01
5.933797209425446084e+00 -6.365625000000000000e+01
5.942785133475613435e+00 -1.078125000000000000e+01
5.951722897639122323e+00 -6.584375000000000000e+01
5.960270275242276483e+00 6.765625000000000000e+00
5.969216131750076926e+00 -4.950000000000000000e+01
5.977915900839111174e+00 -2.817968750000000000e+01
5.986445133064320245e+00 -3.835937500000000000e+00
5.995318393825945336e+00 -6.167187500000000000e+01
6.004156916718297765e+00 -1.679687500000000000e+01
6.013219331733079542e+00 -8.468750000000000000e+01
6.021751980393570847e+00 -1.010937500000000000e+01
6.030640406714592672e+00 -5.292187500000000000e+01
6.039229499891899167e+00 -3.079687500000000000e+01
6.047929350206413091e+00 -1.914062500000000000e+01
6.056685814945677038e+00 -6.996875000000000000e+01
6.065750906248769780e+00 -2.104687500000000000e+01
6.074591049384125085e+00 -9.225000000000000000e+01
6.083235850937850131e+00 -2.475000000000000000e+01
6.092723574990330349e+00 -5.987500000000000000e+01
6.100801096370148002e+00 -4.078125000000000000e+01
6.109254438952458344e+00 -2.253125000000000000e+01
6.117979245685450707e+00 -6.159375000000000000e+01
6.127052774010127933e+00 4.953125000000000000e+00
6.135894102719120724e+00 -9.065625000000000000e+01
6.144676158365863117e+00 -1.658593750000000000e+01
6.153838492518847403e+00 -3.018750000000000000e+01
6.162426666199079861e+00 -3.803125000000000000e+01
6.170630302324777716e+00 -1.445312500000000000e+01
6.179751903440564575e+00 -6.771875000000000000e+01
6.188354639210349006e+00 3.375000000000000000e+00
6.197590098148394233e+00 -7.563281250000000000e+01
6.205840678436285174e+00 -2.614062500000000000e+01
6.215330392725107345e+00 -7.273437500000000000e+01
6.223727380983090640e+00 -3.803906250000000000e+01
6.232041317235328393e+00 -1.932812500000000000e+01
6.241051180844596757e+00 -5.820312500000000000e+01
6.250320652954407308e+00 7.593750000000000000e+00
6.259130865317478865e+00 -8.339843750000000000e+01
6.267683857399889646e+00 -1.291406250000000000e+01
6.276707740331206153e+00 -4.874218750000000000e+01
6.284704299411249195e+00 -2.717968750000000000e+01
6.293838176859857469e+00 -2.206250000000000000e+01
6.302484193031748561e+00 -3.598437500000000000e+01
6.311720877262890994e+00 -7.593750000000000000e+00
6.320530706788769493e+00 -7.181250000000000000e+01
6.329157031828689384e+00 -2.878125000000000000e+01
6.338196700691227647e+00 -6.896875000000000000e+01
6.346807696857354131e+00 -1.242187500000000000e+01
6.355213146049999651e+00 -1.925781250000000000e+01
6.364158617070923896e+00 -5.898437500000000000e+01
6.373330488988072418e+00 4.421875000000000000e+00
6.381996694071609966e+00 -6.475000000000000000e+01
6.390644877912755817e+00 1.195312500000000000e+01
6.399787697192010683e+00 -6.506250000000000000e+01
6.408308979704381514e+00 -2.467968750000000000e+01
6.416649066738827401e+00 -3.809375000000000000e+01
6.425831470301828219e+00 -5.690625000000000000e+01
6.434649744520882564e+00 1.787500000000000000e+01
6.443339718570012309e+00 -5.945312500000000000e+01
6.452150478176669424e+00 2.078125000000000000e+00
6.461611210384777593e+00 -7.514062500000000000e+01
6.469778719741434259e+00 -1.502343750000000000e+01
6.478440412669018045e+00 -1.990625000000000000e+01
6.487191070189942010e+00 -4.929687500000000000e+01
6.496075959480172912e+00 1.914062500000000000e+01
6.504994748186543774e+00 -5.876562500000000000e+01
6.513753148666152626e+00 1.835937500000000000e+00
6.523059584406176725e+00 -7.060937500000000000e+01
6.531179720329507887e+00 -1.650000000000000000e+01
6.539872485669697255e+00 -2.109375000000000000e+01
6.548564501303054897e+00 -4.068750000000000000e+01
6.557548248866353902e+00 6.984375000000000000e+00
6.566603949187971523e+00 -7.200000000000000000e+01
6.575782477887621269e+00 0.000000000000000000e+00
6.584402220974071795e+00 -8.091406250000000000e+01
