#Time Flux
-1.563492873155954044e+01 1.656250000000000000e+00
-1.557207498145490376e+01 -9.101562500000000000e-01
-1.550963627628667041e+01 -1.796875000000000000e-01
-1.544833296008587809e+01 -1.988281250000000000e+00
-1.538651529179404065e+01 2.392578125000000000e+00
-1.532308386696587377e+01 8.593750000000000000e-02
-1.525874347302166711e+01 1.851562500000000000e+00
-1.519738690086006727e+01 3.273437500000000000e+00
-1.513450484234122939e+01 1.601562500000000000e-01
-1.507209763946765690e+01 3.162109375000000000e+00
-1.500699191903117935e+01 4.378906250000000000e+00
-1.494569045336834279e+01 4.007812500000000000e+00
-1.488233583373619240e+01 2.187500000000000000e+00
-1.482070849053332040e+01 5.667968750000000000e+00
-1.475763970095755440e+01 5.851562500000000000e+00
-1.469571409271424045e+01 2.691406250000000000e+00
-1.463247510693535958e+01 4.265625000000000000e+00
-1.457017392165090541e+01 2.359375000000000000e+00
-1.450834908214315533e+01 4.070312500000000000e+00
-1.444575536824783057e+01 4.628906250000000000e+00
-1.438309332639965987e+01 4.212890625000000000e+00
-1.432038429637756849e+01 3.634765625000000000e+00
-1.425757196242568625e+01 3.560546875000000000e+00
-1.419396880493604840e+01 1.289062500000000000e+00
-1.413214658704045235e+01 1.367187500000000000e+00
-1.406808145524502152e+01 7.148437500000000000e-01
-1.400464907463791064e+01 8.496093750000000000e-01
-1.394226281262882594e+01 -1.863281250000000000e+00
-1.387988569690398322e+01 -3.404296875000000000e+00
-1.381951032140557345e+01 -1.496093750000000000e+00
-1.375581270294327396e+01 -2.777343750000000000e+00
-1.369330285956171167e+01 7.265625000000000000e-01
-1.362966956056484946e+01 5.664062500000000000e-01
-1.356747808050559456e+01 -1.339843750000000000e+00
-1.350542911540853197e+01 -1.015625000000000000e+00
-1.344172407316725071e+01 6.757812500000000000e-01
-1.337780574832115121e+01 -2.746093750000000000e+00
-1.331590673588867446e+01 -1.062500000000000000e+00
-1.325400596255076380e+01 1.171875000000000000e-01
-1.319168693882127741e+01 1.449218750000000000e+00
-1.312981021814759686e+01 -2.207031250000000000e-01
-1.306683792721543114e+01 1.179687500000000000e+00
-1.300553752977231170e+01 3.445312500000000000e+00
-1.294095817634214995e+01 4.669921875000000000e+00
-1.287744540814242100e+01 5.181640625000000000e+00
-1.281431696306628965e+01 5.949218750000000000e+00
-1.275218859308549213e+01 3.292968750000000000e+00
-1.268927582103859208e+01 4.101562500000000000e+00
-1.262797496236524353e+01 7.617187500000000000e+00
-1.256543803153928707e+01 5.210937500000000000e+00
-1.250176234618263038e+01 5.857421875000000000e+00
-1.243945722402304455e+01 4.687500000000000000e+00
-1.237815541886402571e+01 5.742187500000000000e-01
-1.231404251247022330e+01 -8.710937500000000000e-01
-1.225057463636409238e+01 -4.609375000000000000e-01
-1.218927283519229832e+01 6.640625000000000000e-01
-1.212635742224713908e+01 -1.402343750000000000e+00
-1.206505633935788069e+01 -2.287109375000000000e+00
-1.200100851463128038e+01 -3.792968750000000000e+00
-1.193730868974938630e+01 -2.734375000000000000e-02
-1.187601083424937087e+01 -3.437500000000000000e+00
-1.181228673031907306e+01 5.078125000000000000e-01
-1.174970393974368221e+01 -1.914062500000000000e-01
-1.168720248368123293e+01 -3.031250000000000000e+00
-1.162442447100312393e+01 -1.425781250000000000e+00
-1.156209848247036120e+01 2.125000000000000000e+00
-1.150020319550870340e+01 3.519531250000000000e+00
-1.143706023455078480e+01 -3.730468750000000000e-01
-1.137470659327878764e+01 4.759765625000000000e+00
-1.131229344728298258e+01 9.082031250000000000e-01
-1.125051029644853884e+01 5.250000000000000000e+00
-1.118748204036177185e+01 2.671875000000000000e+00
-1.112523844868815104e+01 1.623046875000000000e+00
-1.106352494381707174e+01 4.757812500000000000e+00
-1.099980413106013089e+01 1.990234375000000000e+00
-1.093642198910998786e+01 7.062500000000000000e+00
-1.087481249631213132e+01 3.167968750000000000e+00
-1.081175044073700064e+01 5.000000000000000000e+00
-1.074675918651357165e+01 3.343750000000000000e+00
-1.068314135274701471e+01 5.722656250000000000e-01
-1.062157145870926911e+01 2.988281250000000000e+00
-1.055879915086413234e+01 -2.222656250000000000e+00
-1.049670061446497016e+01 -1.855468750000000000e+00
-1.043411341206683574e+01 -2.324218750000000000e+00
-1.037234236482426297e+01 -2.333984375000000000e+00
-1.030934894332682461e+01 -2.902343750000000000e+00
-1.024753063321708169e+01 -6.687500000000000000e+00
-1.018492413099437499e+01 -2.675781250000000000e+00
-1.012329730993519661e+01 1.453125000000000000e+00
-1.005984116810060414e+01 -3.050781250000000000e+00
-9.996327271044037843e+00 -3.074218750000000000e+00
-9.933073933631590080e+00 5.078125000000000000e-02
-9.871185914367714531e+00 -3.429687500000000000e+00
-9.807298104187850640e+00 -9.843750000000000000e-01
-9.743420328049438695e+00 2.031250000000000000e-01
-9.681065099553364917e+00 2.259765625000000000e+00
-9.619191205149178359e+00 8.359375000000000000e-01
-9.556767136913293825e+00 4.335937500000000000e-01
-9.494807466270103191e+00 2.816406250000000000e+00
-9.431937124520828775e+00 5.082031250000000000e+00
-9.368880359427691928e+00 -2.988281250000000000e-01
-9.307074330024818209e+00 1.988281250000000000e+00
-9.245399791231875497e+00 3.632812500000000000e+00
-9.183336993296734363e+00 1.378906250000000000e+00
-9.119884560221464653e+00 7.070312500000000000e-01
-9.056310236332990371e+00 1.304687500000000000e+00
-8.995088606490071470e+00 3.417968750000000000e-01
-8.931792035686726194e+00 9.453125000000000000e-01
-8.867914680136806282e+00 1.042968750000000000e+00
-8.803429233761022488e+00 -2.539062500000000000e-01
-8.741917926301510988e+00 -5.585937500000000000e-01
-8.679846625843623542e+00 -2.830078125000000000e+00
-8.617174614838489788e+00 8.984375000000000000e-02
-8.554857990863055761e+00 -1.824218750000000000e+00
-8.492879296621140384e+00 -3.671875000000000000e+00
-8.430701156152991871e+00 6.015625000000000000e-01
-8.368120213828717624e+00 3.281250000000000000e-01
-8.305127446041922212e+00 9.492187500000000000e-01
-8.241320104974050764e+00 1.021484375000000000e+00
-8.179927101688292623e+00 8.984375000000000000e-01
-8.116491158132305372e+00 -1.046875000000000000e+00
-8.053116322883056455e+00 -8.671875000000000000e-01
-7.991384422728486925e+00 5.156250000000000000e-01
-7.928000128915215328e+00 1.523437500000000000e-01
-7.863437919825997824e+00 2.199218750000000000e+00
-7.803155504985454627e+00 3.142578125000000000e+00
-7.739927368881893699e+00 2.148437500000000000e+00
-7.676520534508867399e+00 -2.460937500000000000e-01
-7.613790483332095960e+00 1.886718750000000000e+00
-7.551413099984912947e+00 8.613281250000000000e-01
-7.488977530819227013e+00 -2.011718750000000000e-01
-7.427676304040630839e+00 -8.691406250000000000e-01
-7.365306368178181629e+00 -2.103515625000000000e+00
-7.302463610263259852e+00 7.617187500000000000e-02
-7.239946689088668563e+00 -1.718750000000000000e-01
-7.177568506936921722e+00 1.650390625000000000e+00
-7.115212496889910199e+00 2.003906250000000000e+00
-7.052872556661071712e+00 3.013671875000000000e+00
-6.987438974221788612e+00 -2.851562500000000000e+00
-6.924467800526883821e+00 1.279296875000000000e+00
-6.861997392101301330e+00 -1.189453125000000000e+00
-6.799463876521400607e+00 2.851562500000000000e-01
-6.736970713354565987e+00 2.851562500000000000e-01
-6.673839559834860324e+00 3.886718750000000000e-01
-6.610794740216135779e+00 -1.753906250000000000e+00
-6.549026009645729118e+00 -1.875000000000000000e-01
-6.486944093588363103e+00 3.261718750000000000e-01
-6.425331426046511751e+00 -1.406250000000000000e+00
-6.362533219929503048e+00 -3.242187500000000000e+00
-6.299980522169192909e+00 1.757812500000000000e-01
-6.236611684190336291e+00 -4.265625000000000000e+00
-6.174199005453459677e+00 -4.095703125000000000e+00
-6.111857914346387588e+00 -2.492187500000000000e+00
-6.048345564647007677e+00 -3.388671875000000000e+00
-5.985497209665680884e+00 -5.394531250000000000e+00
-5.922037639156741307e+00 -4.013671875000000000e+00
-5.859553665386698640e+00 -5.582031250000000000e+00
-5.797291302055867845e+00 -4.019531250000000000e+00
-5.734278649918451265e+00 -3.109375000000000000e+00
-5.672198480969001366e+00 -4.488281250000000000e+00
-5.609526806412816313e+00 -5.925781250000000000e+00
-5.547026671102912587e+00 -3.039062500000000000e+00
-5.484790751480659310e+00 -3.320312500000000000e+00
-5.421716109678413886e+00 -4.703125000000000000e+00
-5.360014365494265576e+00 -3.363281250000000000e+00
-5.298675824819270019e+00 -5.187500000000000000e+00
-5.233183700149879769e+00 -3.093750000000000000e+00
-5.171782602230720727e+00 -4.990234375000000000e+00
-5.108397593846149221e+00 -1.669921875000000000e+00
-5.045505371592497568e+00 -5.019531250000000000e+00
-4.982159885548213651e+00 -7.761718750000000000e+00
-4.920696799636544938e+00 -4.972656250000000000e+00
-4.857551692910845986e+00 -8.746093750000000000e+00
-4.795059928585359899e+00 -8.785156250000000000e+00
-4.732636495902525553e+00 -6.613281250000000000e+00
-4.670263046869351342e+00 -1.002343750000000000e+01
-4.607822043661997213e+00 -1.081835937500000000e+01
-4.545535869500497483e+00 -8.156250000000000000e+00
-4.481817928553823549e+00 -9.750000000000000000e+00
-4.419058914474277344e+00 -7.710937500000000000e+00
-4.355550352159383465e+00 -7.888671875000000000e+00
-4.293207236240618840e+00 -6.171875000000000000e+00
-4.230825474920322904e+00 -4.810546875000000000e+00
-4.168563173670605693e+00 -7.824218750000000000e+00
-4.106275226153286440e+00 -7.542968750000000000e+00
-4.042779827649837898e+00 -8.330078125000000000e+00
-3.980817266925413378e+00 -6.746093750000000000e+00
-3.917560490909153259e+00 -5.945312500000000000e+00
-3.855880748181988338e+00 -4.410156250000000000e+00
-3.792333442643922581e+00 -5.468750000000000000e+00
-3.729593154752421924e+00 -8.234375000000000000e+00
-3.667870678896122172e+00 -3.640625000000000000e+00
-3.605638133082436525e+00 -4.070312500000000000e+00
-3.541919786428366024e+00 -6.140625000000000000e+00
-3.480034597192911860e+00 -3.386718750000000000e+00
-3.415631532078080568e+00 -4.318359375000000000e+00
-3.353289100503147324e+00 -6.720703125000000000e+00
-3.291928436231160049e+00 -7.082031250000000000e+00
-3.230587841369896296e+00 -6.761718750000000000e+00
-3.167119052639378651e+00 -8.433593750000000000e+00
-3.104217907312175839e+00 -7.183593750000000000e+00
-3.041525192285234880e+00 -8.013671875000000000e+00
-2.977569177752656060e+00 -6.859375000000000000e+00
-2.916108846143373512e+00 -8.191406250000000000e+00
-2.852734723937729200e+00 -1.196875000000000000e+01
-2.789220458304896511e+00 -9.328125000000000000e+00
-2.727515660282563204e+00 -6.953125000000000000e+00
-2.665318931307382400e+00 -8.615234375000000000e+00
-2.602021770373426079e+00 -8.117187500000000000e+00
-2.540167053996185587e+00 -6.718750000000000000e+00
-2.476830181057493974e+00 -7.882812500000000000e+00
-2.413355198781033550e+00 -8.046875000000000000e+00
-2.351969762892892390e+00 -7.417968750000000000e+00
-2.288553202929307417e+00 -8.701171875000000000e+00
-2.227200688233921255e+00 -7.347656250000000000e+00
-2.163893407195843110e+00 -7.093750000000000000e+00
-2.100899769626238367e+00 -2.039062500000000000e+00
-2.038608376793632715e+00 -5.636718750000000000e+00
-1.976274086350230164e+00 -4.296875000000000000e-02
-1.912783933790606739e+00 -4.529296875000000000e+00
-1.850414066107461508e+00 -2.480468750000000000e+00
-1.787581618458546018e+00 -1.582031250000000000e+00
-1.725387164507964144e+00 -1.410156250000000000e+00
-1.662876643589299874e+00 -3.894531250000000000e+00
-1.600148805667544138e+00 -4.570312500000000000e+00
-1.536671022967823319e+00 -4.781250000000000000e+00
-1.473504408685442968e+00 -3.554687500000000000e+00
-1.412146511874567523e+00 -4.869140625000000000e+00
-1.348628933222840942e+00 -6.734375000000000000e+00
-1.287326053579505469e+00 -3.296875000000000000e+00
-1.223939213479440014e+00 -4.515625000000000000e+00
-1.160941563099157747e+00 -3.177734375000000000e+00
-1.099140292927387463e+00 -1.238281250000000000e+00
-1.036189845991515313e+00 -7.519531250000000000e-01
-9.728330275846843733e-01 -1.013671875000000000e+00
-9.096875283976828541e-01 3.242187500000000000e-01
-8.476482893291290566e-01 1.671875000000000000e+00
-7.849647293289763184e-01 2.648437500000000000e+00
-7.222263658658221175e-01 2.230468750000000000e+00
-6.601823353697398034e-01 4.960937500000000000e+00
-5.966989259136994406e-01 4.363281250000000000e+00
-5.335345712605032986e-01 6.134765625000000000e+00
-4.720964665196305532e-01 8.273437500000000000e+00
-4.086564186625594175e-01 8.955078125000000000e+00
-3.464476194794201547e-01 9.859375000000000000e+00
-2.837271966992318539e-01 1.050781250000000000e+01
-2.209835724970332649e-01 1.251367187500000000e+01
-1.587813920615701591e-01 1.446484375000000000e+01
-9.748263795168554680e-02 1.570312500000000000e+01
-3.487087052027959544e-02 1.429687500000000000e+01
3.028221893686122712e-02 1.444140625000000000e+01
9.544629481106881030e-02 1.587890625000000000e+01
1.567461299027002042e-01 1.710546875000000000e+01
2.200824508227583465e-01 1.875000000000000000e+01
2.828561934564248759e-01 2.223046875000000000e+01
3.451137076827137662e-01 2.208984375000000000e+01
4.064115312922069734e-01 2.184765625000000000e+01
4.709300089771772946e-01 2.471289062500000000e+01
5.335925233675027357e-01 2.484375000000000000e+01
5.955732327021792116e-01 2.552929687500000000e+01
6.577905933523595650e-01 2.794921875000000000e+01
7.210928760337367294e-01 2.937109375000000000e+01
7.823966680239493598e-01 2.439843750000000000e+01
8.455173726060820627e-01 2.897656250000000000e+01
9.081335922442832498e-01 3.056445312500000000e+01
9.702527068984068137e-01 2.714843750000000000e+01
1.032384023640361193e+00 2.941796875000000000e+01
1.096677252110481504e+00 2.999218750000000000e+01
1.160309531137272643e+00 2.731835937500000000e+01
1.222803430196833574e+00 2.513671875000000000e+01
1.285011850048277893e+00 2.357812500000000000e+01
1.347668120169927874e+00 2.330078125000000000e+01
1.410913960490745467e+00 1.857226562500000000e+01
1.473510793592964774e+00 1.830859375000000000e+01
1.536177728135470488e+00 1.700390625000000000e+01
1.598450623563479667e+00 1.673046875000000000e+01
1.659749354863237158e+00 1.632421875000000000e+01
1.722381279018264877e+00 1.858203125000000000e+01
1.785490654186105530e+00 1.602734375000000000e+01
1.848083111245230725e+00 1.657421875000000000e+01
1.910847689761965285e+00 2.052343750000000000e+01
1.972449076954319480e+00 2.269140625000000000e+01
2.036168818445844408e+00 2.193750000000000000e+01
2.098480459531515407e+00 2.357812500000000000e+01
2.161911431463920508e+00 2.373437500000000000e+01
2.224889664218750340e+00 2.362890625000000000e+01
2.286410619986511961e+00 2.617773437500000000e+01
2.349973726259435125e+00 2.283203125000000000e+01
2.413277580388552224e+00 2.359179687500000000e+01
2.474728908274215655e+00 2.305859375000000000e+01
2.537774317971155824e+00 2.384375000000000000e+01
2.599665010393295006e+00 2.101562500000000000e+01
2.661634857370756890e+00 2.002343750000000000e+01
2.725668644563583598e+00 2.103320312500000000e+01
2.788032601906323293e+00 1.598046875000000000e+01
2.850778234935376076e+00 1.494921875000000000e+01
2.912346445972900710e+00 1.114453125000000000e+01
2.977080045461349300e+00 1.188671875000000000e+01
3.039111896152775216e+00 1.298437500000000000e+01
3.103512651001977929e+00 9.296875000000000000e+00
3.164814646013070387e+00 8.312500000000000000e+00
3.226585754198254108e+00 8.910156250000000000e+00
3.289725467919282664e+00 1.004296875000000000e+01
3.351138152090442190e+00 9.822265625000000000e+00
3.412439157916395516e+00 1.032617187500000000e+01
3.477543469318362668e+00 7.992187500000000000e+00
3.539581314713217353e+00 6.597656250000000000e+00
3.601555073936708595e+00 8.931640625000000000e+00
3.663602389457906838e+00 1.146093750000000000e+01
3.728253671540826986e+00 8.257812500000000000e+00
3.793368360533463601e+00 8.648437500000000000e+00
3.854666002942508385e+00 6.906250000000000000e+00
3.916981001127794570e+00 8.839843750000000000e+00
3.979044183532408852e+00 5.691406250000000000e+00
4.042629128876100708e+00 7.093750000000000000e+00
4.104705469098945514e+00 3.371093750000000000e+00
4.166040182294779015e+00 5.449218750000000000e+00
4.229648591841481675e+00 2.375000000000000000e+00
4.292167314105483911e+00 7.832031250000000000e-01
4.354569029769578492e+00 -3.460937500000000000e+00
4.416813096214127654e+00 -1.960937500000000000e+00
4.480176051813998583e+00 -6.443359375000000000e+00
4.542258280959600825e+00 -4.511718750000000000e+00
4.605556602904570696e+00 -7.097656250000000000e+00
4.668805729797838922e+00 -9.312500000000000000e+00
4.730637423514224338e+00 -1.124609375000000000e+01
4.794563475861764346e+00 -1.253906250000000000e+01
4.856948335172717179e+00 -1.082812500000000000e+01
4.919571075069200106e+00 -1.081250000000000000e+01
4.981343908730877956e+00 -7.777343750000000000e+00
5.043121460530926470e+00 -8.667968750000000000e+00
5.105933867626475831e+00 -9.632812500000000000e+00
5.167831027121223997e+00 -8.726562500000000000e+00
5.233145477126839751e+00 -9.130859375000000000e+00
5.295467963930377664e+00 -7.046875000000000000e+00
5.358116998702683986e+00 -5.140625000000000000e+00
5.420913942388239093e+00 -5.503906250000000000e+00
5.483208023268403508e+00 -1.562500000000000000e+00
5.547966523054299159e+00 -3.929687500000000000e+00
5.609354845505322373e+00 -1.867187500000000000e+00
5.670741139826816379e+00 -9.609375000000000000e-01
5.732770728292990725e+00 -2.845703125000000000e+00
5.793336536461822561e+00 2.343750000000000000e-02
5.858282609283065767e+00 -5.289062500000000000e+00
5.919648769831496793e+00 -6.835937500000000000e+00
5.983089338577372018e+00 -3.902343750000000000e+00
6.045894223213650776e+00 -7.515625000000000000e+00
6.109497098848891028e+00 -8.882812500000000000e+00
6.171944077697787634e+00 -6.398437500000000000e+00
6.234403658236573165e+00 -8.142578125000000000e+00
6.297741448536356756e+00 -1.044140625000000000e+01
6.360016404684813551e+00 -8.648437500000000000e+00
6.422346967615823132e+00 -1.203515625000000000e+01
6.485457559492814994e+00 -1.346679687500000000e+01
6.548753300656187548e+00 -1.383203125000000000e+01
6.610055962370040561e+00 -1.219140625000000000e+01
6.674358301894358192e+00 -1.356250000000000000e+01
6.736270420032184347e+00 -9.669921875000000000e+00
6.798311697096892203e+00 -1.082421875000000000e+01
6.860663593460287757e+00 -1.057031250000000000e+01
6.924397843902625027e+00 -8.824218750000000000e+00
6.985759007168397261e+00 -7.117187500000000000e+00
7.048596828632739175e+00 -7.068359375000000000e+00
7.113035084411336584e+00 -2.691406250000000000e+00
7.175671261560154335e+00 -5.484375000000000000e+00
7.237843641630405500e+00 -4.324218750000000000e+00
7.300827457806832399e+00 -3.681640625000000000e+00
7.362338684442448766e+00 -3.457031250000000000e+00
7.425499428595884410e+00 -1.226562500000000000e+00
7.486851165181960255e+00 8.691406250000000000e-01
7.550225657639259680e+00 -3.632812500000000000e-01
7.611720276190851564e+00 -1.460937500000000000e+00
7.674749309456046831e+00 7.812500000000000000e-03
7.738216370315655013e+00 -8.515625000000000000e-01
7.800561067012552030e+00 -2.339843750000000000e+00
7.862441082834948247e+00 -2.302734375000000000e+00
7.925751153568086238e+00 -5.898437500000000000e+00
7.988544532726095326e+00 -2.804687500000000000e+00
8.052038171848494130e+00 -8.017578125000000000e+00
8.114378049009047800e+00 -6.261718750000000000e+00
8.177724683810623674e+00 -8.542968750000000000e+00
8.239172939758503844e+00 -5.152343750000000000e+00
8.302330482170447112e+00 -5.761718750000000000e+00
8.365358295652285392e+00 -3.900390625000000000e+00
8.427799141430313057e+00 -2.947265625000000000e+00
8.490005954783498510e+00 -6.761718750000000000e+00
8.551731616145218595e+00 -5.769531250000000000e+00
8.614722363793362092e+00 -8.265625000000000000e+00
8.677437530060075233e+00 -5.714843750000000000e+00
8.739485363618456404e+00 -4.154296875000000000e+00
8.804192408240851364e+00 -4.023437500000000000e+00
8.865585452424582513e+00 -4.607421875000000000e+00
8.928748198342745468e+00 -4.160156250000000000e+00
8.992882148559971256e+00 -4.980468750000000000e+00
9.054938376258746757e+00 -5.607421875000000000e+00
9.117794115592772641e+00 -4.597656250000000000e+00
9.179093297070579638e+00 -2.535156250000000000e+00
9.242322150044429918e+00 -1.304687500000000000e+00
9.304448865119653078e+00 -7.519531250000000000e-01
9.366765681892374573e+00 -2.597656250000000000e-01
9.430127316153686934e+00 -2.804687500000000000e+00
9.492511375578061461e+00 -1.962890625000000000e+00
9.554695919764299106e+00 -1.648437500000000000e+00
9.615111674898827232e+00 -1.640625000000000000e+00
9.680355857945926346e+00 -4.847656250000000000e+00
9.742955093341549855e+00 -5.937500000000000000e+00
9.805499186061368277e+00 -3.285156250000000000e+00
9.867294061218004231e+00 -5.941406250000000000e+00
9.931933816409241444e+00 -2.210937500000000000e+00
9.994892469337742114e+00 -2.279296875000000000e+00
1.005619384739441102e+01 -2.542968750000000000e+00
1.011901297341793793e+01 -2.291015625000000000e+00
1.018313053420048675e+01 1.187500000000000000e+00
1.024542097841718657e+01 1.199218750000000000e+00
1.030687830533361193e+01 2.546875000000000000e+00
1.037007805763556689e+01 1.833984375000000000e+00
1.043151232599007017e+01 3.070312500000000000e+00
1.049374757822445758e+01 1.023437500000000000e+00
1.055806848564469647e+01 3.730468750000000000e+00
1.062025320193521338e+01 9.921875000000000000e-01
1.068291996752344630e+01 -4.179687500000000000e-01
1.074554242492664002e+01 -2.968750000000000000e-01
1.080838791012750733e+01 -2.873046875000000000e+00
1.087103138612141606e+01 -1.984375000000000000e+00
1.093435099695469148e+01 -1.265625000000000000e+00
1.099664027081550444e+01 -2.855468750000000000e+00
1.105900281490957582e+01 -1.835937500000000000e+00
1.112230535342089865e+01 -2.285156250000000000e+00
1.118522909388684639e+01 -2.960937500000000000e+00
1.124670098460296686e+01 -1.472656250000000000e+00
1.131002873759558724e+01 -2.833984375000000000e+00
1.137238379004341482e+01 -1.851562500000000000e+00
1.143368398503301364e+01 1.328125000000000000e-01
1.149804027595172329e+01 9.062500000000000000e-01
1.156015056250640782e+01 6.718750000000000000e-01
1.162216625518044566e+01 1.136718750000000000e+00
1.168630915312439811e+01 1.625000000000000000e+00
1.174761130680906263e+01 2.707031250000000000e+00
1.181100126360828995e+01 4.015625000000000000e+00
1.187414973898589210e+01 4.369140625000000000e+00
1.193705785562329424e+01 3.837890625000000000e+00
1.199959068622814584e+01 4.146484375000000000e+00
1.206229686761938069e+01 2.917968750000000000e+00
1.212515903559516062e+01 1.835937500000000000e+00
1.218686139951978475e+01 1.652343750000000000e+00
1.224996919254738259e+01 1.328125000000000000e-01
1.231034224473407335e+01 -7.988281250000000000e-01
1.237264473057638270e+01 7.695312500000000000e-01
1.243633890336434433e+01 -4.304687500000000000e+00
1.249971892215066305e+01 -6.097656250000000000e+00
1.256284770458699995e+01 -5.902343750000000000e+00
1.262688646479250565e+01 -6.654296875000000000e+00
1.268828383798130233e+01 -3.916015625000000000e+00
1.275097054481588543e+01 -4.585937500000000000e+00
1.281475257987005989e+01 -5.187500000000000000e+00
1.287697711799469857e+01 -3.330078125000000000e+00
1.293898522922299321e+01 -4.417968750000000000e+00
1.300184617766436190e+01 -1.513671875000000000e+00
1.306439036577491208e+01 -4.433593750000000000e-01
1.312667223530183946e+01 -7.031250000000000000e-02
1.318989078635416945e+01 4.414062500000000000e-01
1.325120766973816444e+01 8.417968750000000000e-01
1.331251943966645968e+01 1.781250000000000000e+00
1.337623656842708897e+01 5.820312500000000000e-01
1.343935031509647615e+01 6.406250000000000000e-01
1.350281055931958463e+01 2.449218750000000000e+00
1.356515777312468174e+01 2.720703125000000000e+00
1.362892077482692343e+01 4.531250000000000000e-01
1.369093932438258321e+01 1.644531250000000000e+00
1.375432272789456078e+01 -6.992187500000000000e-01
1.381638640329717305e+01 5.039062500000000000e-01
1.387870591459235925e+01 4.414062500000000000e-01
1.394180041427981109e+01 -1.304687500000000000e+00
1.400494920401362720e+01 -2.757812500000000000e+00
1.406684455993899974e+01 -3.667968750000000000e+00
1.412982243138986860e+01 -2.609375000000000000e+00
1.419114620060975085e+01 -1.886718750000000000e+00
1.425353132445476945e+01 -4.166015625000000000e+00
1.431613454390401330e+01 -6.433593750000000000e+00
1.437984297740791817e+01 -3.812500000000000000e+00
1.444277296421608980e+01 -4.898437500000000000e+00
1.450447345979520719e+01 -5.615234375000000000e+00
1.456637230111171277e+01 -5.869140625000000000e+00
1.463052967349651112e+01 -1.699218750000000000e-01
1.469402670349185769e+01 -2.734375000000000000e+00
1.475595862106604272e+01 -2.884765625000000000e+00
1.481879884964038752e+01 -1.835937500000000000e+00
1.488123747434318034e+01 -6.445312500000000000e-01
1.494305561947194860e+01 3.935546875000000000e+00
1.500683610027999748e+01 1.710937500000000000e+00
1.506983079717161900e+01 -4.570312500000000000e-01
1.513113185514799852e+01 3.560546875000000000e+00
1.519245440900334643e+01 5.445312500000000000e+00
1.525594256176958652e+01 4.357421875000000000e+00
1.531950495257873968e+01 4.941406250000000000e+00
1.538347142305974558e+01 4.960937500000000000e+00
1.544617034149757728e+01 5.921875000000000000e+00
1.550747233056370078e+01 5.472656250000000000e+00
1.557162238346029426e+01 2.150390625000000000e+00
1.563543631001871859e+01 4.511718750000000000e-01
1.569673550685971009e+01 2.193359375000000000e+00
1.575895771767736164e+01 -1.683593750000000000e+00
1.582115329436808793e+01 -2.656250000000000000e-01
1.588356615599471411e+01 -2.398437500000000000e+00
1.594643430302221532e+01 -3.320312500000000000e+00
1.600887557955039142e+01 -3.076171875000000000e+00
1.607097549173226980e+01 -5.064453125000000000e+00
1.613238329180154551e+01 -6.578125000000000000e+00
1.619588051416616281e+01 -2.402343750000000000e+00
1.625922758804847490e+01 -3.929687500000000000e+00
1.632269561078686593e+01 -1.054687500000000000e+00
1.638563980605819381e+01 -2.500000000000000000e+00
1.644807649416792117e+01 -3.281250000000000000e+00
1.651084189555544413e+01 -9.804687500000000000e-01
1.657359947000159650e+01 -1.574218750000000000e+00
1.663559653183600062e+01 5.468750000000000000e-02
1.669795419425341265e+01 -1.203125000000000000e+00
1.676025185517264049e+01 8.164062500000000000e-01
1.682236731298351629e+01 3.437500000000000000e-01
1.688620951735912001e+01 4.486328125000000000e+00
1.694861909748502171e+01 4.078125000000000000e+00
1.701096391691282861e+01 4.333984375000000000e+00
1.707345982156434161e+01 4.830078125000000000e+00
1.713788390573668607e+01 2.794921875000000000e+00
1.719953592253028773e+01 3.398437500000000000e+00
1.726352368341993326e+01 3.486328125000000000e+00
1.732508217995123800e+01 2.664062500000000000e+00
1.738739906796888590e+01 4.843750000000000000e-01
1.745080811223883188e+01 -2.160156250000000000e+00
1.751353015800933122e+01 -2.820312500000000000e+00
1.757520806185524975e+01 -2.380859375000000000e+00
1.763931141451797657e+01 -4.460937500000000000e+00
1.770061263984138122e+01 -5.230468750000000000e+00
1.776462104426283872e+01 -5.945312500000000000e+00
1.782639847434893454e+01 -5.308593750000000000e+00
1.788811382132053041e+01 -4.562500000000000000e+00
1.795087343787071177e+01 -4.246093750000000000e+00
1.801217254006968460e+01 -4.085937500000000000e+00
1.807681398141374984e+01 -1.675781250000000000e+00
1.813916285816748086e+01 -2.738281250000000000e+00
1.820261551309926062e+01 -6.406250000000000000e-01
1.826418869973460346e+01 -7.128906250000000000e-01
1.832684062259637869e+01 1.353515625000000000e+00
1.839077370005392709e+01 1.312500000000000000e+00
1.845427177788204176e+01 2.042968750000000000e+00
1.851576364707909761e+01 4.162109375000000000e+00
1.857779371894562814e+01 2.439453125000000000e+00
1.864056481218034378e+01 4.417968750000000000e+00
1.870353908671089016e+01 5.335937500000000000e+00
1.876638117789389071e+01 5.078125000000000000e+00
1.882768439968185703e+01 3.347656250000000000e+00
1.889070393494580458e+01 3.496093750000000000e+00
1.895223381902820847e+01 1.894531250000000000e+00
1.901568412985619716e+01 3.513671875000000000e+00
1.907808399754520678e+01 -4.179687500000000000e-01
1.914053597182044086e+01 -4.101562500000000000e-02
1.920411663804517843e+01 -2.083984375000000000e+00
1.926625804280698162e+01 -3.867187500000000000e-01
1.932922268846481018e+01 -2.095703125000000000e+00
1.939339373346675188e+01 -1.542968750000000000e+00
1.945512916836045747e+01 -2.419921875000000000e+00
1.951891877118086427e+01 -2.445312500000000000e+00
1.958081066605544152e+01 -1.917968750000000000e+00
1.964399149843791292e+01 -1.925781250000000000e+00
1.970636441350779933e+01 -1.410156250000000000e+00
1.976809624832321788e+01 -1.613281250000000000e+00
1.983078463384265433e+01 1.212890625000000000e+00
1.989328046163066688e+01 1.533203125000000000e+00
1.995574585906138054e+01 2.664062500000000000e+00
2.001908560872530529e+01 4.179687500000000000e-01
2.008047362837294258e+01 6.816406250000000000e-01
2.014436557436219744e+01 4.412109375000000000e+00
2.020787022725083659e+01 8.144531250000000000e-01
2.027022980757394066e+01 1.406250000000000000e+00
2.033424998215176061e+01 7.695312500000000000e-01
2.039577424692785712e+01 1.347656250000000000e+00
2.045855158068408741e+01 -2.734375000000000000e-01
2.052072371667625816e+01 -3.289062500000000000e+00
2.058277132455341984e+01 -1.671875000000000000e+00
2.064566744752048066e+01 -3.890625000000000000e+00
2.070765124821173231e+01 -1.156250000000000000e+00
2.077072566455501601e+01 -4.763671875000000000e+00
2.083233969349015524e+01 -3.863281250000000000e+00
2.089364286941048476e+01 -3.167968750000000000e+00
2.095801933151977892e+01 -5.146484375000000000e+00
2.102041162897637605e+01 -2.048828125000000000e+00
2.108275783682324800e+01 -3.130859375000000000e+00
2.114669062170129621e+01 -1.498046875000000000e+00
2.121180091079719432e+01 -2.814453125000000000e+00
2.127431241812485041e+01 -3.373046875000000000e+00
2.133625471726614364e+01 3.851562500000000000e+00
2.139933740969016185e+01 -2.125000000000000000e+00
2.146220689900795264e+01 3.125000000000000000e-02
2.152465589768154075e+01 6.210937500000000000e-01
2.158677452804340646e+01 -2.265625000000000000e-01
2.164785676901988154e+01 9.101562500000000000e-01
2.171078259374468189e+01 3.828125000000000000e+00
2.177232223276581635e+01 -6.640625000000000000e-02
2.183570672687778824e+01 2.550781250000000000e+00
2.189899528902637371e+01 7.324218750000000000e-01
2.196141147798795146e+01 1.542968750000000000e-01
2.202374897098019346e+01 7.617187500000000000e-01
2.208664086271006965e+01 2.009765625000000000e+00
2.214963098335292102e+01 1.300781250000000000e+00
2.221422709932792827e+01 -1.640625000000000000e-01
2.227559452019292507e+01 -1.324218750000000000e+00
2.233847138893290207e+01 2.324218750000000000e-01
2.240019104415168272e+01 8.671875000000000000e-01
2.246419737732614408e+01 -4.375000000000000000e-01
2.252654087595033161e+01 -2.111328125000000000e+00
2.258904085237259096e+01 -1.406250000000000000e-01
2.265046274019749717e+01 -1.390625000000000000e+00
2.271203337509274434e+01 -6.757812500000000000e-01
2.277519868856711582e+01 1.210937500000000000e+00
2.283795415792718586e+01 -1.154296875000000000e+00
2.290022307511122790e+01 -9.375000000000000000e-02
2.296382725452824047e+01 9.921875000000000000e-01
2.302601886510743157e+01 -1.656250000000000000e+00
2.308731939990607884e+01 1.417968750000000000e+00
2.315138199476061232e+01 1.458984375000000000e+00
2.321610285932257511e+01 -4.531250000000000000e-01
2.327740463878291166e+01 3.691406250000000000e-01
2.334045918283689502e+01 8.789062500000000000e-01
2.340455432732970564e+01 5.292968750000000000e-01
2.346630107725195558e+01 2.453125000000000000e+00
2.352805977135949433e+01 1.070312500000000000e+00
2.358973993513691880e+01 4.402343750000000000e+00
2.365304460674823872e+01 2.482421875000000000e+00
2.371566950239207472e+01 3.066406250000000000e+00
2.377789844068766456e+01 1.656250000000000000e+00
2.384025249876927433e+01 3.416015625000000000e+00
2.390264862250938904e+01 1.867187500000000000e+00
2.396555283562572924e+01 8.496093750000000000e-01
2.403003125574034016e+01 1.673828125000000000e+00
2.409304977168440587e+01 -1.074218750000000000e+00
2.415545973099835919e+01 -1.042968750000000000e+00
2.421681023016552103e+01 -5.312500000000000000e-01
2.427969401151969464e+01 -1.593750000000000000e+00
2.434375232568834235e+01 -3.070312500000000000e+00
2.440651654626958589e+01 -3.509765625000000000e+00
2.446805040895787897e+01 -3.742187500000000000e+00
2.453001748795514914e+01 -3.953125000000000000e+00
2.459227224142881596e+01 -8.125000000000000000e-01
2.465565153153579558e+01 -3.796875000000000000e+00
2.471872312555666440e+01 -2.460937500000000000e+00
2.478031333756888444e+01 -1.875000000000000000e+00
2.484361555199251370e+01 -1.160156250000000000e+00
2.490504238625544531e+01 0.000000000000000000e+00
2.496944908552549691e+01 4.375000000000000000e-01
2.503298666299897945e+01 2.675781250000000000e+00
2.509540776821415875e+01 1.818359375000000000e+00
2.515732500145969652e+01 1.974609375000000000e+00
2.522015768227046806e+01 2.207031250000000000e+00
2.528370331536405047e+01 5.441406250000000000e+00
2.534650455453697759e+01 3.898437500000000000e+00
2.540780812065236205e+01 4.675781250000000000e+00
2.547006365750962686e+01 2.142578125000000000e+00
2.553188186560788608e+01 2.150390625000000000e+00
2.559489879871057383e+01 2.187500000000000000e+00
2.565740953709669725e+01 1.441406250000000000e+00
2.572007533657199474e+01 2.699218750000000000e+00
2.578356973436569888e+01 -1.300781250000000000e+00
2.584539398146678479e+01 -3.791015625000000000e+00
2.590938989585274044e+01 -2.730468750000000000e+00
2.597292423965782859e+01 -4.636718750000000000e+00
2.603535531799172986e+01 -3.513671875000000000e+00
2.609728552270172486e+01 -2.285156250000000000e+00
2.615908602833391683e+01 -1.937500000000000000e+00
2.622365397326336733e+01 -1.919921875000000000e+00
2.628649261437999485e+01 -3.998046875000000000e+00
2.634803122907987927e+01 -2.121093750000000000e+00
2.640982052316695672e+01 -9.921875000000000000e-01
2.647126998569979150e+01 -9.453125000000000000e-01
2.653520816911668589e+01 1.357421875000000000e+00
2.659872492624310780e+01 4.066406250000000000e+00
2.666027427151647089e+01 4.628906250000000000e+00
2.672353202115957060e+01 3.435546875000000000e+00
2.678531537001852314e+01 4.648437500000000000e-01
2.684829421686060869e+01 3.042968750000000000e+00
2.691286270281207749e+01 2.839843750000000000e+00
2.697416304506705842e+01 1.847656250000000000e+00
2.703677215206678852e+01 3.921875000000000000e+00
2.709955992729470609e+01 2.126953125000000000e+00
2.716360424838183008e+01 3.357421875000000000e+00
2.722692211008589425e+01 2.507812500000000000e+00
2.728822294090687706e+01 -1.396484375000000000e+00
2.735003638455435748e+01 2.031250000000000000e-01
2.741281413790429156e+01 5.664062500000000000e-02
2.747560046660942135e+01 7.421875000000000000e-02
2.753766269664347988e+01 -1.066406250000000000e+00
2.760025549890787033e+01 -1.437500000000000000e+00
2.766345750773436407e+01 -5.820312500000000000e-01
2.772477724786989484e+01 -2.296875000000000000e+00
2.778927378414672944e+01 -1.476562500000000000e+00
2.785224893336237528e+01 -3.501953125000000000e+00
2.791410224780784688e+01 -2.851562500000000000e-01
2.797655000718407337e+01 -2.607421875000000000e+00
2.803850923662031391e+01 -2.441406250000000000e+00
2.810243164475565436e+01 -8.554687500000000000e-01
2.816496882106113731e+01 -1.476562500000000000e+00
2.822816915901685775e+01 -1.128906250000000000e+00
2.828962502346558949e+01 5.117187500000000000e-01
2.835124819720857658e+01 -1.039062500000000000e+00
2.841509273538804337e+01 -1.386718750000000000e-01
2.847847299884628569e+01 2.552734375000000000e+00
2.854113851278256675e+01 2.101562500000000000e+00
2.860338284308201651e+01 5.800781250000000000e-01
2.866472929704144690e+01 2.812500000000000000e+00
2.872921686259368812e+01 3.125000000000000000e-02
2.879274189398793737e+01 6.640625000000000000e-01
2.885404233915406280e+01 4.335937500000000000e-01
2.891692002214099944e+01 2.595703125000000000e+00
2.898001289156712801e+01 -3.339843750000000000e-01
2.904141305691209141e+01 9.101562500000000000e-01
2.910487908411707281e+01 2.273437500000000000e+00
2.916822976320264615e+01 3.554687500000000000e-01
2.922952776655739626e+01 1.812500000000000000e+00
2.929219708831436719e+01 8.984375000000000000e-02
2.935503563880092770e+01 1.083984375000000000e+00
2.941839751562687866e+01 -2.849609375000000000e+00
2.948021943240536302e+01 -4.843750000000000000e-01
2.954152263114309562e+01 -2.953125000000000000e+00
2.960460728051222645e+01 -1.898437500000000000e+00
2.966865985652724191e+01 -2.931640625000000000e+00
2.973214734994655828e+01 -3.589843750000000000e+00
2.979441937598693357e+01 -3.634765625000000000e+00
2.985571872289091289e+01 2.832031250000000000e-01
2.991932677361643300e+01 -1.248046875000000000e+00
2.998240751711006169e+01 -2.757812500000000000e+00
3.004475362646678605e+01 -1.861328125000000000e+00
3.010806175992811973e+01 -8.203125000000000000e-02
3.016960250574879865e+01 -2.773437500000000000e-01
3.023264486119305161e+01 3.660156250000000000e+00
3.029497880736425941e+01 2.298828125000000000e+00
3.035812230339530515e+01 1.425781250000000000e+00
3.042020201732310625e+01 3.437500000000000000e+00
3.048313516913731291e+01 1.171875000000000000e+00
3.054510471984922049e+01 9.375000000000000000e-02
3.060910548619730775e+01 3.148437500000000000e+00
3.067209663803771491e+01 3.371093750000000000e+00
3.073434302803451601e+01 1.859375000000000000e+00
3.079638812761879763e+01 2.314453125000000000e+00
3.085924930038987668e+01 2.775390625000000000e+00
3.092239339285598021e+01 1.634765625000000000e+00
3.098470233650130012e+01 4.492187500000000000e-02
3.104803644544455210e+01 1.363281250000000000e+00
3.110950994603149411e+01 -8.906250000000000000e-01
3.117098395395640864e+01 -5.742187500000000000e-01
3.123430676541852336e+01 -4.492187500000000000e-01
3.129824586506614992e+01 -6.718750000000000000e-01
3.136096078168506551e+01 -1.320312500000000000e+00
3.142303431327854923e+01 -3.906250000000000000e-03
3.148445666608787974e+01 -4.316406250000000000e-01
3.154744643367509127e+01 -1.730468750000000000e+00
3.161093861879928113e+01 -3.378906250000000000e-01
3.167334696996806542e+01 -8.457031250000000000e-01
3.173596461106305355e+01 6.757812500000000000e-01
3.179963818053536784e+01 -1.957031250000000000e+00
3.186234108600265813e+01 -5.742187500000000000e-01
3.192617208713909349e+01 -4.375000000000000000e-01
3.198795472059182998e+01 -1.933593750000000000e-01
3.204925558092409688e+01 -4.277343750000000000e-01
3.211073551593139541e+01 -1.312500000000000000e+00
3.217420923773556751e+01 -2.968750000000000000e-01
3.223737546180646518e+01 3.710937500000000000e-01
3.229969522498993229e+01 -3.671875000000000000e+00
3.236220273095554489e+01 -8.261718750000000000e-01
3.242438098884778697e+01 1.000000000000000000e+00
3.248739713499004722e+01 9.570312500000000000e-02
3.255289145186196720e+01 -1.849609375000000000e+00
3.261496251142636993e+01 1.251953125000000000e+00
3.267665710081180919e+01 -8.085937500000000000e-01
3.273954447814347191e+01 1.796875000000000000e+00
3.280136030659249968e+01 -1.843750000000000000e+00
3.286468201778328080e+01 3.058593750000000000e+00
3.292784463415165419e+01 -1.746093750000000000e+00
3.298926156684547095e+01 2.398437500000000000e+00
3.305080510231545077e+01 -1.167968750000000000e+00
3.311377949856259306e+01 1.421875000000000000e+00
3.317611137833273460e+01 2.679687500000000000e+00
3.323912361044227737e+01 2.734375000000000000e-02
3.330145553345727194e+01 2.742187500000000000e+00
3.336413128136155137e+01 1.152343750000000000e+00
3.342796887326892374e+01 3.496093750000000000e+00
3.349245354170207634e+01 3.277343750000000000e+00
3.355447555096858991e+01 3.003906250000000000e+00
3.361739696957741330e+01 1.687500000000000000e+00
3.367974664194883871e+01 5.449218750000000000e-01
3.374324514312445444e+01 2.843750000000000000e+00
3.380540906566081105e+01 1.607421875000000000e+00
3.386774946061933633e+01 1.187500000000000000e+00
3.392933326040505904e+01 2.000000000000000000e+00
3.399071493336140293e+01 2.785156250000000000e+00
3.405372484413246070e+01 2.335937500000000000e+00
3.411726304177946645e+01 2.601562500000000000e+00
3.417960682775049008e+01 -1.707031250000000000e+00
3.424061548856147397e+01 8.027343750000000000e-01
3.430403123066753324e+01 -1.402343750000000000e+00
3.436729870229670780e+01 -1.150390625000000000e+00
3.443019313861449859e+01 -8.828125000000000000e-01
3.449369917521917728e+01 -1.875000000000000000e+00
3.455615180663119190e+01 -6.523437500000000000e-01
3.461935605506030811e+01 -1.492187500000000000e+00
3.468303177847812435e+01 -7.539062500000000000e-01
3.474465626020676723e+01 -1.980468750000000000e+00
3.480765462404389154e+01 -2.156250000000000000e+00
3.486923847366642804e+01 1.914062500000000000e+00
3.493211841621445046e+01 2.617187500000000000e-01
3.499391902151205613e+01 9.140625000000000000e-01
3.505720739939434338e+01 2.779296875000000000e+00
3.511923946555938869e+01 3.652343750000000000e-01
3.518085202460099481e+01 1.875000000000000000e+00
3.524393146917100239e+01 6.445312500000000000e-01
3.530662931666225290e+01 1.500000000000000000e+00
3.537014197449033759e+01 2.820312500000000000e+00
3.543364469442249742e+01 2.187500000000000000e+00
3.549609555071913292e+01 2.365234375000000000e+00
3.555963741027920832e+01 1.693359375000000000e+00
3.562212778975381866e+01 4.242187500000000000e+00
3.568443983097802175e+01 6.503906250000000000e-01
3.574749515751605600e+01 7.402343750000000000e-01
3.580904258639830573e+01 8.417968750000000000e-01
3.587210646231318378e+01 -1.289062500000000000e+00
3.593464574659128630e+01 -8.203125000000000000e-01
3.599715195342733409e+01 -3.392578125000000000e+00
3.605845268747808063e+01 -2.072265625000000000e+00
3.612140963324571885e+01 2.496093750000000000e+00
3.618480031040034817e+01 -1.371093750000000000e+00
3.624781896358524591e+01 -1.816406250000000000e+00
3.631069376143861405e+01 -1.994140625000000000e+00
3.637309414520098017e+01 -5.486328125000000000e+00
3.643548448676980911e+01 -2.109375000000000000e-01
3.649878904074745378e+01 -2.177734375000000000e+00
3.656046404312681375e+01 4.960937500000000000e-01
3.662414328402630304e+01 -5.664062500000000000e-01
3.668593268657562589e+01 -7.539062500000000000e-01
3.674914279645071247e+01 -1.835937500000000000e+00
3.681209479197053724e+01 -1.691406250000000000e+00
3.687459159935724529e+01 4.146484375000000000e+00
3.693709700476111379e+01 1.017578125000000000e+00
3.699976478425438131e+01 1.597656250000000000e+00
3.706139495438191034e+01 3.464843750000000000e+00
3.712399898661280417e+01 4.125000000000000000e+00
3.718776751179882467e+01 3.386718750000000000e+00
3.725004168712629848e+01 8.750000000000000000e-01
3.731304371042244838e+01 2.785156250000000000e+00
3.737538732834897814e+01 1.988281250000000000e+00
3.743811757279109997e+01 2.427734375000000000e+00
3.750201870115861880e+01 -1.121093750000000000e+00
3.756534505064193752e+01 -1.630859375000000000e+00
3.762664588446061487e+01 -5.761718750000000000e-01
3.768905064075278233e+01 -3.269531250000000000e+00
3.775129444540945656e+01 -2.324218750000000000e+00
3.781350967354237014e+01 -3.277343750000000000e+00
3.787583855844104619e+01 -2.333984375000000000e+00
3.793900821154269920e+01 -3.240234375000000000e+00
3.800068083664120877e+01 -2.214843750000000000e+00
3.806469912122501853e+01 -2.837890625000000000e+00
3.812710218108828997e+01 -1.785156250000000000e+00
3.818779016479598454e+01 -1.351562500000000000e+00
3.825348607407877921e+01 -1.000000000000000000e+00
3.831655903417393461e+01 -8.828125000000000000e-01
3.837808091384869158e+01 1.347656250000000000e-01
3.844127051513405036e+01 1.210937500000000000e+00
3.850326432169541135e+01 1.652343750000000000e+00
3.856659224250181239e+01 8.457031250000000000e-01
3.862895790169767452e+01 1.039062500000000000e+00
3.869207215921409215e+01 3.429687500000000000e+00
3.875353787095468761e+01 2.000000000000000000e+00
3.881673431487138259e+01 3.531250000000000000e+00
3.887969257970021886e+01 2.462890625000000000e+00
3.894223702977433277e+01 1.921875000000000000e+00
3.900464853930115794e+01 -2.519531250000000000e-01
3.906705310859821623e+01 4.099609375000000000e+00
3.912896354535530463e+01 1.835937500000000000e+00
3.919294300693547939e+01 1.328125000000000000e+00
3.925586655528570645e+01 6.132812500000000000e-01
3.931784450839748501e+01 -1.515625000000000000e+00
3.937986045106760002e+01 -9.531250000000000000e-01
3.944385972699930676e+01 -2.710937500000000000e+00
3.950588964941701420e+01 -1.324218750000000000e+00
3.956848602055407582e+01 -6.679687500000000000e-01
3.963047981871432057e+01 -4.667968750000000000e+00
3.969344363624645666e+01 -3.792968750000000000e+00
3.975672231004568857e+01 -5.890625000000000000e+00
3.981885323365744966e+01 -3.890625000000000000e+00
3.988174615954798696e+01 -3.488281250000000000e+00
3.994409848101025773e+01 -2.332031250000000000e+00
4.000700400928168676e+01 -1.671875000000000000e+00
4.006989712474759813e+01 3.203125000000000000e-01
4.013289283414962938e+01 -2.910156250000000000e-01
4.019488956063668184e+01 4.667968750000000000e-01
4.025800820172008798e+01 9.257812500000000000e-01
4.032007864894720228e+01 2.054687500000000000e+00
4.038416774337144943e+01 2.460937500000000000e+00
4.044709572249422536e+01 4.687500000000000000e-02
4.050858264345401949e+01 9.804687500000000000e-01
4.057046652182407342e+01 3.496093750000000000e+00
4.063334996569415125e+01 6.875000000000000000e-01
4.069568425254723820e+01 1.619140625000000000e+00
4.075877552037886176e+01 1.509765625000000000e+00
4.082204110099519312e+01 3.421875000000000000e+00
4.088333909119501186e+01 5.585937500000000000e-01
4.094463708302464511e+01 4.531250000000000000e-01
4.100885566771228241e+01 -1.039062500000000000e+00
4.107235048569268088e+01 -2.011718750000000000e+00
4.113499527835617187e+01 -1.214843750000000000e+00
4.119797223946517306e+01 -2.218750000000000000e+00
4.126058491199404443e+01 -3.333984375000000000e+00
4.132366866769118019e+01 -1.210937500000000000e+00
4.138585914628632167e+01 -3.246093750000000000e+00
4.144848986231477284e+01 -1.873046875000000000e+00
4.151045280688640560e+01 -5.734375000000000000e+00
4.157334367571087341e+01 -6.953125000000000000e-01
4.163682714802862961e+01 -2.421875000000000000e+00
4.169958293025106855e+01 -3.183593750000000000e-01
4.176132735064101098e+01 1.226562500000000000e+00
4.182361256758051127e+01 1.320312500000000000e+00
4.188528395872384635e+01 5.820312500000000000e-01
4.194980456386119272e+01 -1.109375000000000000e+00
4.201279233717980333e+01 1.871093750000000000e+00
4.207489656194908889e+01 9.257812500000000000e-01
4.213619444167076722e+01 7.539062500000000000e-01
4.219909155253097310e+01 3.449218750000000000e+00
4.226093387659517475e+01 1.498046875000000000e+00
4.232487049378070765e+01 1.851562500000000000e+00
4.238714657861558521e+01 -3.515625000000000000e-02
4.244988067440334589e+01 1.031250000000000000e+00
4.251316396160495970e+01 -2.253906250000000000e+00
4.257446226077104257e+01 1.503906250000000000e+00
4.263908082629825458e+01 -3.906250000000000000e-03
4.270158072724174758e+01 -1.898437500000000000e+00
4.276392472295668767e+01 1.199218750000000000e+00
4.282574750792427665e+01 -2.359375000000000000e+00
4.288925225545493447e+01 -1.607421875000000000e+00
4.295323738134985092e+01 -5.222656250000000000e+00
4.301646586940458405e+01 -4.882812500000000000e-01
4.307693211108164633e+01 -1.289062500000000000e-01
4.313955959105902593e+01 -3.630859375000000000e+00
4.320296610898085987e+01 2.148437500000000000e-02
4.326530054909142109e+01 -2.677734375000000000e+00
4.332848748133454819e+01 8.984375000000000000e-01
4.339042448584450540e+01 4.804687500000000000e-01
4.345239977359176464e+01 -1.992187500000000000e-01
4.351462710737899897e+01 8.007812500000000000e-01
4.357901871343676703e+01 1.878906250000000000e+00
4.364175006608820695e+01 1.000000000000000000e+00
4.370386550696679251e+01 -1.078125000000000000e+00
4.376569701900898224e+01 5.136718750000000000e-01
4.382971505143368063e+01 1.964843750000000000e+00
4.389319002924540314e+01 3.082031250000000000e+00
4.395459462092929925e+01 1.664062500000000000e+00
4.401786497143694987e+01 -1.710937500000000000e+00
4.407916699938579086e+01 5.507812500000000000e-01
4.414243787249196771e+01 7.851562500000000000e-01
4.420581049966270371e+01 -1.210937500000000000e-01
4.426801266071862528e+01 1.171875000000000000e-02
4.433040976135316669e+01 7.109375000000000000e-01
4.439171324973221999e+01 -1.207031250000000000e+00
4.445427831246729511e+01 -1.523437500000000000e+00
4.451797014965700328e+01 -2.582031250000000000e+00
4.458147223297586947e+01 8.730468750000000000e-01
4.464295196051352832e+01 2.277343750000000000e+00
4.470510576267810166e+01 4.648437500000000000e-01
4.477134075671312985e+01 3.107421875000000000e+00
4.483330054300992629e+01 1.070312500000000000e+00
4.489459836894772593e+01 2.199218750000000000e+00
4.495782962251252002e+01 4.410156250000000000e+00
4.501923183736093392e+01 1.398437500000000000e+00
4.508165305971891712e+01 -6.015625000000000000e-01
4.514457988197793270e+01 5.742187500000000000e-01
4.520792339770133594e+01 -1.011718750000000000e+00
4.526922193051296972e+01 -1.484375000000000000e+00
4.533129530824803055e+01 3.158203125000000000e+00
4.539460776514528106e+01 6.992187500000000000e-01
4.545889255380791383e+01 5.625000000000000000e-01
4.552155809031501121e+01 9.101562500000000000e-01
4.558285621351933514e+01 1.589843750000000000e+00
4.564559612052271120e+01 -1.644531250000000000e+00
4.570801116220015103e+01 -2.949218750000000000e-01
4.577309752983356361e+01 9.609375000000000000e-01
4.583545150734391882e+01 1.980468750000000000e+00
4.589670390310160997e+01 6.269531250000000000e-01
4.595933622086619152e+01 3.062500000000000000e+00
4.602343643370210202e+01 6.621093750000000000e-01
4.608615602049250981e+01 3.109375000000000000e+00
4.614820011671162092e+01 1.570312500000000000e+00
4.620949828560895867e+01 3.089843750000000000e+00
4.627105731199381466e+01 2.875000000000000000e+00
4.633353763072170750e+01 2.019531250000000000e+00
4.639590198155559619e+01 6.609375000000000000e+00
4.645969088026339477e+01 2.439453125000000000e+00
4.652257113731837990e+01 4.414062500000000000e+00
4.658498346664822520e+01 6.144531250000000000e+00
4.664628376559670642e+01 2.167968750000000000e+00
4.671305237577408320e+01 1.117187500000000000e+00
4.677638317531798862e+01 -4.179687500000000000e-01
4.683796269790860833e+01 1.992187500000000000e+00
4.689939098792117989e+01 2.175781250000000000e+00
4.696153462401747447e+01 1.261718750000000000e+00
