#Time Flux
-3.101712063844786371e+00 -3.732812500000000000e+01
-3.088769901826708519e+00 -3.999218750000000000e+01
-3.077020814045248187e+00 -3.697265625000000000e+01
-3.063798103614267632e+00 -3.544140625000000000e+01
-3.049594580545548439e+00 -3.518359375000000000e+01
-3.039959320005781507e+00 -3.916796875000000000e+01
-3.026884297331918106e+00 -2.808593750000000000e+01
-3.014456910737564499e+00 -3.629687500000000000e+01
-3.001565472490053565e+00 -3.214062500000000000e+01
-2.988091745762506690e+00 -3.550000000000000000e+01
-2.977738916201964514e+00 -3.031250000000000000e+01
-2.964423113454301983e+00 -2.020703125000000000e+01
-2.952278351543036194e+00 -2.489062500000000000e+01
-2.939564698647757268e+00 -2.781250000000000000e+01
-2.926695618142289845e+00 -2.487500000000000000e+01
-2.916271353257243959e+00 -2.172656250000000000e+01
-2.901786615012937887e+00 -1.916406250000000000e+01
-2.889906151374709964e+00 -2.364062500000000000e+01
-2.877656211856773893e+00 -1.628906250000000000e+01
-2.864835250351426055e+00 -1.600781250000000000e+01
-2.854283427316985922e+00 -2.014062500000000000e+01
-2.840344109995605493e+00 -1.203906250000000000e+01
-2.827189843582768702e+00 -1.329687500000000000e+01
-2.815764536988318412e+00 -1.656640625000000000e+01
-2.802856240492623385e+00 -6.039062500000000000e+00
-2.791641180277856904e+00 -1.209765625000000000e+01
-2.777861852688126021e+00 -3.972656250000000000e+00
-2.764590169868863967e+00 -9.394531250000000000e+00
-2.754039791210708188e+00 -8.031250000000000000e+00
-2.740928984058591311e+00 -6.484375000000000000e+00
-2.728414309164286067e+00 -6.101562500000000000e+00
-2.715508116016536633e+00 -7.398437500000000000e+00
-2.703270724597061303e+00 -7.304687500000000000e+00
-2.691497753398014225e+00 -1.964843750000000000e+00
-2.678762240435933251e+00 3.828125000000000000e-01
-2.666451018568515963e+00 2.593750000000000000e+00
-2.653628420484327677e+00 -2.632812500000000000e+00
-2.640805604433090537e+00 3.242187500000000000e+00
-2.629504958330798559e+00 6.003906250000000000e+00
-2.615705275001786845e+00 4.156250000000000000e+00
-2.604137092644563722e+00 7.640625000000000000e+00
-2.591671726641230578e+00 7.847656250000000000e+00
-2.578946731223325628e+00 9.785156250000000000e+00
-2.567491588799626356e+00 6.535156250000000000e+00
-2.553686934534361797e+00 1.108984375000000000e+01
-2.541207517222574097e+00 1.461718750000000000e+01
-2.529807031397396599e+00 1.267187500000000000e+01
-2.517006868807918352e+00 1.615625000000000000e+01
-2.504973902016356391e+00 1.575000000000000000e+01
-2.491756543536062907e+00 1.643750000000000000e+01
-2.479846218356371423e+00 1.987500000000000000e+01
-2.467905740648930646e+00 2.131250000000000000e+01
-2.454996629714699452e+00 2.219531250000000000e+01
-2.442517700295795180e+00 1.609375000000000000e+01
-2.429434583515359236e+00 2.391406250000000000e+01
-2.417220660822898992e+00 2.521875000000000000e+01
-2.405497402517070782e+00 2.492578125000000000e+01
-2.393155487933693593e+00 2.327343750000000000e+01
-2.380410682779874776e+00 2.578906250000000000e+01
-2.367651253721483329e+00 2.614843750000000000e+01
-2.354952913576923379e+00 2.682031250000000000e+01
-2.343477599507217235e+00 2.361328125000000000e+01
-2.329648653624502685e+00 3.566406250000000000e+01
-2.318291413708102766e+00 3.185156250000000000e+01
-2.305688923460369466e+00 3.462890625000000000e+01
-2.293105259583878563e+00 3.164453125000000000e+01
-2.281415079539947044e+00 3.132812500000000000e+01
-2.267005769068397569e+00 3.819921875000000000e+01
-2.255746424919198745e+00 3.375390625000000000e+01
-2.243767915272300684e+00 3.727343750000000000e+01
-2.231072518177427355e+00 3.953906250000000000e+01
-2.219505707897059921e+00 3.389453125000000000e+01
-2.205652208343675369e+00 4.460937500000000000e+01
-2.193822863222521846e+00 4.396875000000000000e+01
-2.181873842926780327e+00 3.727734375000000000e+01
-2.168908637595887257e+00 4.929687500000000000e+01
-2.156545433029702252e+00 4.321484375000000000e+01
-2.143361013870418219e+00 4.633593750000000000e+01
-2.131759215231305404e+00 4.286718750000000000e+01
-2.119487858964170357e+00 4.754687500000000000e+01
-2.107089270094586908e+00 4.780468750000000000e+01
-2.094406597040432416e+00 4.689062500000000000e+01
-2.081589416358106348e+00 5.325390625000000000e+01
-2.068879499470128280e+00 4.604687500000000000e+01
-2.058184204227622160e+00 4.597656250000000000e+01
-2.044167752648100134e+00 4.912500000000000000e+01
-2.032703802630248191e+00 4.841406250000000000e+01
-2.019851726253953927e+00 4.925390625000000000e+01
-2.007140467653258042e+00 5.349218750000000000e+01
-1.995331930434694812e+00 5.175000000000000000e+01
-1.982102216047898935e+00 5.818750000000000000e+01
-1.970351958736394238e+00 5.757812500000000000e+01
-1.957823759101998462e+00 4.950781250000000000e+01
-1.945253544469963458e+00 5.905468750000000000e+01
-1.934020413335794331e+00 4.744531250000000000e+01
-1.919571496189458770e+00 5.257031250000000000e+01
-1.907741220182288089e+00 5.773437500000000000e+01
-1.895966278489975565e+00 5.114843750000000000e+01
-1.883135640611293127e+00 5.774218750000000000e+01
-1.870485308399921109e+00 4.927343750000000000e+01
-1.858089476592212463e+00 5.428906250000000000e+01
-1.845044948340767377e+00 5.414843750000000000e+01
-1.833833933903989077e+00 5.687890625000000000e+01
-1.820549199621925851e+00 5.386328125000000000e+01
-1.808471385968587697e+00 4.919140625000000000e+01
-1.795895205226845093e+00 5.174609375000000000e+01
-1.783269414427067545e+00 4.951171875000000000e+01
-1.771961858273975565e+00 4.700000000000000000e+01
-1.758771958872166863e+00 5.246093750000000000e+01
-1.746717430295511519e+00 4.878125000000000000e+01
-1.733896597066269862e+00 4.507031250000000000e+01
-1.721184925448099534e+00 5.707812500000000000e+01
-1.710586659654815378e+00 4.479296875000000000e+01
-1.696169007733409728e+00 5.362500000000000000e+01
-1.684527798848190372e+00 4.712890625000000000e+01
-1.672099392811425389e+00 4.439843750000000000e+01
-1.659251529039430295e+00 5.277343750000000000e+01
-1.647942555109935370e+00 4.343359375000000000e+01
-1.634149563502596436e+00 4.626562500000000000e+01
-1.621699836750373436e+00 5.043750000000000000e+01
-1.610131876464038214e+00 4.619531250000000000e+01
-1.597136353062268199e+00 4.789062500000000000e+01
-1.585310074249285606e+00 4.281640625000000000e+01
-1.572088133967504575e+00 4.550781250000000000e+01
-1.558964183188475516e+00 4.996093750000000000e+01
-1.548281214225770697e+00 4.401171875000000000e+01
-1.535196720354207400e+00 4.211718750000000000e+01
-1.522613536634473519e+00 4.438671875000000000e+01
-1.510331953339406397e+00 4.801953125000000000e+01
-1.496732961239828796e+00 4.193750000000000000e+01
-1.485872940009446808e+00 4.227734375000000000e+01
-1.472732171768761589e+00 4.152343750000000000e+01
-1.460770698276792956e+00 3.594140625000000000e+01
-1.448158595474737353e+00 3.989062500000000000e+01
-1.434972689651218047e+00 3.804687500000000000e+01
-1.423874836545437006e+00 3.461328125000000000e+01
-1.411298191974253768e+00 3.585546875000000000e+01
-1.398194213886469583e+00 3.228125000000000000e+01
-1.386067122590574741e+00 3.364062500000000000e+01
-1.373069602917457388e+00 3.460937500000000000e+01
-1.361862342209569476e+00 3.195312500000000000e+01
-1.348705675116764979e+00 3.228906250000000000e+01
-1.335516723930751937e+00 3.373437500000000000e+01
-1.323906853116096016e+00 3.079296875000000000e+01
-1.311101699734862791e+00 2.819921875000000000e+01
-1.299361359235629010e+00 3.048046875000000000e+01
-1.286768823094625702e+00 2.942968750000000000e+01
-1.272883529645735479e+00 2.919140625000000000e+01
-1.262205786308530975e+00 3.296875000000000000e+01
-1.249352832310869132e+00 2.982031250000000000e+01
-1.236780719754381863e+00 3.057031250000000000e+01
-1.224703672314667813e+00 2.964453125000000000e+01
-1.210363838867991149e+00 3.261718750000000000e+01
-1.199868106931248235e+00 2.427343750000000000e+01
-1.187673219435531280e+00 2.616796875000000000e+01
-1.174851241106260602e+00 2.399218750000000000e+01
-1.162102617239938240e+00 2.582031250000000000e+01
-1.148888725427710256e+00 2.400000000000000000e+01
-1.138422759887340874e+00 2.399609375000000000e+01
-1.125273831767170662e+00 2.351953125000000000e+01
-1.112101573571528945e+00 2.077343750000000000e+01
-1.100095067936599946e+00 2.191406250000000000e+01
-1.087110403546795112e+00 1.803125000000000000e+01
-1.075915850681809616e+00 2.208593750000000000e+01
-1.062624584932894578e+00 1.941406250000000000e+01
-1.049434382864248505e+00 1.989843750000000000e+01
-1.038119456003919083e+00 1.931250000000000000e+01
-1.025281662406801075e+00 1.669140625000000000e+01
-1.013312237505125779e+00 1.517187500000000000e+01
-1.000690647135506595e+00 1.543750000000000000e+01
-9.880589665770074248e-01 1.795312500000000000e+01
-9.755978885456357830e-01 1.692968750000000000e+01
-9.632970847530302194e-01 1.675000000000000000e+01
-9.509828479380182387e-01 1.175781250000000000e+01
-9.385337251600134323e-01 1.725000000000000000e+01
-9.250420165152348773e-01 1.502343750000000000e+01
-9.138495771668786460e-01 1.771875000000000000e+01
-9.010540789240621962e-01 1.400000000000000000e+01
-8.888007171326890443e-01 1.158984375000000000e+01
-8.761001710958211675e-01 1.083203125000000000e+01
-8.629051594577816786e-01 1.397656250000000000e+01
-8.524086326488919951e-01 7.558593750000000000e+00
-8.391956025444038403e-01 1.022656250000000000e+01
-8.269017115859647049e-01 1.044921875000000000e+01
-8.141857115189203853e-01 1.340625000000000000e+01
-8.012159206001499001e-01 1.265234375000000000e+01
-7.898346055491458628e-01 1.201562500000000000e+01
-7.766101919219039473e-01 9.281250000000000000e+00
-7.634148418455879437e-01 5.742187500000000000e+00
-7.522693897937706708e-01 6.847656250000000000e+00
-7.394012551699802316e-01 1.287500000000000000e+01
-7.272364146489067593e-01 5.023437500000000000e+00
-7.140036046966784511e-01 8.039062500000000000e+00
-7.013505661684220627e-01 5.003906250000000000e+00
-6.902109047008693210e-01 6.460937500000000000e+00
-6.774104586866478428e-01 5.296875000000000000e+00
-6.651049431399584932e-01 4.339843750000000000e+00
-6.521190754049861482e-01 9.585937500000000000e+00
-6.383787587191136481e-01 6.304687500000000000e+00
-6.286668716985488459e-01 1.039062500000000000e+00
-6.144816506380763599e-01 7.687500000000000000e+00
-6.028139784485091468e-01 3.371093750000000000e+00
-5.901450141065858190e-01 2.718750000000000000e+00
-5.768331674660061026e-01 2.738281250000000000e+00
-5.664624120883345881e-01 6.875000000000000000e-01
-5.524429402707582426e-01 4.089843750000000000e+00
-5.406511231047979038e-01 1.222656250000000000e+00
-5.282926705817416746e-01 4.503906250000000000e+00
-5.151761463212451986e-01 -7.812500000000000000e-02
-5.048995117772960839e-01 -6.953125000000000000e-01
-4.905285444578879606e-01 4.546875000000000000e+00
-4.786611735550749813e-01 -1.679687500000000000e+00
-4.664098310818722837e-01 1.367187500000000000e+00
-4.536688704829074936e-01 -1.359375000000000000e+00
-4.423209950904833931e-01 -1.890625000000000000e+00
-4.279242244501588743e-01 -1.375000000000000000e+00
-4.159981827202372529e-01 -5.050781250000000000e+00
-4.044799646821388706e-01 -2.757812500000000000e+00
-3.915869629058619239e-01 1.148437500000000000e+00
-3.792218473714399352e-01 -5.890625000000000000e+00
-3.664599240673354075e-01 8.007812500000000000e-01
-3.528883081571443370e-01 -7.304687500000000000e+00
-3.426770852496510145e-01 -5.878906250000000000e+00
-3.294638884249465605e-01 -3.488281250000000000e+00
-3.168434342262074210e-01 -2.226562500000000000e+00
-3.043137566758531420e-01 -5.117187500000000000e+00
-2.910123786613212360e-01 -7.636718750000000000e+00
-2.802612612902564138e-01 -9.625000000000000000e+00
-2.670390239618960493e-01 -4.019531250000000000e+00
-2.550930248043457027e-01 -7.375000000000000000e+00
-2.423347812414462510e-01 -3.335937500000000000e+00
-2.293333379098072555e-01 -9.703125000000000000e+00
-2.188173937625492727e-01 -6.148437500000000000e+00
-2.044556246184257020e-01 -5.066406250000000000e+00
-1.925645985732415966e-01 -6.781250000000000000e+00
-1.804038219021961709e-01 -9.375000000000000000e+00
-1.675985511610278422e-01 -7.109375000000000000e+00
-1.562428675528622080e-01 -8.648437500000000000e+00
-1.430785682590460794e-01 -7.539062500000000000e+00
-1.299480897960165748e-01 -7.937500000000000000e+00
-1.182317874872005348e-01 -8.003906250000000000e+00
-1.055599628519843236e-01 -9.449218750000000000e+00
-9.332406439645524188e-02 -8.304687500000000000e+00
-8.059777660593425708e-02 -8.257812500000000000e+00
-6.728981745866136066e-02 -9.750000000000000000e+00
-5.605886319393960093e-02 -7.925781250000000000e+00
-4.361158476023518915e-02 -8.480468750000000000e+00
-3.100685530611713148e-02 -7.640625000000000000e+00
-1.830977616716822354e-02 -9.910156250000000000e+00
-4.825355385904117611e-03 -1.655468750000000000e+01
5.761576139335033986e-03 -7.941406250000000000e+00
1.898879405457165603e-02 -1.339843750000000000e+01
3.093721451601183503e-02 -1.572656250000000000e+01
4.346188690564645185e-02 -1.092187500000000000e+01
5.661729702900331063e-02 -1.302734375000000000e+01
6.720823105117545992e-02 -1.052734375000000000e+01
8.161802398095119315e-02 -1.436718750000000000e+01
9.322799949815419041e-02 -1.710937500000000000e+01
1.053935896024960073e-01 -9.304687500000000000e+00
1.183681572009653848e-01 -1.300390625000000000e+01
1.297129560724386010e-01 -1.392968750000000000e+01
1.429897925574756812e-01 -1.413671875000000000e+01
1.561976474302610995e-01 -1.352343750000000000e+01
1.674071408534274497e-01 -1.125781250000000000e+01
1.804735438516757995e-01 -1.349609375000000000e+01
1.926012340237832632e-01 -1.063281250000000000e+01
2.043697444812622166e-01 -1.886718750000000000e+01
2.187637249403238116e-01 -1.096093750000000000e+01
2.293680660863905985e-01 -1.549609375000000000e+01
2.422796127136379596e-01 -1.069531250000000000e+01
2.549374776594817149e-01 -1.527343750000000000e+01
2.670056776096814133e-01 -1.037890625000000000e+01
2.805701326970115872e-01 -1.365625000000000000e+01
2.906959056029876365e-01 -1.455468750000000000e+01
3.040563179270563410e-01 -1.662500000000000000e+01
3.169163774432135483e-01 -1.647656250000000000e+01
3.294296205818696421e-01 -1.473437500000000000e+01
3.426972205094322987e-01 -1.478906250000000000e+01
3.532173741713471316e-01 -1.851953125000000000e+01
3.664489108143271778e-01 -1.766406250000000000e+01
3.795987489781538216e-01 -1.314453125000000000e+01
3.913675745169449272e-01 -1.698046875000000000e+01
4.044966351892043122e-01 -1.883593750000000000e+01
4.158537511081732418e-01 -1.754296875000000000e+01
4.290117644921664919e-01 -1.891015625000000000e+01
4.422798108542593809e-01 -2.025000000000000000e+01
4.533481468854319019e-01 -2.106250000000000000e+01
4.662797511578844478e-01 -1.658593750000000000e+01
4.772438853891074473e-01 -1.530468750000000000e+01
4.910015874518833812e-01 -2.079687500000000000e+01
5.048935969162613446e-01 -2.079687500000000000e+01
5.153229223604469666e-01 -2.422656250000000000e+01
5.282919745189076366e-01 -2.658203125000000000e+01
5.407331433999189585e-01 -3.310156250000000000e+01
5.530868450060140162e-01 -3.046093750000000000e+01
5.670792682296479370e-01 -3.496093750000000000e+01
5.768522832764766406e-01 -4.261718750000000000e+01
5.906191801490443538e-01 -3.525781250000000000e+01
6.029450075566451517e-01 -4.316796875000000000e+01
6.154277937382879315e-01 -3.440234375000000000e+01
6.286144643139941479e-01 -4.703515625000000000e+01
6.387040196735682684e-01 -5.214453125000000000e+01
6.524988252421657364e-01 -5.402343750000000000e+01
6.655275925012595906e-01 -6.010937500000000000e+01
6.772629164529249124e-01 -6.410156250000000000e+01
6.904115521400697730e-01 -5.456250000000000000e+01
7.013039229428983390e-01 -6.580468750000000000e+01
7.150861152214531558e-01 -6.363281250000000000e+01
7.283296306390312225e-01 -8.089843750000000000e+01
7.392807200452367056e-01 -8.761718750000000000e+01
7.522464728818114565e-01 -8.157812500000000000e+01
7.633270968711443061e-01 -8.132031250000000000e+01
7.765209905222434372e-01 -9.982812500000000000e+01
7.903251286132757514e-01 -9.300390625000000000e+01
8.012855141251584712e-01 -1.023789062500000000e+02
8.142079069240892863e-01 -1.021093750000000000e+02
8.266435077267644260e-01 -8.150000000000000000e+01
8.390636683000742835e-01 -1.165195312500000000e+02
8.527262254492775639e-01 -1.111406250000000000e+02
8.634802586078507147e-01 -1.203632812500000000e+02
8.760278360923337004e-01 -1.300234375000000000e+02
8.888810371287050316e-01 -1.145078125000000000e+02
9.013808296566985234e-01 -1.249960937500000000e+02
9.146824865869511711e-01 -1.231367187500000000e+02
9.253097062715056609e-01 -1.276210937500000000e+02
9.385774535366557814e-01 -1.296132812500000000e+02
9.509675793707366154e-01 -1.379687500000000000e+02
9.633240180622451021e-01 -1.282226562500000000e+02
9.764745499812832463e-01 -1.358046875000000000e+02
9.867574092741264735e-01 -1.309882812500000000e+02
1.000574436098339959e+00 -1.421250000000000000e+02
1.014317335708732060e+00 -1.366406250000000000e+02
1.025176391077046389e+00 -1.397187500000000000e+02
1.038049488434900525e+00 -1.384414062500000000e+02
1.049316014132003261e+00 -1.392109375000000000e+02
1.062595119481493100e+00 -1.451171875000000000e+02
1.077005729366170783e+00 -1.441796875000000000e+02
1.086938453763686141e+00 -1.446132812500000000e+02
1.100029907712738009e+00 -1.426328125000000000e+02
1.112407534353192062e+00 -1.480312500000000000e+02
1.125005899922037145e+00 -1.417890625000000000e+02
1.139320038531081991e+00 -1.401328125000000000e+02
1.148895712343438902e+00 -1.454453125000000000e+02
1.162098297676660508e+00 -1.460039062500000000e+02
1.174904575354339897e+00 -1.375078125000000000e+02
1.187156628916206103e+00 -1.401718750000000000e+02
1.200786846898871829e+00 -1.421093750000000000e+02
1.210861823938429893e+00 -1.452265625000000000e+02
1.224628672590426959e+00 -1.436523437500000000e+02
1.236881396978660064e+00 -1.411015625000000000e+02
1.249242525397200154e+00 -1.425234375000000000e+02
1.262380482283138150e+00 -1.452656250000000000e+02
1.272783087056822637e+00 -1.427968750000000000e+02
1.286062192368191859e+00 -1.413593750000000000e+02
1.299146919160833136e+00 -1.339414062500000000e+02
1.311203616547537365e+00 -1.339453125000000000e+02
1.324052443698782611e+00 -1.452187500000000000e+02
1.335342487162819225e+00 -1.424609375000000000e+02
1.348678526017401680e+00 -1.344765625000000000e+02
1.361796892413089211e+00 -1.280429687500000000e+02
1.372927308222855913e+00 -1.243476562500000000e+02
1.386053594311761117e+00 -1.294687500000000000e+02
1.398350573687718423e+00 -1.286796875000000000e+02
1.409993219064524794e+00 -1.271328125000000000e+02
1.424448428564534908e+00 -1.175507812500000000e+02
1.434992701035735507e+00 -1.136171875000000000e+02
1.447912756359759356e+00 -1.151171875000000000e+02
1.460570404067908612e+00 -1.124687500000000000e+02
1.472746650097761290e+00 -1.079140625000000000e+02
1.486184492120646183e+00 -9.838281250000000000e+01
1.497425595504715545e+00 -9.785156250000000000e+01
1.510710353236447645e+00 -9.942187500000000000e+01
1.522513846298608087e+00 -8.592187500000000000e+01
1.535298417775699420e+00 -8.478906250000000000e+01
1.548426498597187617e+00 -8.466406250000000000e+01
1.558977509338035361e+00 -8.242187500000000000e+01
1.572738424054058726e+00 -7.766796875000000000e+01
1.584952412852103976e+00 -6.944531250000000000e+01
1.597084848283593317e+00 -7.258593750000000000e+01
1.610021732362728386e+00 -7.394140625000000000e+01
1.621475452718826205e+00 -6.649609375000000000e+01
1.634766253500259836e+00 -6.450781250000000000e+01
1.647846652716907556e+00 -4.557031250000000000e+01
1.659077909461302625e+00 -4.877343750000000000e+01
1.672119602545080852e+00 -5.191796875000000000e+01
1.684325413528455329e+00 -5.316406250000000000e+01
1.696614864456769567e+00 -4.251171875000000000e+01
1.710507741509971424e+00 -4.785156250000000000e+01
1.721062077609168739e+00 -3.834375000000000000e+01
1.733877791864181006e+00 -3.128125000000000000e+01
1.746421297917819970e+00 -3.739062500000000000e+01
1.758830838020585929e+00 -3.596093750000000000e+01
1.771853705283170655e+00 -3.098437500000000000e+01
1.782530392696465071e+00 -2.617968750000000000e+01
1.796261883079402821e+00 -2.421875000000000000e+01
1.808366840072814341e+00 -2.421875000000000000e+01
1.821051783353837550e+00 -2.307812500000000000e+01
1.834239898785916978e+00 -2.523437500000000000e+01
1.844925260882430251e+00 -1.496875000000000000e+01
1.858116497295963399e+00 -1.984765625000000000e+01
1.870522074824805259e+00 -2.206250000000000000e+01
1.883148999339645968e+00 -1.163281250000000000e+01
1.896092282499811432e+00 -1.651171875000000000e+01
1.907555285850051519e+00 -1.300000000000000000e+01
1.920732382929159598e+00 -1.182031250000000000e+01
1.933859180872353534e+00 -1.312500000000000000e+01
1.945056663202407776e+00 -1.169140625000000000e+01
1.957884885086528470e+00 -8.453125000000000000e+00
1.968964166050064080e+00 -6.367187500000000000e+00
1.982151112100240198e+00 -1.100000000000000000e+01
1.995296413076019348e+00 -1.093750000000000000e+01
2.007153632565387369e+00 -6.507812500000000000e+00
2.019936189506289281e+00 -9.789062500000000000e+00
2.032174463677726806e+00 -6.335937500000000000e+00
2.044701972702718251e+00 -8.164062500000000000e+00
2.057937072994569405e+00 -5.390625000000000000e+00
2.069098676986286023e+00 -8.320312500000000000e-01
2.082339425571824165e+00 -6.839843750000000000e+00
2.094434064687632713e+00 -4.835937500000000000e+00
2.107092618080166346e+00 -4.593750000000000000e+00
2.120254663224311997e+00 -7.855468750000000000e+00
2.131006393499685458e+00 -6.847656250000000000e+00
2.144177114191791134e+00 -8.058593750000000000e+00
2.156304877867150083e+00 -1.065625000000000000e+01
2.169018169880757796e+00 -1.828125000000000000e+00
2.182001501544387878e+00 -8.902343750000000000e+00
2.193634961391310867e+00 -8.488281250000000000e+00
2.206800350267400290e+00 -2.734375000000000000e-01
2.218544952532194969e+00 -7.386718750000000000e+00
2.231061736128495454e+00 -5.882812500000000000e+00
2.243672219347139674e+00 -9.398437500000000000e+00
2.256122797632450272e+00 -7.695312500000000000e+00
2.269306718459922934e+00 -2.015625000000000000e+00
2.281241929852079409e+00 -8.382812500000000000e+00
2.292946320762968782e+00 -3.832031250000000000e+00
2.305933078432822469e+00 -8.937500000000000000e+00
2.318034908888442658e+00 -7.140625000000000000e+00
2.330892158592998697e+00 9.687500000000000000e-01
2.343965632090728946e+00 -1.757812500000000000e+00
2.355177756270094847e+00 -5.023437500000000000e+00
2.367805013292088034e+00 -5.515625000000000000e+00
2.380384571822247608e+00 -3.562500000000000000e+00
2.392910880199181634e+00 -7.574218750000000000e+00
2.406117112340510289e+00 -3.406250000000000000e+00
2.417087568932313246e+00 -3.953125000000000000e+00
2.430340624593611665e+00 -2.210937500000000000e+00
2.442113007462058505e+00 -4.949218750000000000e+00
2.454953068575683517e+00 -2.585937500000000000e+00
2.467892213604578444e+00 -3.414062500000000000e+00
2.479097782529279925e+00 -3.859375000000000000e+00
2.492889417659021944e+00 -1.273437500000000000e+00
2.504237373645118225e+00 -7.351562500000000000e+00
2.516988844049610208e+00 -1.212500000000000000e+01
2.529724596405799275e+00 -5.093750000000000000e+00
2.541094194833156905e+00 -5.015625000000000000e+00
2.554315882953169137e+00 4.843750000000000000e-01
2.566716735615337086e+00 -5.539062500000000000e+00
2.579018210647593179e+00 -9.425781250000000000e+00
2.591699999523143561e+00 -2.992187500000000000e+00
2.603881697626235336e+00 -2.007812500000000000e+00
2.616757718390704923e+00 -1.535156250000000000e+00
2.628624553110533668e+00 -7.187500000000000000e+00
2.640687293892934662e+00 4.214843750000000000e+00
2.653750021779959667e+00 -4.734375000000000000e+00
2.666154279394817195e+00 -2.917968750000000000e+00
2.678948630045567825e+00 -4.531250000000000000e+00
2.691345697464456066e+00 -2.171875000000000000e+00
2.703168786969310844e+00 -3.136718750000000000e+00
2.716369456766372537e+00 2.734375000000000000e-01
2.728088727113494372e+00 -5.160156250000000000e+00
2.740948045985355463e+00 -1.632812500000000000e+00
2.753858165619874399e+00 5.468750000000000000e-01
2.765124159677021964e+00 -3.464843750000000000e+00
2.779034343964337239e+00 -3.605468750000000000e+00
2.790038055530715155e+00 3.679687500000000000e+00
2.802640698603390490e+00 -6.789062500000000000e+00
2.815682536863732821e+00 -2.339843750000000000e+00
2.827174254392183173e+00 5.859375000000000000e-01
2.840399413696950148e+00 -5.843750000000000000e+00
2.852129163976577786e+00 -3.687500000000000000e+00
2.864806071801975662e+00 -2.562500000000000000e+00
2.877739602313987177e+00 -2.585937500000000000e+00
2.889965805673597288e+00 -2.281250000000000000e+00
2.902834062787565728e+00 -4.976562500000000000e+00
2.914743182220501438e+00 -1.480468750000000000e+00
2.926698079607813696e+00 -1.660156250000000000e+00
2.939843775164590056e+00 8.593750000000000000e-01
2.952118531551896297e+00 1.292968750000000000e+00
2.964909891078793436e+00 -2.480468750000000000e+00
2.976772699912682896e+00 1.144531250000000000e+00
2.989146099050081773e+00 2.812500000000000000e+00
3.002437864946255530e+00 2.929687500000000000e+00
3.014062527610477105e+00 6.015625000000000000e-01
3.026803351413182241e+00 -3.921875000000000000e+00
3.039562828898127123e+00 4.757812500000000000e+00
3.050579378475603676e+00 -3.820312500000000000e+00
3.065060569370430699e+00 4.078125000000000000e+00
3.075832384970489386e+00 6.093750000000000000e+00
3.088586146185143377e+00 -4.015625000000000000e+00
3.101603366859123412e+00 1.953125000000000000e-01
3.113235722644144943e+00 -3.328125000000000000e+00
3.126482867286476619e+00 8.281250000000000000e-01
3.138277885844324544e+00 -2.617187500000000000e+00
3.150625925315686970e+00 -1.820312500000000000e+00
3.163713161411834562e+00 3.976562500000000000e+00
3.175962846068948409e+00 -2.648437500000000000e+00
3.188987298946329929e+00 9.843750000000000000e-01
3.200863897434828687e+00 7.578125000000000000e-01
3.212778594645424590e+00 -3.214843750000000000e+00
3.225872098644575914e+00 7.011718750000000000e+00
3.237943845449166247e+00 -1.617187500000000000e+00
3.250709582441853485e+00 1.894531250000000000e+00
3.263477216557909344e+00 9.765625000000000000e-01
3.274144971587467978e+00 -2.734375000000000000e-02
3.288518224449358485e+00 1.460937500000000000e+00
3.299991805240019005e+00 4.890625000000000000e+00
3.312663128803198020e+00 1.976562500000000000e+00
3.325635039510601132e+00 -3.125000000000000000e-02
3.336634419980239130e+00 1.835937500000000000e+00
3.349937041755694622e+00 6.671875000000000000e+00
3.361941905388320606e+00 2.464843750000000000e+00
3.374655761776402585e+00 1.046875000000000000e+00
3.387634459379121665e+00 2.617187500000000000e+00
3.399314382603602525e+00 -1.953125000000000000e-01
3.412559522857321781e+00 5.117187500000000000e+00
3.423773561373344876e+00 1.953125000000000000e+00
3.436638421922282305e+00 3.941406250000000000e+00
3.449526301875390999e+00 -3.867187500000000000e-01
3.461927148368506124e+00 -1.640625000000000000e-01
3.475091630713283308e+00 7.109375000000000000e+00
3.485628788849410853e+00 3.800781250000000000e+00
3.498754754263011080e+00 7.410156250000000000e+00
3.511903628511934272e+00 7.558593750000000000e+00
3.523991558639025357e+00 8.968750000000000000e+00
3.536781006777967917e+00 8.214843750000000000e+00
3.548311951261737818e+00 1.734375000000000000e+00
3.561312535802095169e+00 4.539062500000000000e+00
3.574598650425610202e+00 8.140625000000000000e+00
3.586112764306889744e+00 6.542968750000000000e+00
3.598665282573712432e+00 2.660156250000000000e+00
3.610860259377183468e+00 1.562500000000000000e-02
3.622743935986008523e+00 4.523437500000000000e+00
3.636614523229162899e+00 1.300781250000000000e+00
3.647983315783712044e+00 9.492187500000000000e+00
3.660714111790618119e+00 8.468750000000000000e+00
3.673414154731368342e+00 6.250000000000000000e-01
3.685300356332703586e+00 8.710937500000000000e+00
3.698632354912440690e+00 7.867187500000000000e+00
3.709554678267124928e+00 6.765625000000000000e+00
3.722563354406720038e+00 1.238671875000000000e+01
3.735252487374168595e+00 1.178906250000000000e+01
3.746716860446348107e+00 1.028906250000000000e+01
3.760983156004733985e+00 1.252343750000000000e+01
3.771563013499783068e+00 7.972656250000000000e+00
3.784739009392183107e+00 1.662500000000000000e+01
3.797590959525869891e+00 1.206250000000000000e+01
3.809522239627000317e+00 7.437500000000000000e+00
3.822852407703688726e+00 1.241796875000000000e+01
3.834362643608450583e+00 6.851562500000000000e+00
3.846875705569217985e+00 9.402343750000000000e+00
3.859559662941641989e+00 1.472656250000000000e+01
3.871765057462070558e+00 1.650781250000000000e+01
3.884706706801296150e+00 1.419531250000000000e+01
3.896940444082680699e+00 8.195312500000000000e+00
3.908826317215797985e+00 5.078125000000000000e+00
3.923299697937032704e+00 1.175000000000000000e+01
3.933706611655971130e+00 8.437500000000000000e+00
3.946725795638368339e+00 1.564843750000000000e+01
3.959420451946186859e+00 9.535156250000000000e+00
3.970204989104274773e+00 1.717187500000000000e+01
3.985244995834733572e+00 1.867187500000000000e+01
3.995604967936486673e+00 7.632812500000000000e+00
4.008498025833361567e+00 1.453125000000000000e+01
4.021354243590543831e+00 1.480468750000000000e+01
4.032774077498157084e+00 9.582031250000000000e+00
4.047252584198137271e+00 9.863281250000000000e+00
4.057645266792771821e+00 1.140625000000000000e+01
4.070151724887217881e+00 9.496093750000000000e+00
4.083334030465948672e+00 1.412500000000000000e+01
4.095452412487581739e+00 1.246875000000000000e+01
4.108588461388684721e+00 1.275000000000000000e+01
4.120327667342756683e+00 1.460937500000000000e+01
4.132220119111245538e+00 1.123828125000000000e+01
4.146737874992759032e+00 1.488281250000000000e+01
4.157668591027828597e+00 1.121093750000000000e+01
4.170627241378227268e+00 1.385937500000000000e+01
4.181717488956564921e+00 6.289062500000000000e+00
4.193732472487575080e+00 1.437500000000000000e+01
4.209374246466865088e+00 1.280468750000000000e+01
4.219637026999230045e+00 5.476562500000000000e+00
4.232580358783287977e+00 1.395312500000000000e+01
4.244744998566730487e+00 8.976562500000000000e+00
4.256212090963899186e+00 1.616406250000000000e+01
4.270791617570246501e+00 1.546875000000000000e+01
4.281436416914438325e+00 1.103125000000000000e+01
4.294319234923314355e+00 1.194140625000000000e+01
4.307143323455189687e+00 9.613281250000000000e+00
4.318876439055337357e+00 1.416406250000000000e+01
4.333297870410632413e+00 1.532812500000000000e+01
4.343727587079140307e+00 1.289062500000000000e+01
4.356219498211572727e+00 1.873828125000000000e+01
4.369333597313648454e+00 1.578906250000000000e+01
4.381581590660431402e+00 1.725781250000000000e+01
4.394892658964309362e+00 1.612500000000000000e+01
4.405177334584280402e+00 7.054687500000000000e+00
4.418460800313134484e+00 1.269140625000000000e+01
4.431442762312215677e+00 1.339843750000000000e+01
4.443623663726882000e+00 1.110156250000000000e+01
4.456696537933297009e+00 1.487500000000000000e+01
4.467799776704850956e+00 1.217187500000000000e+01
4.480336638373373148e+00 1.331640625000000000e+01
4.494262955944506643e+00 2.099218750000000000e+01
4.505682382614143222e+00 7.847656250000000000e+00
4.518454286184784507e+00 1.623437500000000000e+01
4.530403447158711572e+00 9.382812500000000000e+00
4.542231826326492694e+00 1.581250000000000000e+01
4.556767187190267521e+00 1.583593750000000000e+01
4.567512025799295827e+00 1.289843750000000000e+01
4.580279333365652406e+00 1.639062500000000000e+01
4.593186179156688809e+00 1.198437500000000000e+01
4.604902894523544177e+00 1.157031250000000000e+01
4.619207231772527678e+00 1.723437500000000000e+01
4.629809923958330131e+00 1.318359375000000000e+01
4.642317730719767610e+00 1.493750000000000000e+01
4.655308008565626210e+00 1.343359375000000000e+01
4.667579570710010728e+00 1.186718750000000000e+01
4.680716469887844511e+00 1.814453125000000000e+01
4.692578841384602129e+00 1.671875000000000000e+01
4.704484466116337416e+00 1.403125000000000000e+01
4.717487404012317143e+00 1.550000000000000000e+01
4.729625171077813661e+00 8.390625000000000000e+00
4.742455083779283598e+00 1.717968750000000000e+01
4.753941543819408366e+00 1.192968750000000000e+01
4.766948955187068293e+00 1.497656250000000000e+01
4.780202121027905093e+00 1.264843750000000000e+01
4.791669557563434267e+00 1.173437500000000000e+01
4.804196696269720235e+00 1.664062500000000000e+01
4.816487921905061143e+00 1.605078125000000000e+01
4.828413120488242782e+00 1.123828125000000000e+01
4.841590722551895709e+00 1.447265625000000000e+01
4.853587799651940315e+00 1.114843750000000000e+01
4.866303404115051023e+00 1.336718750000000000e+01
4.878916890204834544e+00 1.259765625000000000e+01
4.890983865177982892e+00 1.016796875000000000e+01
4.904152578535864393e+00 1.474609375000000000e+01
4.915996315175370057e+00 1.022656250000000000e+01
4.928286619425307435e+00 1.293750000000000000e+01
4.940852750140550143e+00 1.176171875000000000e+01
4.953520025639406299e+00 1.412500000000000000e+01
4.966669234813867462e+00 1.106250000000000000e+01
4.977355923937462734e+00 1.082812500000000000e+01
4.990378512269785460e+00 1.386718750000000000e+01
5.003012131324176437e+00 1.553906250000000000e+01
5.015623641131313093e+00 6.992187500000000000e+00
5.028253675555699687e+00 1.973828125000000000e+01
5.040641821207966444e+00 1.358593750000000000e+01
5.052495077269085755e+00 1.412500000000000000e+01
5.065096610445163350e+00 1.600390625000000000e+01
5.077821501641846424e+00 8.683593750000000000e+00
5.090248716387065997e+00 1.802343750000000000e+01
5.102569507455953612e+00 1.248437500000000000e+01
5.114530727040289548e+00 1.410937500000000000e+01
5.127591150765457684e+00 1.554687500000000000e+01
5.139611661549388089e+00 1.460156250000000000e+01
5.152191165278416918e+00 1.883593750000000000e+01
5.164982422332229817e+00 1.345703125000000000e+01
5.177064729869012893e+00 1.806250000000000000e+01
5.189628691792258053e+00 1.916015625000000000e+01
5.201872262363863797e+00 1.190625000000000000e+01
5.214273989200037818e+00 1.920312500000000000e+01
5.226847067029286364e+00 1.458984375000000000e+01
5.239536570219204492e+00 1.794140625000000000e+01
5.251528808944527782e+00 2.031250000000000000e+01
5.263465427879161496e+00 1.569531250000000000e+01
5.276544747147219994e+00 1.542187500000000000e+01
5.288897708302755518e+00 1.428906250000000000e+01
5.301371293250049632e+00 1.367187500000000000e+01
5.314047117109272023e+00 1.552734375000000000e+01
5.326075800997763565e+00 1.764453125000000000e+01
5.339170567986180060e+00 1.473437500000000000e+01
5.350955656207659672e+00 1.432031250000000000e+01
5.363673303175310991e+00 1.596484375000000000e+01
5.376009126402284011e+00 1.497265625000000000e+01
5.388645009106109995e+00 1.173437500000000000e+01
5.401792921012059878e+00 1.589062500000000000e+01
5.413666493846612582e+00 1.750781250000000000e+01
5.425515855261693332e+00 2.109375000000000000e+01
5.438171783093160627e+00 1.977343750000000000e+01
5.450740524335927262e+00 1.824218750000000000e+01
5.463195026296624235e+00 2.023437500000000000e+01
5.475003448406376094e+00 2.010156250000000000e+01
5.487622588281773517e+00 1.963281250000000000e+01
5.500102282033036971e+00 2.356640625000000000e+01
5.512894134127350299e+00 1.354687500000000000e+01
5.525612676084708852e+00 1.916015625000000000e+01
5.537628763337593796e+00 1.886718750000000000e+01
5.549517153308439532e+00 1.933984375000000000e+01
5.562127543480563929e+00 1.914843750000000000e+01
5.574792798135860039e+00 1.609375000000000000e+01
5.587364088786980432e+00 1.965625000000000000e+01
5.600034041658439321e+00 2.025781250000000000e+01
5.612080887800640738e+00 1.912890625000000000e+01
5.625224731967605862e+00 1.744531250000000000e+01
5.636863086834452474e+00 1.950000000000000000e+01
5.649440312909362660e+00 1.473437500000000000e+01
5.661837278289240771e+00 2.371875000000000000e+01
5.673489204859677670e+00 2.010156250000000000e+01
5.686658987894610107e+00 1.871093750000000000e+01
5.699747306845601713e+00 2.423437500000000000e+01
5.711325756416734123e+00 1.664062500000000000e+01
5.724030425534078148e+00 2.243359375000000000e+01
5.736482863088003370e+00 1.784765625000000000e+01
5.749214044146867764e+00 1.873437500000000000e+01
5.761140218526829671e+00 2.469531250000000000e+01
5.773272608492078461e+00 1.926562500000000000e+01
5.785912212171275826e+00 2.439062500000000000e+01
5.798830819436940232e+00 1.878125000000000000e+01
5.811141085718972477e+00 1.664453125000000000e+01
5.823701653502062925e+00 2.518359375000000000e+01
5.835541933585126628e+00 2.195312500000000000e+01
5.848408516515593902e+00 2.370312500000000000e+01
5.860849702782289228e+00 2.060937500000000000e+01
5.873498913521252973e+00 2.223828125000000000e+01
5.885097088385698783e+00 2.619531250000000000e+01
5.898162392306641522e+00 2.272656250000000000e+01
5.911403739104216015e+00 2.360937500000000000e+01
5.922728614817017956e+00 2.423828125000000000e+01
5.935297592458013582e+00 2.491406250000000000e+01
5.947921502431782415e+00 2.743750000000000000e+01
5.960185685378704079e+00 1.906250000000000000e+01
5.972774767453699951e+00 2.459375000000000000e+01
5.985260475358352039e+00 2.635937500000000000e+01
5.997395230679792633e+00 2.073437500000000000e+01
6.009854669304129260e+00 2.144921875000000000e+01
6.022237323629120453e+00 2.190625000000000000e+01
6.035275862386427548e+00 2.251562500000000000e+01
6.047151275942592719e+00 2.521484375000000000e+01
6.059193537662430629e+00 1.809375000000000000e+01
6.071967903163638880e+00 2.633203125000000000e+01
6.084769800569844733e+00 2.183593750000000000e+01
6.096656760205540593e+00 2.104687500000000000e+01
6.108578531377062859e+00 2.139062500000000000e+01
6.121081563034785233e+00 2.026953125000000000e+01
6.134098386477088383e+00 2.354296875000000000e+01
6.146783946595348880e+00 2.807812500000000000e+01
6.159361340517335748e+00 2.409375000000000000e+01
6.172182662784400975e+00 2.056250000000000000e+01
6.182945372613062318e+00 2.262500000000000000e+01
6.196259814083425965e+00 2.010937500000000000e+01
6.208800252949870924e+00 2.353515625000000000e+01
6.221121175658264946e+00 2.221093750000000000e+01
6.233892974735592674e+00 2.564453125000000000e+01
6.245625040418794072e+00 2.095312500000000000e+01
6.258789797014841838e+00 2.103125000000000000e+01
6.271338893814224491e+00 2.824218750000000000e+01
6.283206816705025233e+00 2.349218750000000000e+01
6.295782535158437554e+00 2.439062500000000000e+01
6.307567564270314620e+00 2.042187500000000000e+01
6.321355352387129756e+00 2.054687500000000000e+01
6.333212104114572583e+00 2.333593750000000000e+01
6.345201903006326916e+00 2.223437500000000000e+01
6.358002540095803568e+00 2.399218750000000000e+01
6.370572645906385389e+00 2.087500000000000000e+01
6.382703127465770621e+00 1.930078125000000000e+01
6.395257587258619481e+00 2.274218750000000000e+01
6.407511819265451436e+00 2.534375000000000000e+01
6.420161165927819269e+00 2.321484375000000000e+01
6.432570485629184986e+00 2.067578125000000000e+01
6.445210302877782738e+00 2.562500000000000000e+01
6.457217633933066026e+00 2.018359375000000000e+01
6.468815523827757374e+00 2.252343750000000000e+01
6.482335326576396994e+00 2.297656250000000000e+01
6.494589341985665953e+00 1.842968750000000000e+01
6.507257656816435087e+00 1.992187500000000000e+01
6.519804779244001480e+00 2.826562500000000000e+01
6.531576579278883798e+00 1.910156250000000000e+01
6.544937161210725662e+00 1.846875000000000000e+01
6.556725668363441173e+00 2.596093750000000000e+01
6.569270204309397343e+00 1.682812500000000000e+01
6.581844546713675470e+00 2.466796875000000000e+01
6.593010255660750829e+00 1.754296875000000000e+01
6.607444589812587310e+00 2.001562500000000000e+01
6.619290000972071653e+00 2.339843750000000000e+01
6.630898551307325306e+00 2.153906250000000000e+01
6.644065686254798209e+00 2.446875000000000000e+01
6.656327696547307937e+00 2.107031250000000000e+01
6.668908846010090485e+00 2.292968750000000000e+01
6.681338894091403802e+00 2.126171875000000000e+01
6.693238124911694342e+00 1.780468750000000000e+01
6.706077919469095150e+00 1.624609375000000000e+01
6.718462845566829600e+00 1.676562500000000000e+01
6.731287776503265263e+00 1.679687500000000000e+01
6.743262135194996176e+00 2.241406250000000000e+01
6.755095382218843980e+00 1.667578125000000000e+01
6.768381331312049554e+00 1.160937500000000000e+01
6.780547737210994796e+00 1.524218750000000000e+01
6.793007534989662588e+00 1.585937500000000000e+01
6.805727711616032849e+00 1.741796875000000000e+01
6.816486194393398534e+00 1.558593750000000000e+01
6.830916207652901306e+00 1.282421875000000000e+01
6.842621107343436648e+00 1.495312500000000000e+01
6.855030598274737486e+00 9.500000000000000000e+00
6.867894171609592036e+00 2.002343750000000000e+01
6.878960072967423400e+00 1.150000000000000000e+01
6.893507639814600907e+00 1.191406250000000000e+01
6.905368270179863543e+00 1.264843750000000000e+01
6.916903605507066288e+00 7.750000000000000000e+00
6.929850796797232704e+00 1.537890625000000000e+01
6.941719827948105603e+00 1.337109375000000000e+01
6.954943733837112063e+00 9.781250000000000000e+00
6.966821870970235864e+00 1.346093750000000000e+01
6.978770029575915856e+00 1.110546875000000000e+01
6.991974412339004630e+00 8.804687500000000000e+00
7.004508220841202615e+00 1.007031250000000000e+01
7.017365094248631863e+00 8.304687500000000000e+00
7.029413934985093704e+00 1.082812500000000000e+01
7.041169117509788578e+00 1.005468750000000000e+01
7.054369375674795606e+00 7.773437500000000000e+00
7.066387946660142916e+00 1.064062500000000000e+01
7.079061660100830267e+00 5.554687500000000000e+00
7.091211621114617003e+00 7.179687500000000000e+00
7.103737828673295951e+00 6.125000000000000000e+00
7.116958235990928472e+00 1.057812500000000000e+01
7.128557177207657247e+00 1.181640625000000000e+01
7.140836307402622651e+00 4.496093750000000000e+00
7.153849521096788067e+00 7.148437500000000000e+00
7.165095176562555679e+00 9.878906250000000000e+00
7.178996304785542293e+00 2.164062500000000000e+00
7.191450903941532857e+00 4.445312500000000000e+00
7.202875334108714611e+00 4.851562500000000000e+00
7.215725520628261336e+00 4.804687500000000000e+00
7.227727344109986518e+00 3.039062500000000000e+00
7.240900092707818203e+00 -2.343750000000000000e-01
7.252780909854749325e+00 3.609375000000000000e+00
7.264712958987875169e+00 7.109375000000000000e-01
7.277825636171584733e+00 -1.875000000000000000e+00
7.290490514515628462e+00 4.218750000000000000e+00
7.302838904982181134e+00 4.542968750000000000e+00
7.314804503470021757e+00 4.308593750000000000e+00
7.326697310380076544e+00 -2.035156250000000000e+00
7.340066471680149363e+00 -1.992187500000000000e+00
7.352442892785504114e+00 8.281250000000000000e-01
7.365124803123162422e+00 1.406250000000000000e+00
7.377288218834856082e+00 -3.320312500000000000e-01
7.388557990817918864e+00 5.582031250000000000e+00
7.403019392113051822e+00 -2.734375000000000000e-02
7.414590318680236436e+00 3.203125000000000000e-01
7.426894685226173465e+00 -1.507812500000000000e+00
7.439646990670226501e+00 3.304687500000000000e+00
7.451232256766161299e+00 2.843750000000000000e+00
7.465672475914146844e+00 -6.171875000000000000e-01
7.477525178454200727e+00 1.632812500000000000e+00
7.488868899791590650e+00 -2.914062500000000000e+00
7.501620507626142853e+00 -4.039062500000000000e+00
7.512583106673289990e+00 -2.296875000000000000e+00
7.527053319097056772e+00 -1.796875000000000000e+00
7.538886509505125844e+00 -5.601562500000000000e+00
7.550793000968187840e+00 -3.640625000000000000e+00
7.563554169428861940e+00 7.031250000000000000e-02
7.576171865706591291e+00 -6.000000000000000000e+00
7.588917955220367162e+00 -1.125000000000000000e+00
7.600898399296255548e+00 -2.429687500000000000e+00
7.612400327381294574e+00 -5.250000000000000000e+00
7.625838722129664404e+00 -5.171875000000000000e+00
7.638227763206451471e+00 -1.914062500000000000e+00
7.651176824155776046e+00 -5.476562500000000000e+00
7.663364710209698671e+00 -3.867187500000000000e+00
7.674548038120697413e+00 -2.773437500000000000e+00
7.687936468061472794e+00 -9.281250000000000000e+00
7.700462840549555210e+00 -9.875000000000000000e+00
7.712934030389220652e+00 -7.828125000000000000e+00
7.725642015114068784e+00 -3.710937500000000000e+00
7.737258603069005147e+00 -5.339843750000000000e+00
7.750493963002842435e+00 -3.445312500000000000e+00
7.762316281021760744e+00 -9.250000000000000000e+00
7.774843868959688820e+00 -5.378906250000000000e+00
7.787417533426904015e+00 -3.839843750000000000e+00
7.799265182073170877e+00 -8.460937500000000000e+00
7.813053218648349230e+00 -5.875000000000000000e+00
7.824329853147791169e+00 -2.187500000000000000e+00
7.836636416200455812e+00 -9.492187500000000000e+00
7.849594643200866528e+00 -6.390625000000000000e+00
7.862094179883648337e+00 -9.460937500000000000e+00
7.874547818492210638e+00 -1.003125000000000000e+01
7.886367771810839145e+00 -5.593750000000000000e+00
7.899234791979793613e+00 -1.017968750000000000e+01
7.911657522880119586e+00 -1.396484375000000000e+01
7.924073385440500772e+00 -1.164843750000000000e+01
7.936873960320451005e+00 -1.289453125000000000e+01
7.948924957335872676e+00 -1.035156250000000000e+01
7.960715592161513143e+00 -1.506250000000000000e+01
7.974015610915323293e+00 -1.080859375000000000e+01
7.986167022288391593e+00 -1.272656250000000000e+01
7.998789823439221180e+00 -1.542968750000000000e+01
8.011230099168535901e+00 -8.210937500000000000e+00
8.022120211082544472e+00 -1.036718750000000000e+01
8.036504357438566615e+00 -1.356250000000000000e+01
8.048061611492265399e+00 -1.500000000000000000e+01
8.060692148184738670e+00 -1.061328125000000000e+01
8.073437141479736567e+00 -1.108203125000000000e+01
8.084751408387312210e+00 -2.164843750000000000e+01
8.099129745468019337e+00 -2.253125000000000000e+01
8.109777856295533383e+00 -2.118359375000000000e+01
8.122706595009042019e+00 -2.621484375000000000e+01
8.135561303113277631e+00 -2.825000000000000000e+01
8.148067583772576228e+00 -3.080859375000000000e+01
8.160572982696734812e+00 -2.901562500000000000e+01
8.173061990795957854e+00 -3.701562500000000000e+01
8.184357948060750232e+00 -3.058593750000000000e+01
8.197494802668188640e+00 -4.027343750000000000e+01
8.210140354350279779e+00 -3.648046875000000000e+01
8.222935023492834006e+00 -4.114843750000000000e+01
8.234978840166618852e+00 -4.486718750000000000e+01
8.246796977108978410e+00 -3.873437500000000000e+01
8.260040193883124715e+00 -5.752343750000000000e+01
8.272222981649356655e+00 -6.157812500000000000e+01
8.284851527445209030e+00 -4.594531250000000000e+01
8.297509324661831442e+00 -6.754687500000000000e+01
8.308202782884215765e+00 -6.667968750000000000e+01
8.322585472651731209e+00 -7.141406250000000000e+01
8.334124953461831353e+00 -8.008593750000000000e+01
8.346679472283852874e+00 -8.430859375000000000e+01
8.359445203172732874e+00 -8.450000000000000000e+01
8.370725427216040515e+00 -1.006367187500000000e+02
8.385214849744173193e+00 -1.036757812500000000e+02
8.397063637554495585e+00 -1.099453125000000000e+02
8.408556242719960494e+00 -1.235234375000000000e+02
8.421332759875493679e+00 -1.111367187500000000e+02
8.432727124363427862e+00 -1.293281250000000000e+02
8.446593383339084937e+00 -1.311328125000000000e+02
8.458529422605280956e+00 -1.290781250000000000e+02
8.470418786169574332e+00 -1.296953125000000000e+02
8.483566840516527208e+00 -1.406484375000000000e+02
8.495944629227672351e+00 -1.244179687500000000e+02
8.508937640546630377e+00 -1.457187500000000000e+02
8.522076168483984304e+00 -1.456562500000000000e+02
8.531920900664374585e+00 -1.413515625000000000e+02
8.545991587339926809e+00 -1.450078125000000000e+02
8.557989319838270603e+00 -1.377187500000000000e+02
8.570782169660702721e+00 -1.493359375000000000e+02
8.583667748837175537e+00 -1.418554687500000000e+02
8.594181150610513242e+00 -1.528164062500000000e+02
8.608650505116671070e+00 -1.489453125000000000e+02
8.620125790081473838e+00 -1.479921875000000000e+02
8.632697222798917380e+00 -1.486171875000000000e+02
8.645554626338345372e+00 -1.609375000000000000e+02
8.656168226833251822e+00 -1.596523437500000000e+02
8.671282525880599223e+00 -1.538906250000000000e+02
8.683190494289277694e+00 -1.586484375000000000e+02
8.694535274291439464e+00 -1.645000000000000000e+02
8.707390563276984352e+00 -1.501445312500000000e+02
8.719412644314868288e+00 -1.624023437500000000e+02
8.732609371955589950e+00 -1.589843750000000000e+02
8.744610134679462021e+00 -1.672500000000000000e+02
8.756347324771269314e+00 -1.698984375000000000e+02
8.769290302698529160e+00 -1.701718750000000000e+02
8.781665585692223885e+00 -1.523710937500000000e+02
8.794536134485369416e+00 -1.649609375000000000e+02
8.808149924153333643e+00 -1.626250000000000000e+02
8.817890556528528379e+00 -1.645546875000000000e+02
8.831723528289405323e+00 -1.646796875000000000e+02
8.843944157466300027e+00 -1.576914062500000000e+02
8.856591275921037010e+00 -1.597929687500000000e+02
8.870068748996928321e+00 -1.660625000000000000e+02
8.879694558270820437e+00 -1.557812500000000000e+02
8.894141405516364784e+00 -1.563164062500000000e+02
8.906043465796066982e+00 -1.384609375000000000e+02
8.918500060465234469e+00 -1.585625000000000000e+02
8.931721995155129434e+00 -1.502578125000000000e+02
8.942249946765805646e+00 -1.447851562500000000e+02
8.956121046810327613e+00 -1.427578125000000000e+02
8.969343697672425009e+00 -1.358867187500000000e+02
8.980455991409396432e+00 -1.308320312500000000e+02
8.993351632484937852e+00 -1.247500000000000000e+02
9.004192536253196266e+00 -1.204687500000000000e+02
9.018661026050324381e+00 -1.192812500000000000e+02
9.032444341388163878e+00 -1.070234375000000000e+02
9.042234644350791939e+00 -1.091562500000000000e+02
9.055210847007366226e+00 -9.529687500000000000e+01
9.067242238913440389e+00 -1.073750000000000000e+02
9.080024742244855673e+00 -1.068476562500000000e+02
9.094330408245856034e+00 -9.200000000000000000e+01
9.103838924658447240e+00 -9.238281250000000000e+01
9.117237169834112365e+00 -8.887500000000000000e+01
9.129782045487296216e+00 -7.732031250000000000e+01
9.142417078063669322e+00 -8.804687500000000000e+01
9.155828138471694189e+00 -7.558593750000000000e+01
9.165773111648412907e+00 -7.414062500000000000e+01
9.179575525664059654e+00 -6.631640625000000000e+01
9.191978597046251309e+00 -6.039062500000000000e+01
9.204510974103101262e+00 -6.549218750000000000e+01
9.217630558418683506e+00 -5.985937500000000000e+01
9.227700422313048989e+00 -6.063671875000000000e+01
9.242117749664899407e+00 -5.177343750000000000e+01
9.255313223264185041e+00 -5.562500000000000000e+01
9.266444924578646436e+00 -4.820312500000000000e+01
9.279312174325099249e+00 -5.621093750000000000e+01
9.290336047122764285e+00 -4.267187500000000000e+01
9.304737308870755896e+00 -4.656250000000000000e+01
9.316728542942851021e+00 -4.783203125000000000e+01
