#Time Flux
-1.452075960219573858e+00 2.954687500000000000e+01
-1.446341979090320251e+00 2.967968750000000000e+01
-1.440567671513974801e+00 3.021093750000000000e+01
-1.434760214446129112e+00 3.364062500000000000e+01
-1.428989981355019978e+00 2.858984375000000000e+01
-1.423179277047577074e+00 2.443359375000000000e+01
-1.417353354578075653e+00 2.991406250000000000e+01
-1.411330146745655156e+00 2.892578125000000000e+01
-1.405505530352670007e+00 2.731250000000000000e+01
-1.400008610835023148e+00 2.972656250000000000e+01
-1.393964453314612939e+00 3.000781250000000000e+01
-1.388124774365909531e+00 2.805468750000000000e+01
-1.382314165508116588e+00 2.756250000000000000e+01
-1.376560546590319234e+00 3.292187500000000000e+01
-1.370840977503597458e+00 2.636718750000000000e+01
-1.364891443898208934e+00 2.787500000000000000e+01
-1.359303332662292974e+00 2.810546875000000000e+01
-1.353371785017785101e+00 3.200781250000000000e+01
-1.347319996733538972e+00 3.141406250000000000e+01
-1.341465619108035412e+00 2.912500000000000000e+01
-1.335698232505151850e+00 3.020703125000000000e+01
-1.329909198599033004e+00 2.764843750000000000e+01
-1.324022435854253388e+00 2.733593750000000000e+01
-1.318508267043185356e+00 2.855468750000000000e+01
-1.312502637551929752e+00 2.659375000000000000e+01
-1.306451670526847408e+00 2.375000000000000000e+01
-1.300830440657133380e+00 2.754687500000000000e+01
-1.295104971413067574e+00 3.085546875000000000e+01
-1.289216455544284656e+00 2.963281250000000000e+01
-1.283188341293982404e+00 2.422656250000000000e+01
-1.277851891094162085e+00 2.685546875000000000e+01
-1.271714526028219439e+00 2.497656250000000000e+01
-1.266153818233114237e+00 2.549218750000000000e+01
-1.260212451289820734e+00 2.686328125000000000e+01
-1.254357118246261393e+00 2.759375000000000000e+01
-1.248411376960113728e+00 2.626171875000000000e+01
-1.242560275925171709e+00 2.334375000000000000e+01
-1.236991310665889188e+00 2.498437500000000000e+01
-1.231188360365834455e+00 2.508984375000000000e+01
-1.225355917101310865e+00 2.729296875000000000e+01
-1.219387532975517274e+00 2.469531250000000000e+01
-1.213491424895764226e+00 2.764062500000000000e+01
-1.207592251933363059e+00 2.214843750000000000e+01
-1.201700760136422019e+00 2.258203125000000000e+01
-1.196292123303926758e+00 2.448828125000000000e+01
-1.190330980499904712e+00 2.351171875000000000e+01
-1.184523376648861870e+00 2.021093750000000000e+01
-1.178775792413482293e+00 1.761718750000000000e+01
-1.173182728881791093e+00 2.592187500000000000e+01
-1.166855698448991063e+00 1.913671875000000000e+01
-1.160849835663960050e+00 1.940625000000000000e+01
-1.155345254215191630e+00 2.221093750000000000e+01
-1.149465203679621794e+00 2.016406250000000000e+01
-1.143678683038125143e+00 1.996093750000000000e+01
-1.137886105162586148e+00 1.623828125000000000e+01
-1.132442695789627862e+00 2.403906250000000000e+01
-1.126409253775101149e+00 2.010546875000000000e+01
-1.120382214706019397e+00 2.332812500000000000e+01
-1.114634272454708253e+00 2.234375000000000000e+01
-1.108607088653776884e+00 2.175781250000000000e+01
-1.102824796794276807e+00 1.792968750000000000e+01
-1.097280616909110051e+00 1.886718750000000000e+01
-1.091615548330281626e+00 1.710156250000000000e+01
-1.085542058372276131e+00 1.952734375000000000e+01
-1.079557332836252215e+00 1.992968750000000000e+01
-1.073833246411371789e+00 2.099609375000000000e+01
-1.067796533162450601e+00 2.001171875000000000e+01
-1.061970963453916283e+00 1.938281250000000000e+01
-1.056426607484020508e+00 2.076562500000000000e+01
-1.050765169043422986e+00 1.625781250000000000e+01
-1.044738839581377476e+00 1.837890625000000000e+01
-1.039035158601436137e+00 1.869140625000000000e+01
-1.033272479204882188e+00 1.334375000000000000e+01
-1.027187394726563952e+00 1.643750000000000000e+01
-1.021362553155910291e+00 1.805468750000000000e+01
-1.015581109380921276e+00 1.896484375000000000e+01
-1.010046865812746830e+00 2.145312500000000000e+01
-1.003941125978272453e+00 1.656250000000000000e+01
-9.982296956469198790e-01 1.448437500000000000e+01
-9.924180143355343375e-01 1.654687500000000000e+01
-9.866685960047263393e-01 1.807031250000000000e+01
-9.808850856940054541e-01 1.752343750000000000e+01
-9.750444715977693022e-01 1.160937500000000000e+01
-9.691845388325468491e-01 1.280078125000000000e+01
-9.630854748954718048e-01 1.307031250000000000e+01
-9.573964018592775460e-01 1.058593750000000000e+01
-9.517094700779011873e-01 1.277343750000000000e+01
-9.458894980886256576e-01 1.703906250000000000e+01
-9.401220998636290460e-01 1.064062500000000000e+01
-9.342271560873527392e-01 1.449609375000000000e+01
-9.286958600237227301e-01 1.132812500000000000e+01
-9.223595025523856350e-01 1.182031250000000000e+01
-9.166879408190879985e-01 1.388281250000000000e+01
-9.110590855297644453e-01 1.289843750000000000e+01
-9.050511760212032186e-01 1.419531250000000000e+01
-8.992656984572775514e-01 1.118750000000000000e+01
-8.936568456835729535e-01 9.835937500000000000e+00
-8.878850945186087529e-01 1.123046875000000000e+01
-8.819849896158657998e-01 1.386718750000000000e+01
-8.758734123076692413e-01 1.029687500000000000e+01
-8.701943218138978864e-01 1.240625000000000000e+01
-8.641967417183167299e-01 1.190625000000000000e+01
-8.584069208134010864e-01 1.073437500000000000e+01
-8.528099124124750574e-01 9.140625000000000000e+00
-8.470999382980153314e-01 1.018750000000000000e+01
-8.411163281403233327e-01 1.192968750000000000e+01
-8.352912573934574425e-01 6.894531250000000000e+00
-8.294127121462082641e-01 9.000000000000000000e+00
-8.233407420469767146e-01 9.566406250000000000e+00
-8.178371619600355302e-01 9.976562500000000000e+00
-8.119632875930768989e-01 8.976562500000000000e+00
-8.062574224921874588e-01 7.164062500000000000e+00
-8.003831895853750211e-01 8.125000000000000000e+00
-7.945556735852719044e-01 7.164062500000000000e+00
-7.889265681957233767e-01 8.519531250000000000e+00
-7.828117146019692996e-01 7.804687500000000000e+00
-7.769806137506236610e-01 9.265625000000000000e+00
-7.712508719393120771e-01 3.796875000000000000e+00
-7.655964826165018167e-01 7.015625000000000000e+00
-7.597116096473399693e-01 2.859375000000000000e+00
-7.538356279654969683e-01 4.796875000000000000e+00
-7.480584134178691613e-01 6.527343750000000000e+00
-7.420031095169221658e-01 5.660156250000000000e+00
-7.362499340661088354e-01 1.327734375000000000e+01
-7.305340869739112009e-01 3.976562500000000000e+00
-7.247570990423746196e-01 5.218750000000000000e+00
-7.188763536006348431e-01 7.718750000000000000e+00
-7.130316136460024268e-01 1.019531250000000000e+00
-7.072660980176266321e-01 2.574218750000000000e+00
-7.014394409209359083e-01 4.671875000000000000e+00
-6.956060882615346941e-01 6.609375000000000000e+00
-6.899764474081067078e-01 1.992187500000000000e+00
-6.840934962880851344e-01 5.273437500000000000e+00
-6.781761440470148727e-01 5.195312500000000000e+00
-6.722061656314934908e-01 3.726562500000000000e+00
-6.664365944916497142e-01 3.812500000000000000e+00
-6.607393238712333527e-01 3.226562500000000000e+00
-6.549490670068109921e-01 3.312500000000000000e+00
-6.491171469358079094e-01 4.941406250000000000e+00
-6.434322797713534214e-01 1.992187500000000000e+00
-6.374135573769805774e-01 4.429687500000000000e+00
-6.313734331927562948e-01 4.941406250000000000e+00
-6.256639717743155416e-01 4.199218750000000000e+00
-6.201323835104801674e-01 1.734375000000000000e+00
-6.141821555995434778e-01 -2.109375000000000000e-01
-6.082508572478246833e-01 4.253906250000000000e+00
-6.025669166329166160e-01 3.781250000000000000e+00
-5.965618396593797002e-01 5.859375000000000000e+00
-5.907796506770566225e-01 4.363281250000000000e+00
-5.848477714869275701e-01 2.312500000000000000e+00
-5.793605855418526573e-01 3.886718750000000000e+00
-5.733681476540333222e-01 1.082031250000000000e+00
-5.676269287582371703e-01 6.191406250000000000e+00
-5.617409534979032060e-01 9.921875000000000000e-01
-5.558984928417700644e-01 4.812500000000000000e+00
-5.500327077554345578e-01 1.546875000000000000e+00
-5.441808793347178153e-01 2.335937500000000000e+00
-5.385334855785686159e-01 3.636718750000000000e+00
-5.327206049264177068e-01 -7.421875000000000000e-01
-5.268820686383435259e-01 1.937500000000000000e+00
-5.210111905784096109e-01 -5.507812500000000000e-01
-5.151936844284819017e-01 6.054687500000000000e+00
-5.094170928509171858e-01 9.414062500000000000e-01
-5.035279396233569571e-01 -2.503906250000000000e+00
-4.978019662617398922e-01 4.687500000000000000e-02
-4.917896454805088524e-01 8.085937500000000000e-01
-4.860063305154156410e-01 1.921875000000000000e+00
-4.802990219434732921e-01 4.257812500000000000e-01
-4.744832731065180553e-01 -2.824218750000000000e+00
-4.685943729778792033e-01 3.281250000000000000e+00
-4.625107059689419486e-01 -2.550781250000000000e+00
-4.569393479122609847e-01 4.671875000000000000e+00
-4.512860435878778276e-01 9.296875000000000000e-01
-4.454741562773136820e-01 -1.679687500000000000e+00
-4.397439754642107346e-01 -1.125000000000000000e+00
-4.338156789554119541e-01 1.218750000000000000e+00
-4.277824689485427712e-01 1.109375000000000000e+00
-4.219840708543429741e-01 -1.171875000000000000e-01
-4.161726357772437268e-01 -3.867187500000000000e+00
-4.105985524848598800e-01 -2.382812500000000000e-01
-4.046620546952723885e-01 -2.960937500000000000e+00
-3.989701992421430532e-01 6.250000000000000000e-02
-3.930057150786012699e-01 -1.769531250000000000e+00
-3.869362233127873196e-01 2.500000000000000000e-01
-3.811190996208111414e-01 5.078125000000000000e-01
-3.753206154449273413e-01 1.929687500000000000e+00
-3.697684837275048153e-01 -1.011718750000000000e+00
-3.639287969583406834e-01 -3.882812500000000000e+00
-3.581452769474395836e-01 -4.476562500000000000e+00
-3.522935622301801573e-01 -1.562500000000000000e-02
-3.462467524688399578e-01 -2.003906250000000000e+00
-3.404882823051380569e-01 -2.742187500000000000e+00
-3.346912659718981331e-01 -1.820312500000000000e+00
-3.288970803933324305e-01 -3.039062500000000000e+00
-3.230616974271711683e-01 -1.015625000000000000e+00
-3.174387845459349933e-01 1.015625000000000000e+00
-3.116976432953180165e-01 -2.656250000000000000e-01
-3.059544760790338103e-01 -1.925781250000000000e+00
-2.997757801957376955e-01 -4.664062500000000000e+00
-2.938567724346370369e-01 3.140625000000000000e+00
-2.880366631260926624e-01 -3.914062500000000000e+00
-2.822031205458870318e-01 -2.296875000000000000e+00
-2.766810468341134310e-01 5.195312500000000000e-01
-2.708520498178152991e-01 -3.765625000000000000e+00
-2.651736298247655554e-01 -1.675781250000000000e+00
-2.589343908632635305e-01 -5.976562500000000000e-01
-2.532772583285769485e-01 -2.121093750000000000e+00
-2.472110752237384190e-01 -4.687500000000000000e-01
-2.413742073652720421e-01 -1.914062500000000000e-01
-2.358350160515527705e-01 -1.585937500000000000e+00
-2.299971509026157435e-01 1.429687500000000000e+00
-2.242357538398778161e-01 6.484375000000000000e-01
-2.183497103283045249e-01 -3.757812500000000000e+00
-2.127570322948955095e-01 0.000000000000000000e+00
-2.066112218383793220e-01 -4.363281250000000000e+00
-2.009389952075295582e-01 -5.031250000000000000e+00
-1.951588628184879326e-01 1.812500000000000000e+00
-1.891843790932519198e-01 -1.535156250000000000e+00
-1.837646434747099988e-01 -2.781250000000000000e+00
-1.775302936462352932e-01 -5.625000000000000000e+00
-1.719859237504408611e-01 2.031250000000000000e-01
-1.658480028815141338e-01 -2.609375000000000000e+00
-1.600751979596459762e-01 -2.222656250000000000e+00
-1.542538719723154372e-01 -4.250000000000000000e+00
-1.484541526330467320e-01 6.640625000000000000e-01
-1.428962786254075468e-01 -6.718750000000000000e-01
-1.368957780038115857e-01 -4.218750000000000000e+00
-1.311495930228332440e-01 -2.531250000000000000e+00
-1.250334645573190073e-01 -2.292968750000000000e+00
-1.195369543259943157e-01 -1.753906250000000000e+00
-1.137472298020867356e-01 1.273437500000000000e+00
-1.079084981031819268e-01 -2.917968750000000000e+00
-1.020285001481440190e-01 -1.664062500000000000e+00
-9.600361473398066892e-02 1.066406250000000000e+00
-9.039334875995308494e-02 -2.656250000000000000e-01
-8.438683920842748876e-02 -1.015625000000000000e+00
-7.870396611875207782e-02 -3.234375000000000000e+00
-7.288548940152139721e-02 -1.929687500000000000e+00
-6.728377562435383652e-02 3.906250000000000000e-02
-6.149730230911387707e-02 -2.585937500000000000e+00
-5.535523130556541105e-02 -2.851562500000000000e-01
-4.964779220592419051e-02 1.351562500000000000e+00
-4.360819407851579399e-02 -2.789062500000000000e+00
-3.783474648994911149e-02 -2.820312500000000000e+00
-3.224386975415427514e-02 3.789062500000000000e+00
-2.646294931793136129e-02 -5.000000000000000000e+00
-2.065953510839690921e-02 -4.335937500000000000e-01
-1.467242888885778029e-02 3.242187500000000000e-01
-8.716438805844717308e-03 4.101562500000000000e+00
-2.742965923644646864e-03 -3.750000000000000000e-01
3.046759226954520727e-03 -7.695312500000000000e-01
8.621358990069438732e-03 8.593750000000000000e-02
1.440617886663630998e-02 -1.453125000000000000e+00
2.020720805364462080e-02 2.500000000000000000e-01
2.616551947942014067e-02 3.703125000000000000e+00
3.209637209592486329e-02 4.703125000000000000e+00
3.812216164838844179e-02 -7.500000000000000000e-01
4.382502194248161231e-02 -2.578125000000000000e-01
4.938850152563389884e-02 1.628906250000000000e+00
5.527540670999542272e-02 -5.468750000000000000e-02
6.092946322120695868e-02 -1.585937500000000000e+00
6.668424605822309559e-02 -1.574218750000000000e+00
7.264097413384362767e-02 1.980468750000000000e+00
7.856877817940599584e-02 -1.410156250000000000e+00
8.451476315838135633e-02 -3.906250000000000000e-01
9.025629512859012493e-02 -4.804687500000000000e-01
9.609576953592835480e-02 6.601562500000000000e-01
1.019405434743667627e-01 -3.671875000000000000e-01
1.075007149404285656e-01 -3.257812500000000000e+00
1.132956508697908760e-01 2.878906250000000000e+00
1.192932547223790607e-01 2.277343750000000000e+00
1.253465439475576204e-01 3.351562500000000000e+00
1.310328538248128893e-01 5.625000000000000000e-01
1.369397910684639896e-01 1.093750000000000000e+00
1.426400065764994451e-01 9.726562500000000000e-01
1.483658238860101619e-01 -5.000000000000000000e-01
1.541444971771994688e-01 1.726562500000000000e+00
1.600761611612924185e-01 1.601562500000000000e+00
1.660458668091706613e-01 -1.421875000000000000e+00
1.716311348812666893e-01 -1.628906250000000000e+00
1.777901984657646040e-01 2.929687500000000000e+00
1.833496148426050354e-01 3.734375000000000000e+00
1.890653582039760749e-01 1.062500000000000000e+00
1.950219648887454582e-01 3.507812500000000000e+00
2.007322757615526143e-01 -3.812500000000000000e+00
2.066653725574738587e-01 -1.593750000000000000e+00
2.122909887631507786e-01 2.234375000000000000e+00
2.180585239318446611e-01 3.679687500000000000e+00
2.241002750999498971e-01 4.843750000000000000e-01
2.298655908744251519e-01 2.578125000000000000e-01
2.358506794217340996e-01 2.937500000000000000e+00
2.415707924267991302e-01 -3.867187500000000000e-01
2.475073265280158807e-01 2.968750000000000000e-01
2.531004291830498687e-01 3.632812500000000000e+00
2.589250041335020569e-01 2.210937500000000000e+00
2.647144055761749826e-01 1.644531250000000000e+00
2.705030819544731457e-01 1.996093750000000000e+00
2.764748741471194649e-01 5.585937500000000000e+00
2.822884848933000512e-01 3.710937500000000000e+00
2.881588120215994309e-01 1.210937500000000000e+00
2.939051403723844658e-01 6.570312500000000000e+00
2.997455756910731850e-01 1.839843750000000000e+00
3.055836156152658134e-01 3.906250000000000000e+00
3.112408205372929615e-01 2.996093750000000000e+00
3.172258675608716771e-01 9.570312500000000000e-01
3.230131294030620381e-01 7.695312500000000000e-01
3.290267615010336044e-01 -2.468750000000000000e+00
3.347608354642872541e-01 5.687500000000000000e+00
3.401511618372943246e-01 2.742187500000000000e+00
3.461473021104879422e-01 -1.796875000000000000e-01
3.519263786397814897e-01 3.304687500000000000e+00
3.579386270503235323e-01 3.164062500000000000e+00
3.638576263029520419e-01 8.281250000000000000e-01
3.695294543608937943e-01 3.453125000000000000e+00
3.755244752958617482e-01 3.988281250000000000e+00
3.809645988115661908e-01 3.031250000000000000e+00
3.870122714740986680e-01 -2.890625000000000000e-01
3.927716877927309724e-01 2.562500000000000000e+00
3.987102916384408502e-01 6.726562500000000000e+00
4.046104835911279451e-01 4.687500000000000000e-02
4.101947646647161605e-01 2.214843750000000000e+00
4.162533709290592299e-01 6.023437500000000000e+00
4.218178878026392908e-01 1.960937500000000000e+00
4.278773407293314790e-01 -4.687500000000000000e-01
4.334928044349624088e-01 2.609375000000000000e+00
4.394530330092294435e-01 8.359375000000000000e-01
4.452105785077264954e-01 1.601562500000000000e+00
4.509352724258590683e-01 -1.519531250000000000e+00
4.568450956012632957e-01 -2.519531250000000000e+00
4.625461854273780204e-01 4.242187500000000000e+00
4.686764198703485818e-01 5.945312500000000000e+00
4.743598302825091650e-01 -1.468750000000000000e+00
4.803001304186480525e-01 2.312500000000000000e+00
4.858998062209991531e-01 2.578125000000000000e-01
4.917733895834217606e-01 6.171875000000000000e-01
4.974875545752155404e-01 2.882812500000000000e+00
5.033998324761554954e-01 4.429687500000000000e+00
5.094051666451733240e-01 3.867187500000000000e+00
5.151457510471963985e-01 3.593750000000000000e+00
5.209605241977541823e-01 4.128906250000000000e+00
5.266281386781450635e-01 3.078125000000000000e+00
5.325111077525264136e-01 3.796875000000000000e+00
5.383173209124976211e-01 2.207031250000000000e+00
5.441004941642511028e-01 5.687500000000000000e+00
5.499349719376382950e-01 -3.796875000000000000e+00
5.557225195287358588e-01 1.750000000000000000e+00
5.615744216293450108e-01 4.312500000000000000e+00
5.673996735064577024e-01 2.800781250000000000e+00
5.732490421113034529e-01 2.511718750000000000e+00
5.790695257274123264e-01 2.835937500000000000e+00
5.848225292205739834e-01 1.359375000000000000e+00
5.907497946036279757e-01 -7.265625000000000000e-01
5.965899506471217251e-01 4.128906250000000000e+00
6.023384217302520938e-01 1.851562500000000000e+00
6.081602355723667586e-01 8.828125000000000000e-01
6.140060152556188200e-01 1.289062500000000000e+00
6.199388477434908395e-01 1.257812500000000000e+00
6.254641208003164365e-01 4.164062500000000000e+00
6.315082182604392358e-01 4.218750000000000000e-01
6.373248563481404005e-01 -2.343750000000000000e-02
6.430923028894497406e-01 3.582031250000000000e+00
6.486615846064722746e-01 9.007812500000000000e+00
6.544599840761975429e-01 5.785156250000000000e+00
6.604671002809645586e-01 5.988281250000000000e+00
6.663297673518542297e-01 5.781250000000000000e+00
6.723754774261188061e-01 3.320312500000000000e+00
6.781854600901837671e-01 4.765625000000000000e+00
6.838613354940221711e-01 3.960937500000000000e+00
6.894828063670246365e-01 8.617187500000000000e+00
6.952531692295806920e-01 3.812500000000000000e+00
7.011408830412548809e-01 3.753906250000000000e+00
7.071027025327225601e-01 6.859375000000000000e+00
7.131570000313658397e-01 2.015625000000000000e+00
7.189567283427713562e-01 3.023437500000000000e+00
7.246932390328097995e-01 1.312500000000000000e+00
7.303216007769819385e-01 4.390625000000000000e+00
7.360974491904386241e-01 3.867187500000000000e+00
7.419400868288690276e-01 4.281250000000000000e+00
7.476874991251740710e-01 6.886718750000000000e+00
7.539582012231491603e-01 -1.398437500000000000e+00
7.598141733193344294e-01 5.312500000000000000e+00
7.654851562464521919e-01 3.027343750000000000e+00
7.709745656867781349e-01 7.992187500000000000e+00
7.768473111956879507e-01 4.843750000000000000e+00
7.826355210958055864e-01 2.578125000000000000e+00
7.884055715670044151e-01 4.015625000000000000e+00
7.945442430830986780e-01 1.453125000000000000e+00
8.003065050306332751e-01 5.789062500000000000e+00
8.062371981018188194e-01 4.667968750000000000e+00
8.118247470894921491e-01 6.882812500000000000e+00
8.176526571315605452e-01 1.710937500000000000e+00
8.234533323186141729e-01 9.843750000000000000e-01
8.292091774843299845e-01 3.796875000000000000e+00
8.353762241625020124e-01 2.007812500000000000e+00
8.410014850147398136e-01 -2.191406250000000000e+00
8.468595763633501861e-01 6.328125000000000000e+00
8.525401904742579973e-01 4.781250000000000000e+00
8.584557196557689451e-01 8.320312500000000000e-01
8.642682565578567733e-01 3.273437500000000000e+00
8.699622945120992767e-01 7.078125000000000000e+00
8.761014624822820451e-01 4.164062500000000000e+00
8.816924549583475823e-01 1.464843750000000000e+00
8.876757900232163934e-01 7.656250000000000000e+00
8.931890257058263671e-01 6.277343750000000000e+00
8.989834332958253071e-01 -8.359375000000000000e-01
9.046671891082986861e-01 4.058593750000000000e+00
9.107915484433846132e-01 3.539062500000000000e+00
9.168475414281687108e-01 4.242187500000000000e+00
9.225596984079587060e-01 4.218750000000000000e+00
9.283533325386841284e-01 2.242187500000000000e+00
9.339401417510266867e-01 -7.109375000000000000e-01
9.398524591586010501e-01 1.562500000000000000e-02
9.455345471396903179e-01 1.511718750000000000e+00
9.516398104505192634e-01 8.203125000000000000e-01
9.575896280151567908e-01 -1.656250000000000000e+00
9.633171267972073792e-01 -3.984375000000000000e-01
9.690060701893941086e-01 2.421875000000000000e+00
9.747840297826328992e-01 2.625000000000000000e+00
9.805741058882588845e-01 -1.484375000000000000e-01
9.861889457238497414e-01 -2.304687500000000000e-01
9.922766606270485568e-01 7.929687500000000000e-01
9.983784211255652963e-01 2.867187500000000000e+00
1.004053290134844900e+00 2.031250000000000000e-01
1.009817332983232063e+00 1.218750000000000000e+00
1.015596774532767199e+00 2.625000000000000000e+00
1.021155907763038329e+00 2.187500000000000000e+00
1.026968841302899449e+00 2.046875000000000000e+00
1.032849347301564080e+00 3.890625000000000000e+00
1.038753580620856098e+00 -1.625000000000000000e+00
1.044843288225479228e+00 1.886718750000000000e+00
1.050619171265580576e+00 -6.914062500000000000e-01
1.056461941394971404e+00 3.062500000000000000e+00
1.062022383198943487e+00 1.398437500000000000e+00
1.067788617955621078e+00 -6.562500000000000000e-01
1.073654346463747800e+00 -2.289062500000000000e+00
1.079517079293975002e+00 6.093750000000000000e-01
1.085709114351288918e+00 1.039062500000000000e+00
1.091392201983630628e+00 1.796875000000000000e-01
1.097293325111927231e+00 -3.699218750000000000e+00
1.102818660500588521e+00 3.378906250000000000e+00
1.108612812607049136e+00 1.609375000000000000e+00
1.114552085702623430e+00 4.890625000000000000e+00
1.120273577025514555e+00 2.320312500000000000e+00
1.126247847134752789e+00 -3.468750000000000000e+00
1.131822489791829867e+00 6.640625000000000000e-01
1.137774096221878750e+00 3.082031250000000000e+00
1.143546466283105190e+00 1.718750000000000000e+00
1.149407816017657069e+00 9.609375000000000000e-01
1.155357941162751700e+00 3.253906250000000000e+00
1.161089785967206467e+00 9.687500000000000000e-01
1.166912078813055587e+00 -3.656250000000000000e+00
1.172629397542131358e+00 -7.734375000000000000e-01
1.178196084271139199e+00 2.242187500000000000e+00
1.184377598587765590e+00 5.703125000000000000e-01
1.190104264141496060e+00 -4.414062500000000000e-01
1.196171187803884095e+00 -2.171875000000000000e+00
1.201821754819860644e+00 9.218750000000000000e-01
1.207690442199115921e+00 -2.281250000000000000e+00
1.213415140357550825e+00 2.179687500000000000e+00
1.218962176398946440e+00 2.179687500000000000e+00
1.224858541895596176e+00 -8.359375000000000000e-01
1.230534140647947083e+00 -1.093750000000000000e-01
1.236950789804570405e+00 -2.785156250000000000e+00
1.242614193234505393e+00 1.359375000000000000e+00
1.248440888685312444e+00 2.148437500000000000e+00
1.254187747716166257e+00 -3.593750000000000000e-01
1.259561435346050473e+00 -3.621093750000000000e+00
1.265650461541689253e+00 -1.718750000000000000e-01
1.271382238414322075e+00 -1.761718750000000000e+00
1.277636303073911961e+00 -6.695312500000000000e+00
1.283482218882301851e+00 -2.464843750000000000e+00
1.289294533743991167e+00 7.812500000000000000e-01
1.295053719579406959e+00 -2.632812500000000000e+00
1.300370172212431896e+00 -2.250000000000000000e+00
1.306446822473684932e+00 5.703125000000000000e-01
1.312113527410069480e+00 -1.773437500000000000e+00
1.318364350103372828e+00 -1.148437500000000000e+00
1.324168585835593603e+00 -1.164062500000000000e+00
1.330024521789830771e+00 -3.453125000000000000e+00
1.335880495690837222e+00 -2.710937500000000000e+00
1.341295826959331805e+00 9.609375000000000000e-01
1.347191891974524935e+00 4.921875000000000000e-01
1.352925726674396145e+00 -2.628906250000000000e+00
1.359233417526418464e+00 -3.351562500000000000e+00
1.365035241707971636e+00 -3.031250000000000000e+00
1.370668570741855774e+00 -2.773437500000000000e+00
1.376660893399098029e+00 -1.085937500000000000e+00
1.382044218382382894e+00 -1.445312500000000000e+00
1.388059413161990108e+00 -4.703125000000000000e+00
1.393793088292834881e+00 -3.234375000000000000e+00
1.399852226823455226e+00 -3.808593750000000000e+00
1.405614109548082524e+00 -8.828125000000000000e-01
1.411340868336289134e+00 -5.101562500000000000e+00
1.417116240839263241e+00 1.953125000000000000e-01
1.422855476359060845e+00 -2.933593750000000000e+00
1.428801685226751772e+00 -7.398437500000000000e+00
1.434581246701956303e+00 -7.746093750000000000e+00
1.440676872398064745e+00 -3.820312500000000000e+00
1.446209539021008794e+00 -5.046875000000000000e+00
1.452080713161290504e+00 -5.648437500000000000e+00
1.457811608009826898e+00 -4.242187500000000000e+00
1.463557672616175864e+00 -5.031250000000000000e+00
1.469385973349719876e+00 -5.511718750000000000e+00
1.475340121744835642e+00 -6.703125000000000000e+00
1.481352504680863547e+00 -5.167968750000000000e+00
1.487045665762355640e+00 -4.441406250000000000e+00
1.492984834817917772e+00 -2.117187500000000000e+00
1.498676548115795981e+00 -5.152343750000000000e+00
1.504371154645369302e+00 -2.429687500000000000e+00
1.510210677187799888e+00 -1.025390625000000000e+01
1.516086119586717018e+00 -4.460937500000000000e+00
1.521822277162442560e+00 -4.265625000000000000e+00
1.527851424223918286e+00 -2.945312500000000000e+00
1.533360259849168017e+00 -3.304687500000000000e+00
1.539290523497925278e+00 -5.179687500000000000e+00
1.544941028442408992e+00 -6.375000000000000000e+00
1.551021900454959024e+00 -5.218750000000000000e+00
1.556975138350772170e+00 -4.929687500000000000e+00
1.562688203809244669e+00 -8.492187500000000000e+00
1.568436753481886825e+00 -5.644531250000000000e+00
1.574170862413609484e+00 -3.503906250000000000e+00
1.580139313116127653e+00 -8.585937500000000000e+00
1.585806752650242402e+00 -4.273437500000000000e+00
1.591798366748573557e+00 -3.457031250000000000e+00
1.597698975228716733e+00 -8.031250000000000000e+00
1.603444178581590052e+00 -9.929687500000000000e+00
1.609096732930943574e+00 -7.292968750000000000e+00
1.614745240636423773e+00 -3.785156250000000000e+00
1.620545691422627499e+00 -6.718750000000000000e+00
1.626436378807852634e+00 -9.546875000000000000e+00
1.632594895298261406e+00 -3.164062500000000000e+00
1.638466227492635596e+00 -5.492187500000000000e+00
1.644279702270161181e+00 -6.515625000000000000e+00
1.649817536759812242e+00 -1.103125000000000000e+01
1.655638320423477694e+00 -5.820312500000000000e+00
1.661410977668744238e+00 -8.445312500000000000e+00
1.667137182976738075e+00 -5.765625000000000000e+00
1.673453047767843316e+00 -1.192187500000000000e+01
1.679281407292016581e+00 -7.945312500000000000e+00
1.685101580463403081e+00 -5.140625000000000000e+00
1.690650792943664271e+00 -1.010156250000000000e+01
1.696437393563417828e+00 -1.079687500000000000e+01
1.702087140441300050e+00 -8.343750000000000000e+00
1.707814453337498151e+00 -1.161718750000000000e+01
1.714051265100156485e+00 -9.640625000000000000e+00
1.719823946981662743e+00 -1.039843750000000000e+01
1.725877251162184933e+00 -7.503906250000000000e+00
1.731406206269031856e+00 -9.417968750000000000e+00
1.737161258619465798e+00 -1.058593750000000000e+01
1.742693787483901247e+00 -9.648437500000000000e+00
1.748673766413588737e+00 -1.032031250000000000e+01
1.754882949578053797e+00 -1.443359375000000000e+01
1.760520650257621611e+00 -1.241796875000000000e+01
1.766573609515916132e+00 -1.021093750000000000e+01
1.772231827115469116e+00 -6.992187500000000000e+00
1.777985880239004501e+00 -8.425781250000000000e+00
1.783562063042651857e+00 -9.429687500000000000e+00
1.789468607588947435e+00 -6.941406250000000000e+00
1.795429881176350051e+00 -1.345703125000000000e+01
1.801267331375960623e+00 -1.023437500000000000e+01
1.807442321981369560e+00 -1.285546875000000000e+01
1.812982826564194738e+00 -1.184765625000000000e+01
1.818536758639993423e+00 -8.062500000000000000e+00
1.824385431943390756e+00 -1.112500000000000000e+01
1.830305482287968744e+00 -6.484375000000000000e+00
1.836297158128108009e+00 -1.056640625000000000e+01
1.841995714150286290e+00 -1.080468750000000000e+01
1.847955233482672099e+00 -1.179687500000000000e+01
1.853450897194004909e+00 -8.343750000000000000e+00
1.859272287174416505e+00 -1.244140625000000000e+01
1.865179761856644802e+00 -1.432421875000000000e+01
1.871150134937579423e+00 -1.068359375000000000e+01
1.877056708814379249e+00 -1.335937500000000000e+01
1.882808482519337190e+00 -1.272656250000000000e+01
1.888485542806702000e+00 -1.030468750000000000e+01
1.894265445823286598e+00 -1.255468750000000000e+01
1.900063866043815608e+00 -1.277343750000000000e+01
1.905918611842938759e+00 -1.485546875000000000e+01
1.911888953961195625e+00 -1.053125000000000000e+01
1.917896004571257862e+00 -1.389843750000000000e+01
1.923458076900601554e+00 -1.261718750000000000e+01
1.929285643676724504e+00 -1.307031250000000000e+01
1.935061098144231551e+00 -1.361718750000000000e+01
1.940630078881177667e+00 -1.577734375000000000e+01
1.946581011481182344e+00 -1.779687500000000000e+01
1.952487317623749163e+00 -1.323437500000000000e+01
1.958386595308560629e+00 -1.271093750000000000e+01
1.964322667528335842e+00 -1.289843750000000000e+01
1.970065429316463224e+00 -1.103125000000000000e+01
1.975926166933803074e+00 -1.271093750000000000e+01
1.981517933008596799e+00 -1.465625000000000000e+01
1.987299961962147421e+00 -1.669921875000000000e+01
1.993177621164370805e+00 -1.257812500000000000e+01
1.999211229193406325e+00 -1.514843750000000000e+01
2.005072844593321690e+00 -1.683593750000000000e+01
2.010738251977329583e+00 -1.477343750000000000e+01
2.016761803135914022e+00 -1.245312500000000000e+01
2.022344658403930850e+00 -1.767187500000000000e+01
2.028165153882749649e+00 -1.681250000000000000e+01
2.033968836022424398e+00 -1.135156250000000000e+01
2.039926053870818379e+00 -1.733984375000000000e+01
2.045610804665194848e+00 -1.716406250000000000e+01
2.051428821595493446e+00 -1.220703125000000000e+01
2.057348919134277310e+00 -1.228125000000000000e+01
2.063162779904537558e+00 -1.701562500000000000e+01
2.069028583205096083e+00 -1.474218750000000000e+01
2.074815581548044463e+00 -1.482031250000000000e+01
2.080661000262196580e+00 -1.321484375000000000e+01
2.086392011649461864e+00 -1.701562500000000000e+01
2.092142481773343832e+00 -1.562500000000000000e+01
2.097853076523030325e+00 -1.449218750000000000e+01
2.103829488277202842e+00 -1.894140625000000000e+01
2.109729540413123772e+00 -1.764453125000000000e+01
2.115642557576393301e+00 -1.500000000000000000e+01
2.121401063276167065e+00 -1.673046875000000000e+01
2.127222734321428277e+00 -2.040625000000000000e+01
2.132838784996437198e+00 -1.613281250000000000e+01
2.138627969833358122e+00 -1.585937500000000000e+01
2.144484458001393534e+00 -2.040234375000000000e+01
2.150420282630228996e+00 -1.695312500000000000e+01
2.156453297515646739e+00 -1.763671875000000000e+01
2.162196932435648478e+00 -2.237500000000000000e+01
2.167898040060713072e+00 -1.673437500000000000e+01
2.173643950535954161e+00 -1.388281250000000000e+01
2.179333976262881833e+00 -2.140234375000000000e+01
2.185216167600245285e+00 -1.764453125000000000e+01
2.191206552930758278e+00 -1.835546875000000000e+01
2.197254668143308720e+00 -1.672656250000000000e+01
2.202959850764337091e+00 -1.671875000000000000e+01
2.208672102521905600e+00 -1.475390625000000000e+01
2.214480717885926708e+00 -2.003906250000000000e+01
2.219956667730457411e+00 -1.874609375000000000e+01
2.225888046981594925e+00 -1.785937500000000000e+01
2.231713151425015695e+00 -1.935937500000000000e+01
2.237787763178946676e+00 -2.021484375000000000e+01
2.243692893121057352e+00 -1.859375000000000000e+01
2.249447875082850601e+00 -1.839062500000000000e+01
2.255346126841068610e+00 -2.052343750000000000e+01
2.260824035390136544e+00 -1.735937500000000000e+01
2.266779645605151217e+00 -1.956250000000000000e+01
2.272478126061930226e+00 -1.585546875000000000e+01
2.278523797231343906e+00 -2.194531250000000000e+01
2.284437798244212559e+00 -1.629687500000000000e+01
2.290302311393904944e+00 -2.067578125000000000e+01
2.296190479672809204e+00 -2.044531250000000000e+01
2.301634179508049272e+00 -2.028125000000000000e+01
2.307548733188408363e+00 -1.912890625000000000e+01
2.313378154330592906e+00 -1.960937500000000000e+01
2.319389096105183512e+00 -1.999609375000000000e+01
2.325001381397264311e+00 -2.409765625000000000e+01
2.330847133533477944e+00 -1.645703125000000000e+01
2.336642240713430851e+00 -2.395312500000000000e+01
2.342501473514651877e+00 -2.031250000000000000e+01
2.348375603560146629e+00 -2.371484375000000000e+01
2.354166691316677884e+00 -1.678125000000000000e+01
2.360090970548359479e+00 -2.003906250000000000e+01
2.365684773003742691e+00 -1.914843750000000000e+01
2.371487586140304415e+00 -2.379687500000000000e+01
2.377315729780114850e+00 -2.051562500000000000e+01
2.383212337595566055e+00 -2.341406250000000000e+01
2.389170800183080701e+00 -2.256250000000000000e+01
2.395032233683778600e+00 -2.367187500000000000e+01
2.400877083469559636e+00 -2.339062500000000000e+01
2.406459493555594520e+00 -2.171875000000000000e+01
2.412216131890918547e+00 -2.468359375000000000e+01
2.418137774874956847e+00 -1.688281250000000000e+01
2.423943523896767260e+00 -1.827343750000000000e+01
2.429768329497694168e+00 -2.508984375000000000e+01
2.435568567208420632e+00 -2.149218750000000000e+01
2.441263981985120068e+00 -1.998437500000000000e+01
2.447225472289872528e+00 -1.969531250000000000e+01
2.452967442610280102e+00 -2.389843750000000000e+01
2.458922282486913247e+00 -1.711718750000000000e+01
2.464788951211986046e+00 -2.046875000000000000e+01
2.470441833509404717e+00 -2.519531250000000000e+01
2.476390150325261885e+00 -1.971484375000000000e+01
2.482086541148117220e+00 -1.943750000000000000e+01
2.487862052008011915e+00 -2.034375000000000000e+01
2.493696796975143570e+00 -2.006250000000000000e+01
2.499711024407886839e+00 -1.923437500000000000e+01
2.505550974693417032e+00 -2.136328125000000000e+01
2.511307371620070228e+00 -2.685156250000000000e+01
2.517152297942111261e+00 -2.366406250000000000e+01
2.522912927427711338e+00 -2.058593750000000000e+01
2.528609263236958782e+00 -2.381640625000000000e+01
2.534438514110554763e+00 -2.599218750000000000e+01
2.540416760084500680e+00 -2.214062500000000000e+01
2.546148839909292860e+00 -2.011718750000000000e+01
2.552086563091453542e+00 -2.669531250000000000e+01
2.557888571671963263e+00 -2.003906250000000000e+01
2.563668502208990674e+00 -2.740234375000000000e+01
2.569287440455966021e+00 -2.494531250000000000e+01
2.575220213391467894e+00 -2.377343750000000000e+01
2.581189179986274951e+00 -2.237500000000000000e+01
2.586991773446790432e+00 -2.164453125000000000e+01
2.592938776478199259e+00 -2.740625000000000000e+01
2.598753674087372900e+00 -2.192187500000000000e+01
2.604425443822563579e+00 -2.292968750000000000e+01
2.610053730521485704e+00 -1.782031250000000000e+01
2.615961195561933295e+00 -2.142968750000000000e+01
2.621700404520531436e+00 -2.112500000000000000e+01
2.627406859984564136e+00 -2.453515625000000000e+01
2.633583615659322419e+00 -2.143359375000000000e+01
2.639342038879433971e+00 -2.328906250000000000e+01
2.645292383897405841e+00 -2.262890625000000000e+01
2.650885443010487563e+00 -2.035156250000000000e+01
2.656713877218876974e+00 -2.471093750000000000e+01
2.662501116330126649e+00 -2.251562500000000000e+01
2.668156858429075129e+00 -1.710937500000000000e+01
2.674344862856997906e+00 -2.675000000000000000e+01
2.680042722100569819e+00 -2.177343750000000000e+01
2.685961107195051767e+00 -2.315234375000000000e+01
2.691654823376893546e+00 -2.190625000000000000e+01
2.697621979010307314e+00 -2.455468750000000000e+01
2.703286661023689419e+00 -2.134375000000000000e+01
2.709003630063847368e+00 -2.580468750000000000e+01
2.714991458160262994e+00 -2.677343750000000000e+01
2.720628115443695094e+00 -1.974218750000000000e+01
2.726714279621397452e+00 -2.270312500000000000e+01
2.732492519445742118e+00 -2.068359375000000000e+01
2.738364246530700541e+00 -2.677343750000000000e+01
2.743921622345098399e+00 -2.138281250000000000e+01
2.749809795859782469e+00 -2.119531250000000000e+01
2.755759458672429218e+00 -2.217187500000000000e+01
2.761480926837268868e+00 -2.440234375000000000e+01
2.767526290765395913e+00 -1.569531250000000000e+01
2.773086749571252341e+00 -2.300390625000000000e+01
2.778878284167163315e+00 -1.942968750000000000e+01
2.784777727789933266e+00 -1.791406250000000000e+01
2.790682229169270556e+00 -2.434765625000000000e+01
2.796624934915627136e+00 -2.368750000000000000e+01
2.802110044275494261e+00 -2.225781250000000000e+01
2.808089468197763949e+00 -2.437500000000000000e+01
2.813762908123564443e+00 -2.323437500000000000e+01
2.819714326885168987e+00 -2.249609375000000000e+01
2.825434683294592020e+00 -2.190234375000000000e+01
2.831397324898087930e+00 -2.232812500000000000e+01
2.837368632719751815e+00 -2.082812500000000000e+01
2.842937925411774813e+00 -1.914062500000000000e+01
2.848753662320554270e+00 -2.158593750000000000e+01
2.854534973037395673e+00 -1.920312500000000000e+01
2.860552617932285102e+00 -2.285937500000000000e+01
2.866242677323761257e+00 -1.658984375000000000e+01
2.872255466083323938e+00 -1.733593750000000000e+01
2.877891511087376841e+00 -2.354687500000000000e+01
2.883719629844136989e+00 -2.205859375000000000e+01
2.889594947008745862e+00 -2.367968750000000000e+01
2.895431761604513099e+00 -2.005859375000000000e+01
2.901377097356338197e+00 -2.137500000000000000e+01
2.906849414374896412e+00 -1.919140625000000000e+01
2.912636675609789449e+00 -2.055078125000000000e+01
2.918451133950739518e+00 -1.944531250000000000e+01
2.924464240719633068e+00 -1.971484375000000000e+01
2.930314722752100920e+00 -2.089843750000000000e+01
2.936363220482846259e+00 -2.215625000000000000e+01
2.942060589650388636e+00 -2.438281250000000000e+01
2.947717225145474629e+00 -1.976562500000000000e+01
2.953566240003894450e+00 -1.920312500000000000e+01
2.959320108408874717e+00 -2.052343750000000000e+01
2.965097541493015854e+00 -1.903906250000000000e+01
2.971080019057211530e+00 -1.810546875000000000e+01
2.977123330232238629e+00 -1.951953125000000000e+01
2.982743123740696944e+00 -2.463281250000000000e+01
2.988497278586905281e+00 -1.644531250000000000e+01
2.994279654932050505e+00 -1.790625000000000000e+01
2.999887168837183538e+00 -1.853125000000000000e+01
3.005651016320783242e+00 -1.803125000000000000e+01
3.011728892547420600e+00 -1.480468750000000000e+01
3.017985656219551061e+00 -1.993750000000000000e+01
3.023611237016488928e+00 -2.167968750000000000e+01
3.029360145804396609e+00 -1.403906250000000000e+01
3.035144819931609561e+00 -1.855468750000000000e+01
3.040773656865958685e+00 -1.489062500000000000e+01
3.046577286981207777e+00 -1.653906250000000000e+01
3.052567259883225859e+00 -1.709375000000000000e+01
3.058555978277624376e+00 -1.627343750000000000e+01
3.064287116020018686e+00 -1.607812500000000000e+01
3.069964636392874979e+00 -1.655468750000000000e+01
3.075967418483152471e+00 -1.645312500000000000e+01
3.081624430702966322e+00 -1.905859375000000000e+01
3.087254605046481970e+00 -1.226953125000000000e+01
3.093151696590318522e+00 -1.812500000000000000e+01
3.098940621927130934e+00 -1.394921875000000000e+01
3.105020208161448636e+00 -1.503125000000000000e+01
3.110842145457603181e+00 -1.594140625000000000e+01
3.116844165620022977e+00 -1.381250000000000000e+01
3.122474528174230102e+00 -1.637500000000000000e+01
3.128132111166493701e+00 -1.163281250000000000e+01
3.133994918651318073e+00 -1.355468750000000000e+01
3.139703297520924252e+00 -1.540625000000000000e+01
3.145607585595794120e+00 -1.482812500000000000e+01
3.151371473258919309e+00 -7.031250000000000000e+00
3.157484382406721579e+00 -1.168750000000000000e+01
3.163053606058852552e+00 -1.120312500000000000e+01
3.168852406408998235e+00 -1.082421875000000000e+01
3.174851603897700159e+00 -1.156250000000000000e+01
3.180470005269395273e+00 -1.109765625000000000e+01
3.186465005341162282e+00 -1.663281250000000000e+01
3.192034703575075127e+00 -1.146875000000000000e+01
3.198349208276940914e+00 -1.205468750000000000e+01
3.203919476011392931e+00 -1.456250000000000000e+01
3.209718947030207659e+00 -9.425781250000000000e+00
3.215568858989584555e+00 -1.075781250000000000e+01
3.221159220472337381e+00 -7.515625000000000000e+00
3.227095483631007511e+00 -8.230468750000000000e+00
3.232894162421317219e+00 -1.054296875000000000e+01
3.239215368856100952e+00 -1.077343750000000000e+01
3.244361861179289264e+00 -5.917968750000000000e+00
3.250304530372531531e+00 -7.476562500000000000e+00
3.256167490989341218e+00 -1.114062500000000000e+01
3.262001305138561236e+00 -8.218750000000000000e+00
3.267954606926537053e+00 -9.601562500000000000e+00
3.273745481397515533e+00 -5.203125000000000000e+00
3.279770563928508409e+00 -1.199218750000000000e+01
3.285067061959416890e+00 -8.296875000000000000e+00
3.291032954311610581e+00 -7.734375000000000000e+00
3.296809510249172348e+00 -9.011718750000000000e+00
3.302788357680206843e+00 -9.496093750000000000e+00
3.308812241645981089e+00 -7.890625000000000000e+00
3.314464944860993967e+00 -3.066406250000000000e+00
3.320686196206395380e+00 -5.820312500000000000e+00
3.326024002302887084e+00 -3.484375000000000000e+00
3.331862578772145866e+00 -7.273437500000000000e+00
3.337614134441853508e+00 -4.226562500000000000e+00
3.343562859516403307e+00 -2.210937500000000000e+00
3.349314869486136104e+00 -6.718750000000000000e+00
3.355063564730812686e+00 -4.312500000000000000e+00
3.361052701470768511e+00 -6.382812500000000000e+00
3.366745433235635687e+00 -7.101562500000000000e+00
3.372676785160031443e+00 -4.433593750000000000e+00
3.378479329509307405e+00 -5.476562500000000000e+00
3.384402796615415099e+00 -1.281250000000000000e+00
3.390033610799587649e+00 -2.464843750000000000e+00
3.395849606995490433e+00 -7.851562500000000000e-01
3.401647058846155147e+00 -5.843750000000000000e+00
3.407419784188704170e+00 -5.281250000000000000e+00
3.413275267403037105e+00 -5.125000000000000000e+00
3.419161173222409644e+00 -1.828125000000000000e+00
3.425207194405984978e+00 9.375000000000000000e-01
3.430746042343244540e+00 -2.320312500000000000e+00
3.436492507804103980e+00 1.054687500000000000e+00
3.442478431813167816e+00 -5.937500000000000000e-01
3.448260543073651263e+00 1.496093750000000000e+00
3.454077850272447847e+00 7.734375000000000000e-01
3.459567077531289669e+00 3.179687500000000000e+00
3.465732790630177362e+00 4.218750000000000000e-01
3.471611973559348030e+00 2.031250000000000000e-01
3.477310770188942968e+00 1.515625000000000000e+00
3.483314443866426302e+00 4.789062500000000000e+00
3.488868270264376292e+00 3.984375000000000000e+00
3.494709031254775056e+00 5.820312500000000000e-01
3.500427720164982048e+00 7.437500000000000000e+00
3.506490390959370984e+00 4.515625000000000000e+00
3.512432620345808942e+00 7.734375000000000000e-01
3.518177458646697175e+00 5.699218750000000000e+00
3.524118746555501502e+00 4.023437500000000000e+00
3.529538347033088996e+00 7.414062500000000000e+00
3.535558024667139421e+00 5.890625000000000000e+00
3.541129547756604268e+00 7.453125000000000000e+00
3.547177504336300302e+00 2.753906250000000000e+00
3.553142981189623129e+00 8.726562500000000000e+00
3.558933449255736292e+00 7.589843750000000000e+00
3.565048045896432427e+00 8.171875000000000000e+00
3.570405904425719257e+00 4.132812500000000000e+00
3.576222990692201620e+00 4.468750000000000000e+00
3.581902390079726217e+00 1.094921875000000000e+01
3.587921679373700101e+00 4.968750000000000000e+00
3.593958801000574965e+00 1.059375000000000000e+01
3.599520891699821590e+00 7.148437500000000000e+00
3.605643824384110019e+00 1.453515625000000000e+01
3.611200741893640043e+00 7.496093750000000000e+00
3.617068167339326124e+00 5.250000000000000000e+00
3.622603813942575357e+00 8.242187500000000000e+00
3.628536524466699831e+00 8.718750000000000000e+00
3.634511247241714926e+00 7.605468750000000000e+00
3.640127094105285011e+00 1.167187500000000000e+01
3.646489498703459731e+00 1.667968750000000000e+01
3.652002960408509580e+00 9.058593750000000000e+00
3.657915416441113621e+00 8.734375000000000000e+00
3.663440819396075909e+00 1.142968750000000000e+01
3.669335744790611642e+00 1.126562500000000000e+01
3.675172123399718771e+00 1.016406250000000000e+01
3.680994458888765308e+00 8.890625000000000000e+00
3.687126267761946963e+00 1.135937500000000000e+01
3.692856348047005355e+00 1.100390625000000000e+01
3.698754233447989037e+00 1.277734375000000000e+01
3.704181458775646973e+00 1.452343750000000000e+01
3.710198268431298629e+00 1.558593750000000000e+01
3.716070066791978377e+00 1.591015625000000000e+01
3.721728273122664632e+00 1.903125000000000000e+01
3.727731312089311189e+00 1.858593750000000000e+01
3.733367630739547138e+00 1.453906250000000000e+01
3.739222201879620400e+00 1.587890625000000000e+01
3.744952232869110276e+00 1.464062500000000000e+01
3.750963871669974026e+00 1.374218750000000000e+01
3.756817012787298182e+00 1.822265625000000000e+01
3.762307284337737201e+00 1.977343750000000000e+01
3.768215847471594770e+00 1.521093750000000000e+01
3.774020804763885906e+00 1.755468750000000000e+01
3.780058617540948518e+00 1.544140625000000000e+01
3.785817416441865646e+00 2.022656250000000000e+01
3.791914197251337271e+00 1.914843750000000000e+01
3.797683889914271305e+00 1.505859375000000000e+01
3.802980776585275891e+00 1.533984375000000000e+01
3.808898474429391001e+00 2.094921875000000000e+01
3.814944810215919802e+00 1.982812500000000000e+01
3.820891481542524559e+00 1.928125000000000000e+01
3.826626069796340346e+00 2.285937500000000000e+01
3.832474248933586125e+00 2.004687500000000000e+01
3.838263700052799265e+00 1.620312500000000000e+01
3.844007165868195131e+00 2.130078125000000000e+01
3.849740904528175633e+00 2.421093750000000000e+01
3.855775908555543197e+00 2.367968750000000000e+01
3.861466427328160478e+00 1.926562500000000000e+01
3.867169045246583892e+00 2.506250000000000000e+01
3.873272737732335713e+00 2.126562500000000000e+01
3.878875196205932241e+00 1.788281250000000000e+01
3.884717249649941806e+00 2.247265625000000000e+01
3.890384742300675214e+00 2.843750000000000000e+01
3.896605702009360073e+00 2.449218750000000000e+01
3.902256364273590350e+00 1.907421875000000000e+01
3.908069820635880376e+00 2.070312500000000000e+01
3.913849007010682612e+00 2.051562500000000000e+01
3.919481237756002656e+00 2.578906250000000000e+01
3.925435556295937545e+00 2.702343750000000000e+01
3.931253782278808728e+00 2.155468750000000000e+01
3.937346276153721902e+00 2.606640625000000000e+01
3.943078129633377671e+00 2.296093750000000000e+01
3.948639923240158112e+00 2.612500000000000000e+01
3.954641765583971846e+00 2.596484375000000000e+01
3.960325512284789795e+00 2.526562500000000000e+01
3.965980508926307380e+00 2.585937500000000000e+01
3.971768616999945323e+00 2.364843750000000000e+01
3.977955639065282156e+00 2.384765625000000000e+01
3.983839741212882757e+00 2.587500000000000000e+01
3.989486479449873002e+00 3.040625000000000000e+01
3.995509032927827775e+00 2.534765625000000000e+01
4.001205030090961401e+00 2.544921875000000000e+01
4.006824360228439019e+00 2.388671875000000000e+01
4.012631616152241065e+00 2.629687500000000000e+01
4.018656728782598719e+00 2.629687500000000000e+01
4.024608818158032619e+00 2.978515625000000000e+01
4.030377155627398622e+00 2.915625000000000000e+01
4.036354850359007429e+00 2.762890625000000000e+01
4.042011001702071837e+00 2.682812500000000000e+01
4.047683073505183415e+00 2.813281250000000000e+01
4.053462095441460633e+00 2.744921875000000000e+01
4.059312706082227606e+00 2.599218750000000000e+01
4.065319824817432703e+00 2.660546875000000000e+01
4.070999597366046885e+00 2.807812500000000000e+01
4.077108812829198570e+00 3.222656250000000000e+01
4.082665342340931147e+00 2.824218750000000000e+01
4.088483572053380755e+00 3.067187500000000000e+01
4.094257262091002048e+00 2.625390625000000000e+01
4.100152040415885324e+00 2.880468750000000000e+01
4.105954934277107782e+00 2.916406250000000000e+01
4.111525490660373094e+00 3.130468750000000000e+01
4.117757284794379302e+00 2.912500000000000000e+01
4.123531807641427349e+00 2.948437500000000000e+01
4.129119385589753222e+00 3.157031250000000000e+01
4.135002152103208317e+00 2.930859375000000000e+01
4.140706761364718602e+00 3.326562500000000000e+01
4.146626209323979850e+00 2.966015625000000000e+01
4.152419137708371011e+00 2.957031250000000000e+01
4.158748759962065833e+00 3.146093750000000000e+01
4.164242137326546356e+00 2.761718750000000000e+01
4.169860190216223117e+00 3.140625000000000000e+01
4.175736707462444741e+00 3.019140625000000000e+01
4.181751016180438540e+00 2.989453125000000000e+01
4.187476651205230382e+00 2.747656250000000000e+01
4.193231551185192529e+00 3.309375000000000000e+01
4.199058960788271122e+00 3.104296875000000000e+01
4.204673390422833279e+00 2.979687500000000000e+01
4.210609774809718431e+00 2.831640625000000000e+01
4.216430866439644376e+00 3.315625000000000000e+01
4.222345703707411246e+00 3.248437500000000000e+01
4.228279460080539565e+00 2.880468750000000000e+01
4.233953641314606386e+00 3.226171875000000000e+01
4.239926791000208084e+00 2.912500000000000000e+01
4.245622879366795388e+00 2.982812500000000000e+01
4.251412243996611551e+00 3.272656250000000000e+01
4.257086708065187963e+00 3.153125000000000000e+01
4.263065326025987645e+00 2.700000000000000000e+01
4.268817510491729195e+00 3.444921875000000000e+01
4.274595818901730127e+00 2.894531250000000000e+01
4.280294957006280043e+00 3.160937500000000000e+01
4.286353497731482776e+00 3.239062500000000000e+01
4.292237264842292177e+00 2.969140625000000000e+01
4.297955895505154444e+00 3.309375000000000000e+01
4.303917692780988347e+00 2.868359375000000000e+01
4.309559466006916750e+00 2.835546875000000000e+01
4.315397674054938904e+00 2.723828125000000000e+01
4.321119007166295489e+00 2.740625000000000000e+01
4.327134951711126831e+00 3.082421875000000000e+01
4.332883966977348678e+00 2.926171875000000000e+01
4.338596779582022833e+00 2.716406250000000000e+01
4.344756884863627988e+00 3.004687500000000000e+01
4.350312841153581189e+00 3.308593750000000000e+01
4.356253640055093967e+00 2.879687500000000000e+01
4.361948280394457811e+00 3.295312500000000000e+01
