#Time Flux
-4.534196529333087256e+00 -3.105468750000000000e-01
-4.516469783896098988e+00 -1.598388671875000000e+00
-4.498562957386468497e+00 -1.035644531250000000e+00
-4.479582722224677127e+00 -2.602539062500000000e-01
-4.461024003635330359e+00 -7.453613281250000000e-01
-4.442776622035324863e+00 -1.228515625000000000e+00
-4.423886092348055854e+00 -7.070312500000000000e-01
-4.405874617469351051e+00 1.264160156250000000e+00
-4.389279605049281940e+00 2.050781250000000000e-01
-4.369900935962490962e+00 2.795410156250000000e-01
-4.352989368510264967e+00 -5.439453125000000000e-01
-4.335209394170334463e+00 5.214843750000000000e-01
-4.316121675254635193e+00 -1.025390625000000000e-01
-4.298188399310248542e+00 -1.004394531250000000e+00
-4.279315671748207706e+00 -2.416992187500000000e-01
-4.260387889316760379e+00 -5.073242187500000000e-01
-4.242519967611514176e+00 4.096679687500000000e-01
-4.225746449175744601e+00 -1.870117187500000000e-01
-4.206232768239630104e+00 -2.399902343750000000e+00
-4.189513694653527409e+00 -7.968750000000000000e-01
-4.171271602686317692e+00 1.005859375000000000e-01
-4.152372172462975186e+00 2.368164062500000000e-01
-4.133443801478506430e+00 -5.141601562500000000e-01
-4.115854621402121438e+00 -3.930664062500000000e-01
-4.097072646657068162e+00 -1.232910156250000000e+00
-4.079357387376973065e+00 1.253906250000000000e+00
-4.062159850280664841e+00 -5.327148437500000000e-01
-4.043164604157993836e+00 -9.472656250000000000e-02
-4.025961244548810214e+00 -7.995605468750000000e-01
-4.007451538922452983e+00 -1.564941406250000000e+00
-3.988865122042085432e+00 -1.205810546875000000e+00
-3.969754119031676964e+00 -1.022460937500000000e+00
-3.952393670991313002e+00 -2.441406250000000000e-01
-3.933437284034724257e+00 6.723632812500000000e-01
-3.915491268292214500e+00 -2.456054687500000000e-01
-3.898820077430968922e+00 2.460937500000000000e-01
-3.879694056766368249e+00 2.763671875000000000e-01
-3.862596135216080029e+00 2.731933593750000000e-01
-3.844905506756958857e+00 3.710937500000000000e-01
-3.825434082002658442e+00 2.651367187500000000e-01
-3.806500651848409689e+00 6.264648437500000000e-01
-3.788757075113821315e+00 5.065917968750000000e-01
-3.770895807905887409e+00 1.106445312500000000e+00
-3.752116171472806627e+00 1.295898437500000000e+00
-3.734904790479291137e+00 1.431396484375000000e+00
-3.715711225084319835e+00 1.776611328125000000e+00
-3.698760355865317706e+00 -3.046875000000000000e-01
-3.680852412949604968e+00 2.749023437500000000e-01
-3.661964853130967867e+00 -6.816406250000000000e-01
-3.643029154507757994e+00 1.189453125000000000e+00
-3.625112217997639164e+00 1.484863281250000000e+00
-3.606624568617050386e+00 -2.465820312500000000e-01
-3.588648127825507572e+00 -4.062500000000000000e-01
-3.571430898108033603e+00 1.099853515625000000e+00
-3.552271865655498573e+00 1.963867187500000000e+00
-3.535299047768432956e+00 7.539062500000000000e-01
-3.517030508783193454e+00 1.333007812500000000e-01
-3.498656272605799700e+00 1.908935546875000000e+00
-3.479557675786281834e+00 -4.536132812500000000e-01
-3.461627670610567975e+00 2.169921875000000000e+00
-3.443150103442391696e+00 6.940917968750000000e-01
-3.425108050191454367e+00 1.090820312500000000e+00
-3.407956943145350692e+00 1.750488281250000000e+00
-3.388675008765744678e+00 2.349365234375000000e+00
-3.371837646197320737e+00 6.582031250000000000e-01
-3.352982773901587166e+00 1.078369140625000000e+00
-3.335003091294680644e+00 3.015136718750000000e-01
-3.315860694971888734e+00 1.950683593750000000e-01
-3.298173827418622750e+00 1.639648437500000000e+00
-3.280479630473834618e+00 1.808105468750000000e+00
-3.261586947484630628e+00 1.985107421875000000e+00
-3.244483025559262046e+00 2.071289062500000000e+00
-3.225346937875443132e+00 1.387451171875000000e+00
-3.208376351146227989e+00 1.364257812500000000e+00
-3.188938353953545857e+00 9.233398437500000000e-01
-3.171517903089153378e+00 8.471679687500000000e-01
-3.152089452134887892e+00 1.912597656250000000e+00
-3.134704448720412984e+00 -1.274414062500000000e-01
-3.116201353944276775e+00 1.780761718750000000e+00
-3.098416534401451372e+00 2.028076171875000000e+00
-3.081009145437079155e+00 1.773193359375000000e+00
-3.061746799903517058e+00 2.898193359375000000e+00
-3.044914962497216493e+00 1.759765625000000000e+00
-3.025191909451052652e+00 5.039062500000000000e-01
-3.007972955507412394e+00 2.105224609375000000e+00
-2.988684710182269555e+00 2.324707031250000000e+00
-2.971235047786876748e+00 1.625488281250000000e+00
-2.952899848117937154e+00 3.433105468750000000e+00
-2.934951731574813039e+00 1.707519531250000000e+00
-2.917868138098498321e+00 2.804199218750000000e+00
-2.898282623267618874e+00 1.578125000000000000e+00
-2.881288906218543389e+00 3.090332031250000000e+00
-2.861690244435024510e+00 2.291992187500000000e+00
-2.844510226852563051e+00 1.870361328125000000e+00
-2.825671744391229367e+00 1.591796875000000000e+00
-2.807764115928392812e+00 -3.049316406250000000e-01
-2.790063338489105149e+00 2.036865234375000000e+00
-2.771666154660948678e+00 2.827148437500000000e+00
-2.754284705518216469e+00 2.609863281250000000e+00
-2.734700999740766747e+00 1.832031250000000000e+00
-2.717516714620728635e+00 2.296875000000000000e+00
-2.698226173195010347e+00 2.037109375000000000e+00
-2.681047311067359828e+00 1.597167968750000000e+00
-2.661662796829105559e+00 1.971679687500000000e+00
-2.644300150952119566e+00 2.182128906250000000e+00
-2.625954942129880010e+00 3.161621093750000000e+00
-2.608204667466367255e+00 2.218750000000000000e+00
-2.590587229930193303e+00 1.555175781250000000e+00
-2.571225196626642173e+00 1.440429687500000000e+00
-2.554203554392373121e+00 2.760253906250000000e+00
-2.534720340303096009e+00 2.043457031250000000e+00
-2.517094494631251678e+00 1.320068359375000000e+00
-2.498493935311671521e+00 2.011718750000000000e+00
-2.481033097420407785e+00 2.493652343750000000e+00
-2.462482414862876112e+00 6.337890625000000000e-01
-2.444786902122160654e+00 1.841064453125000000e+00
-2.427113299927682988e+00 3.814453125000000000e+00
-2.407678396208424942e+00 2.362304687500000000e+00
-2.389979332878723994e+00 1.351318359375000000e+00
-2.371151061898984835e+00 1.831542968750000000e+00
-2.353624366305680837e+00 4.079589843750000000e+00
-2.334783649684823104e+00 3.279785156250000000e+00
-2.317375474680090974e+00 2.043457031250000000e+00
-2.298711699190988611e+00 2.945800781250000000e+00
-2.281281970269361636e+00 2.511718750000000000e+00
-2.263639307588405813e+00 2.894042968750000000e+00
-2.244326340883048942e+00 3.021728515625000000e+00
-2.225910019238511950e+00 1.309570312500000000e+00
-2.207586182320568469e+00 3.262207031250000000e+00
-2.189738303028235578e+00 4.541015625000000000e+00
-2.171163738595197401e+00 3.225097656250000000e+00
-2.153900581851729612e+00 2.932617187500000000e+00
-2.135387353423027434e+00 4.520507812500000000e+00
-2.117427399165265456e+00 2.292968750000000000e+00
-2.100165302861810801e+00 2.071044921875000000e+00
-2.080596030231816940e+00 3.042480468750000000e+00
-2.062336702377436382e+00 2.306396484375000000e+00
-2.044323705685741288e+00 1.338378906250000000e+00
-2.026262118479309038e+00 3.036132812500000000e+00
-2.007760427881649434e+00 3.874023437500000000e+00
-1.990434660859563110e+00 3.173339843750000000e+00
-1.971729805008934022e+00 3.300292968750000000e+00
-1.953878616315506633e+00 3.362792968750000000e+00
-1.935181207282198557e+00 4.043945312500000000e+00
-1.917180834977301629e+00 3.328613281250000000e+00
-1.900163542494851754e+00 2.508789062500000000e+00
-1.880640731917054609e+00 3.023925781250000000e+00
-1.862783220691781594e+00 3.096435546875000000e+00
-1.844357891097160973e+00 2.801269531250000000e+00
-1.826942857909187978e+00 4.552246093750000000e+00
-1.808288144112538021e+00 3.492675781250000000e+00
-1.790162862840958269e+00 4.072753906250000000e+00
-1.771397119477057913e+00 4.223144531250000000e+00
-1.753659304690216914e+00 3.576904296875000000e+00
-1.735490145096122205e+00 3.323730468750000000e+00
-1.717150593253649049e+00 3.289550781250000000e+00
-1.699306514364479881e+00 2.785156250000000000e+00
-1.680809282199689392e+00 4.752197265625000000e+00
-1.663502753511664878e+00 3.524414062500000000e+00
-1.644813598429408330e+00 2.809082031250000000e+00
-1.627030451757235596e+00 2.888671875000000000e+00
-1.608236713629935366e+00 3.376464843750000000e+00
-1.590230033710071211e+00 6.170898437500000000e+00
-1.571912340860947666e+00 4.342773437500000000e+00
-1.553466542142217577e+00 4.682617187500000000e+00
-1.535832433302175559e+00 4.490722656250000000e+00
-1.517333731655881479e+00 3.489501953125000000e+00
-1.500063897159350290e+00 5.039062500000000000e+00
-1.481303748747293980e+00 4.545166015625000000e+00
-1.463319684742273807e+00 4.584960937500000000e+00
-1.444400354085288996e+00 5.774902343750000000e+00
-1.426484985909823422e+00 5.762207031250000000e+00
-1.407767659751073097e+00 3.651367187500000000e+00
-1.389990733192774996e+00 3.382812500000000000e+00
-1.372357613942440935e+00 4.133544921875000000e+00
-1.354180734407236741e+00 4.198730468750000000e+00
-1.336548358581666207e+00 5.336425781250000000e+00
-1.317828337228846181e+00 4.023681640625000000e+00
-1.299855565219004916e+00 5.071289062500000000e+00
-1.280876763862721646e+00 4.441406250000000000e+00
-1.263020545782396198e+00 4.817138671875000000e+00
-1.244855038991374840e+00 5.914550781250000000e+00
-1.226632111303473494e+00 4.523681640625000000e+00
-1.208880568081468709e+00 5.625488281250000000e+00
-1.190382575583853964e+00 4.733398437500000000e+00
-1.173111508963827987e+00 5.076660156250000000e+00
-1.153508960403740957e+00 4.145019531250000000e+00
-1.136391510950161887e+00 5.026611328125000000e+00
-1.117092145937178316e+00 4.522460937500000000e+00
-1.099597628586337805e+00 5.571289062500000000e+00
-1.080821041053525278e+00 4.240234375000000000e+00
-1.063038993188769155e+00 4.773925781250000000e+00
-1.045404172908121154e+00 4.148437500000000000e+00
-1.026828581559612985e+00 4.319824218750000000e+00
-1.009610107959233005e+00 5.773925781250000000e+00
-9.904794600992801179e-01 4.832763671875000000e+00
-9.729275721653181108e-01 4.085937500000000000e+00
-9.539739636825714797e-01 5.086181640625000000e+00
-9.363067593677385503e-01 5.683593750000000000e+00
-9.178969111525958624e-01 6.057861328125000000e+00
-8.995141989452690723e-01 5.365722656250000000e+00
-8.810148321445581132e-01 5.871093750000000000e+00
-8.633569375879517338e-01 4.568359375000000000e+00
-8.450838324860967532e-01 4.244628906250000000e+00
-8.266114784429134943e-01 4.977539062500000000e+00
-8.094635486228440868e-01 3.952148437500000000e+00
-7.904985583959813766e-01 4.330322265625000000e+00
-7.728455332345163242e-01 6.402343750000000000e+00
-7.544174876942122410e-01 6.601074218750000000e+00
-7.360815160552220959e-01 4.341064453125000000e+00
-7.182580273664029846e-01 6.489746093750000000e+00
-6.997217402347359894e-01 4.431152343750000000e+00
-6.816098097478686668e-01 5.724609375000000000e+00
-6.631413933365308822e-01 4.382812500000000000e+00
-6.459271978841627515e-01 5.250976562500000000e+00
-6.263932181747691175e-01 3.950195312500000000e+00
-6.092004911712081139e-01 4.906250000000000000e+00
-5.909435920742396320e-01 4.962402343750000000e+00
-5.726102682944684830e-01 5.148925781250000000e+00
-5.548802161933252819e-01 4.338134765625000000e+00
-5.362498372994650708e-01 5.718017578125000000e+00
-5.181360012065567844e-01 5.288574218750000000e+00
-4.996457712019122255e-01 5.779052734375000000e+00
-4.822087165984356716e-01 4.880371093750000000e+00
-4.629296423146911366e-01 5.972656250000000000e+00
-4.455198800761905886e-01 5.264892578125000000e+00
-4.263825695562104556e-01 6.557617187500000000e+00
-4.091388710309757926e-01 6.163818359375000000e+00
-3.909525262947113333e-01 6.045410156250000000e+00
-3.727778980462517211e-01 6.195312500000000000e+00
-3.551922580196418266e-01 5.069580078125000000e+00
-3.361793549115645874e-01 5.455078125000000000e+00
-3.183327324024389782e-01 5.955078125000000000e+00
-2.994660492251455253e-01 6.496582031250000000e+00
-2.820531066910376694e-01 5.667724609375000000e+00
-2.627856625986026984e-01 6.313476562500000000e+00
-2.456501956172161272e-01 4.665527343750000000e+00
-2.278393540480578849e-01 2.512207031250000000e+00
-2.091614946325393021e-01 -1.646411132812500000e+01
-1.911478758896549834e-01 -5.592968750000000000e+01
-1.727172483874710451e-01 -1.077080078125000000e+02
-1.550453340940265434e-01 -1.660661621093750000e+02
-1.359260326653810580e-01 -2.266149902343750000e+02
-1.187373268820692829e-01 -2.890058593750000000e+02
-9.919509631791356696e-02 -3.398579101562500000e+02
-8.217954235334445912e-02 -3.840659179687500000e+02
-6.400557185537536498e-02 -4.096345214843750000e+02
-4.569061176195532425e-02 -4.217465820312500000e+02
-2.767273940240499996e-02 -4.302373046875000000e+02
-9.255029813630244462e-03 -4.365068359375000000e+02
1.003633176182461284e-02 -4.360590820312500000e+02
2.822426111663389747e-02 -4.329702148437500000e+02
4.708930011915413161e-02 -4.234785156250000000e+02
6.489326111287141430e-02 -4.117636718750000000e+02
8.338834112150550482e-02 -3.836013183593750000e+02
1.017028035658427143e-01 -3.434689941406250000e+02
1.193534084444394239e-01 -2.913840332031250000e+02
1.378487470755942468e-01 -2.281728515625000000e+02
1.551204092454554484e-01 -1.629516601562500000e+02
1.739275601335634747e-01 -1.068779296875000000e+02
1.916227288631517922e-01 -5.515087890625000000e+01
2.103911537084286465e-01 -1.897265625000000000e+01
2.283259977176754774e-01 1.318115234375000000e+00
2.473990042132641065e-01 5.772949218750000000e+00
2.651754526315812655e-01 5.029296875000000000e+00
2.833755372399195949e-01 6.845703125000000000e+00
3.016512022236383928e-01 6.853027343750000000e+00
3.185608388545375647e-01 7.316162109375000000e+00
3.377528887095024857e-01 5.589599609375000000e+00
3.552170722363001687e-01 5.964599609375000000e+00
3.742090709839089868e-01 7.457031250000000000e+00
3.917945122067436614e-01 5.846191406250000000e+00
4.103346576399928836e-01 5.822753906250000000e+00
4.286576732969678005e-01 4.838134765625000000e+00
4.482729468502100190e-01 7.438964843750000000e+00
4.651122675873011758e-01 6.060058593750000000e+00
4.826008497215212856e-01 5.477050781250000000e+00
5.012220670605813666e-01 6.302246093750000000e+00
5.187406635646709674e-01 6.706054687500000000e+00
5.375096333744693311e-01 5.916503906250000000e+00
5.552770193807248233e-01 6.661621093750000000e+00
5.738191185641312586e-01 7.133300781250000000e+00
5.920978795267615169e-01 7.253417968750000000e+00
6.103226790497160437e-01 5.608154296875000000e+00
6.285732345218093542e-01 4.760253906250000000e+00
6.467086616369215335e-01 5.441406250000000000e+00
6.650370168975143770e-01 5.999511718750000000e+00
6.824652192842393106e-01 5.914550781250000000e+00
7.012151499579459824e-01 5.013671875000000000e+00
7.187988017681448127e-01 6.240722656250000000e+00
7.372827849636962583e-01 6.371582031250000000e+00
7.555947799859694669e-01 5.139404296875000000e+00
7.733513071294311203e-01 5.868652343750000000e+00
7.919478577356073856e-01 5.919921875000000000e+00
8.101850733921764913e-01 5.229003906250000000e+00
8.285238110646844234e-01 5.685546875000000000e+00
8.462416281792712880e-01 5.545410156250000000e+00
8.649800040992232653e-01 6.187011718750000000e+00
8.823345565625970721e-01 4.830566406250000000e+00
9.007642907236430574e-01 5.718994140625000000e+00
9.191064330604206134e-01 6.582031250000000000e+00
9.369055455892407736e-01 6.433593750000000000e+00
9.554113945419828724e-01 7.069824218750000000e+00
9.736122656637604678e-01 6.654052734375000000e+00
9.919669006597189309e-01 6.038085937500000000e+00
1.009717002441178124e+00 4.820068359375000000e+00
1.028850078108206390e+00 5.882324218750000000e+00
1.045888563645718250e+00 5.635742187500000000e+00
1.064248027233986704e+00 6.269531250000000000e+00
1.082491195901582159e+00 6.191406250000000000e+00
1.100743415538602221e+00 6.925537109375000000e+00
1.118956245694334939e+00 5.203125000000000000e+00
1.137212310375488755e+00 5.447753906250000000e+00
1.155629594802263682e+00 5.365234375000000000e+00
1.173228365889883662e+00 5.637207031250000000e+00
1.192275643316946798e+00 5.980957031250000000e+00
1.209398184970382317e+00 6.199707031250000000e+00
1.228238029671672393e+00 7.295654296875000000e+00
1.246008054297178091e+00 6.028320312500000000e+00
1.264217060567318640e+00 5.329345703125000000e+00
1.282339899685425166e+00 6.007812500000000000e+00
1.300687118305958734e+00 6.063720703125000000e+00
1.318972155700549820e+00 6.029296875000000000e+00
1.336835027084646299e+00 6.647216796875000000e+00
1.355737331910034982e+00 5.609375000000000000e+00
1.373048385877027044e+00 4.961425781250000000e+00
1.391711170567475619e+00 5.494384765625000000e+00
1.409479230193298349e+00 4.702392578125000000e+00
1.428574388798168115e+00 6.895996093750000000e+00
1.445808277666614572e+00 5.941650390625000000e+00
1.464233344401208115e+00 5.175292968750000000e+00
1.482566224563157675e+00 5.739501953125000000e+00
1.500439313406843667e+00 5.061523437500000000e+00
1.519292632728451053e+00 4.661132812500000000e+00
1.537302841994772962e+00 6.057128906250000000e+00
1.556008715015536836e+00 5.489746093750000000e+00
1.572950549429421585e+00 4.601318359375000000e+00
1.591530726660437267e+00 5.095703125000000000e+00
1.609276652631919546e+00 6.052490234375000000e+00
1.627458302900805620e+00 5.329101562500000000e+00
1.646034523192753340e+00 5.122314453125000000e+00
1.663781758355810325e+00 4.859863281250000000e+00
1.682710937881182645e+00 5.961425781250000000e+00
1.700476511067762431e+00 5.405761718750000000e+00
1.719470364638596038e+00 5.538085937500000000e+00
1.736621292981396891e+00 5.694335937500000000e+00
1.754637993507060401e+00 5.057128906250000000e+00
1.772745024672289560e+00 5.459716796875000000e+00
1.790987630100644878e+00 5.040039062500000000e+00
1.809502777642734372e+00 5.068115234375000000e+00
1.827383787384917468e+00 4.791015625000000000e+00
1.846122252468461511e+00 5.537597656250000000e+00
1.864896217669397060e+00 5.814453125000000000e+00
1.882932123692057758e+00 5.280761718750000000e+00
1.900029266066709965e+00 4.463378906250000000e+00
1.918111653033122366e+00 5.208251953125000000e+00
1.936213293765135290e+00 5.022460937500000000e+00
1.954462631375136539e+00 5.226562500000000000e+00
1.972971137925156881e+00 6.320068359375000000e+00
1.991495608162679787e+00 5.256103515625000000e+00
2.009971122280433065e+00 5.078613281250000000e+00
2.028368281610696044e+00 3.525146484375000000e+00
2.046393792327194205e+00 4.810058593750000000e+00
2.063504846620205058e+00 4.537353515625000000e+00
2.081585379377941081e+00 4.705810546875000000e+00
2.099681709868704615e+00 4.531250000000000000e+00
2.117937575278702411e+00 5.090820312500000000e+00
2.136439354027203308e+00 4.343017578125000000e+00
2.154967791426045665e+00 3.826660156250000000e+00
2.173522513492841313e+00 3.370605468750000000e+00
2.191192037791864777e+00 4.231445312500000000e+00
2.209978745908415476e+00 3.004394531250000000e+00
2.227046615128017493e+00 4.699218750000000000e+00
2.245427661748124137e+00 4.066894531250000000e+00
2.263150072974198679e+00 4.227539062500000000e+00
2.281353123420586826e+00 5.311035156250000000e+00
2.299907726002089703e+00 4.612304687500000000e+00
2.319079157016261661e+00 5.396484375000000000e+00
2.336987422020953886e+00 5.483886718750000000e+00
2.355960462980533521e+00 3.774902343750000000e+00
2.373317258309157296e+00 3.501953125000000000e+00
2.390410102495224010e+00 3.350097656250000000e+00
2.409406411529360525e+00 4.062500000000000000e+00
2.426701655604588836e+00 4.751708984375000000e+00
2.445010970924940352e+00 3.430664062500000000e+00
2.463534126229021126e+00 5.512695312500000000e+00
2.482551152272520767e+00 2.739746093750000000e+00
2.500354098586569762e+00 3.674316406250000000e+00
2.518784577029677507e+00 4.364013671875000000e+00
2.537036965535548916e+00 2.706054687500000000e+00
2.553996876344569955e+00 3.606445312500000000e+00
2.573380611676128638e+00 3.840332031250000000e+00
2.590365437229252166e+00 4.647949218750000000e+00
2.608546766527496175e+00 2.286132812500000000e+00
2.627084813672638575e+00 3.269042968750000000e+00
2.646210440010293041e+00 3.511230468750000000e+00
2.663917271204169879e+00 4.682373046875000000e+00
2.682256643292006970e+00 3.927001953125000000e+00
2.700372617102516415e+00 4.663085937500000000e+00
2.717407146282354802e+00 3.207763671875000000e+00
2.736850263368268088e+00 3.072753906250000000e+00
2.753965748239096456e+00 3.224121093750000000e+00
2.772020124068575342e+00 4.435546875000000000e+00
2.790462617587579075e+00 4.694824218750000000e+00
2.809494888985085481e+00 3.378417968750000000e+00
2.827276211094897462e+00 3.717773437500000000e+00
2.845728809962551509e+00 4.057373046875000000e+00
2.863972099163106577e+00 4.401855468750000000e+00
2.881363373707131359e+00 3.340820312500000000e+00
2.899822414163807593e+00 4.103759765625000000e+00
2.917631057936887373e+00 5.699707031250000000e+00
2.935493498489876174e+00 3.494628906250000000e+00
2.953926925438096873e+00 3.247070312500000000e+00
2.972966730223873810e+00 2.030273437500000000e+00
2.990737166045903450e+00 2.763183593750000000e+00
3.009200877272618868e+00 2.080810546875000000e+00
3.027533405041040737e+00 2.145507812500000000e+00
3.044834648345272399e+00 3.371582031250000000e+00
3.063886985777401151e+00 2.986572265625000000e+00
3.081094507835587137e+00 2.657714843750000000e+00
3.098910533972102144e+00 2.992919921875000000e+00
3.117487124584670255e+00 3.191894531250000000e+00
3.136630619277241294e+00 3.845703125000000000e+00
3.154426031195981750e+00 4.129394531250000000e+00
3.172026555885480548e+00 3.864257812500000000e+00
3.190997842432707898e+00 3.967773437500000000e+00
3.208936863291015129e+00 4.721679687500000000e+00
3.227354941996793514e+00 4.672119140625000000e+00
3.244557942374740378e+00 5.425292968750000000e+00
3.263625874522176673e+00 1.710449218750000000e+00
3.280954588250835968e+00 3.418457031250000000e+00
3.299272642645249221e+00 3.108642578125000000e+00
3.317553388519016266e+00 2.285400390625000000e+00
3.336145112948528890e+00 2.089111328125000000e+00
3.354549459943797274e+00 1.604980468750000000e+00
3.373172318953407967e+00 3.518798828125000000e+00
3.390916926055439262e+00 2.977050781250000000e+00
3.408021161771102925e+00 1.979980468750000000e+00
3.427320306640339709e+00 3.428466796875000000e+00
3.444460233598334753e+00 3.176025390625000000e+00
3.462107315476771419e+00 2.801269531250000000e+00
3.481018107959542363e+00 3.462890625000000000e+00
3.500263015641053244e+00 3.393066406250000000e+00
3.517842635213924041e+00 3.049316406250000000e+00
3.535880980219658909e+00 2.364990234375000000e+00
3.554402564558273525e+00 3.020019531250000000e+00
3.571484466034235083e+00 3.684570312500000000e+00
3.589977346137956715e+00 2.661132812500000000e+00
3.607928372939028350e+00 2.916015625000000000e+00
3.625462665115094296e+00 2.841796875000000000e+00
3.644581078436488042e+00 2.565917968750000000e+00
3.663734579229299015e+00 3.314453125000000000e+00
3.681598860615977742e+00 3.864990234375000000e+00
3.700277902382381967e+00 3.011230468750000000e+00
3.717866302079215757e+00 2.720458984375000000e+00
3.734993171655091260e+00 3.918212890625000000e+00
3.754038073635229011e+00 2.669433593750000000e+00
3.771436167313368060e+00 2.307128906250000000e+00
3.789052150800728214e+00 3.622558593750000000e+00
3.808172133625973288e+00 2.216308593750000000e+00
3.827206224650240074e+00 3.258300781250000000e+00
3.845067444645010823e+00 3.779785156250000000e+00
3.863592853690903439e+00 1.681152343750000000e+00
3.881476593131111485e+00 1.491455078125000000e+00
3.898411129166561295e+00 2.971191406250000000e+00
3.917508701586257303e+00 2.110351562500000000e+00
3.934904967085458338e+00 1.919921875000000000e+00
3.953161098044532196e+00 1.437255859375000000e+00
3.971637150453076970e+00 1.620605468750000000e+00
3.990885526837558928e+00 3.132568359375000000e+00
4.008678051547008181e+00 2.621093750000000000e+00
4.027201449697400903e+00 2.193359375000000000e+00
4.044793969799371780e+00 3.558837890625000000e+00
4.061874488028479391e+00 3.305175781250000000e+00
4.080393701856436905e+00 3.893554687500000000e+00
4.098291208329840174e+00 2.210937500000000000e+00
4.116633238001398354e+00 1.650878906250000000e+00
4.134964031808806340e+00 3.195800781250000000e+00
4.154568178584725047e+00 1.767089843750000000e+00
4.172153946832963811e+00 1.161132812500000000e+00
4.190539904052826614e+00 2.843750000000000000e+00
4.208267339109539762e+00 3.444335937500000000e+00
4.225393471896254027e+00 2.036865234375000000e+00
4.244450000220012953e+00 1.291503906250000000e+00
4.261842534368042834e+00 1.405761718750000000e+00
4.280741110495313251e+00 1.855468750000000000e+00
4.298734246694223771e+00 2.377929687500000000e+00
4.318043366640324621e+00 2.609863281250000000e+00
4.335624409555990155e+00 2.627441406250000000e+00
4.354179137622864459e+00 7.758789062500000000e-01
4.371870347404211543e+00 2.645751953125000000e+00
4.388860248773866601e+00 2.569335937500000000e+00
4.407337799521982902e+00 2.247314453125000000e+00
4.425268639444226437e+00 4.069335937500000000e+00
4.444417599004339081e+00 3.207275390625000000e+00
4.462032266949151449e+00 3.767822265625000000e+00
4.481518466111140242e+00 2.641601562500000000e-01
4.499092879725509420e+00 2.588378906250000000e+00
4.517654472714653480e+00 2.060302734375000000e+00
4.535479976427410520e+00 2.623046875000000000e+00
4.552326975647460472e+00 3.654052734375000000e+00
4.571589195074793111e+00 2.007324218750000000e+00
4.588780291996954475e+00 3.103515625000000000e+00
4.608097440507464171e+00 1.165527343750000000e+00
4.625705922790402269e+00 2.387207031250000000e+00
4.644779077557217306e+00 2.618164062500000000e+00
4.662570004491854547e+00 2.150878906250000000e+00
4.681129813099701664e+00 2.517333984375000000e+00
4.699066221865948023e+00 3.889648437500000000e+00
4.716430277629214629e+00 2.158447265625000000e+00
4.733702229847466469e+00 1.928222656250000000e+00
4.752249304452561773e+00 1.958007812500000000e+00
4.771572383690710240e+00 3.541503906250000000e+00
4.789154698776769692e+00 2.514648437500000000e+00
4.807610533040318046e+00 7.727050781250000000e-01
4.826015686856649722e+00 1.462890625000000000e+00
4.844636753919417060e+00 1.639160156250000000e+00
4.862113981067892610e+00 2.399414062500000000e+00
4.879902172531828342e+00 -2.373046875000000000e-01
4.898523180963692880e+00 1.502197265625000000e+00
4.915770359447520832e+00 9.743652343750000000e-01
4.935107665518600584e+00 2.012207031250000000e+00
4.952619814695140121e+00 9.091796875000000000e-01
4.972082492837984091e+00 2.193847656250000000e+00
4.989488108620577123e+00 5.830078125000000000e-01
5.007767043724157929e+00 1.287109375000000000e+00
5.025580440775598845e+00 2.861328125000000000e+00
5.043947621260258529e+00 2.082519531250000000e+00
5.062177482799569361e+00 1.064453125000000000e+00
5.079284407047737204e+00 2.696289062500000000e+00
5.098522505034253527e+00 8.974609375000000000e-01
5.117021739069826936e+00 2.498535156250000000e+00
5.135633235125013130e+00 9.453125000000000000e-01
5.153010141183017367e+00 1.625976562500000000e+00
5.171555866334543339e+00 1.182128906250000000e+00
5.189199236807127136e+00 6.875000000000000000e-01
5.206846021938062563e+00 8.381347656250000000e-01
5.225764604159692794e+00 1.682617187500000000e+00
5.242746324695247040e+00 -4.833984375000000000e-02
5.262263029922024771e+00 2.583007812500000000e-01
5.280033774098882304e+00 4.904785156250000000e-01
5.299034392010838701e+00 1.000000000000000000e+00
5.316418203443760149e+00 -4.448242187500000000e-01
5.334854487305534576e+00 3.640136718750000000e-01
5.352819601193147037e+00 1.011230468750000000e+00
5.369741395460977174e+00 2.257812500000000000e+00
5.389376096588875953e+00 7.094726562500000000e-01
5.407191557579963614e+00 7.565917968750000000e-01
5.425732322007235098e+00 9.445800781250000000e-01
5.443974379284412635e+00 2.846679687500000000e-01
5.462636517921794166e+00 1.268066406250000000e+00
5.479543857427330522e+00 3.852539062500000000e-01
5.498471269641100889e+00 6.191406250000000000e-01
5.516133812339631959e+00 -1.464843750000000000e-02
5.534368002274959508e+00 8.300781250000000000e-01
5.552986483845970156e+00 5.998535156250000000e-01
5.571433892114555420e+00 1.208984375000000000e+00
5.589379123399695004e+00 1.280273437500000000e+00
5.607567714142035697e+00 1.112548828125000000e+00
5.626043516470261352e+00 -8.554687500000000000e-01
5.643162762142324596e+00 1.942626953125000000e+00
5.661945831033023069e+00 1.812500000000000000e+00
5.679446398328224177e+00 2.024414062500000000e+00
5.696682157420099202e+00 -6.279296875000000000e-01
5.716342037623576289e+00 1.978515625000000000e+00
5.734820899705155739e+00 -6.591796875000000000e-02
5.752998642631183657e+00 -2.170410156250000000e-01
5.771788514677339776e+00 1.411132812500000000e-01
5.789637593891796996e+00 -3.901367187500000000e-01
5.806813059933489285e+00 -2.558593750000000000e-01
5.825274921929491256e+00 -3.378906250000000000e-01
5.843068376514366946e+00 9.267578125000000000e-01
5.860061216032349307e+00 -2.636718750000000000e-01
5.879810367979985131e+00 1.066894531250000000e-01
5.898204820019628869e+00 2.578125000000000000e-01
5.916461987672420264e+00 -1.489013671875000000e+00
5.935891210363791970e+00 8.090820312500000000e-01
5.953099461538926107e+00 -4.042968750000000000e-01
5.970390374385146970e+00 -1.259277343750000000e+00
5.989388160389950144e+00 4.895019531250000000e-01
6.006691825149715669e+00 -3.168945312500000000e-01
6.023623205993743568e+00 -1.396484375000000000e-01
6.043222201383912306e+00 -2.983398437500000000e-01
6.060480524515469369e+00 -7.314453125000000000e-01
6.079925295151525688e+00 -2.282714843750000000e-01
6.099362703280661435e+00 -1.899414062500000000e-01
6.116843156515955116e+00 -1.617187500000000000e+00
6.133919295505407376e+00 -1.988037109375000000e+00
6.152860866823772312e+00 -1.016601562500000000e+00
6.170269559460436426e+00 -5.881347656250000000e-01
6.187677745128993934e+00 -5.888671875000000000e-01
6.206681462238975655e+00 -1.324707031250000000e+00
6.225151512175244761e+00 -2.733398437500000000e+00
6.243488471253641592e+00 -1.158691406250000000e+00
6.262834277804671501e+00 -7.958984375000000000e-01
6.280773004201904541e+00 -9.731445312500000000e-01
6.298123745432320675e+00 -1.499023437500000000e+00
6.316744530962694171e+00 -3.505859375000000000e-01
6.333845071759185430e+00 1.577148437500000000e-01
6.351149718146288592e+00 6.958007812500000000e-02
6.370222394833916724e+00 -7.680664062500000000e-01
6.388844527176715360e+00 -2.467529296875000000e+00
6.407051045017539082e+00 -2.073730468750000000e+00
6.425677084974907416e+00 1.459960937500000000e-01
6.443850652672438173e+00 -4.243164062500000000e-01
6.461595867282966310e+00 -2.159423828125000000e+00
6.480213833416144098e+00 -2.160644531250000000e+00
6.497576426896728208e+00 -1.299316406250000000e+00
6.515208647074132386e+00 1.088867187500000000e-01
6.533613284038978009e+00 -1.176757812500000000e+00
6.552195079154117252e+00 -3.112304687500000000e+00
6.570315492561832116e+00 -1.153564453125000000e+00
6.588521183198338349e+00 -2.076171875000000000e+00
6.607503957314705190e+00 -1.378906250000000000e+00
6.625386651025422680e+00 -1.743652343750000000e+00
6.643758468941427964e+00 -7.885742187500000000e-01
6.661254207369935898e+00 -2.240234375000000000e+00
6.678906796521175693e+00 -8.940429687500000000e-01
6.697165095450117178e+00 -1.046142578125000000e+00
6.715768416555192744e+00 -2.511718750000000000e+00
6.733685858158679594e+00 -3.056640625000000000e+00
6.751889436462491290e+00 -3.164550781250000000e+00
6.770612020128695008e+00 -2.354736328125000000e+00
6.789493401195599631e+00 -3.025146484375000000e+00
6.807220541181209228e+00 -2.148925781250000000e+00
6.825589122612925053e+00 -4.761718750000000000e+00
6.842354794080691249e+00 -1.978027343750000000e+00
6.860636468230012497e+00 -2.789062500000000000e+00
6.878289436597043505e+00 -5.623046875000000000e+00
6.897151599809404843e+00 -1.668750000000000000e+01
6.915364023029226814e+00 -3.238867187500000000e+01
6.934183867545783642e+00 -4.255517578125000000e+01
6.953598616073236371e+00 -4.715087890625000000e+01
6.971126050955632536e+00 -4.684521484375000000e+01
6.988254927786726967e+00 -4.795751953125000000e+01
7.006228199991312522e+00 -4.696093750000000000e+01
7.024192069138962324e+00 -4.803710937500000000e+01
7.041758076290790314e+00 -4.799536132812500000e+01
7.060617362531303343e+00 -4.794970703125000000e+01
7.078838569701886740e+00 -4.324414062500000000e+01
7.097673187520129545e+00 -3.073339843750000000e+01
7.116437641753677212e+00 -1.627026367187500000e+01
7.134750929049928914e+00 -5.093505859375000000e+00
7.151680685411562877e+00 -4.742919921875000000e+00
7.170077004482607208e+00 -4.043457031250000000e+00
7.187742586836620262e+00 -4.689453125000000000e+00
7.205991110975475067e+00 -3.585937500000000000e+00
7.224169149329583206e+00 -4.049560546875000000e+00
7.242313226321542174e+00 -3.586425781250000000e+00
7.261137776106195929e+00 -3.199707031250000000e+00
7.281032065953752408e+00 -3.515136718750000000e+00
7.298212513862395667e+00 -2.385498046875000000e+00
7.316815097430804826e+00 -5.853027343750000000e+00
7.334486712026603072e+00 -2.779052734375000000e+00
7.351304807976106304e+00 -5.109619140625000000e+00
7.368695107368040453e+00 -4.557373046875000000e+00
7.387421233063378168e+00 -3.935546875000000000e+00
7.405690290392016095e+00 -3.454101562500000000e+00
7.424479797252800495e+00 -2.613281250000000000e+00
7.444012585863333697e+00 -5.326171875000000000e+00
7.461894803635374274e+00 -4.741699218750000000e+00
7.480690661808125697e+00 -3.649414062500000000e+00
7.498013220964281800e+00 -3.352050781250000000e+00
7.514773205234945408e+00 -5.449951171875000000e+00
7.531211151532545500e+00 -3.453613281250000000e+00
7.550782666794077613e+00 -3.969726562500000000e+00
7.569136753000933027e+00 -3.181884765625000000e+00
7.588066824410205413e+00 -4.172607421875000000e+00
7.607733288336788746e+00 -4.663330078125000000e+00
7.625472642800005474e+00 -4.463623046875000000e+00
7.644924427873860395e+00 -4.490722656250000000e+00
7.661643713770700970e+00 -3.567871093750000000e+00
7.678369761536927740e+00 -2.493164062500000000e+00
7.694763238855031773e+00 -4.641845703125000000e+00
7.714258508521709246e+00 -4.979492187500000000e+00
7.732642883167358150e+00 -3.584960937500000000e+00
7.751523976824813644e+00 -5.313964843750000000e+00
7.770955005918608549e+00 -3.808105468750000000e+00
7.788763757767924290e+00 -3.818359375000000000e+00
7.807596513994226939e+00 -3.390380859375000000e+00
7.824946772158369868e+00 -3.913085937500000000e+00
7.841959051171215833e+00 -5.431640625000000000e+00
7.858487762742370819e+00 -4.030273437500000000e+00
7.877946091397717510e+00 -2.661132812500000000e+00
7.896119281716750038e+00 -2.766113281250000000e+00
7.914995784533246592e+00 -4.849853515625000000e+00
7.934933518479795111e+00 -3.407714843750000000e+00
7.952257511304438253e+00 -5.072753906250000000e+00
7.971119247309047751e+00 -4.924804687500000000e+00
7.988578962296543295e+00 -5.149414062500000000e+00
8.006303450805816624e+00 -4.452880859375000000e+00
8.023579064506748182e+00 -4.703613281250000000e+00
8.041241316505903569e+00 -4.311279296875000000e+00
8.059562291941986700e+00 -4.090820312500000000e+00
8.078459940144369966e+00 -4.899902343750000000e+00
8.098454263995733982e+00 -4.450195312500000000e+00
8.115883918666796148e+00 -3.113281250000000000e+00
8.134956994443868439e+00 -6.180419921875000000e+00
8.152046520088134685e+00 -3.860351562500000000e+00
8.169175161466654345e+00 -5.474609375000000000e+00
8.187085960564644438e+00 -5.315917968750000000e+00
8.204806523505240534e+00 -4.230712890625000000e+00
8.223071982991172035e+00 -4.868652343750000000e+00
8.241927941882153164e+00 -3.151367187500000000e+00
8.261884306592094163e+00 -5.380859375000000000e+00
8.279218498004780713e+00 -3.938964843750000000e+00
8.298378831288005131e+00 -4.192138671875000000e+00
8.315514200170383674e+00 -5.008056640625000000e+00
8.332347832054438186e+00 -4.319335937500000000e+00
8.351101398951058741e+00 -5.454345703125000000e+00
8.368864973015817554e+00 -3.013916015625000000e+00
8.386635647526830439e+00 -3.543945312500000000e+00
8.405389178962948904e+00 -3.989746093750000000e+00
8.425099743774666194e+00 -5.640380859375000000e+00
8.442966462562594643e+00 -4.145996093750000000e+00
8.461498243937981556e+00 -5.424804687500000000e+00
8.479149364891014784e+00 -4.577148437500000000e+00
8.495810697671913658e+00 -3.901367187500000000e+00
8.514573505784127860e+00 -4.982910156250000000e+00
8.532336312751951368e+00 -2.930908203125000000e+00
8.550110332173474603e+00 -4.229980468750000000e+00
8.568863684827505267e+00 -4.574707031250000000e+00
8.588310928712985515e+00 -3.885253906250000000e+00
8.606074798839586038e+00 -5.562500000000000000e+00
8.624758332718016618e+00 -4.837646484375000000e+00
8.642281287688462044e+00 -3.619628906250000000e+00
8.659587640442140355e+00 -5.104980468750000000e+00
8.678583169563125921e+00 -4.836425781250000000e+00
8.695807596230380909e+00 -4.597900390625000000e+00
8.713500894338579883e+00 -3.388671875000000000e+00
8.732331626262151758e+00 -4.924316406250000000e+00
8.751782016970196310e+00 -5.526855468750000000e+00
8.769386827666494355e+00 -5.719970703125000000e+00
8.788499899162502516e+00 -4.796875000000000000e+00
8.806086291314528580e+00 -5.079589843750000000e+00
8.823663500577922036e+00 -4.726806640625000000e+00
8.842053313808492021e+00 -4.070800781250000000e+00
8.859067286706519440e+00 -2.671875000000000000e+00
8.877059730112208058e+00 -5.471191406250000000e+00
8.895765630536800472e+00 -4.043945312500000000e+00
8.914630891503279031e+00 -4.437744140625000000e+00
8.932681801764275065e+00 -5.003173828125000000e+00
8.951924573106239791e+00 -6.194824218750000000e+00
8.969554738340917766e+00 -4.555664062500000000e+00
8.987741670750210687e+00 -3.899902343750000000e+00
9.005846925755335519e+00 -4.612304687500000000e+00
9.022267806751671060e+00 -4.286621093750000000e+00
9.039847515523362631e+00 -4.140136718750000000e+00
9.059128753699440040e+00 -4.792724609375000000e+00
9.077153574346965570e+00 -2.855712890625000000e+00
9.096173650141167855e+00 -5.210449218750000000e+00
9.115400091024653761e+00 -4.953125000000000000e+00
9.133196837715274796e+00 -3.056640625000000000e+00
9.151432079897830363e+00 -5.207031250000000000e+00
9.169643740980617963e+00 -5.414550781250000000e+00
9.185995209299832709e+00 -4.677246093750000000e+00
9.203888388899216011e+00 -4.670166015625000000e+00
9.222687568713183737e+00 -4.737304687500000000e+00
9.240954774121149740e+00 -4.677734375000000000e+00
9.259782800811990455e+00 -4.520019531250000000e+00
9.278928273718861419e+00 -5.118652343750000000e+00
9.296439210042237278e+00 -3.286621093750000000e+00
9.314798155940806623e+00 -6.122802734375000000e+00
9.332875870489715453e+00 -4.439453125000000000e+00
9.349667628014515230e+00 -3.703613281250000000e+00
9.368175320236062475e+00 -5.081054687500000000e+00
9.386175715895959115e+00 -4.640136718750000000e+00
9.404098635291092023e+00 -4.566894531250000000e+00
9.423248019586935698e+00 -4.623046875000000000e+00
9.442720864157976735e+00 -6.293945312500000000e+00
9.459903954566627249e+00 -4.644775390625000000e+00
9.478272831310604829e+00 -4.568359375000000000e+00
9.496400504493607286e+00 -5.156005859375000000e+00
9.513134137547979208e+00 -5.368164062500000000e+00
9.531647407456787846e+00 -4.842529296875000000e+00
9.549670632855253416e+00 -5.467773437500000000e+00
9.569137376772800962e+00 -3.854492187500000000e+00
9.586847848711954612e+00 -3.669433593750000000e+00
9.606191450257696829e+00 -4.439941406250000000e+00
9.623428850794113032e+00 -4.327148437500000000e+00
9.641861040721749987e+00 -5.178710937500000000e+00
9.659798278387370374e+00 -5.537109375000000000e+00
9.676623068850460641e+00 -5.480957031250000000e+00
9.695731555264814006e+00 -6.419433593750000000e+00
9.713500868915033948e+00 -5.585449218750000000e+00
9.732608352114425543e+00 -5.641113281250000000e+00
9.750223644702728620e+00 -4.561279296875000000e+00
9.769967283708041350e+00 -5.650390625000000000e+00
9.786833574615386055e+00 -5.046875000000000000e+00
9.805107086391899429e+00 -4.107910156250000000e+00
9.823329044379164543e+00 -5.035156250000000000e+00
9.840169294836556446e+00 -4.201660156250000000e+00
9.859202619780575105e+00 -5.157714843750000000e+00
9.876929200092121164e+00 -6.188476562500000000e+00
9.896345001400021602e+00 -5.060791015625000000e+00
9.913864462642237640e+00 -4.466308593750000000e+00
9.933132494989635575e+00 -4.747070312500000000e+00
9.950230608804474741e+00 -3.965820312500000000e+00
9.967165608958325151e+00 -4.649658203125000000e+00
9.986622229122744443e+00 -4.227294921875000000e+00
1.000363488549660929e+01 -3.833984375000000000e+00
1.002323715894239342e+01 -6.055908203125000000e+00
1.004051903431827952e+01 -5.197753906250000000e+00
1.006008358788412238e+01 -4.253906250000000000e+00
1.007772822333788554e+01 -4.411621093750000000e+00
1.009654647470371458e+01 -4.345458984375000000e+00
1.011383479606880087e+01 -5.180175781250000000e+00
1.013040597850475422e+01 -5.397216796875000000e+00
1.015008477862532743e+01 -6.188964843750000000e+00
1.016703005949449334e+01 -4.175781250000000000e+00
1.018668946813957632e+01 -3.730957031250000000e+00
1.020398626871174486e+01 -4.984619140625000000e+00
1.022354296046519551e+01 -4.528076171875000000e+00
1.024099889388743634e+01 -5.456298828125000000e+00
1.026001505325031360e+01 -4.215332031250000000e+00
1.027730342273130759e+01 -5.282714843750000000e+00
1.029491160003827588e+01 -4.398681640625000000e+00
1.031354738987532471e+01 -4.337402343750000000e+00
1.033091240643138065e+01 -4.377929687500000000e+00
1.035017560094787825e+01 -5.387207031250000000e+00
1.036745345530944462e+01 -5.850585937500000000e+00
1.038703664571001184e+01 -3.746826171875000000e+00
1.040420804263364118e+01 -5.262451171875000000e+00
1.042314660765501344e+01 -5.166015625000000000e+00
1.044069289029555136e+01 -3.909912109375000000e+00
1.045838359005584550e+01 -5.258789062500000000e+00
1.047718629010759628e+01 -3.761718750000000000e+00
1.049412114560915654e+01 -4.960693359375000000e+00
1.051364486593742242e+01 -2.881835937500000000e+00
1.053152812376349345e+01 -5.769287109375000000e+00
1.055050532616172632e+01 -4.774169921875000000e+00
1.056772223899170626e+01 -3.679687500000000000e+00
1.058643970808535073e+01 -4.598876953125000000e+00
1.060424084344700191e+01 -3.806152343750000000e+00
1.062247209994234254e+01 -3.215820312500000000e+00
1.064056563028270830e+01 -4.973632812500000000e+00
1.065759562605538235e+01 -6.029785156250000000e+00
1.067718655885271062e+01 -5.110351562500000000e+00
1.069499999521205780e+01 -3.521240234375000000e+00
1.071397555151946790e+01 -4.541748046875000000e+00
1.073140990047831167e+01 -3.455322265625000000e+00
1.075015483178141551e+01 -4.867187500000000000e+00
1.076762263627658456e+01 -3.978515625000000000e+00
1.078594513361599638e+01 -2.768554687500000000e+00
1.080431391860803103e+01 -3.108642578125000000e+00
1.082232498921494823e+01 -1.660400390625000000e+00
1.084075030283649710e+01 -3.406494140625000000e+00
1.085907368556873109e+01 -3.897460937500000000e+00
1.087749194141912312e+01 -5.603515625000000000e+00
1.089465112309554229e+01 -2.464355468750000000e+00
1.091357141931317187e+01 -4.726074218750000000e+00
1.093124805575193648e+01 -3.473388671875000000e+00
1.094941815099150517e+01 -3.790039062500000000e+00
1.096778095870068626e+01 -2.946533203125000000e+00
1.098657085300133929e+01 -4.270507812500000000e+00
1.100422128701841018e+01 -2.747314453125000000e+00
1.102194369897908643e+01 -4.591552734375000000e+00
1.104091589634430193e+01 -4.109619140625000000e+00
1.105800641890721181e+01 -3.798828125000000000e+00
1.107710580356798857e+01 -3.201904296875000000e+00
1.109478304731140952e+01 -3.252441406250000000e+00
1.111301310462110337e+01 -3.811035156250000000e+00
1.113135761238538635e+01 -3.709472656250000000e+00
1.114927041901738392e+01 -5.071533203125000000e+00
1.116769999516353096e+01 -2.693359375000000000e+00
1.118596681023751671e+01 -3.341308593750000000e+00
1.120452485117090191e+01 -3.316894531250000000e+00
1.122185165482349589e+01 -2.785644531250000000e+00
1.124113215372233299e+01 -4.311523437500000000e+00
1.125826604419565058e+01 -3.906250000000000000e+00
1.127574372515674384e+01 -3.336425781250000000e+00
1.129482146857719727e+01 -4.750732421875000000e+00
1.131350284054721556e+01 -4.359375000000000000e+00
1.133119223424776578e+01 -4.079345703125000000e+00
1.135021631958542798e+01 -4.427490234375000000e+00
1.136791871418796518e+01 -3.068359375000000000e+00
1.138504426979343975e+01 -3.890136718750000000e+00
1.140411743624770224e+01 -4.865234375000000000e+00
1.142173011057168708e+01 -3.709472656250000000e+00
1.144010033762057787e+01 -3.291503906250000000e+00
1.145838340148738155e+01 -2.992675781250000000e+00
1.147699665221794874e+01 -3.069580078125000000e+00
1.149467960183827131e+01 -1.687011718750000000e+00
1.151180444239005851e+01 -3.883300781250000000e+00
1.153142591871329614e+01 -3.821777343750000000e+00
1.154850858430873473e+01 -2.414062500000000000e+00
1.156759354980511034e+01 -4.478515625000000000e+00
1.158592417684999987e+01 -2.432128906250000000e+00
1.160357659611506165e+01 -2.997558593750000000e+00
1.162185470855810365e+01 -4.092285156250000000e+00
1.164098388531829187e+01 -2.807617187500000000e+00
1.165814085587479099e+01 -3.569335937500000000e+00
1.167583119912880818e+01 -5.392578125000000000e+00
1.169489686816342555e+01 -3.211669921875000000e+00
1.171225987323103368e+01 -4.525878906250000000e+00
1.173129444458652415e+01 -3.452148437500000000e+00
1.174867167100339316e+01 -4.135742187500000000e+00
1.176780736933682192e+01 -3.551269531250000000e+00
1.178549866076537000e+01 -2.720214843750000000e+00
1.180494496203368726e+01 -2.492675781250000000e+00
1.182184016067508026e+01 -2.523925781250000000e+00
1.183930309537019809e+01 -4.261230468750000000e+00
1.185844353893520520e+01 -2.778076171875000000e+00
1.187602133708529095e+01 -3.263671875000000000e+00
1.189454555992904261e+01 -3.042480468750000000e+00
1.191250510076277180e+01 -1.355957031250000000e+00
1.193154160949545428e+01 -3.199951171875000000e+00
1.194893273149875768e+01 -2.837646484375000000e+00
1.196841463003124773e+01 -3.157226562500000000e+00
1.198530151983827352e+01 -3.297607421875000000e+00
1.200221469212854686e+01 -4.255859375000000000e+00
1.202183891324858678e+01 -3.835693359375000000e+00
1.203949579626456057e+01 -3.631835937500000000e+00
1.205823285250778554e+01 -2.639648437500000000e+00
1.207635172216673425e+01 -3.631347656250000000e+00
1.209526256774270792e+01 -3.908691406250000000e+00
1.211246662967231202e+01 -4.237060546875000000e+00
1.213188437823168897e+01 -2.855957031250000000e+00
1.214853172704276574e+01 -3.276367187500000000e+00
1.216568478573324796e+01 -4.672363281250000000e+00
1.218531000876720327e+01 -3.668457031250000000e+00
1.220297034263890623e+01 -1.873535156250000000e+00
1.222190642682141970e+01 -5.300292968750000000e+00
1.223982931540527375e+01 -2.113769531250000000e+00
1.225895912615106909e+01 -3.016113281250000000e+00
1.227593543398096188e+01 -3.740722656250000000e+00
1.229487576134533811e+01 -1.150146484375000000e+00
1.231223838136060067e+01 -2.394775390625000000e+00
1.233034901905485015e+01 -2.867919921875000000e+00
1.234887991099941473e+01 -2.616699218750000000e+00
1.236641821754507475e+01 -2.771972656250000000e+00
1.238546966650029901e+01 -2.525146484375000000e+00
1.240345346822165595e+01 -3.282958984375000000e+00
1.242242709320072436e+01 -3.086669921875000000e+00
1.243945945010725040e+01 -2.235351562500000000e+00
1.245882371573293312e+01 -2.723144531250000000e+00
1.247570690534115556e+01 -3.337402343750000000e+00
1.249382396884102775e+01 -2.973632812500000000e+00
1.251229860784263792e+01 -2.233398437500000000e+00
1.253017333544593725e+01 -1.808105468750000000e+00
1.254899872657910009e+01 -2.544433593750000000e+00
1.256692780719119185e+01 -2.550048828125000000e+00
1.258589506135268721e+01 -2.630615234375000000e+00
1.260313105446968507e+01 -2.757080078125000000e+00
1.262229330456079879e+01 -1.171875000000000000e-02
1.263896565609826439e+01 -1.885742187500000000e+00
1.265729891096925996e+01 -2.575927734375000000e+00
1.267576277650704242e+01 -2.882080078125000000e+00
1.269364554408420531e+01 -3.158203125000000000e+00
1.271258065381054791e+01 -2.265869140625000000e+00
1.273054626440614356e+01 -1.998535156250000000e+00
1.274950022844240038e+01 -3.049804687500000000e+00
1.276679903469945998e+01 -2.275390625000000000e+00
1.278576297383165183e+01 -1.475097656250000000e+00
1.280284680038522538e+01 -1.972656250000000000e+00
1.282077389533078815e+01 -1.385009765625000000e+00
1.283930849909764049e+01 -3.524658203125000000e+00
1.285711797193980033e+01 -4.360351562500000000e-01
1.287615509234265687e+01 -2.545898437500000000e+00
1.289465817017072879e+01 -3.084960937500000000e+00
1.291279900911396794e+01 -1.058593750000000000e+00
1.293027036394366291e+01 -4.789062500000000000e+00
1.294876745437113641e+01 -7.480468750000000000e-01
1.296636240223853065e+01 -1.928710937500000000e+00
1.298432069693976132e+01 -4.833984375000000000e-01
1.300272399137730872e+01 -3.530273437500000000e+00
1.302093310405595616e+01 -2.961914062500000000e+00
1.303961604169845145e+01 -1.550781250000000000e+00
1.305813029597949537e+01 -1.495117187500000000e+00
1.307633054755243052e+01 -1.375976562500000000e+00
1.309450066849724692e+01 -2.415527343750000000e+00
1.311277541031810756e+01 -1.221191406250000000e+00
1.312990419857366931e+01 -1.155273437500000000e+00
1.314842568817138613e+01 -1.730224609375000000e+00
1.316624510786375879e+01 -9.240722656250000000e-01
1.318440614291009183e+01 -1.928710937500000000e+00
1.320307709047293088e+01 -1.857910156250000000e+00
1.322160242214114589e+01 -9.611816406250000000e-01
1.323979822380024984e+01 -1.529296875000000000e+00
1.325847173838405979e+01 -3.994140625000000000e-01
1.327637872768673333e+01 -1.183593750000000000e+00
1.329336901239427959e+01 -1.627197265625000000e+00
1.331252502616584366e+01 -6.694335937500000000e-01
1.332963618328693656e+01 -2.036132812500000000e+00
1.334741308570880847e+01 -1.044189453125000000e+00
1.336666615504772437e+01 -1.278076171875000000e+00
1.338443646149141841e+01 -1.457031250000000000e+00
1.340334413303315841e+01 5.439453125000000000e-01
1.342194440406888134e+01 -2.930664062500000000e+00
1.343984002225761287e+01 -1.356933593750000000e+00
1.345690643733408365e+01 -1.484863281250000000e+00
1.347599566971652507e+01 -1.013183593750000000e+00
1.349318170549766194e+01 -2.416259765625000000e+00
1.351135212417554499e+01 -3.459472656250000000e-01
1.352990442170350605e+01 -7.282714843750000000e-01
1.354790910785129654e+01 1.821289062500000000e-01
1.356676921361831489e+01 1.151123046875000000e+00
1.358570433352777229e+01 -4.694824218750000000e-01
1.360364704236299360e+01 1.228515625000000000e+00
1.362036967547331301e+01 -1.476074218750000000e+00
