#Time Flux
-1.265043464618285185e+01 -9.609375000000000000e+00
-1.259796836412566279e+01 -2.781250000000000000e+00
-1.254826926619208649e+01 -2.734375000000000000e+00
-1.249804113433353336e+01 2.625000000000000000e+00
-1.244807080819155232e+01 3.921875000000000000e+00
-1.239599020941896867e+01 4.507812500000000000e+00
-1.234636396712747342e+01 -7.109375000000000000e+00
-1.229464213524035188e+01 -2.265625000000000000e+00
-1.224524300251064801e+01 -1.387500000000000000e+01
-1.219247868425146919e+01 -2.289062500000000000e+01
-1.214326314040876298e+01 -2.017968750000000000e+01
-1.209031523051227452e+01 -1.204687500000000000e+01
-1.204109477824307817e+01 -2.071093750000000000e+01
-1.199030724731414921e+01 -1.594531250000000000e+01
-1.193956268008180643e+01 -1.843750000000000000e+01
-1.188813844987157609e+01 -1.662500000000000000e+01
-1.183856409247374586e+01 -1.771875000000000000e+01
-1.178723508392002373e+01 -6.945312500000000000e+00
-1.173580905948103492e+01 -1.389062500000000000e+01
-1.168545284135041129e+01 -9.640625000000000000e+00
-1.163463414423888764e+01 -4.203125000000000000e+00
-1.158443399436506382e+01 -1.145312500000000000e+01
-1.153356346058130555e+01 -7.812500000000000000e+00
-1.148267218400719969e+01 -1.648437500000000000e+01
-1.143139387232217530e+01 -1.064062500000000000e+01
-1.138105517804498845e+01 -1.390625000000000000e+00
-1.133077059571813550e+01 -1.237500000000000000e+01
-1.128132728848504485e+01 1.875000000000000000e+00
-1.122905070401242966e+01 5.609375000000000000e+00
-1.117925234727810135e+01 1.078906250000000000e+01
-1.112925152988896116e+01 8.046875000000000000e+00
-1.107901663080847499e+01 -2.421875000000000000e-01
-1.102745093435726886e+01 -1.882812500000000000e+00
-1.097728880666546303e+01 9.687500000000000000e+00
-1.092572227625493042e+01 -4.859375000000000000e+00
-1.087624527655421502e+01 1.234375000000000000e+00
-1.082523602332518919e+01 3.234375000000000000e+00
-1.077408111412219682e+01 7.500000000000000000e-01
-1.072344504533681686e+01 4.390625000000000000e+00
-1.067216082939842181e+01 -3.953125000000000000e+00
-1.062172353524076840e+01 -1.015625000000000000e+00
-1.057109293578680109e+01 -2.578125000000000000e+00
-1.051955524405205011e+01 -1.015625000000000000e+00
-1.046892498188237397e+01 5.140625000000000000e+00
-1.041851621230750879e+01 1.953125000000000000e+00
-1.036740482319720513e+01 -3.781250000000000000e+00
-1.031711569391333683e+01 5.046875000000000000e+00
-1.026553419963450153e+01 -5.484375000000000000e+00
-1.021584789550975358e+01 4.531250000000000000e-01
-1.016449043736206193e+01 -6.640625000000000000e+00
-1.011393770718344598e+01 -1.014062500000000000e+01
-1.006407596199862553e+01 -1.226562500000000000e+00
-1.001445114773741807e+01 9.687500000000000000e-01
-9.964243489978315438e+00 -1.045312500000000000e+01
-9.912324681686087047e+00 -4.546875000000000000e+00
-9.861099943918816280e+00 2.000000000000000000e+00
-9.810234719132871817e+00 9.109375000000000000e+00
-9.760230011834892139e+00 -9.718750000000000000e+00
-9.710484909580628710e+00 -1.159375000000000000e+01
-9.658810212889456182e+00 -8.156250000000000000e+00
-9.608720739115312881e+00 5.960937500000000000e+00
-9.556662629709094858e+00 9.265625000000000000e+00
-9.507246590222308669e+00 -4.718750000000000000e+00
-9.456315627229940901e+00 -3.437500000000000000e-01
-9.405219591385616695e+00 -7.093750000000000000e+00
-9.354355501608324630e+00 3.125000000000000000e-01
-9.303282106157645615e+00 -3.242187500000000000e+00
-9.252186897120509457e+00 3.320312500000000000e+00
-9.201345098174286363e+00 3.015625000000000000e+00
-9.150498974489188697e+00 5.757812500000000000e+00
-9.100573901711243252e+00 -3.250000000000000000e+00
-9.048847311490760603e+00 -1.078125000000000000e+00
-8.998606754130676677e+00 -1.042187500000000000e+01
-8.947632380683373299e+00 -6.656250000000000000e+00
-8.897112511690707493e+00 5.781250000000000000e-01
-8.846359705057658118e+00 3.359375000000000000e+00
-8.796269898222831785e+00 8.132812500000000000e+00
-8.744928067221131585e+00 9.476562500000000000e+00
-8.695056495189803059e+00 1.011718750000000000e+01
-8.645441920806561598e+00 1.976562500000000000e+01
-8.594206510140793398e+00 1.024218750000000000e+01
-8.543381776350010171e+00 1.613281250000000000e+01
-8.491071590507573319e+00 9.359375000000000000e+00
-8.441326496424096604e+00 2.771875000000000000e+01
-8.391865569452022555e+00 1.896875000000000000e+01
-8.340908480482177367e+00 2.321093750000000000e+01
-8.289764711751139714e+00 1.987500000000000000e+01
-8.238740288162809122e+00 1.742968750000000000e+01
-8.187597118275824926e+00 5.546875000000000000e+00
-8.138262518760839725e+00 8.796875000000000000e+00
-8.087391240584807406e+00 1.475000000000000000e+01
-8.035880638535331855e+00 2.562500000000000000e+01
-7.985296303061431900e+00 2.105468750000000000e+01
-7.934171115812866049e+00 2.689062500000000000e+01
-7.883209340686093469e+00 1.770312500000000000e+01
-7.833743715388038709e+00 1.653125000000000000e+01
-7.782011309814777178e+00 2.475000000000000000e+01
-7.731630057313232385e+00 1.854687500000000000e+01
-7.681114454295283167e+00 1.156250000000000000e+01
-7.629508525022473009e+00 1.284375000000000000e+01
-7.578943973021495140e+00 1.739062500000000000e+01
-7.527717167199440951e+00 1.878906250000000000e+01
-7.477323687420685872e+00 3.351562500000000000e+00
-7.426140114332525854e+00 1.375000000000000000e+00
-7.375710778360328845e+00 -2.656250000000000000e-01
-7.325970098767797367e+00 1.553125000000000000e+01
-7.275399636995274477e+00 1.169531250000000000e+01
-7.226101610990070867e+00 2.131250000000000000e+01
-7.174207054791622795e+00 2.500000000000000000e+00
-7.123932055210815406e+00 1.242187500000000000e+01
-7.072340029633721770e+00 1.781250000000000000e+00
-7.022477645931900270e+00 -8.390625000000000000e+00
-6.972444854177666684e+00 -1.890625000000000000e+00
-6.920718415674436130e+00 -8.500000000000000000e+00
-6.870920920970178258e+00 -1.995312500000000000e+01
-6.819380064838327371e+00 -1.360937500000000000e+01
-6.769164287240641897e+00 -1.675000000000000000e+01
-6.717906870371436412e+00 -1.115625000000000000e+01
-6.667081721406390216e+00 -1.229687500000000000e+01
-6.616854150083973707e+00 -3.125000000000000000e+00
-6.565109657411760224e+00 -1.139062500000000000e+01
-6.514689693186674901e+00 -7.531250000000000000e+00
-6.463940053892947901e+00 -8.906250000000000000e+00
-6.413010064681373024e+00 -5.890625000000000000e+00
-6.362584741875544125e+00 -3.562500000000000000e+00
-6.311611400286366802e+00 -1.710156250000000000e+01
-6.260417186173363291e+00 -8.750000000000000000e-01
-6.210455191954643794e+00 -6.132812500000000000e+00
-6.159080359032728325e+00 -1.968750000000000000e+00
-6.108288509196391658e+00 -1.072656250000000000e+01
-6.057097129471372909e+00 1.171875000000000000e-01
-6.007089404437209623e+00 -8.812500000000000000e+00
-5.959433991299746936e+00 -8.554687500000000000e+00
-5.907325171671899966e+00 -6.406250000000000000e+00
-5.857504249431030985e+00 -1.335937500000000000e+01
-5.805167828705535271e+00 -2.189062500000000000e+01
-5.755586414407986240e+00 -1.987500000000000000e+01
-5.703176598226868066e+00 -1.959375000000000000e+01
-5.653839164891486746e+00 -2.391406250000000000e+01
-5.602308685008765110e+00 -2.500000000000000000e+01
-5.553141059420951819e+00 -1.465625000000000000e+01
-5.501818837117838257e+00 -2.967187500000000000e+01
-5.451153526016440765e+00 -1.434375000000000000e+01
-5.399848547958399081e+00 -3.258593750000000000e+01
-5.349348187654641151e+00 -2.336718750000000000e+01
-5.297978534959057129e+00 -3.321093750000000000e+01
-5.247366132539113437e+00 -3.157812500000000000e+01
-5.195810059575833861e+00 -2.771093750000000000e+01
-5.145201865864450497e+00 -2.964062500000000000e+01
-5.093887028277769957e+00 -3.671875000000000000e+01
-5.044132943722871687e+00 -3.822656250000000000e+01
-4.991850889286368442e+00 -3.048437500000000000e+01
-4.942516614681537135e+00 -2.546875000000000000e+01
-4.891369083516408978e+00 -3.062500000000000000e+01
-4.841420688997423838e+00 -1.576562500000000000e+01
-4.790062189199730369e+00 -2.526562500000000000e+01
-4.740060270445916046e+00 -2.114843750000000000e+01
-4.688054129130620140e+00 -2.006250000000000000e+01
-4.638472941202124389e+00 -1.909375000000000000e+01
-4.589453186566188947e+00 -1.653125000000000000e+01
-4.538280726582243574e+00 -1.870312500000000000e+01
-4.488487763894909222e+00 -1.492187500000000000e+01
-4.436125929797626100e+00 -2.214062500000000000e+01
-4.387187568093864343e+00 -1.412500000000000000e+01
-4.335471188778328155e+00 -1.008593750000000000e+01
-4.285613106827071306e+00 -2.125781250000000000e+01
-4.232203804087419030e+00 -2.607812500000000000e+01
-4.184029895238992935e+00 -1.375000000000000000e+00
-4.132480231460874620e+00 -1.827343750000000000e+01
-4.081857332473802558e+00 -2.446875000000000000e+01
-4.030739956689657788e+00 -3.250000000000000000e+01
-3.981013094863747881e+00 -3.239062500000000000e+01
-3.929260988725516768e+00 -2.731250000000000000e+01
-3.878363776803539054e+00 -1.589062500000000000e+01
-3.827088894633860150e+00 -2.229687500000000000e+01
-3.776684320647483162e+00 -1.838281250000000000e+01
-3.726691047011918556e+00 -2.245312500000000000e+01
-3.675151885651644079e+00 -1.746875000000000000e+01
-3.624523607321243901e+00 -2.223437500000000000e+01
-3.573865574762720598e+00 -2.115625000000000000e+01
-3.523345924057508682e+00 -3.563281250000000000e+01
-3.471695359148696980e+00 -1.846875000000000000e+01
-3.421314451582972538e+00 -2.692187500000000000e+01
-3.370915110186572861e+00 -2.821875000000000000e+01
-3.320124017998708155e+00 -2.840625000000000000e+01
-3.269406624094770564e+00 -1.789062500000000000e+01
-3.219204563641625327e+00 -3.543750000000000000e+01
-3.169242492327612126e+00 -2.451562500000000000e+01
-3.117036824639882298e+00 -3.764062500000000000e+01
-3.067094799570540431e+00 -3.554687500000000000e+01
-3.017910864096428725e+00 -3.811718750000000000e+01
-2.967559653897552607e+00 -4.312500000000000000e+01
-2.916560794795799438e+00 -2.947656250000000000e+01
-2.865394370567884152e+00 -4.857812500000000000e+01
-2.814918300080236691e+00 -3.909375000000000000e+01
-2.763803244438904017e+00 -4.968750000000000000e+01
-2.713402627618734186e+00 -5.810156250000000000e+01
-2.661821571254336050e+00 -5.248437500000000000e+01
-2.612010213280164805e+00 -5.699218750000000000e+01
-2.559902117399111887e+00 -5.961718750000000000e+01
-2.510329197046019090e+00 -5.981250000000000000e+01
-2.457983400620221914e+00 -5.929687500000000000e+01
-2.407681427888029191e+00 -6.313281250000000000e+01
-2.357648095682016276e+00 -6.467187500000000000e+01
-2.306500866512962489e+00 -5.903906250000000000e+01
-2.255350449819459868e+00 -6.340625000000000000e+01
-2.205520257768476711e+00 -5.589843750000000000e+01
-2.153817613122363639e+00 -6.083593750000000000e+01
-2.103353680944529458e+00 -4.974218750000000000e+01
-2.052249428773890827e+00 -5.535937500000000000e+01
-2.002141327434145524e+00 -5.196875000000000000e+01
-1.952184492409237748e+00 -4.552343750000000000e+01
-1.900341652981367702e+00 -3.618750000000000000e+01
-1.850016408534379764e+00 -2.530468750000000000e+01
-1.800475371839205252e+00 -1.423437500000000000e+01
-1.749082594194582896e+00 -1.676562500000000000e+01
-1.698065028368645812e+00 -2.298437500000000000e+01
-1.649200716653936638e+00 -1.554687500000000000e+01
-1.597810401895550569e+00 2.070312500000000000e+00
-1.547507960951037376e+00 4.593750000000000000e+00
-1.496380023239254342e+00 2.032812500000000000e+01
-1.445806405770483138e+00 3.439062500000000000e+01
-1.394507681565386292e+00 5.332812500000000000e+01
-1.344690380658661866e+00 7.029687500000000000e+01
-1.292958856472196771e+00 9.832812500000000000e+01
-1.243457966182972996e+00 1.288437500000000000e+02
-1.190790257019344267e+00 1.625546875000000000e+02
-1.140361961971152027e+00 1.947031250000000000e+02
-1.088881193612138532e+00 2.418750000000000000e+02
-1.039159276815269095e+00 2.725625000000000000e+02
-9.884279561577642426e-01 3.035156250000000000e+02
-9.374351764098065587e-01 3.201953125000000000e+02
-8.862569588148545563e-01 3.229843750000000000e+02
-8.372699158789629337e-01 3.307343750000000000e+02
-7.844569273859747227e-01 3.335625000000000000e+02
-7.351067983981494081e-01 2.952343750000000000e+02
-6.829994753527586226e-01 2.620312500000000000e+02
-6.332733641851504558e-01 2.197734375000000000e+02
-5.831313652742622367e-01 1.378984375000000000e+02
-5.333689932477767570e-01 8.485937500000000000e+01
-4.809632760952311514e-01 1.714843750000000000e+01
-4.312027471561208358e-01 -4.168750000000000000e+01
-3.789157636347297853e-01 -7.984375000000000000e+01
-3.290366087559135622e-01 -1.095781250000000000e+02
-2.794172509180157249e-01 -1.146875000000000000e+02
-2.295319774086976850e-01 -1.355625000000000000e+02
-1.780423169416422979e-01 -1.334062500000000000e+02
-1.275744953819355487e-01 -1.236093750000000000e+02
-7.587853263386534763e-02 -1.046093750000000000e+02
-2.576578343280289118e-02 -1.067812500000000000e+02
2.529344673601485738e-02 -8.863281250000000000e+01
7.614418522941690526e-02 -8.467968750000000000e+01
1.276511542149165734e-01 -7.679687500000000000e+01
1.783165413173932734e-01 -6.659375000000000000e+01
2.286374462448890199e-01 -5.146875000000000000e+01
2.804888950152175653e-01 -4.833593750000000000e+01
3.303957431591655336e-01 -3.160937500000000000e+01
3.806645699966537677e-01 -3.262500000000000000e+01
4.320120724062803674e-01 -3.415625000000000000e+01
4.823696887121400323e-01 -2.018750000000000000e+01
5.317156017772930454e-01 -3.245312500000000000e+01
5.841957837467006698e-01 -1.302343750000000000e+01
6.338787105924410525e-01 -2.226562500000000000e+01
6.839090541995034300e-01 -1.203125000000000000e+00
7.359431241159484216e-01 -5.859375000000000000e+00
7.860780007701038130e-01 1.968750000000000000e+00
8.367855988958723401e-01 -8.734375000000000000e+00
8.879342733052837389e-01 -1.223437500000000000e+01
9.378244300722968774e-01 1.890625000000000000e+00
9.892283865970270540e-01 9.367187500000000000e+00
1.039419141925520762e+00 -1.181250000000000000e+01
1.090129588809205075e+00 -2.859375000000000000e+00
1.141114454541892087e+00 -1.100000000000000000e+01
1.190599528059834711e+00 1.078125000000000000e+00
1.241353576444808482e+00 1.004687500000000000e+01
1.292767786353948622e+00 1.442968750000000000e+01
1.343525954968200153e+00 5.609375000000000000e+00
1.394936047816742075e+00 8.039062500000000000e+00
1.445520983205710763e+00 5.656250000000000000e+00
1.495931687836900892e+00 4.828125000000000000e+00
1.546191218210203999e+00 1.171093750000000000e+01
1.598563743110602786e+00 1.015625000000000000e+00
1.647585104504898368e+00 3.937500000000000000e+00
1.700268157109576350e+00 -1.492187500000000000e+00
1.749755951679318855e+00 -5.687500000000000000e+00
1.800772168558594899e+00 6.789062500000000000e+00
1.851322185480242410e+00 5.289062500000000000e+00
1.900701021069878038e+00 2.359375000000000000e+00
1.952826237507537144e+00 7.718750000000000000e+00
2.001509903735055218e+00 1.165625000000000000e+01
2.052972205159349528e+00 3.171875000000000000e+00
2.102599587615259225e+00 1.633593750000000000e+01
2.154783668564043353e+00 1.064062500000000000e+01
2.204382531234365672e+00 9.609375000000000000e-01
2.256921542067644282e+00 9.515625000000000000e+00
2.306244121093243393e+00 2.609375000000000000e+00
2.357031458875994190e+00 5.632812500000000000e+00
2.408407408940604455e+00 1.468750000000000000e+00
2.459202633053777731e+00 6.070312500000000000e+00
2.510390927996986932e+00 -1.351562500000000000e+00
2.560427835386569484e+00 6.429687500000000000e+00
2.610656006477000801e+00 6.562500000000000000e+00
2.662113120770740693e+00 7.953125000000000000e+00
2.712636334809204186e+00 -1.820312500000000000e+00
2.763516733550915205e+00 5.406250000000000000e+00
2.814808836387229007e+00 -7.046875000000000000e+00
2.864469834293473127e+00 1.593750000000000000e+00
2.916259468709242242e+00 -1.859375000000000000e+00
2.966633792583948548e+00 2.812500000000000000e+00
3.018286573969142239e+00 -4.039062500000000000e+00
3.068031096049452344e+00 -1.078125000000000000e+00
3.118515853124044668e+00 1.367187500000000000e+00
3.169693296050510867e+00 -4.289062500000000000e+00
3.220004301249055345e+00 -1.042187500000000000e+01
3.271860615371380732e+00 -3.617187500000000000e+00
3.322511794017998454e+00 -2.359375000000000000e+00
3.373694642796209564e+00 1.209375000000000000e+01
3.422036975580013518e+00 -9.531250000000000000e-01
3.472740650618575842e+00 8.875000000000000000e+00
3.523797559635561072e+00 5.546875000000000000e-01
3.573708844826697373e+00 8.281250000000000000e-01
3.624351725645766464e+00 5.125000000000000000e+00
3.675553786326851480e+00 8.195312500000000000e+00
3.726522196325760206e+00 1.781250000000000000e+00
3.777137008764910320e+00 -3.109375000000000000e+00
3.826782353009988924e+00 -6.156250000000000000e+00
3.879308577707050176e+00 -6.140625000000000000e+00
3.928946425569378675e+00 -4.750000000000000000e+00
3.980612774717876334e+00 4.289062500000000000e+00
4.031595394336243032e+00 1.155468750000000000e+01
4.081297005915324405e+00 8.437500000000000000e+00
4.133046011395350661e+00 3.898437500000000000e+00
4.183919457357106353e+00 1.555468750000000000e+01
4.233466687426030717e+00 1.850000000000000000e+01
4.284987189971474209e+00 8.578125000000000000e+00
4.335630583550724282e+00 1.520312500000000000e+01
4.385765021508333916e+00 7.390625000000000000e+00
4.436876764410328633e+00 1.490625000000000000e+01
4.487173855779190035e+00 2.473437500000000000e+01
4.536535282122407864e+00 3.064062500000000000e+01
4.588718569035748374e+00 2.039062500000000000e+01
4.640599166123166697e+00 2.623437500000000000e+01
4.690938239019246225e+00 2.348437500000000000e+01
4.740897459031913286e+00 2.570312500000000000e+01
4.790723891665464862e+00 2.131250000000000000e+01
4.842794208605411654e+00 1.060937500000000000e+01
4.892810789206116340e+00 2.522656250000000000e+01
4.942732150314341766e+00 2.115625000000000000e+01
4.994893671342211405e+00 2.342187500000000000e+01
5.044559898919466434e+00 1.632812500000000000e+01
5.095606259086281398e+00 1.767187500000000000e+01
5.146235547537870048e+00 2.501562500000000000e+01
5.196758748537149586e+00 1.720312500000000000e+01
5.248407189472416690e+00 1.714062500000000000e+01
5.297944553216879626e+00 7.312500000000000000e+00
5.348637104846346801e+00 1.368750000000000000e+01
5.400108500215068830e+00 5.968750000000000000e+00
5.450118807022292344e+00 6.828125000000000000e+00
5.501548165676680924e+00 -7.671875000000000000e+00
5.552290510889790198e+00 -2.812500000000000000e-01
5.603091637297666239e+00 8.812500000000000000e+00
5.653998592232568399e+00 5.031250000000000000e+00
5.704426410094306732e+00 3.531250000000000000e+00
5.755508511304704200e+00 4.929687500000000000e+00
5.806143055023056831e+00 2.164062500000000000e+00
5.855898551682194864e+00 -7.554687500000000000e+00
5.905610841672825018e+00 -4.203125000000000000e+00
5.958325317887727124e+00 -6.828125000000000000e+00
6.009672252083049671e+00 -7.500000000000000000e-01
6.059967769001318061e+00 -3.046875000000000000e+00
6.109820270292445343e+00 -7.093750000000000000e+00
6.159967043418923538e+00 -8.218750000000000000e+00
6.211851061620038195e+00 -1.051562500000000000e+01
6.261823377237298871e+00 -8.820312500000000000e+00
6.311754154278688134e+00 -9.500000000000000000e+00
6.363200314559001924e+00 1.679687500000000000e+00
6.413541726330080905e+00 -3.019531250000000000e+01
6.464691502530996559e+00 -5.000000000000000000e-01
6.514476283675314505e+00 -2.521093750000000000e+01
6.566119621913856008e+00 -1.379687500000000000e+01
6.615789789706383317e+00 -1.862500000000000000e+01
6.666821468776475967e+00 -1.486718750000000000e+01
6.717803403588106903e+00 -2.132812500000000000e+01
6.768989849281211946e+00 -1.739843750000000000e+01
6.819511280569052758e+00 -3.405468750000000000e+01
6.870656773676486750e+00 -1.640625000000000000e+01
6.921682333183703406e+00 -3.607031250000000000e+01
6.971458160845273255e+00 -2.385937500000000000e+01
7.023562216179627171e+00 -3.659375000000000000e+01
7.073178904059012950e+00 -3.218750000000000000e+01
7.125176380043598101e+00 -2.848437500000000000e+01
7.174901019802121027e+00 -4.417187500000000000e+01
7.225150055158962914e+00 -2.492187500000000000e+01
7.275617888213389506e+00 -2.495312500000000000e+01
7.327797535353674618e+00 -2.552343750000000000e+01
7.377786715403715334e+00 -2.066406250000000000e+01
7.428999427209831197e+00 -1.803125000000000000e+01
7.478738178528075764e+00 -1.960937500000000000e+01
7.528670174920982561e+00 -1.825000000000000000e+01
7.579926817857554511e+00 -2.703906250000000000e+01
7.630835194569947078e+00 -2.017187500000000000e+01
7.680945811036508530e+00 -2.993750000000000000e+01
7.731245838756862554e+00 -6.851562500000000000e+00
7.781409078797871359e+00 -1.821875000000000000e+01
7.833056471767520179e+00 -1.576562500000000000e+01
7.884435392974481260e+00 -2.068750000000000000e+01
7.934271884151591792e+00 -1.160156250000000000e+01
7.984735291035022442e+00 -2.906250000000000000e+01
8.037165071201201272e+00 -2.167968750000000000e+01
8.086697753392215304e+00 -7.921875000000000000e+00
8.138539754291549855e+00 -8.320312500000000000e+00
8.188567046057137588e+00 -6.171875000000000000e+00
8.239961752879736423e+00 -6.390625000000000000e+00
8.290175007590057987e+00 -1.178125000000000000e+01
8.340452637482727027e+00 -1.001562500000000000e+01
8.392343331578793197e+00 -1.467187500000000000e+01
8.443362881305120027e+00 -6.273437500000000000e+00
8.491974287886193906e+00 -5.359375000000000000e+00
8.544010308168807910e+00 8.437500000000000000e-01
8.593927388272341261e+00 -1.150000000000000000e+01
8.644679192364208120e+00 -2.648437500000000000e+00
8.696093141461524567e+00 -8.984375000000000000e+00
8.745754907334834627e+00 3.453125000000000000e+00
8.795905803228428965e+00 -3.671875000000000000e+00
8.846819669966478727e+00 6.273437500000000000e+00
8.897681490387178371e+00 -2.460937500000000000e+00
8.947823116926883813e+00 7.617187500000000000e+00
8.999846462251291257e+00 4.750000000000000000e+00
9.049193160935899982e+00 1.812500000000000000e+00
9.100344538910562164e+00 4.937500000000000000e+00
9.151364999437717529e+00 7.890625000000000000e+00
9.202516053654093753e+00 1.562500000000000000e-01
9.253331453328485168e+00 -1.265625000000000000e+00
9.304053937791508133e+00 -2.828125000000000000e+00
9.353846652864731936e+00 3.164062500000000000e+00
9.405933838929968260e+00 2.984375000000000000e+00
9.455656584844035706e+00 -9.015625000000000000e+00
9.507099886306903613e+00 -3.078125000000000000e+00
9.557821101695225252e+00 -8.218750000000000000e+00
9.609072487598297130e+00 -1.500781250000000000e+01
9.659588281605167026e+00 -3.078125000000000000e+00
9.711240868470540022e+00 -9.828125000000000000e+00
9.760490829611860875e+00 -1.510156250000000000e+01
9.811471669275420027e+00 -1.865625000000000000e+01
9.862658750454336598e+00 -1.890625000000000000e+01
9.912121023359944161e+00 -2.297656250000000000e+01
9.962947163650888172e+00 -1.313281250000000000e+01
1.001263803922265794e+01 -1.735156250000000000e+01
1.006491824057738427e+01 -1.188281250000000000e+01
1.011464544389308173e+01 -2.187500000000000000e+00
1.016521338999304191e+01 -6.062500000000000000e+00
1.021448151959783956e+01 5.546875000000000000e+00
1.026687221416656826e+01 -4.156250000000000000e+00
1.031664710362828430e+01 -7.640625000000000000e+00
1.036814419668510112e+01 -1.028125000000000000e+01
1.041814546673413844e+01 -4.156250000000000000e+00
1.046944405025350022e+01 -1.526562500000000000e+01
1.052015909583127495e+01 7.296875000000000000e+00
1.057161562815234390e+01 4.945312500000000000e+00
1.062248084763633216e+01 9.828125000000000000e+00
1.067311099959701437e+01 1.058593750000000000e+01
1.072364198222058462e+01 1.553125000000000000e+01
1.077448940852699621e+01 4.960937500000000000e+00
1.082434288680239831e+01 6.578125000000000000e+00
1.087601051941672381e+01 9.835937500000000000e+00
1.092651442873618350e+01 8.359375000000000000e+00
1.097712760468789384e+01 1.533593750000000000e+01
1.102828879615777424e+01 2.661718750000000000e+01
1.107843961657205512e+01 3.148437500000000000e+01
1.112840507286244218e+01 3.363281250000000000e+01
1.118056900186923031e+01 1.979687500000000000e+01
1.122994850099502173e+01 4.020312500000000000e+01
1.127952332445202188e+01 2.833593750000000000e+01
1.133182100560084393e+01 3.242187500000000000e+01
1.138156042710026838e+01 2.614062500000000000e+01
1.143398908697277250e+01 3.154687500000000000e+01
1.148366408573927799e+01 1.796093750000000000e+01
1.153373912510002697e+01 1.890625000000000000e+01
1.158487780611319806e+01 2.066406250000000000e+01
1.163501541736834355e+01 2.116406250000000000e+01
1.168591317992468248e+01 2.297656250000000000e+01
1.173766170119917263e+01 1.143750000000000000e+01
1.178761386145787071e+01 1.350000000000000000e+01
1.183854439504646905e+01 -2.523437500000000000e+00
1.188936057174579020e+01 9.937500000000000000e+00
1.194038712996410823e+01 8.843750000000000000e+00
1.199174195257371878e+01 2.009375000000000000e+01
1.204177527594879393e+01 9.453125000000000000e+00
1.209170495168727655e+01 1.271093750000000000e+01
1.214393963517363773e+01 2.204687500000000000e+01
1.219355156409728380e+01 2.324218750000000000e+01
1.224312813844080239e+01 2.198437500000000000e+01
1.229517735004197476e+01 1.789843750000000000e+01
1.234617692976030412e+01 2.459375000000000000e+01
1.239690973640685456e+01 1.153125000000000000e+01
1.244688666096924834e+01 2.015625000000000000e+00
1.249810747810413147e+01 6.906250000000000000e+00
1.254959564659226601e+01 -5.796875000000000000e+00
1.259881921521088799e+01 1.273437500000000000e+00
1.264857677603649933e+01 -2.718750000000000000e+00
1.270087110128083907e+01 7.500000000000000000e+00
1.275074492475832955e+01 -6.640625000000000000e+00
1.280208174959551570e+01 3.515625000000000000e+00
1.285258569670990880e+01 -1.718750000000000000e+00
1.290306662208245569e+01 6.250000000000000000e-02
1.295390807315341419e+01 -1.083593750000000000e+01
1.300471148821815603e+01 5.640625000000000000e+00
1.305467990589103522e+01 -7.546875000000000000e+00
1.310622138539977044e+01 5.515625000000000000e+00
1.315684529900035216e+01 -1.467187500000000000e+01
1.320796553583343780e+01 -6.937500000000000000e+00
1.325867382290751095e+01 -2.181250000000000000e+01
1.330949824025304906e+01 -8.843750000000000000e+00
1.336084585366923250e+01 -2.125000000000000000e+00
1.341077702737970867e+01 -3.250000000000000000e+00
1.346148662882326619e+01 -7.921875000000000000e+00
1.351260553948012699e+01 -7.812500000000000000e-02
1.356260059184496214e+01 -3.804687500000000000e+00
1.361313283538691365e+01 -5.828125000000000000e+00
1.366376346389446894e+01 -9.640625000000000000e+00
1.371441813008561894e+01 -1.040625000000000000e+01
1.376547394676459390e+01 -1.037500000000000000e+01
1.381642389681225325e+01 -5.531250000000000000e+00
1.386567139169353169e+01 -1.149218750000000000e+01
1.391757567553585773e+01 -1.464062500000000000e+01
1.396775190254852816e+01 -2.364062500000000000e+01
1.401763030346919692e+01 -2.220312500000000000e+01
1.406984307873493378e+01 -2.556250000000000000e+01
1.411940886831875730e+01 -2.531250000000000000e+01
1.417026808702361507e+01 -1.921875000000000000e+01
1.422169954913623258e+01 -2.086718750000000000e+01
1.427180228684161989e+01 -2.685937500000000000e+01
1.432214291829869524e+01 -8.531250000000000000e+00
1.437347202876982522e+01 -2.345312500000000000e+01
1.442400368012022227e+01 -2.664062500000000000e+01
1.447488681237294372e+01 -1.576562500000000000e+01
1.452573307284045256e+01 -2.853906250000000000e+01
1.457705800098622717e+01 -2.312500000000000000e+01
1.462777845718672154e+01 -1.771875000000000000e+01
1.467703870487305551e+01 -1.959375000000000000e+01
1.472863117580928360e+01 -2.306250000000000000e+01
1.478028003571748172e+01 -1.837500000000000000e+01
1.483013409092825441e+01 -1.018750000000000000e+01
1.488166298504874163e+01 -2.641406250000000000e+01
1.493114317578945816e+01 -1.692187500000000000e+01
1.498312357534744876e+01 -8.625000000000000000e+00
1.503278428881171180e+01 -1.096875000000000000e+01
1.508351271062122123e+01 -4.703125000000000000e+00
1.513452448337489642e+01 -1.247656250000000000e+01
1.518541520217264917e+01 9.062500000000000000e-01
1.523459021357993493e+01 -2.007812500000000000e+00
1.528564982184406063e+01 -5.937500000000000000e-01
1.533671602731622841e+01 -2.453125000000000000e+00
1.538682865012677325e+01 7.187500000000000000e+00
1.543717571061428373e+01 -9.312500000000000000e+00
1.548885211239176130e+01 -5.015625000000000000e+00
1.553934563181395845e+01 -6.484375000000000000e+00
1.559071655794831202e+01 -3.351562500000000000e+00
1.564083193033590646e+01 -1.590625000000000000e+01
1.569272177974202975e+01 -2.578125000000000000e+00
1.574272875222595047e+01 -4.609375000000000000e+00
1.579339021780752716e+01 8.218750000000000000e+00
1.584398031304002075e+01 7.140625000000000000e+00
1.589433952549007500e+01 1.372656250000000000e+01
1.594615158407535205e+01 1.490625000000000000e+01
1.599650746384578071e+01 1.549218750000000000e+01
1.604661335666901323e+01 1.481250000000000000e+01
1.609738345602809773e+01 2.039062500000000000e+01
1.614877750401797130e+01 1.884375000000000000e+01
1.619955607853617607e+01 1.507812500000000000e+01
1.625027698061674641e+01 2.024218750000000000e+01
1.630066825537934960e+01 1.318750000000000000e+01
1.635133135840731455e+01 2.392187500000000000e+01
1.640231937767455861e+01 2.160156250000000000e+01
1.645260618579334277e+01 2.779687500000000000e+01
1.650397224841148613e+01 1.990625000000000000e+01
1.655396960838486820e+01 1.610156250000000000e+01
1.660453959757949605e+01 1.476562500000000000e+01
1.665471174677594490e+01 1.633593750000000000e+01
1.670589420070035658e+01 2.331250000000000000e+01
1.675573762067288186e+01 2.115625000000000000e+01
1.680796891124700210e+01 2.871875000000000000e+01
1.685559180233030929e+01 2.733593750000000000e+01
1.690925845634336611e+01 2.607812500000000000e+01
1.695812877607669122e+01 2.640625000000000000e+01
1.701059478256651403e+01 3.087500000000000000e+01
1.705992701041395776e+01 2.782812500000000000e+01
1.711239568109890996e+01 3.288281250000000000e+01
1.716168280418649772e+01 4.697656250000000000e+01
1.721334080667152477e+01 3.121093750000000000e+01
1.726338988045609568e+01 3.921875000000000000e+01
1.731405482341219226e+01 2.662500000000000000e+01
1.736472452008449352e+01 3.784375000000000000e+01
1.741561230086085743e+01 1.767187500000000000e+01
1.746649582152886637e+01 3.768750000000000000e+01
1.751777637929194498e+01 2.942187500000000000e+01
1.756835648881394718e+01 3.615625000000000000e+01
1.761961247685242427e+01 1.479687500000000000e+01
1.766916585341530777e+01 3.350000000000000000e+01
1.772042926894862802e+01 2.917968750000000000e+01
1.777082996393150438e+01 3.006250000000000000e+01
1.782146552011472096e+01 2.703125000000000000e+01
1.787262592666889560e+01 3.425000000000000000e+01
1.792299537367369311e+01 3.310156250000000000e+01
1.797271966990599168e+01 2.500781250000000000e+01
1.802377375250370051e+01 7.164062500000000000e+00
1.807488027004882269e+01 9.968750000000000000e+00
1.812462993882211038e+01 -2.187500000000000000e-01
1.817533470440834265e+01 4.015625000000000000e+00
1.822463731700918288e+01 8.531250000000000000e+00
1.827672096223110998e+01 5.500000000000000000e+00
1.832640795964114488e+01 2.171875000000000000e+00
1.837888708468241816e+01 3.171875000000000000e+00
1.842809794221685848e+01 7.656250000000000000e+00
1.848074384540449699e+01 3.843750000000000000e+00
1.853026238933527026e+01 -1.481250000000000000e+01
1.858214527778321212e+01 2.100000000000000000e+01
1.863161044984001080e+01 -2.335937500000000000e+01
1.868404538431421713e+01 8.320312500000000000e+00
1.873377871334371036e+01 -9.906250000000000000e+00
1.878621739676962932e+01 8.976562500000000000e+00
1.883453594886820781e+01 5.156250000000000000e+00
1.888677424745696953e+01 8.406250000000000000e+00
1.893650231049534227e+01 6.531250000000000000e+00
1.898849414443682804e+01 9.375000000000000000e+00
1.903828344468571032e+01 -4.687500000000000000e-02
1.909066647034049424e+01 -8.328125000000000000e+00
1.914034269674519351e+01 8.281250000000000000e-01
1.919018198393015950e+01 6.835937500000000000e+00
1.924046537155305714e+01 1.229687500000000000e+01
1.929169751083755102e+01 -3.476562500000000000e+00
1.934263391911377994e+01 1.454687500000000000e+01
1.939386479237801097e+01 9.609375000000000000e+00
1.944389956980746348e+01 1.519531250000000000e+01
1.949298334346458006e+01 1.623437500000000000e+01
1.954601295493624491e+01 1.617187500000000000e+01
1.959373138520604130e+01 8.734375000000000000e+00
1.964658663865124311e+01 9.687500000000000000e+00
1.969628994601508509e+01 1.012500000000000000e+01
1.974875686881718195e+01 1.218750000000000000e+00
1.979768745116605544e+01 1.423437500000000000e+01
1.984924662666301032e+01 3.687500000000000000e+00
1.989938711637375945e+01 6.281250000000000000e+00
1.995141402286164833e+01 -9.398437500000000000e+00
2.000037623931703479e+01 7.343750000000000000e+00
2.005341348956565639e+01 8.125000000000000000e-01
2.010373236842576716e+01 1.225000000000000000e+01
2.015349528920189925e+01 -3.375000000000000000e+00
2.020528196803201126e+01 -7.156250000000000000e+00
2.025542991308319074e+01 -6.406250000000000000e-01
2.030579774698132667e+01 -8.390625000000000000e+00
2.035521160424031706e+01 -4.093750000000000000e+00
2.040796856597596332e+01 -3.125000000000000000e-01
2.045770952137820586e+01 3.234375000000000000e+00
2.050935475605072611e+01 -1.172656250000000000e+01
2.055857269080952676e+01 -3.882812500000000000e+00
2.060952400810498375e+01 -1.750781250000000000e+01
2.066074007561037718e+01 -5.140625000000000000e+00
2.071076562744346461e+01 -1.585937500000000000e+01
2.076091384303734344e+01 -1.321875000000000000e+01
2.081289160123991167e+01 -1.360937500000000000e+01
2.086218478147206667e+01 -1.068750000000000000e+01
2.091305205699250536e+01 -1.893750000000000000e+01
2.096461517220812709e+01 -1.328125000000000000e-01
2.101442786610640923e+01 -1.169531250000000000e+01
2.106594199572789705e+01 -3.875000000000000000e+00
2.111659248846626014e+01 -8.468750000000000000e+00
2.116679535627925191e+01 -2.921875000000000000e+00
2.121841147381338999e+01 -1.243750000000000000e+01
2.126874969720383035e+01 -3.531250000000000000e+00
2.131982411412758438e+01 -1.192187500000000000e+01
2.137031239717398989e+01 -1.302343750000000000e+01
2.142199673884755384e+01 -5.671875000000000000e+00
2.147248072569928468e+01 -3.531250000000000000e+00
2.152260646054200066e+01 -4.585937500000000000e+00
2.157351431560971378e+01 -1.037500000000000000e+01
2.162453022229168909e+01 -7.867187500000000000e+00
2.167469214389638665e+01 -4.343750000000000000e+00
2.172554630934899222e+01 -8.703125000000000000e+00
2.177705809688784200e+01 -1.407812500000000000e+01
2.182771753382183277e+01 -8.781250000000000000e+00
2.187790967058830915e+01 -1.375000000000000000e+00
2.192761529976196755e+01 -5.039062500000000000e+00
2.197764218583105844e+01 9.117187500000000000e+00
2.202977093614035198e+01 -2.515625000000000000e+00
2.207972340012130275e+01 -2.445312500000000000e+00
2.213096022387406947e+01 -5.898437500000000000e+00
2.218193956837488656e+01 -1.117187500000000000e+01
2.223117323448245486e+01 -8.546875000000000000e+00
2.228210572046014448e+01 -5.625000000000000000e+00
2.233333668665731864e+01 -9.531250000000000000e-01
2.238379399967968197e+01 -4.765625000000000000e+00
2.243445650924250856e+01 -3.796875000000000000e+00
2.248595992806664867e+01 -5.187500000000000000e+00
2.253590397807427337e+01 8.125000000000000000e-01
2.258733364589490833e+01 1.062500000000000000e+00
2.263768215564494568e+01 2.906250000000000000e+00
2.268815761648728113e+01 7.226562500000000000e+00
2.273985087805784389e+01 4.921875000000000000e+00
2.278955038627312035e+01 -1.484375000000000000e+00
2.284111365781421910e+01 -1.078125000000000000e+00
2.289172292053110880e+01 3.031250000000000000e+00
2.294221424040667756e+01 -4.968750000000000000e+00
2.299339302021256515e+01 6.203125000000000000e+00
2.304373440855415112e+01 2.070312500000000000e+00
2.309421295297511278e+01 1.809375000000000000e+01
2.314477289383361835e+01 1.753125000000000000e+01
2.319502475074411052e+01 1.737500000000000000e+01
2.324693923934395912e+01 1.006250000000000000e+01
2.329665744528603000e+01 2.007812500000000000e+01
2.334668633181863129e+01 2.004687500000000000e+01
2.339688047843381469e+01 1.857812500000000000e+01
2.344882101330289004e+01 2.603125000000000000e+01
2.349831324793557030e+01 1.830468750000000000e+01
2.354949827824897568e+01 2.460937500000000000e+01
2.359968146047101811e+01 2.239843750000000000e+01
2.365166878188178146e+01 2.110937500000000000e+01
2.370101981168917860e+01 1.273437500000000000e+01
2.375281570375815932e+01 1.479687500000000000e+01
2.380319124562228694e+01 1.304687500000000000e+01
2.385460411946404946e+01 6.148437500000000000e+00
2.390480260014963676e+01 1.519531250000000000e+01
2.395637832405693501e+01 1.025781250000000000e+01
2.400578461847902645e+01 9.781250000000000000e+00
2.405853806855296284e+01 1.748437500000000000e+01
2.410890016539349290e+01 6.109375000000000000e+00
2.415866379337815317e+01 8.109375000000000000e+00
2.420983630331684822e+01 9.664062500000000000e+00
2.426083651227084204e+01 1.048437500000000000e+01
2.431200448871314279e+01 1.754687500000000000e+01
2.436262489027944156e+01 1.875000000000000000e+01
2.441348368013793646e+01 1.582031250000000000e+01
2.446325661211017177e+01 2.068750000000000000e+01
2.451380386853711002e+01 1.048437500000000000e+01
2.456354482350442936e+01 1.053125000000000000e+01
2.461545679725684010e+01 1.556250000000000000e+01
2.466473476719765756e+01 6.757812500000000000e+00
2.471548409842370120e+01 1.159375000000000000e+01
2.476595052141354358e+01 -3.406250000000000000e+00
2.481789803467253819e+01 2.515625000000000000e+00
2.486732693666270677e+01 5.625000000000000000e+00
2.491981044456196059e+01 1.393750000000000000e+01
2.496794624726098277e+01 1.167187500000000000e+01
2.502021300966958250e+01 -6.250000000000000000e-02
2.507131533182113969e+01 1.178125000000000000e+01
2.512112351598764803e+01 1.246875000000000000e+01
2.517228929396659964e+01 3.640625000000000000e+00
2.522400186031742919e+01 1.607812500000000000e+01
2.527389553096370634e+01 6.953125000000000000e+00
2.532542348683048061e+01 1.376562500000000000e+01
2.537580151363079750e+01 -1.164062500000000000e+00
2.542716505298307084e+01 3.921875000000000000e+00
2.547824047205219955e+01 9.375000000000000000e-02
2.552760054645913357e+01 -9.984375000000000000e+00
2.558009133542226721e+01 -5.593750000000000000e+00
2.562994988084967929e+01 -1.392187500000000000e+01
2.567997893504950468e+01 -5.250000000000000000e+00
2.573159056284497126e+01 -1.078125000000000000e+01
2.578181617999070596e+01 2.921875000000000000e+00
2.583229949487144950e+01 -6.085937500000000000e+00
2.588364675456679720e+01 -1.812500000000000000e+00
2.593259806240538978e+01 -5.218750000000000000e+00
2.598262654198192934e+01 -1.026562500000000000e+01
2.603285258337135133e+01 -1.301562500000000000e+01
2.608475654275092381e+01 -7.093750000000000000e+00
2.613453490733802198e+01 -1.720312500000000000e+01
2.618663353516757297e+01 -1.153125000000000000e+01
2.623597860857994135e+01 -9.656250000000000000e+00
2.628767264131023751e+01 -1.068750000000000000e+01
2.633814198360055059e+01 -8.718750000000000000e+00
2.638837139902170748e+01 -1.558593750000000000e+01
2.643921665812521837e+01 -8.242187500000000000e+00
2.649022481532441020e+01 -1.201562500000000000e+01
2.654083452541315324e+01 1.265625000000000000e+00
2.659230197314311539e+01 1.828125000000000000e+00
2.664323313022039486e+01 9.500000000000000000e+00
2.669437096748289662e+01 2.703125000000000000e+00
2.674476668994329032e+01 8.281250000000000000e+00
2.679640672187449724e+01 -9.765625000000000000e-01
2.684693124136983045e+01 1.093750000000000000e-01
2.689641722820238101e+01 -1.040625000000000000e+01
2.694794465609666645e+01 1.004687500000000000e+01
2.699882184147353570e+01 5.640625000000000000e+00
2.704994705959404655e+01 -1.781250000000000000e+00
2.710068811582026171e+01 -1.429687500000000000e+01
2.715047636277878951e+01 -1.215625000000000000e+01
2.720206429345715549e+01 -1.128125000000000000e+01
2.725264003049662165e+01 -9.281250000000000000e+00
2.730181864723061125e+01 -5.625000000000000000e+00
2.735165192473650109e+01 -1.852343750000000000e+01
2.740378629431434376e+01 -1.544531250000000000e+01
2.745381936221528463e+01 -1.278906250000000000e+01
2.750357005890684547e+01 -6.093750000000000000e+00
2.755561990461291089e+01 -5.000000000000000000e-01
2.760429218138880003e+01 1.453125000000000000e+00
2.765676174800468345e+01 -3.921875000000000000e+00
2.770614470546715324e+01 -4.507812500000000000e+00
2.775743149867776083e+01 -5.328125000000000000e+00
2.780863391577723576e+01 6.515625000000000000e+00
2.785987326309120249e+01 -8.968750000000000000e+00
2.791048805774843800e+01 1.585937500000000000e+00
2.796149870403453974e+01 -7.484375000000000000e+00
2.801211884724623502e+01 -4.078125000000000000e+00
2.806336224723192174e+01 -7.656250000000000000e-01
2.811377017072381079e+01 -9.218750000000000000e-01
2.816461171595654633e+01 8.046875000000000000e-01
2.821593454671246093e+01 -3.859375000000000000e+00
2.826600306905886839e+01 2.093750000000000000e+00
2.831699918545419337e+01 -3.109375000000000000e+00
2.836761329377917207e+01 -5.406250000000000000e+00
2.841860093078800276e+01 -1.925000000000000000e+01
2.846978452745246102e+01 -1.323437500000000000e+01
2.851989402887483038e+01 -2.073437500000000000e+01
2.857108225012642322e+01 -1.603125000000000000e+01
2.862126960526873631e+01 -1.367968750000000000e+01
2.867062314194328110e+01 -2.168750000000000000e+01
2.872048885873592639e+01 -1.516406250000000000e+01
2.877189499943123963e+01 -1.375781250000000000e+01
2.882265465997189580e+01 -7.281250000000000000e+00
2.887316956345901531e+01 -4.765625000000000000e+00
2.892414372470162931e+01 7.914062500000000000e+00
2.897396067334925363e+01 7.593750000000000000e+00
2.902520565797390617e+01 1.766406250000000000e+01
2.907583859279255023e+01 1.239843750000000000e+01
2.912625795885244884e+01 1.514062500000000000e+01
2.917741697912569521e+01 1.428906250000000000e+01
2.922822842373127372e+01 1.083593750000000000e+01
2.927989476370122190e+01 1.514062500000000000e+01
2.933060179720771998e+01 1.564062500000000000e+01
2.938100606580417207e+01 5.296875000000000000e+00
2.943234435316478681e+01 1.884375000000000000e+01
2.948297569149588782e+01 9.390625000000000000e+00
2.953450701401601464e+01 1.684375000000000000e+01
2.958388557447543121e+01 2.160156250000000000e+01
2.963440145233766998e+01 2.662500000000000000e+01
2.968552410339113123e+01 2.690625000000000000e+01
2.973616765768826298e+01 3.900781250000000000e+01
2.978723089121345424e+01 1.928125000000000000e+01
2.983833230498282063e+01 3.817187500000000000e+01
2.988846194034405812e+01 2.882812500000000000e+01
2.993846951172526616e+01 2.725000000000000000e+01
2.998956071301078907e+01 2.012500000000000000e+01
3.003974946948446245e+01 3.829687500000000000e+01
3.008974085204826565e+01 2.882812500000000000e+01
3.014187217689614329e+01 2.613281250000000000e+01
3.019166197523743023e+01 3.167968750000000000e+01
3.024311977793404083e+01 1.821875000000000000e+01
3.029359336182977813e+01 3.070312500000000000e+01
3.034337771572971576e+01 1.416406250000000000e+01
3.039494339179658766e+01 1.006250000000000000e+01
3.044596927420199961e+01 -1.562500000000000000e-01
3.049536175115784431e+01 8.062500000000000000e+00
3.054704748767615285e+01 7.265625000000000000e-01
3.059710299331203487e+01 7.796875000000000000e+00
3.064898605213521421e+01 1.037500000000000000e+01
3.069927577437050559e+01 8.718750000000000000e+00
3.074912048891420824e+01 1.092187500000000000e+01
3.080134687866804200e+01 1.612500000000000000e+01
3.085203225969679153e+01 2.265625000000000000e+00
3.090205520592128607e+01 8.812500000000000000e+00
3.095344918874108231e+01 1.444531250000000000e+01
3.100351249282470434e+01 1.320312500000000000e+01
3.105510875908149160e+01 2.259375000000000000e+01
3.110479094735499928e+01 8.718750000000000000e+00
3.115529022548864191e+01 2.345312500000000000e+01
3.120733816697690344e+01 9.359375000000000000e+00
3.125681482755757656e+01 2.071875000000000000e+01
3.130678447333345105e+01 8.078125000000000000e+00
3.135664426837750796e+01 4.453125000000000000e+00
3.140869851111193611e+01 1.412500000000000000e+01
3.145875815331096703e+01 1.250000000000000000e+01
3.151000919537982270e+01 -1.547656250000000000e+01
3.156005547773171571e+01 8.984375000000000000e+00
3.161066718489011862e+01 5.375000000000000000e+00
3.166114451097387672e+01 -1.218750000000000000e+00
3.171194559125437706e+01 1.234375000000000000e+01
3.176331267285063831e+01 1.445312500000000000e+00
3.181410917213365508e+01 8.359375000000000000e+00
3.186446633764856529e+01 1.445312500000000000e+01
3.191590729770096857e+01 -6.562500000000000000e-01
3.196621721707782626e+01 -7.343750000000000000e-01
3.201728162805600419e+01 6.406250000000000000e+00
3.206828315750679081e+01 7.304687500000000000e+00
3.211945414962108458e+01 9.304687500000000000e+00
3.216966739320189106e+01 -4.992187500000000000e+00
3.222108832713718840e+01 7.257812500000000000e+00
3.227069338840446022e+01 -2.435156250000000000e+01
3.232202548004431719e+01 -3.515625000000000000e+00
3.237164696600528657e+01 -2.206250000000000000e+01
3.242413029378798228e+01 1.296875000000000000e+00
3.247417972655681950e+01 -1.415625000000000000e+01
3.252584383154025716e+01 -7.937500000000000000e+00
3.257437003817830856e+01 -1.731250000000000000e+01
3.262585518276759444e+01 -9.234375000000000000e+00
3.267567585323567414e+01 -1.890625000000000000e+01
3.272785589234195669e+01 -1.664843750000000000e+01
3.277773842638845281e+01 -1.468750000000000000e+00
3.282778750809525548e+01 9.062500000000000000e-01
3.287906850062135788e+01 1.921875000000000000e+00
3.292909586814645451e+01 6.039062500000000000e+00
3.297969677355278861e+01 8.812500000000000000e+00
3.303156789724170039e+01 5.796875000000000000e+00
3.308079865903489747e+01 1.300000000000000000e+01
3.313236611628968120e+01 2.867187500000000000e+00
3.318282960218776623e+01 1.660937500000000000e+01
3.323357168834766640e+01 -5.359375000000000000e+00
3.328526645478272883e+01 -3.750000000000000000e-01
3.333516905638678196e+01 -4.179687500000000000e+00
3.338639346056013579e+01 -1.335937500000000000e+00
3.343750399127605988e+01 -7.984375000000000000e+00
3.348756326441514375e+01 -3.273437500000000000e+00
3.353872017921086979e+01 2.750000000000000000e+00
3.358977420888267318e+01 -6.656250000000000000e+00
3.363960689441158536e+01 1.046875000000000000e+00
3.369055206722696028e+01 2.734375000000000000e+00
3.374102175249287683e+01 -4.093750000000000000e+00
3.379170518355675767e+01 -1.250000000000000000e-01
3.384283631454898966e+01 -1.093750000000000000e-01
3.389327212736381512e+01 5.562500000000000000e+00
3.394421144467480644e+01 -7.734375000000000000e+00
3.399473991760829250e+01 3.054687500000000000e+00
3.404473893162292342e+01 -9.296875000000000000e-01
3.409575868112661112e+01 2.203125000000000000e+00
3.414678000232953536e+01 4.687500000000000000e+00
3.419693436840746870e+01 -3.859375000000000000e+00
3.424812921862103110e+01 6.132812500000000000e+00
3.429839236136621139e+01 3.375000000000000000e+00
3.434824733440107991e+01 1.750000000000000000e+00
3.439844964370283265e+01 3.000000000000000000e+00
3.444984304684619758e+01 -1.289062500000000000e+00
3.450141946117951619e+01 -1.190625000000000000e+01
3.455201061540863350e+01 -4.359375000000000000e+00
3.460227258172966458e+01 -2.290625000000000000e+01
3.465409522594119096e+01 -6.296875000000000000e+00
3.470422339700960634e+01 -1.501562500000000000e+01
3.475486211135729064e+01 -3.984375000000000000e-01
3.480639173103552508e+01 -9.601562500000000000e+00
3.485660879058276862e+01 -1.875000000000000000e-01
3.490721695602981356e+01 5.390625000000000000e+00
3.495806076835003751e+01 2.546875000000000000e+00
3.500869872207407241e+01 1.625000000000000000e+00
3.505857253856009947e+01 3.351562500000000000e+00
3.511156189474998257e+01 8.546875000000000000e+00
3.516073927737232907e+01 -4.664062500000000000e+00
3.521219360661495301e+01 7.656250000000000000e+00
3.526201743637719233e+01 -8.281250000000000000e-01
3.531244303596177758e+01 6.132812500000000000e+00
3.536265180843766132e+01 5.796875000000000000e+00
3.541374307603406635e+01 8.703125000000000000e+00
3.546375225779192419e+01 5.015625000000000000e+00
3.551590619148488770e+01 1.567187500000000000e+01
3.556584233520557348e+01 1.273437500000000000e+01
3.561639240906086457e+01 1.634375000000000000e+01
3.566738043175581652e+01 2.609375000000000000e+00
3.571725810769565612e+01 2.021093750000000000e+01
3.576830465263997638e+01 1.845312500000000000e+01
3.581884821714912448e+01 1.934375000000000000e+01
3.586962550809991512e+01 1.879687500000000000e+01
3.592075921355862533e+01 3.027343750000000000e+01
3.597158555050917528e+01 2.057812500000000000e+01
3.602267148610560810e+01 3.948437500000000000e+01
3.607355920383855619e+01 2.285937500000000000e+01
3.612344271884366265e+01 2.573437500000000000e+01
3.617465807373075393e+01 2.960937500000000000e+01
3.622560658900773944e+01 2.554687500000000000e+01
3.627597298813341808e+01 2.117187500000000000e+01
3.632700107365090503e+01 2.478125000000000000e+01
3.637778939058920002e+01 2.879687500000000000e+01
3.642916934519453775e+01 1.247656250000000000e+01
3.647965581501488685e+01 1.814062500000000000e+01
3.653081259092577682e+01 2.367187500000000000e+00
3.658120119906458712e+01 7.234375000000000000e+00
3.663067635737684924e+01 1.549218750000000000e+01
3.668236568964778144e+01 2.312500000000000000e+01
3.673072387789282800e+01 6.562500000000000000e+00
3.678271470529288223e+01 1.689062500000000000e+01
3.683237194029431549e+01 1.932812500000000000e+01
3.688330466387859019e+01 2.384375000000000000e+01
3.693420570742608788e+01 1.035937500000000000e+01
3.698504329784700673e+01 1.917968750000000000e+01
3.703622150362358667e+01 8.531250000000000000e+00
3.708721149499761083e+01 1.973437500000000000e+01
3.713650900101856678e+01 2.444531250000000000e+01
3.718793432825403045e+01 2.369531250000000000e+01
3.723867746928590350e+01 2.713281250000000000e+01
3.728985000295512009e+01 1.921875000000000000e+01
3.733982978664563745e+01 1.790625000000000000e+01
3.739155617905860396e+01 1.594531250000000000e+01
3.744267313399762998e+01 9.859375000000000000e+00
3.749296985581248265e+01 1.642968750000000000e+01
3.754253745032768563e+01 1.468750000000000000e+01
3.759434843728093512e+01 7.843750000000000000e+00
3.764470826897307631e+01 2.093750000000000000e+00
3.769605713095953092e+01 4.914062500000000000e+00
3.774558285393730728e+01 6.234375000000000000e+00
3.779768814756316431e+01 -7.031250000000000000e-02
3.784710150272724150e+01 -1.265625000000000000e+01
3.789953200491586927e+01 -6.031250000000000000e+00
3.794959337686741918e+01 -1.042968750000000000e+01
3.800024083794116336e+01 -8.593750000000000000e-01
