#Time Flux
-1.083001297406738672e+01 -6.359375000000000000e+00
-1.078741461197107299e+01 -7.675781250000000000e+00
-1.074443961473150466e+01 -8.164062500000000000e+00
-1.070043602311231723e+01 -3.714843750000000000e+00
-1.065781440054823292e+01 -5.132812500000000000e+00
-1.061434368289954477e+01 -3.875000000000000000e+00
-1.057008811148236305e+01 -5.304687500000000000e+00
-1.052800316091918376e+01 -3.898437500000000000e+00
-1.048309671695217560e+01 -4.949218750000000000e+00
-1.044005173205634662e+01 -4.503906250000000000e+00
-1.039705432900370852e+01 -4.929687500000000000e+00
-1.035367669629201259e+01 -6.726562500000000000e+00
-1.031043069265550116e+01 -7.007812500000000000e+00
-1.026683945448939994e+01 -6.730468750000000000e+00
-1.022329118889776112e+01 -5.238281250000000000e+00
-1.018242240011115030e+01 -5.425781250000000000e+00
-1.013617674933141188e+01 -6.640625000000000000e+00
-1.009293578625788257e+01 -5.382812500000000000e+00
-1.004966910290238502e+01 -7.281250000000000000e+00
-1.000628991724667571e+01 -3.820312500000000000e+00
-9.962068617290782413e+00 -4.621093750000000000e+00
-9.919467773811390998e+00 -6.812500000000000000e+00
-9.871682070156737154e+00 -7.117187500000000000e+00
-9.833229270229935537e+00 -5.312500000000000000e+00
-9.788794325259573270e+00 -6.171875000000000000e+00
-9.745578368666471647e+00 -8.335937500000000000e+00
-9.703353778198078317e+00 -8.039062500000000000e+00
-9.657651133817012123e+00 -5.929687500000000000e+00
-9.615663636826212723e+00 -6.500000000000000000e+00
-9.572103610650572136e+00 -7.183593750000000000e+00
-9.527930150856008140e+00 -5.367187500000000000e+00
-9.486451792194586119e+00 -5.375000000000000000e+00
-9.441411861730216515e+00 -2.515625000000000000e+00
-9.398221047587000498e+00 -4.898437500000000000e+00
-9.355434670800306662e+00 -4.769531250000000000e+00
-9.310890815960348732e+00 -4.144531250000000000e+00
-9.268280289813702666e+00 -3.343750000000000000e+00
-9.224851997859133235e+00 -4.984375000000000000e+00
-9.179324504931287265e+00 -5.062500000000000000e+00
-9.138455569414077218e+00 -3.101562500000000000e+00
-9.095173994018466601e+00 -6.351562500000000000e+00
-9.051167573206654993e+00 -5.476562500000000000e+00
-9.008050582622374236e+00 -6.585937500000000000e+00
-8.964129518461476209e+00 -7.554687500000000000e+00
-8.922010709717028476e+00 -4.570312500000000000e+00
-8.877479344532531513e+00 -7.382812500000000000e+00
-8.833741072195167021e+00 -2.585937500000000000e+00
-8.791068666437354295e+00 -2.968750000000000000e+00
-8.747788775047581566e+00 -6.257812500000000000e+00
-8.703811997363843034e+00 -2.710937500000000000e+00
-8.660127404573700005e+00 -1.099218750000000000e+01
-8.616742666656563188e+00 -5.265625000000000000e+00
-8.575249268801755420e+00 -4.941406250000000000e+00
-8.530364268732682831e+00 -4.804687500000000000e+00
-8.485161311566500331e+00 -6.984375000000000000e+00
-8.444292269958552311e+00 -8.468750000000000000e+00
-8.399834315594404188e+00 -2.335937500000000000e+00
-8.356591459441773395e+00 -6.203125000000000000e+00
-8.313751804701468018e+00 -6.906250000000000000e+00
-8.269355922885068821e+00 -2.226562500000000000e+00
-8.225773920194924926e+00 -9.335937500000000000e-01
-8.182871666607425709e+00 -3.863281250000000000e+00
-8.137774776735042792e+00 -4.179687500000000000e+00
-8.096294857995530947e+00 -3.906250000000000000e+00
-8.052450685929130714e+00 -5.464843750000000000e+00
-8.009100817451141552e+00 -4.589843750000000000e+00
-7.964097220492860174e+00 -3.058593750000000000e+00
-7.921969087727546821e+00 -3.367187500000000000e+00
-7.878747250100133215e+00 -1.929687500000000000e+00
-7.835507898836695517e+00 -1.382812500000000000e+00
-7.792172958137882688e+00 -4.062500000000000000e+00
-7.750130513078801187e+00 -6.023437500000000000e+00
-7.705067157254148924e+00 -4.007812500000000000e+00
-7.661595932300727441e+00 -4.171875000000000000e+00
-7.616711059507380810e+00 3.828125000000000000e-01
-7.574582261526728644e+00 -5.617187500000000000e+00
-7.531916076967334561e+00 -2.261718750000000000e+00
-7.488290830643393292e+00 -3.664062500000000000e+00
-7.443613247349020412e+00 -4.421875000000000000e+00
-7.401521049604639302e+00 -1.171875000000000000e+00
-7.357683579921200590e+00 -2.488281250000000000e+00
-7.314389662705977457e+00 -3.484375000000000000e+00
-7.271134875296112909e+00 -5.339843750000000000e+00
-7.228455878388942324e+00 -1.292968750000000000e+00
-7.185082702770046126e+00 -1.515625000000000000e+00
-7.140918311077996350e+00 -5.265625000000000000e+00
-7.097405070055458509e+00 -5.296875000000000000e+00
-7.054134146635192337e+00 -3.039062500000000000e+00
-7.009736733440718126e+00 -2.695312500000000000e+00
-6.967034068364043264e+00 -1.066406250000000000e+00
-6.924773466593492799e+00 -7.695312500000000000e-01
-6.881069639550716488e+00 -5.644531250000000000e+00
-6.836597805829370600e+00 -3.046875000000000000e-01
-6.793567044792013121e+00 7.421875000000000000e-02
-6.750933394725493031e+00 -1.875000000000000000e-01
-6.707359555798049655e+00 -2.734375000000000000e-01
-6.663478597581331542e+00 -4.007812500000000000e+00
-6.619948891069213914e+00 -1.304687500000000000e+00
-6.576366003220456946e+00 -1.164062500000000000e+00
-6.532421942318677566e+00 3.984375000000000000e-01
-6.490311665420335885e+00 -2.226562500000000000e+00
-6.446022497611735957e+00 6.093750000000000000e-01
-6.403562805060559526e+00 -9.687500000000000000e-01
-6.359972956028670410e+00 -2.886718750000000000e+00
-6.315533310142114942e+00 7.617187500000000000e-01
-6.272460131780320580e+00 4.921875000000000000e-01
-6.230486727104619149e+00 -4.234375000000000000e+00
-6.186297225222389784e+00 -8.398437500000000000e-01
-6.142926200936813075e+00 -3.984375000000000000e-01
-6.098500764607507563e+00 -2.296875000000000000e+00
-6.054660474711468510e+00 -1.664062500000000000e+00
-6.010775562784289150e+00 -5.535156250000000000e+00
-5.968708867808516061e+00 -2.390625000000000000e+00
-5.925104886313278030e+00 -3.304687500000000000e+00
-5.882151858838341241e+00 -4.898437500000000000e+00
-5.837648583756589460e+00 -4.609375000000000000e-01
-5.794994973798182514e+00 -1.835937500000000000e+00
-5.751277625129475268e+00 -1.589843750000000000e+00
-5.707275260884685508e+00 -4.695312500000000000e+00
-5.664586555064602180e+00 -2.867187500000000000e+00
-5.621324116477978805e+00 -1.812500000000000000e+00
-5.577788791256935497e+00 -4.355468750000000000e+00
-5.535978972603970760e+00 7.656250000000000000e-01
-5.489643130543456095e+00 -1.285156250000000000e+00
-5.447610914564009477e+00 -4.078125000000000000e+00
-5.403756921062068841e+00 -9.453125000000000000e-01
-5.359889959415355065e+00 1.753906250000000000e+00
-5.318426518984523454e+00 -2.164062500000000000e+00
-5.273939308227625133e+00 -2.828125000000000000e+00
-5.230620839742499584e+00 -2.992187500000000000e+00
-5.188480639008531625e+00 -3.070312500000000000e+00
-5.142875173389683141e+00 -2.820312500000000000e+00
-5.100770130298656113e+00 -1.484375000000000000e-01
-5.056680134167265805e+00 -3.210937500000000000e+00
-5.015060512634278211e+00 -3.257812500000000000e+00
-4.970426450598480983e+00 -2.738281250000000000e+00
-4.927749144303703588e+00 -2.851562500000000000e+00
-4.883081545461607220e+00 -1.953125000000000000e-01
-4.840484881935722683e+00 -2.734375000000000000e-02
-4.798574347045061472e+00 -1.789062500000000000e+00
-4.752842890330228443e+00 -3.218750000000000000e+00
-4.709525057102766255e+00 -1.976562500000000000e+00
-4.667773750190093551e+00 -1.351562500000000000e+00
-4.623039900254681811e+00 -4.960937500000000000e-01
-4.579170022339155821e+00 -4.007812500000000000e+00
-4.535889800016178697e+00 5.117187500000000000e-01
-4.493588398730537392e+00 7.187500000000000000e-01
-4.451749472777891015e+00 -2.359375000000000000e+00
-4.405458926203735359e+00 -2.351562500000000000e+00
-4.362159142040511028e+00 -1.179687500000000000e+00
-4.320411218819202759e+00 -1.679687500000000000e+00
-4.275653141327367734e+00 -2.167968750000000000e+00
-4.231785345638115814e+00 -1.703125000000000000e+00
-4.188331538747334548e+00 -4.082031250000000000e+00
-4.146387069067031916e+00 -1.722656250000000000e+00
-4.103804964331786209e+00 -1.222656250000000000e+00
-4.059846094677112660e+00 -2.250000000000000000e+00
-4.014653378417875729e+00 -1.191406250000000000e+00
-3.973016554833478153e+00 1.402343750000000000e+00
-3.929479465104137148e+00 1.015625000000000000e-01
-3.885591965508098156e+00 -2.441406250000000000e+00
-3.841466620004808874e+00 6.523437500000000000e-01
-3.799177990058723253e+00 -4.652343750000000000e+00
-3.755858073737158520e+00 -2.296875000000000000e+00
-3.711229204727601427e+00 -2.601562500000000000e+00
-3.667427561826954729e+00 -5.742187500000000000e-01
-3.625664689078092806e+00 5.234375000000000000e-01
-3.580879799700070976e+00 -1.562500000000000000e+00
-3.538206189788212441e+00 -1.222656250000000000e+00
-3.494100424255194071e+00 -2.445312500000000000e+00
-3.451814876145562039e+00 1.835937500000000000e-01
-3.408472072695417410e+00 1.632812500000000000e+00
-3.364458485914994412e+00 -9.375000000000000000e-01
-3.320147169714232405e+00 -3.925781250000000000e+00
-3.278324283871910438e+00 -2.203125000000000000e+00
-3.233493168080187274e+00 -1.234375000000000000e+00
-3.189085396403157802e+00 -1.671875000000000000e+00
-3.146639432520942137e+00 -2.507812500000000000e+00
-3.104451840005111762e+00 -1.429687500000000000e+00
-3.061650413328308673e+00 -4.101562500000000000e-01
-3.016458928843235299e+00 -3.664062500000000000e+00
-2.972838335000602683e+00 -2.273437500000000000e+00
-2.930980551277471591e+00 -5.097656250000000000e+00
-2.887322953943126436e+00 -4.804687500000000000e+00
-2.843434967068930064e+00 -5.898437500000000000e-01
-2.799448751102346478e+00 -4.140625000000000000e-01
-2.757088881742873809e+00 8.593750000000000000e-01
-2.713699980542855883e+00 -2.812500000000000000e-01
-2.669686784757843157e+00 -1.078125000000000000e+00
-2.625534551902731550e+00 -4.140625000000000000e-01
-2.583599907522142303e+00 -2.421875000000000000e+00
-2.539937415859654379e+00 -2.296875000000000000e+00
-2.496049275517322030e+00 -1.109375000000000000e+00
-2.452071676081715168e+00 -1.710937500000000000e+00
-2.409307774108640388e+00 -2.281250000000000000e+00
-2.366313890479773363e+00 2.085937500000000000e+00
-2.320646552144609132e+00 -3.117187500000000000e+00
-2.278168495654156800e+00 3.253906250000000000e+00
-2.236266324394989624e+00 6.328125000000000000e-01
-2.194218605227675312e+00 1.320312500000000000e+00
-2.151079281152959766e+00 -7.187500000000000000e-01
-2.104694581394170427e+00 -1.953125000000000000e+00
-2.062535210270326047e+00 2.195312500000000000e+00
-2.018927871779283123e+00 1.093750000000000000e+00
-1.974915198626305823e+00 -3.359375000000000000e+00
-1.930872519538752385e+00 3.914062500000000000e+00
-1.888900042362536169e+00 -9.843750000000000000e-01
-1.844561595949670618e+00 -1.046875000000000000e+00
-1.802462149561620208e+00 1.585937500000000000e+00
-1.757400356669094776e+00 -2.109375000000000000e+00
-1.715176233706770859e+00 -4.402343750000000000e+00
-1.671541724941903340e+00 -1.070312500000000000e+00
-1.626919068355960007e+00 -1.093750000000000000e-01
-1.583436100969905169e+00 -2.378906250000000000e+00
-1.541533845546098291e+00 2.125000000000000000e+00
-1.497780455521038334e+00 3.320312500000000000e-01
-1.455690613378848752e+00 2.308593750000000000e+00
-1.410009868463077964e+00 1.476562500000000000e+00
-1.367955076275706006e+00 1.960937500000000000e+00
-1.324725308935441603e+00 1.949218750000000000e+00
-1.280143781173293860e+00 2.812500000000000000e+00
-1.236305107422509764e+00 -3.468750000000000000e+00
-1.194301223427359560e+00 -1.562500000000000000e-01
-1.150394738405353223e+00 1.128906250000000000e+00
-1.108303899577023799e+00 1.250000000000000000e+00
-1.062670793551077963e+00 -5.898437500000000000e-01
-1.020590494487038313e+00 1.351562500000000000e+00
-9.773401652670798967e-01 2.246093750000000000e+00
-9.316335986319046469e-01 2.621093750000000000e+00
-8.895987226838713013e-01 -1.078125000000000000e+00
-8.471491389054222054e-01 1.296875000000000000e+00
-8.017862963010173871e-01 -1.597656250000000000e+00
-7.609172823489842585e-01 -1.968750000000000000e+00
-7.152754268445846719e-01 -9.140625000000000000e-01
-6.732146663981950496e-01 -7.500000000000000000e-01
-6.299550318541804472e-01 -1.179687500000000000e+00
-5.859804062042428541e-01 7.187500000000000000e-01
-5.414176993963337736e-01 -1.484375000000000000e-01
-4.997862985173355810e-01 -2.031250000000000000e-01
-4.556231617070949369e-01 1.703125000000000000e+00
-4.129148396579012115e-01 8.593750000000000000e-02
-3.679081102291661409e-01 -3.484375000000000000e+00
-3.258609508150129841e-01 -2.050781250000000000e+00
-2.825697591539864106e-01 -7.109375000000000000e-01
-2.379867853316426363e-01 5.117187500000000000e-01
-1.954857905523397221e-01 -1.296875000000000000e+00
-1.525507787900579615e-01 -3.359375000000000000e-01
-1.082374531406600227e-01 -1.285156250000000000e+00
-6.675941558179943058e-02 1.039062500000000000e+00
-2.054049628901566393e-02 -9.843750000000000000e-01
2.150564542603206064e-02 -2.175781250000000000e+00
6.481550231940502727e-02 1.324218750000000000e+00
1.075253957802289051e-01 -3.789062500000000000e-01
1.513849431407123802e-01 -1.828125000000000000e+00
1.948310216402262540e-01 6.328125000000000000e-01
2.391483848759747843e-01 4.296875000000000000e-01
2.818586008605734605e-01 -1.953125000000000000e+00
3.264389214076430790e-01 5.507812500000000000e-01
3.686330654245040250e-01 -1.121093750000000000e+00
4.116257861960832543e-01 1.484375000000000000e-01
4.549117896945773509e-01 3.925781250000000000e+00
4.998801025161867528e-01 2.140625000000000000e+00
5.421790108648991691e-01 -1.859375000000000000e+00
5.865342018505401711e-01 5.468750000000000000e-02
6.292453533632169638e-01 -2.335937500000000000e+00
6.735068746905881198e-01 -7.265625000000000000e-01
7.159892416793383063e-01 -1.039062500000000000e+00
7.590101319283633075e-01 -1.171875000000000000e+00
8.046782442253288536e-01 4.730468750000000000e+00
8.466595571796631248e-01 6.328125000000000000e-01
8.895439961507207727e-01 -3.125000000000000000e-02
9.339201972825179610e-01 2.734375000000000000e+00
9.766321932937671590e-01 5.937500000000000000e-01
1.020367242559672150e+00 -3.125000000000000000e-02
1.063145890535679428e+00 6.562500000000000000e-01
1.106394528250376652e+00 -1.054687500000000000e+00
1.150951691817255096e+00 2.664062500000000000e+00
1.193027657853349410e+00 1.125000000000000000e+00
1.236909075380069112e+00 -1.953125000000000000e-01
1.278510681489734679e+00 9.609375000000000000e-01
1.323403065152504610e+00 1.914062500000000000e-01
1.367749359407838483e+00 -9.531250000000000000e-01
1.410495569818891681e+00 -1.292968750000000000e+00
1.453263904438912846e+00 -9.765625000000000000e-01
1.494647724516681819e+00 -6.250000000000000000e-02
1.541422700879337526e+00 -8.281250000000000000e-01
1.584274098762804783e+00 -2.113281250000000000e+00
1.628079108935423847e+00 3.906250000000000000e-01
1.673746090632278083e+00 2.609375000000000000e+00
1.715131415483568844e+00 -1.496093750000000000e+00
1.757859101131913349e+00 1.367187500000000000e+00
1.801163370589193846e+00 -8.593750000000000000e-01
1.843878264240885301e+00 -3.906250000000000000e-03
1.887195045891374434e+00 -6.210937500000000000e-01
1.931412402917572990e+00 1.562500000000000000e+00
1.976693717024573971e+00 -3.187500000000000000e+00
2.019961067041407432e+00 -1.742187500000000000e+00
2.063297289880537733e+00 -9.570312500000000000e-01
2.105233128977999968e+00 3.226562500000000000e+00
2.148029627258196683e+00 2.031250000000000000e-01
2.193110773530435154e+00 1.632812500000000000e+00
2.236185684500668458e+00 2.742187500000000000e+00
2.278874295126826155e+00 -6.054687500000000000e-01
2.322849553767525776e+00 -1.468750000000000000e+00
2.367346238798603508e+00 1.667968750000000000e+00
2.409895344288173646e+00 -4.257812500000000000e-01
2.452585808000009138e+00 -2.054687500000000000e+00
2.495412554764456559e+00 -9.765625000000000000e-02
2.541696747062928807e+00 2.093750000000000000e+00
2.583066282591445884e+00 1.480468750000000000e+00
2.626369535495584273e+00 -2.062500000000000000e+00
2.670234737078942544e+00 3.671875000000000000e-01
2.712334349533449540e+00 2.187500000000000000e-01
2.757277166194484153e+00 3.554687500000000000e-01
2.799922279448082918e+00 -2.351562500000000000e+00
2.845165765568054894e+00 -2.066406250000000000e+00
2.887883346289100928e+00 -6.015625000000000000e-01
2.931467787965090110e+00 -1.679687500000000000e-01
2.973734737313904475e+00 -1.132812500000000000e-01
3.017620159827572479e+00 -7.031250000000000000e-01
3.060336590724162420e+00 -1.230468750000000000e+00
3.102985364456657180e+00 7.812500000000000000e-03
3.147144416021731672e+00 -2.304687500000000000e-01
3.190701940670834347e+00 5.468750000000000000e-02
3.233420032829855018e+00 -4.035156250000000000e+00
3.277334170092331078e+00 -3.351562500000000000e+00
3.321173505634931189e+00 -7.812500000000000000e-03
3.365005421493776794e+00 3.828125000000000000e-01
3.407107839062774701e+00 -1.601562500000000000e+00
3.451533075286363328e+00 2.679687500000000000e+00
3.494367378700331983e+00 -2.812500000000000000e+00
3.537227473487988050e+00 2.039062500000000000e+00
3.578955461219294421e+00 -2.343750000000000000e-01
3.624121561212476195e+00 3.000000000000000000e+00
3.668549119985243578e+00 2.265625000000000000e-01
3.712390921571284252e+00 -1.953125000000000000e+00
3.755109976323709020e+00 -5.664062500000000000e-01
3.799928400917792715e+00 -1.132812500000000000e+00
3.841855743443559845e+00 5.507812500000000000e-01
3.885471360604270785e+00 2.453125000000000000e+00
3.928191111688903447e+00 1.722656250000000000e+00
3.972597275432619313e+00 1.132812500000000000e-01
4.015924827940750674e+00 3.476562500000000000e+00
4.059776259576835855e+00 -4.351562500000000000e+00
4.101881469592882468e+00 -3.398437500000000000e+00
4.145644682827082761e+00 -1.671875000000000000e+00
4.189211476810854151e+00 1.136718750000000000e+00
4.232856190107696648e+00 5.765625000000000000e+00
4.275576541742594827e+00 -1.054687500000000000e+00
4.319979842164158867e+00 -2.265625000000000000e-01
4.363091766318490272e+00 -1.320312500000000000e+00
4.407780453238032692e+00 -1.093750000000000000e-01
4.449268298958742207e+00 4.218750000000000000e-01
4.491367593897734878e+00 -1.234375000000000000e+00
4.536567174100312627e+00 -1.347656250000000000e+00
4.582093155895819336e+00 -2.015625000000000000e+00
4.622962131663626906e+00 -1.695312500000000000e+00
4.667362400688418234e+00 -5.859375000000000000e-02
4.710446830686947806e+00 -8.359375000000000000e-01
4.755786008609248938e+00 -1.640625000000000000e-01
4.796655037025885804e+00 -3.265625000000000000e+00
4.839910387802632386e+00 4.492187500000000000e-01
4.884053486750644879e+00 -4.687500000000000000e-02
4.926723905705117090e+00 -7.812500000000000000e-01
4.970347680955711667e+00 8.281250000000000000e-01
5.013662024614703228e+00 6.445312500000000000e-01
5.057792155704902370e+00 9.453125000000000000e-01
5.100812306450947631e+00 -4.062500000000000000e-01
5.143421834839486451e+00 -2.328125000000000000e+00
5.187295324171685706e+00 1.320312500000000000e+00
5.231148663379059371e+00 2.429687500000000000e+00
5.275010950658753472e+00 1.601562500000000000e+00
5.315879761269599157e+00 -1.429687500000000000e+00
5.361047057841304309e+00 -1.031250000000000000e+00
5.405156399093044683e+00 -1.671875000000000000e+00
5.447072396147433437e+00 -2.007812500000000000e+00
5.490808106168501013e+00 -6.835937500000000000e-01
5.534680173400232661e+00 4.277343750000000000e+00
5.578219903118167622e+00 1.578125000000000000e+00
5.620491809166352937e+00 1.238281250000000000e+00
5.665118705623427786e+00 1.929687500000000000e+00
5.705987534562410701e+00 1.066406250000000000e+00
5.752521158133987456e+00 -3.828125000000000000e-01
5.794227779858189820e+00 9.023437500000000000e-01
5.838194348757482999e+00 1.656250000000000000e+00
5.882064985026630666e+00 1.792968750000000000e+00
5.925842216144758368e+00 1.992187500000000000e-01
5.967862191233663793e+00 -6.796875000000000000e-01
6.011235109305133051e+00 9.960937500000000000e-01
6.055817007235262395e+00 3.109375000000000000e+00
6.099431059959442791e+00 2.867187500000000000e+00
6.141330905688946018e+00 -1.328125000000000000e+00
6.184958657800677884e+00 -6.796875000000000000e-01
6.230599372766675970e+00 2.093750000000000000e+00
6.273078193357790155e+00 -3.515625000000000000e-02
6.315232577371872935e+00 -4.179687500000000000e-01
6.360475713595931779e+00 -1.722656250000000000e+00
6.403790421372946184e+00 -7.890625000000000000e-01
6.447004576335714887e+00 8.398437500000000000e-01
6.488655228297290023e+00 -7.265625000000000000e-01
6.532966845540599365e+00 -1.679687500000000000e-01
6.576834593967618048e+00 -1.636718750000000000e+00
6.620302762890190706e+00 1.015625000000000000e-01
6.662503362465443502e+00 5.507812500000000000e-01
6.706006793185522952e+00 1.363281250000000000e+00
6.747462616718280515e+00 1.664062500000000000e+00
6.794143072660062899e+00 -7.734375000000000000e-01
6.836015433217113468e+00 -6.093750000000000000e-01
6.880353098752479468e+00 4.023437500000000000e-01
6.923073166067183593e+00 -1.882812500000000000e+00
6.967697182686549695e+00 -6.328125000000000000e-01
7.009946620377235149e+00 3.625000000000000000e+00
7.052805264850604772e+00 -3.234375000000000000e+00
7.097971782516495409e+00 4.140625000000000000e-01
7.141475944014018751e+00 5.625000000000000000e-01
7.183375570616050254e+00 1.179687500000000000e+00
7.227739471140907312e+00 2.109375000000000000e-01
7.269845816781142389e+00 -1.980468750000000000e+00
7.314978704417299582e+00 -3.726562500000000000e+00
7.357324532067508471e+00 3.078125000000000000e+00
7.400778741761612878e+00 -2.914062500000000000e+00
7.445941725385750942e+00 -2.164062500000000000e+00
7.489287169629193386e+00 1.562500000000000000e-01
7.530823230397629686e+00 -3.984375000000000000e-01
7.575749993913888147e+00 5.875000000000000000e+00
7.617232565354768781e+00 -1.898437500000000000e+00
7.662255233909803565e+00 -1.625000000000000000e+00
7.704608672127008617e+00 -1.468750000000000000e+00
7.750020975626810582e+00 -2.406250000000000000e+00
7.792741328356740382e+00 2.031250000000000000e-01
7.836207935322818230e+00 6.093750000000000000e-01
7.878114231478789975e+00 4.359375000000000000e+00
7.923750050731158012e+00 -3.320312500000000000e+00
7.966373242978846747e+00 -1.132812500000000000e-01
8.009806257507023020e+00 -4.687500000000000000e-02
8.051707703687824846e+00 -1.359375000000000000e+00
8.096140331000810875e+00 3.242187500000000000e+00
8.138859122866847429e+00 -1.996093750000000000e+00
8.183567721574490861e+00 -2.218750000000000000e+00
8.225409714324285915e+00 8.593750000000000000e-02
8.269273212250197957e+00 -1.593750000000000000e+00
8.311392719486576652e+00 -3.929687500000000000e+00
8.357080379006802673e+00 -8.046875000000000000e-01
8.399232469212677188e+00 -9.218750000000000000e-01
8.442936745723571335e+00 3.335937500000000000e+00
8.486244272043109049e+00 -1.808593750000000000e+00
8.530589291976951927e+00 -2.125000000000000000e+00
8.572694583132317803e+00 -9.765625000000000000e-01
8.617284892300617116e+00 -1.046875000000000000e+00
8.660004989690492039e+00 -2.375000000000000000e+00
8.704546036411500154e+00 -3.492187500000000000e+00
8.746591057945863668e+00 -2.273437500000000000e+00
8.789731809766664128e+00 -1.007812500000000000e+00
8.834314806424600874e+00 -1.929687500000000000e+00
8.878114268475471249e+00 -2.031250000000000000e-01
8.920062209860759594e+00 -1.562500000000000000e-01
8.965297487113531361e+00 -2.437500000000000000e+00
9.007391405403609497e+00 -2.968750000000000000e-01
9.051815340936300913e+00 -7.968750000000000000e-01
9.093949687533552151e+00 -1.562500000000000000e-01
9.138300588137667546e+00 -5.625000000000000000e-01
9.181700622482395602e+00 -2.382812500000000000e+00
9.225472005714252077e+00 -2.460937500000000000e-01
9.267422363799369123e+00 3.398437500000000000e-01
9.312057729682223339e+00 -2.441406250000000000e+00
9.354777697134409209e+00 -1.750000000000000000e+00
9.399182965994114625e+00 -6.171875000000000000e-01
9.441308158912818271e+00 3.281250000000000000e-01
9.485687264330067592e+00 -7.343750000000000000e-01
9.529086406293146183e+00 -4.109375000000000000e+00
9.572992866287222569e+00 -1.179687500000000000e+00
9.614816487944324308e+00 -1.593750000000000000e+00
9.656513476909623250e+00 -1.718750000000000000e-01
9.701552099236849358e+00 -8.593750000000000000e-01
9.746656598786955783e+00 -7.187500000000000000e-01
9.788783033047167237e+00 -4.570312500000000000e-01
9.832481131023385501e+00 -3.203125000000000000e-01
9.875207565726284997e+00 -1.132812500000000000e-01
9.919727238406636616e+00 1.390625000000000000e+00
9.962116362161680172e+00 -9.062500000000000000e-01
1.000620305348792272e+01 -1.406250000000000000e+00
1.004832724161704505e+01 -4.726562500000000000e+00
1.009381002449603670e+01 -2.546875000000000000e+00
1.013585172423914571e+01 -1.367187500000000000e-01
1.017927375333150053e+01 3.367187500000000000e+00
1.022385777473530766e+01 4.921875000000000000e-01
1.026709689561394612e+01 -2.164062500000000000e+00
1.030951675199899853e+01 1.156250000000000000e+00
1.035421705144743498e+01 1.097656250000000000e+00
1.039632523634061556e+01 2.250000000000000000e+00
1.044100048344023435e+01 1.437500000000000000e+00
1.048338342590892580e+01 1.437500000000000000e+00
1.052555858662202581e+01 6.875000000000000000e-01
1.057124345854529679e+01 1.171875000000000000e+00
1.061418823417508861e+01 1.250000000000000000e-01
1.065687414747149830e+01 -6.367187500000000000e-01
1.069865833174642944e+01 1.171875000000000000e-01
1.074371178564031482e+01 -5.351562500000000000e-01
1.078837891154887529e+01 2.695312500000000000e+00
1.083035995453479927e+01 -3.875000000000000000e+00
1.087349321091981835e+01 -9.921875000000000000e-01
1.091920226838449537e+01 -1.312500000000000000e+00
1.096183600461009178e+01 -2.847656250000000000e+00
1.100423154951782578e+01 -1.367187500000000000e-01
1.105022927980606084e+01 -1.765625000000000000e+00
1.109109832155952802e+01 3.558593750000000000e+00
1.113575726259057319e+01 2.625000000000000000e+00
1.117751844450437204e+01 6.835937500000000000e-01
1.122032451905073458e+01 -2.234375000000000000e+00
1.126601462313695379e+01 -8.593750000000000000e-02
1.130920560669110841e+01 -2.835937500000000000e+00
1.135167185474419682e+01 -3.515625000000000000e-01
1.139637659974231099e+01 -1.265625000000000000e+00
1.143960690243834222e+01 5.351562500000000000e-01
1.148267143431448289e+01 1.515625000000000000e+00
1.152488989205927794e+01 7.851562500000000000e-01
1.156826195929691892e+01 2.554687500000000000e+00
1.161340010311099036e+01 2.570312500000000000e+00
1.165632708325458111e+01 -9.375000000000000000e-02
1.169889299229390645e+01 -1.351562500000000000e+00
1.174313341007444933e+01 -7.812500000000000000e-01
1.178526167550469950e+01 1.945312500000000000e+00
1.182786022309805674e+01 2.242187500000000000e+00
1.187205521915890927e+01 1.734375000000000000e+00
1.191564640574664224e+01 3.890625000000000000e+00
1.195892823050260745e+01 3.156250000000000000e+00
1.200279338129996631e+01 5.382812500000000000e+00
1.204623601066353444e+01 1.730468750000000000e+00
1.209114961210705985e+01 6.445312500000000000e-01
1.213386700875241786e+01 -7.578125000000000000e-01
1.217585371048593856e+01 2.195312500000000000e+00
1.221942886515896021e+01 1.171875000000000000e-01
1.226303089974838656e+01 9.843750000000000000e-01
1.230445667559163780e+01 1.593750000000000000e+00
1.234903992511092952e+01 2.828125000000000000e+00
1.239360180573433468e+01 1.007812500000000000e+00
1.243790577853150126e+01 4.375000000000000000e-01
1.248064422062232381e+01 9.882812500000000000e-01
1.252435365256934574e+01 4.328125000000000000e+00
1.256680232478535686e+01 8.359375000000000000e-01
1.261283056357959254e+01 3.164062500000000000e-01
1.265184247165510101e+01 5.226562500000000000e+00
1.269699234717957381e+01 -1.082031250000000000e+00
1.274101772506251962e+01 3.515625000000000000e-02
1.278529210052300868e+01 1.742187500000000000e+00
1.282803073194516230e+01 7.031250000000000000e-01
1.287173566731763685e+01 -5.781250000000000000e-01
1.291435049243210642e+01 2.832031250000000000e+00
1.295780002851618917e+01 -5.742187500000000000e-01
1.300108508224391812e+01 4.492187500000000000e-01
1.304195391828423567e+01 5.234375000000000000e-01
1.308823023479513381e+01 1.718750000000000000e+00
1.313150522183580904e+01 2.601562500000000000e+00
1.317541707687776409e+01 -1.128906250000000000e+00
1.321911761896882354e+01 4.765625000000000000e-01
1.326188093898932152e+01 -3.070312500000000000e+00
1.330574514887760529e+01 -2.343750000000000000e-01
1.335032736127462272e+01 3.593750000000000000e+00
1.339119611739582183e+01 4.195312500000000000e+00
1.343531213238074429e+01 3.203125000000000000e-01
1.348006461738776807e+01 2.812500000000000000e-01
1.352280360498987477e+01 3.320312500000000000e-01
1.356649930729582820e+01 1.273437500000000000e+00
1.360923656367199897e+01 1.226562500000000000e+00
1.365256924167418617e+01 1.066406250000000000e+00
1.369343806867776436e+01 -2.050781250000000000e+00
1.373914438401955351e+01 -1.410156250000000000e+00
1.378282974443175135e+01 3.121093750000000000e+00
1.382509654109688313e+01 -1.078125000000000000e+00
1.386895141565672418e+01 1.382812500000000000e+00
1.391277342016732632e+01 3.136718750000000000e+00
1.395629559853838941e+01 -2.117187500000000000e+00
1.399995396617826771e+01 2.937500000000000000e+00
1.404565972677194452e+01 -1.554687500000000000e+00
1.408652836631047478e+01 1.164062500000000000e+00
1.413020233116878899e+01 3.429687500000000000e+00
1.417247901312455838e+01 -2.734375000000000000e-01
1.421570610792485923e+01 1.546875000000000000e+00
1.426015700163665656e+01 3.781250000000000000e+00
1.430380827924437881e+01 -1.414062500000000000e+00
1.434677455241438793e+01 5.078125000000000000e+00
1.439248312760312842e+01 2.820312500000000000e+00
1.443391219934967751e+01 1.957031250000000000e+00
1.447757497245004288e+01 2.703125000000000000e+00
1.451940682391868620e+01 1.191406250000000000e+00
1.456372467314848507e+01 3.148437500000000000e+00
1.460754078543581613e+01 3.125000000000000000e-01
1.465094410949050996e+01 2.242187500000000000e+00
1.469365422367185658e+01 2.695312500000000000e+00
1.473801315297194492e+01 1.136718750000000000e+00
1.478073711002210189e+01 -8.593750000000000000e-02
1.482508933528757211e+01 3.820312500000000000e+00
1.486724385474170163e+01 1.406250000000000000e+00
1.491111118896786536e+01 2.902343750000000000e+00
1.495492442097642538e+01 6.824218750000000000e+00
1.499841461836328449e+01 4.632812500000000000e+00
1.504154189078366244e+01 -1.796875000000000000e-01
1.508354385379701057e+01 2.203125000000000000e+00
1.512867991700370851e+01 1.050781250000000000e+00
1.517244480830260045e+01 5.445312500000000000e+00
1.521462632327691722e+01 7.343750000000000000e-01
1.525849786214438097e+01 -2.164062500000000000e+00
1.530340698429318991e+01 3.382812500000000000e+00
1.534550935026899765e+01 9.687500000000000000e-01
1.538949330580884123e+01 2.765625000000000000e+00
1.543278427328212388e+01 4.789062500000000000e+00
1.547606365068607204e+01 1.277343750000000000e+00
1.551967655601715990e+01 1.582031250000000000e+00
1.556101546917354028e+01 1.417968750000000000e+00
1.560525160385230947e+01 3.789062500000000000e+00
1.565122752809573115e+01 5.191406250000000000e+00
1.569272671215927062e+01 1.382812500000000000e+00
1.573528996191620877e+01 8.671875000000000000e-01
1.577831598288233295e+01 3.429687500000000000e+00
1.582400217573388090e+01 -3.023437500000000000e+00
1.586680177487573928e+01 -7.539062500000000000e-01
1.590939175406472827e+01 9.687500000000000000e-01
1.595327112850553419e+01 1.703125000000000000e+00
1.599598065120051160e+01 -3.125000000000000000e-02
1.604008455961061941e+01 -1.015625000000000000e-01
1.608267005570255037e+01 2.109375000000000000e+00
1.612570209104799801e+01 -7.109375000000000000e-01
1.617083101600549355e+01 2.343750000000000000e+00
1.621430112437573712e+01 1.296875000000000000e+00
1.625677451538447826e+01 3.046875000000000000e-01
1.630002457547897166e+01 1.859375000000000000e+00
1.634445877472793995e+01 1.378906250000000000e+00
1.638757808853728193e+01 -7.031250000000000000e-02
1.643107714017645549e+01 2.609375000000000000e+00
1.647308822759717373e+01 -3.750000000000000000e-01
1.651821459683090154e+01 -1.085937500000000000e+00
1.656153121870806899e+01 3.023437500000000000e+00
1.660654204353858177e+01 2.109375000000000000e-01
1.664804441825889114e+01 -1.535156250000000000e+00
1.669225979899520951e+01 -1.019531250000000000e+00
1.673497714138852643e+01 -3.898437500000000000e+00
1.677721185473107823e+01 8.476562500000000000e-01
1.682047439201326711e+01 -2.648437500000000000e+00
1.686504750716406420e+01 2.296875000000000000e+00
1.690868483046456561e+01 -2.777343750000000000e+00
1.695101356862214459e+01 2.210937500000000000e+00
1.699360320942444957e+01 -1.765625000000000000e+00
1.703813758005242107e+01 -4.320312500000000000e+00
1.708232761362714314e+01 2.460937500000000000e-01
1.712435370290995706e+01 -2.890625000000000000e+00
1.716786058379423707e+01 -5.523437500000000000e+00
1.721243236221337725e+01 -2.343750000000000000e-02
1.725609795788560064e+01 -7.265625000000000000e-01
1.729784873953377655e+01 -2.234375000000000000e+00
1.734218402579944041e+01 1.015625000000000000e-01
1.738552318772678973e+01 3.671875000000000000e-01
1.742968753537775228e+01 3.906250000000000000e-02
1.747195275739993292e+01 -1.195312500000000000e+00
1.751524670243000514e+01 -1.562500000000000000e-01
1.756036507778738098e+01 -5.625000000000000000e-01
1.760336461601946212e+01 -3.414062500000000000e+00
1.764518916104363200e+01 -1.707031250000000000e+00
1.769083813025670793e+01 -1.101562500000000000e+00
1.773290876059297716e+01 -7.187500000000000000e-01
1.777705519471246021e+01 8.281250000000000000e-01
1.781891844350664655e+01 2.726562500000000000e+00
1.786205751106693640e+01 2.468750000000000000e+00
1.790720204472884802e+01 2.031250000000000000e+00
1.795060441833102516e+01 7.812500000000000000e-01
1.799253371681081148e+01 1.375000000000000000e+00
1.803695708188541857e+01 2.640625000000000000e+00
1.807909404284171728e+01 -1.171875000000000000e-01
1.812441906684952642e+01 1.320312500000000000e+00
1.816669372252196979e+01 -2.847656250000000000e+00
1.821001921817426705e+01 -4.359375000000000000e+00
1.825458687125640722e+01 2.343750000000000000e-01
1.829775751089209734e+01 2.320312500000000000e+00
1.833993368390275691e+01 -2.656250000000000000e-01
1.838434363511413494e+01 -5.625000000000000000e-01
1.842708026038742730e+01 7.890625000000000000e-01
1.847178304364032897e+01 -1.898437500000000000e+00
1.851379548348859316e+01 4.281250000000000000e+00
1.855572585785843387e+01 -1.343750000000000000e+00
1.860197165424463606e+01 2.023437500000000000e+00
1.864531747432756958e+01 -1.433593750000000000e+00
1.868715199434512897e+01 1.261718750000000000e+00
1.873173020446637338e+01 2.039062500000000000e+00
1.877446637644750638e+01 -1.941406250000000000e+00
1.881902883064158516e+01 -1.023437500000000000e+00
1.886099471813921014e+01 2.257812500000000000e+00
1.890479183510527150e+01 -2.257812500000000000e+00
1.894935639322787324e+01 -1.546875000000000000e+00
1.899247274002436825e+01 1.945312500000000000e+00
1.903464382751782580e+01 1.449218750000000000e+00
1.907911678939643707e+01 -3.148437500000000000e+00
1.912185246811857553e+01 -1.398437500000000000e+00
1.916630618983232637e+01 2.226562500000000000e-01
1.920819073215267281e+01 -1.250000000000000000e+00
1.925402524714471042e+01 -3.675781250000000000e+00
1.929489406966993670e+01 1.890625000000000000e+00
1.933972495237394185e+01 -1.640625000000000000e+00
1.938177971129940147e+01 -3.398437500000000000e+00
1.942777196937848316e+01 -8.125000000000000000e-01
1.946983608429843571e+01 -1.476562500000000000e+00
1.951368089757795588e+01 -4.921875000000000000e+00
1.955543123275361950e+01 -1.921875000000000000e+00
1.959898395490539258e+01 -2.460937500000000000e+00
1.964412563709041137e+01 -1.359375000000000000e+00
1.968718818777733759e+01 2.539062500000000000e+00
1.972925617663344156e+01 -8.593750000000000000e-02
1.977268208266262661e+01 -1.968750000000000000e+00
1.981805154545492087e+01 -1.707031250000000000e+00
1.986111542889176462e+01 -2.015625000000000000e+00
1.990290469480265756e+01 -2.203125000000000000e+00
1.994695094125839319e+01 4.015625000000000000e+00
1.998723833935012806e+01 -5.496093750000000000e+00
2.003454599494898503e+01 -3.828125000000000000e-01
2.007662384727512972e+01 -2.460937500000000000e+00
2.012191112502021895e+01 -1.777343750000000000e+00
2.016401054208979815e+01 -8.593750000000000000e-01
2.020843340743647332e+01 -2.562500000000000000e+00
2.025001528652616400e+01 -1.503906250000000000e+00
2.029375493265409602e+01 1.914062500000000000e+00
2.033462380053036611e+01 -1.839843750000000000e+00
2.038165940817154365e+01 -3.492187500000000000e+00
2.042382728525117841e+01 1.156250000000000000e+00
2.046866337467298536e+01 -2.046875000000000000e+00
2.051139648154783401e+01 -1.042968750000000000e+00
2.055577596727722778e+01 1.898437500000000000e+00
2.059738440944171600e+01 4.062500000000000000e-01
2.064172379315917283e+01 2.601562500000000000e+00
2.068627911248179885e+01 -1.304687500000000000e+00
2.072861406823851382e+01 -2.882812500000000000e+00
2.077118497408665121e+01 -5.625000000000000000e-01
2.081605012979497360e+01 3.062500000000000000e+00
2.085878244428893424e+01 2.988281250000000000e+00
2.090310116750529801e+01 -1.921875000000000000e+00
2.094475354563225267e+01 -1.851562500000000000e+00
2.098911025190957957e+01 -3.906250000000000000e-02
2.103182135763589145e+01 3.140625000000000000e+00
2.107599346451881672e+01 -6.328125000000000000e-01
2.111854271076882128e+01 3.125000000000000000e-01
2.116343679737263983e+01 -1.523437500000000000e+00
2.120557439104621267e+01 -6.085937500000000000e+00
2.125043750890904448e+01 -1.339843750000000000e+00
2.129197954618572908e+01 -2.367187500000000000e+00
2.133591151560334254e+01 -5.859375000000000000e-01
2.137920690836133986e+01 -3.515625000000000000e+00
2.142376233767399185e+01 -1.273437500000000000e+00
2.146595033150381937e+01 5.156250000000000000e-01
2.151082357691274183e+01 -2.890625000000000000e-01
2.155414732789620302e+01 -1.468750000000000000e+00
2.159501625584641715e+01 -4.531250000000000000e-01
2.163919533445455556e+01 -1.410156250000000000e+00
2.168388313239032072e+01 -6.101562500000000000e+00
2.172843226947000517e+01 -3.460937500000000000e+00
2.177114672949610963e+01 -4.453125000000000000e-01
2.181321175540460899e+01 -3.097656250000000000e+00
2.185699052946596055e+01 -1.125000000000000000e+00
2.190034778814177230e+01 -2.835937500000000000e+00
2.194345584471997768e+01 -3.632812500000000000e-01
2.198641369864520811e+01 -1.757812500000000000e+00
2.203068264258557463e+01 1.667968750000000000e+00
2.207397766943202555e+01 -2.707031250000000000e+00
2.211720085687450421e+01 -3.347656250000000000e+00
2.216057825100097034e+01 2.351562500000000000e+00
2.220315457421909855e+01 -1.515625000000000000e+00
2.224710020325709081e+01 -8.164062500000000000e-01
2.229189050957467089e+01 -4.187500000000000000e+00
2.233398709416329098e+01 -5.328125000000000000e+00
2.237748041871640226e+01 -1.296875000000000000e+00
2.242371496469316128e+01 -4.574218750000000000e+00
2.246584802686092530e+01 -4.453125000000000000e+00
2.250794491830993138e+01 -3.332031250000000000e+00
2.255053841296265205e+01 -1.226562500000000000e+00
2.259448686357698932e+01 -4.382812500000000000e+00
2.263822105281255403e+01 5.117187500000000000e-01
2.268134239916221873e+01 -1.109375000000000000e+00
2.272545405222057013e+01 -3.257812500000000000e+00
2.276691184935683054e+01 -2.375000000000000000e+00
2.281247846457347350e+01 -1.992187500000000000e+00
2.285531150744964179e+01 -1.093750000000000000e+00
2.289743586272423670e+01 -2.109375000000000000e+00
2.294250750909148451e+01 -3.320312500000000000e+00
2.298688615702829452e+01 -3.390625000000000000e+00
2.302853554829374616e+01 -3.812500000000000000e+00
2.307170316890473316e+01 -2.429687500000000000e+00
2.311796918406756163e+01 -2.539062500000000000e+00
2.315883789583452312e+01 -7.187500000000000000e-01
2.320247417780620935e+01 -3.617187500000000000e+00
2.324902508509720178e+01 -1.695312500000000000e+00
2.328989408092482449e+01 -2.468750000000000000e+00
2.333298593446929203e+01 -2.578125000000000000e-01
2.337579641738525993e+01 -1.855468750000000000e+00
2.341963505389543343e+01 -2.554687500000000000e+00
2.346351907063970543e+01 -2.468750000000000000e+00
2.350724026832551772e+01 -1.656250000000000000e+00
2.354993668212360092e+01 -1.007812500000000000e+00
2.359455089920723481e+01 -7.421875000000000000e-01
2.363541979496861245e+01 -5.546875000000000000e+00
2.368036833962000287e+01 -2.113281250000000000e+00
2.372305866610747671e+01 1.578125000000000000e+00
2.376761128157316705e+01 -1.343750000000000000e+00
2.381273729334637324e+01 -2.226562500000000000e+00
2.385360609347256400e+01 -1.789062500000000000e+00
2.389740258606471457e+01 -3.453125000000000000e+00
2.394007421375661693e+01 7.812500000000000000e-02
2.398403166183105384e+01 7.656250000000000000e-01
2.402671098987309506e+01 -1.296875000000000000e+00
2.407043400455347637e+01 -1.570312500000000000e+00
2.411440503512534406e+01 1.421875000000000000e+00
2.415645817619136437e+01 -2.664062500000000000e+00
2.420149601483974777e+01 1.117187500000000000e+00
2.424464932308397636e+01 1.355468750000000000e+00
2.428745832304937835e+01 -1.367187500000000000e+00
2.433205358394505424e+01 7.265625000000000000e-01
2.437409581151121074e+01 9.375000000000000000e-02
2.441780925894761367e+01 -5.546875000000000000e-01
2.446179009158043982e+01 -7.812500000000000000e-02
2.450265891283601150e+01 -2.351562500000000000e+00
2.454938262512234814e+01 -3.828125000000000000e-01
2.459176150992621501e+01 -3.359375000000000000e-01
2.463434759786512984e+01 -1.003906250000000000e+00
2.467880502819296851e+01 -5.039062500000000000e-01
2.472354952599090439e+01 -9.609375000000000000e-01
2.476518432906357248e+01 -2.812500000000000000e-01
2.480862006412930043e+01 -5.195312500000000000e-01
2.485246657423975591e+01 -2.460937500000000000e-01
2.489676326861456346e+01 -1.789062500000000000e+00
2.493924853102936368e+01 -8.984375000000000000e-01
2.498146406588739410e+01 4.414062500000000000e-01
2.502619170147498551e+01 2.226562500000000000e-01
2.506886532347095908e+01 1.187500000000000000e+00
2.511267063055825588e+01 -2.238281250000000000e+00
2.515600369163725247e+01 -1.781250000000000000e+00
2.519985103660927450e+01 -6.250000000000000000e-01
2.524364271363704404e+01 1.566406250000000000e+00
2.528671745960888018e+01 2.734375000000000000e-02
2.532911262102469152e+01 -9.765625000000000000e-02
2.537171161015224641e+01 -4.531250000000000000e-01
2.541625001310137577e+01 1.960937500000000000e+00
2.546015646429617618e+01 2.539062500000000000e+00
2.550338732424201282e+01 3.937500000000000000e+00
2.554783080010045637e+01 2.164062500000000000e+00
2.559052540407859055e+01 -3.117187500000000000e+00
2.563374236831987218e+01 3.601562500000000000e+00
2.567649522716645549e+01 -1.082031250000000000e+00
2.572033030969549827e+01 8.359375000000000000e-01
2.576246842051503450e+01 1.859375000000000000e+00
2.580753856254855805e+01 1.945312500000000000e+00
2.585021137809403058e+01 2.445312500000000000e+00
2.589521604199788385e+01 2.460937500000000000e+00
2.593608488093403253e+01 1.160156250000000000e+00
2.598121352262583628e+01 -2.890625000000000000e-01
2.602387804570797414e+01 1.328125000000000000e+00
2.606898575285620723e+01 3.054687500000000000e+00
2.611043699362342352e+01 1.847656250000000000e+00
2.615489992857764889e+01 3.835937500000000000e+00
2.619815470279276326e+01 3.339843750000000000e+00
2.624018147925174560e+01 2.761718750000000000e+00
2.628529288692655541e+01 5.125000000000000000e+00
2.632848506576374348e+01 1.781250000000000000e+00
2.637126077626497533e+01 2.539062500000000000e+00
2.641510409159462824e+01 5.960937500000000000e+00
2.645782241386912403e+01 6.792968750000000000e+00
2.650205871115520040e+01 7.875000000000000000e+00
2.654610112090853136e+01 4.585937500000000000e+00
2.658816503719484103e+01 4.664062500000000000e+00
2.663147443731483577e+01 6.312500000000000000e+00
2.667602310474313754e+01 8.632812500000000000e+00
2.671914843684297125e+01 6.992187500000000000e+00
2.676312474871427582e+01 7.769531250000000000e+00
2.680520779988871993e+01 7.996093750000000000e+00
2.684943337276251896e+01 6.320312500000000000e+00
2.689235822270151743e+01 7.351562500000000000e+00
2.693555178717272724e+01 1.152343750000000000e+01
2.697886030855349304e+01 7.296875000000000000e+00
2.702307675086872507e+01 1.184375000000000000e+01
2.706602652158152011e+01 9.984375000000000000e+00
2.711051132086048199e+01 6.781250000000000000e+00
2.715259320122420661e+01 1.138281250000000000e+01
2.719680784938589113e+01 8.648437500000000000e+00
2.723974053628793968e+01 1.052343750000000000e+01
2.728293854948336161e+01 1.116406250000000000e+01
2.732624625057266599e+01 1.242968750000000000e+01
2.737059960756414512e+01 1.036718750000000000e+01
2.741224901581992413e+01 1.108593750000000000e+01
2.745853117124377718e+01 1.326562500000000000e+01
2.749940013668700090e+01 1.341406250000000000e+01
2.754431394720418780e+01 1.712500000000000000e+01
2.758769020033936670e+01 1.212890625000000000e+01
2.762972573686214162e+01 1.332031250000000000e+01
2.767363216302962314e+01 1.324218750000000000e+01
2.771780469171012840e+01 9.656250000000000000e+00
2.775956183408555944e+01 1.383593750000000000e+01
2.780465150126627805e+01 1.707031250000000000e+01
2.784736394759381994e+01 1.620703125000000000e+01
2.789148406481353959e+01 1.726562500000000000e+01
2.793334331000596649e+01 1.494531250000000000e+01
2.797771210905833073e+01 1.546875000000000000e+01
2.802161415500836483e+01 1.644921875000000000e+01
2.806516874059111899e+01 1.822656250000000000e+01
2.810692757694772581e+01 1.917968750000000000e+01
2.815203821023686714e+01 1.530468750000000000e+01
2.819532568630791047e+01 1.842968750000000000e+01
2.823893096680455983e+01 1.484375000000000000e+01
2.828070187568164329e+01 1.579687500000000000e+01
2.832449796761805771e+01 1.527734375000000000e+01
2.837007970336237861e+01 1.908593750000000000e+01
2.841235067451717100e+01 1.285156250000000000e+01
2.845433965499361761e+01 1.566406250000000000e+01
2.849942512083151769e+01 1.279687500000000000e+01
2.854213439978555300e+01 1.365625000000000000e+01
2.858630520140047793e+01 1.305468750000000000e+01
2.862793668571478634e+01 1.320703125000000000e+01
2.867188419421448486e+01 1.493359375000000000e+01
2.871578951761236453e+01 9.726562500000000000e+00
2.875970710659103702e+01 1.104687500000000000e+01
2.880161534571257675e+01 1.217968750000000000e+01
2.884744406853040743e+01 1.114453125000000000e+01
2.889009408313256699e+01 1.267968750000000000e+01
2.893328168487846597e+01 1.000000000000000000e+01
2.897517785097676324e+01 1.275781250000000000e+01
2.901927034424237206e+01 1.102734375000000000e+01
2.906376779285733392e+01 1.093750000000000000e+01
2.910673563183399892e+01 8.117187500000000000e+00
2.914898328666336624e+01 6.734375000000000000e+00
2.919419884481402505e+01 6.093750000000000000e+00
2.923690470418803500e+01 7.132812500000000000e+00
2.928063742055587682e+01 7.789062500000000000e+00
2.932254263032024255e+01 4.632812500000000000e+00
2.936725925359408507e+01 5.250000000000000000e+00
2.940934462227869517e+01 6.500000000000000000e+00
2.945431749187147830e+01 8.351562500000000000e+00
2.949635123937210324e+01 6.109375000000000000e+00
2.954034023533834841e+01 7.683593750000000000e+00
2.958428985004282197e+01 5.652343750000000000e+00
2.962815185416488362e+01 4.039062500000000000e+00
2.966982819907190105e+01 6.875000000000000000e+00
2.971464608787849215e+01 6.406250000000000000e+00
2.975794668849172808e+01 5.546875000000000000e+00
2.980169284836185284e+01 6.632812500000000000e+00
2.984371900407737144e+01 6.812500000000000000e+00
2.988897256903663902e+01 7.054687500000000000e+00
2.993167500753914112e+01 5.574218750000000000e+00
2.997534918413498417e+01 5.890625000000000000e+00
3.001710487368569602e+01 4.960937500000000000e+00
3.006082522962645953e+01 4.968750000000000000e+00
3.010533228033361297e+01 5.554687500000000000e+00
3.014881437708709200e+01 7.210937500000000000e+00
3.019103626667693163e+01 5.683593750000000000e+00
3.023635948003874319e+01 5.742187500000000000e+00
3.027906002540255770e+01 4.335937500000000000e+00
3.032268950202542612e+01 4.496093750000000000e+00
3.036455331769435873e+01 3.046875000000000000e+00
3.040763229626385566e+01 5.476562500000000000e+00
3.045330524430778496e+01 4.128906250000000000e+00
3.049476122936314937e+01 5.718750000000000000e+00
3.053820334652947110e+01 3.394531250000000000e+00
3.058072735498033978e+01 3.097656250000000000e+00
3.062587564678713647e+01 2.789062500000000000e+00
3.067002414932672139e+01 1.066406250000000000e+00
3.071182781627659608e+01 2.941406250000000000e+00
3.075620167839745989e+01 8.906250000000000000e-01
3.080010346355899742e+01 2.031250000000000000e+00
3.084331251541499341e+01 4.332031250000000000e+00
3.088582538141747591e+01 -7.539062500000000000e-01
3.092811090751682457e+01 -1.972656250000000000e+00
3.097263191734872123e+01 5.585937500000000000e-01
3.101739558379827599e+01 5.781250000000000000e-01
3.105928656477159677e+01 8.359375000000000000e-01
3.110358795845762359e+01 -3.824218750000000000e+00
3.114748905400389845e+01 -6.093750000000000000e-01
3.119089375750218096e+01 -4.968750000000000000e+00
3.123318938254547561e+01 1.406250000000000000e-01
3.127549461571514655e+01 -2.992187500000000000e+00
3.131938903797498597e+01 -7.531250000000000000e+00
3.136475650059779241e+01 -3.664062500000000000e+00
3.140634561334920249e+01 -4.214843750000000000e+00
3.145097430835606644e+01 2.851562500000000000e-01
3.149487450976354808e+01 -4.546875000000000000e+00
3.153825369431751824e+01 -4.765625000000000000e+00
3.158051031688064825e+01 1.250000000000000000e-01
3.162340477540217876e+01 -2.046875000000000000e+00
3.166677593972934801e+01 -2.234375000000000000e+00
3.171211161314272431e+01 -2.968750000000000000e+00
3.175391460285619871e+01 -4.179687500000000000e+00
3.179775410716359829e+01 -6.367187500000000000e+00
3.184104805572769692e+01 -4.398437500000000000e+00
3.188542127893725819e+01 -2.074218750000000000e+00
3.192796639137023362e+01 -2.589843750000000000e+00
3.197078993694393034e+01 -2.710937500000000000e+00
3.201416273792500533e+01 -3.117187500000000000e+00
3.205947823197807622e+01 -2.558593750000000000e+00
3.210123946995469169e+01 -1.656250000000000000e+00
3.214514000239836378e+01 -4.351562500000000000e+00
3.218964541545480529e+01 -3.789062500000000000e+00
3.223279088148393612e+01 -4.218750000000000000e-01
3.227515367381766964e+01 -5.453125000000000000e+00
3.231817504043081613e+01 -4.242187500000000000e+00
3.236217757886969082e+01 -3.457031250000000000e+00
3.240679529618363119e+01 -5.257812500000000000e+00
3.244853830560344932e+01 -5.632812500000000000e+00
3.249193939591636138e+01 -7.035156250000000000e+00
3.253461004879412144e+01 -2.695312500000000000e+00
