#Time Flux
-6.419218664034160859e-01 1.521484375000000000e+01
-6.393748465450945773e-01 -2.427539062500000000e+01
-6.373156565992283973e-01 -3.388476562500000000e+01
-6.347938009604576770e-01 9.062500000000000000e-01
-6.316320899556648882e-01 2.491601562500000000e+01
-6.288016309265995751e-01 -1.099414062500000000e+01
-6.263728925936358216e-01 -1.015917968750000000e+01
-6.241641574384892976e-01 -1.013867187500000000e+01
-6.217090204251780605e-01 -8.881835937500000000e+00
-6.189417481762822248e-01 -5.835937500000000000e+00
-6.168821978158556263e-01 2.623046875000000000e+00
-6.143607417071934584e-01 -7.039062500000000000e+00
-6.111982415302099625e-01 -1.092382812500000000e+01
-6.083679836595448087e-01 6.912109375000000000e+00
-6.059389396272218953e-01 -2.240625000000000000e+01
-6.037305516152891016e-01 1.268945312500000000e+01
-6.010551671008470542e-01 2.103515625000000000e+00
-5.984585695226170010e-01 -3.626855468750000000e+01
-5.959405197395144516e-01 -3.523437500000000000e+00
-5.932522446183321474e-01 -4.515625000000000000e+00
-5.906306650218822174e-01 2.809765625000000000e+01
-5.879344368589127789e-01 -1.842382812500000000e+01
-5.852330395736391466e-01 -3.283203125000000000e+00
-5.829837381848392841e-01 -3.937890625000000000e+01
-5.806216678049422875e-01 1.019531250000000000e+01
-5.780249848360736742e-01 3.958984375000000000e+00
-5.749983131448881402e-01 -1.635156250000000000e+01
-5.721432192294644281e-01 1.477929687500000000e+01
-5.700626433413638061e-01 -3.377539062500000000e+01
-5.672184548586574060e-01 -2.174804687500000000e+01
-5.645733447703125130e-01 -9.490234375000000000e+00
-5.622362243925373981e-01 -6.220703125000000000e+00
-5.601882689681842997e-01 -4.980468750000000000e-01
-5.575913503747043087e-01 -4.121093750000000000e+00
-5.545644265279316976e-01 -1.035351562500000000e+01
-5.514579367026368750e-01 -8.281250000000000000e-01
-5.493055021016246542e-01 2.178417968750000000e+01
-5.470670441939629036e-01 -5.960937500000000000e+00
-5.441401337769522506e-01 -1.383496093750000000e+01
-5.418022184571520405e-01 -2.416992187500000000e+01
-5.397549703650184050e-01 1.386718750000000000e-01
-5.371065745610312803e-01 -6.593750000000000000e+00
-5.340238717656675682e-01 -5.585937500000000000e+00
-5.310240071320646571e-01 -1.162304687500000000e+01
-5.288715652514568433e-01 -3.241015625000000000e+01
-5.266334983246534485e-01 -5.312500000000000000e+00
-5.237068228919699031e-01 2.132910156250000000e+01
-5.213647148593638647e-01 2.163671875000000000e+01
-5.188453287447818418e-01 5.241210937500000000e+00
-5.166725037823116651e-01 -9.646484375000000000e+00
-5.135898187366465528e-01 -3.398242187500000000e+01
-5.105900279103576800e-01 -1.198242187500000000e+00
-5.081155928797564947e-01 1.553320312500000000e+01
-5.058592796647176648e-01 -3.660156250000000000e+00
-5.032735123598714999e-01 -5.341796875000000000e+00
-5.009310440764140893e-01 2.020507812500000000e+00
-4.979353611543686497e-01 8.572265625000000000e+00
-4.956472099204165538e-01 -1.866308593750000000e+01
-4.931556659360567529e-01 1.010937500000000000e+01
-4.901561489186048171e-01 -1.229785156250000000e+01
-4.876822127858653211e-01 -3.472265625000000000e+01
-4.851997622501142970e-01 -1.501171875000000000e+01
-4.828403522945765580e-01 -9.698242187500000000e+00
-4.804974237667822834e-01 -1.785156250000000000e+01
-4.775013375238543745e-01 1.265234375000000000e+01
-4.746222599566585210e-01 -5.328125000000000000e+00
-4.722422074462433450e-01 -2.303125000000000000e+01
-4.694696539334759500e-01 -7.207031250000000000e-01
-4.672486329232818925e-01 -7.800781250000000000e+00
-4.647656237104014210e-01 -1.105273437500000000e+01
-4.624070423409167852e-01 5.255859375000000000e+00
-4.600616098791827646e-01 1.309960937500000000e+01
-4.570674141196562346e-01 -2.885351562500000000e+01
-4.541885335271849122e-01 -8.814453125000000000e+00
-4.518083370728622761e-01 -5.473632812500000000e+00
-4.489250177970003364e-01 -2.130175781250000000e+01
-4.468151535343971581e-01 -8.691406250000000000e-01
-4.442751831044637889e-01 -4.514648437500000000e+00
-4.417485997007921661e-01 7.029296875000000000e+00
-4.396284747231287149e-01 -2.613671875000000000e+01
-4.365527441877854464e-01 2.868164062500000000e+01
-4.337548075706485484e-01 -9.679687500000000000e+00
-4.313744171611237910e-01 -9.366210937500000000e+00
-4.288543636957098393e-01 -1.420117187500000000e+01
-4.263816743710671098e-01 -2.598437500000000000e+01
-4.238415266988062591e-01 -9.967773437500000000e+00
-4.213156191515614601e-01 6.347656250000000000e-01
-4.191952400392504607e-01 -2.724609375000000000e+00
-4.161186099590774568e-01 -2.347949218750000000e+01
-4.133210820724975143e-01 -1.609179687500000000e+01
-4.109404474854732037e-01 -6.347656250000000000e-02
-4.081671409984042320e-01 1.143164062500000000e+01
-4.059481954478436627e-01 -2.775390625000000000e+00
-4.034077705252179236e-01 2.166015625000000000e+00
-4.006625957238325597e-01 -2.833789062500000000e+01
-3.981508428491253859e-01 7.695312500000000000e+00
-3.956034068413942784e-01 2.257031250000000000e+01
-3.926641556405141564e-01 6.995117187500000000e+00
-3.905065280430339847e-01 1.090039062500000000e+01
-3.877328705601317260e-01 -3.086132812500000000e+01
-3.852675058979255773e-01 -1.644531250000000000e+01
-3.829190575226562032e-01 -7.988281250000000000e+00
-3.800086929020385362e-01 4.908203125000000000e+00
-3.771059148051332244e-01 -3.162890625000000000e+01
-3.743291307991500894e-01 1.976562500000000000e+00
-3.720067526114796408e-01 -5.094726562500000000e+01
-3.700726588301681552e-01 -6.340820312500000000e+00
-3.670813943634745335e-01 2.448046875000000000e+01
-3.645870774675739057e-01 -3.160156250000000000e+00
-3.624858839495459506e-01 3.032031250000000000e+01
-3.595748331770214357e-01 3.964843750000000000e-01
-3.566722494937035748e-01 3.353320312500000000e+01
-3.538955701450947622e-01 -2.097656250000000000e+00
-3.515726507425931402e-01 1.890234375000000000e+01
-3.496386898530094989e-01 -4.738281250000000000e+00
-3.467563054540274692e-01 -5.415332031250000000e+01
-3.441540603639321461e-01 8.441406250000000000e+00
-3.420526103756742486e-01 -5.845703125000000000e+00
-3.391408736913494870e-01 -4.941406250000000000e+00
-3.362384848800044068e-01 -1.019140625000000000e+01
-3.334620097311460363e-01 -2.054687500000000000e+00
-3.311383491050143846e-01 -6.906250000000000000e+00
-3.292047213415121298e-01 4.468750000000000000e+00
-3.262147671292656703e-01 -1.015234375000000000e+01
-3.233884984924140227e-01 -6.541015625000000000e+00
-3.210405939945384368e-01 3.303906250000000000e+01
-3.187068146633014187e-01 -2.131054687500000000e+01
-3.158046202728197471e-01 -2.652343750000000000e+00
-3.130284497755826401e-01 9.845703125000000000e+00
-3.107041477083036796e-01 6.388671875000000000e+00
-3.087708529435535532e-01 -1.585156250000000000e+01
-3.057813537478684118e-01 -1.012304687500000000e+01
-3.029546024458165121e-01 -3.000000000000000000e+00
-3.000282465209509475e-01 -1.459570312500000000e+01
-2.976938764378345148e-01 1.037109375000000000e+00
-2.949817328073476297e-01 5.628906250000000000e+00
-2.925948900528498875e-01 1.201953125000000000e+01
-2.901092241109197722e-01 -2.010449218750000000e+01
-2.876993144261246194e-01 1.051562500000000000e+01
-2.853480410584485760e-01 -9.082031250000000000e-01
-2.825206066385641535e-01 2.925390625000000000e+01
-2.795943425653875103e-01 2.613085937500000000e+01
-2.767928001636654756e-01 2.402343750000000000e-01
-2.745475009098226060e-01 2.124804687500000000e+01
-2.721613305629477786e-01 1.267968750000000000e+01
-2.696754469280038258e-01 -8.228515625000000000e+00
-2.672659784536404182e-01 -2.351171875000000000e+01
-2.649148286026208332e-01 1.250000000000000000e+00
-2.620866112896971245e-01 -4.482421875000000000e+00
-2.591605390689708521e-01 -1.556640625000000000e+01
-2.568258569309462835e-01 7.443359375000000000e+00
-2.541132694706829120e-01 7.896484375000000000e+00
-2.517277715459829146e-01 1.587109375000000000e+01
-2.490817955208948220e-01 4.750000000000000000e+00
-2.464513581586551538e-01 -9.297851562500000000e+00
-2.439352196240984760e-01 -1.658593750000000000e+01
-2.416526161736607392e-01 2.546679687500000000e+01
-2.387268358134222446e-01 1.183203125000000000e+01
-2.363919226419155528e-01 -9.298828125000000000e+00
-2.336790380315432181e-01 -2.093164062500000000e+01
-2.312942127545727367e-01 -1.788085937500000000e+01
-2.286484427846042777e-01 -1.721484375000000000e+01
-2.260177156100589002e-01 2.105175781250000000e+01
-2.235015924423247036e-01 -5.663085937500000000e+00
-2.211873630907139621e-01 -1.371093750000000000e+01
-2.179604016299636626e-01 1.000585937500000000e+01
-2.154919999308084755e-01 7.361328125000000000e+00
-2.130326728390263824e-01 3.923437500000000000e+01
-2.105691508135243417e-01 1.203320312500000000e+01
-2.082150905139750208e-01 -1.251757812500000000e+01
-2.055841235238666798e-01 -2.661621093750000000e+01
-2.025213383519348653e-01 4.305078125000000000e+01
-2.002085106221702659e-01 2.756054687500000000e+01
-1.972618373751084953e-01 9.701171875000000000e+00
-1.950585003947971074e-01 -1.071484375000000000e+01
-1.923871455967200994e-01 -1.488085937500000000e+01
-1.898444553406326563e-01 -1.985351562500000000e+01
-1.877817384834523651e-01 -1.441601562500000000e+01
-1.851505817945771071e-01 1.808105468750000000e+01
-1.826344390108611826e-01 -2.192968750000000000e+01
-1.797744445546332059e-01 -5.916015625000000000e+00
-1.768280402269648555e-01 -5.485351562500000000e+00
-1.746249013309615350e-01 -1.988281250000000000e+01
-1.719536530529039986e-01 2.087695312500000000e+01
-1.693522528115036785e-01 3.010742187500000000e+00
-1.668344641516061877e-01 -3.508886718750000000e+01
-1.647168901732847246e-01 -2.968261718750000000e+01
-1.616535547570583375e-01 1.174218750000000000e+01
-1.593404287203075143e-01 -8.932617187500000000e+00
-1.563940933068717065e-01 -2.836914062500000000e+00
-1.541912024919191992e-01 -4.890625000000000000e+00
-1.515202607354040332e-01 -7.230468750000000000e+00
-1.489185742942109592e-01 -1.237988281250000000e+01
-1.464008983207070180e-01 -9.724609375000000000e+00
-1.441685367000089535e-01 5.896484375000000000e+00
-1.410810727435376499e-01 -1.566308593750000000e+01
-1.389064630027778691e-01 1.158984375000000000e+01
-1.356973333185198527e-01 -2.651953125000000000e+01
-1.337577041200610495e-01 -1.434375000000000000e+01
-1.310868686507347114e-01 2.425781250000000000e+01
-1.284849960032343752e-01 -3.066406250000000000e+00
-1.254527811965000517e-01 -2.509179687500000000e+01
-1.226020754402172841e-01 1.187109375000000000e+01
-1.201937348833510555e-01 3.819335937500000000e+00
-1.179604489591921102e-01 -5.972656250000000000e+00
-1.150416220728831540e-01 8.513671875000000000e+00
-1.126966574261198950e-01 -3.347460937500000000e+01
-1.106534770390026345e-01 3.144531250000000000e+00
-1.080513681811763327e-01 -1.132812500000000000e+00
-1.050189013389082326e-01 -2.957226562500000000e+01
-1.021683953513177201e-01 -1.627539062500000000e+01
-9.975995385872948873e-02 -1.283007812500000000e+01
-9.752691007480196461e-02 1.333984375000000000e+00
-9.460831770715882882e-02 3.856445312500000000e+00
-9.226342785723984363e-02 2.692578125000000000e+01
-9.022008565282524373e-02 2.003710937500000000e+01
-8.755687995725658368e-02 -1.458984375000000000e+01
-8.447366481442353248e-02 -1.368554687500000000e+01
-8.173481572156493513e-02 -2.788671875000000000e+01
-7.932602294938106979e-02 -5.901367187500000000e+00
-7.709327118965036973e-02 -1.374804687500000000e+01
-7.417511369871787608e-02 -9.226562500000000000e+00
-7.182397869836609772e-02 -6.064453125000000000e-01
-6.930476074935443265e-02 1.723828125000000000e+01
-6.712291522561919521e-02 1.711914062500000000e+01
-6.403951748535385846e-02 -1.070410156250000000e+01
-6.130103632311989514e-02 -9.218750000000000000e+00
-5.833467915638523849e-02 -7.375976562500000000e+00
-5.608280721585412465e-02 -1.911718750000000000e+01
-5.374181003148548186e-02 9.431640625000000000e+00
-5.139021444118885285e-02 -5.566406250000000000e-01
-4.838890941579876426e-02 1.125390625000000000e+01
-4.610136278118259767e-02 -1.103906250000000000e+01
-4.371726407988729690e-02 1.252343750000000000e+01
-4.086735716554290576e-02 -3.420312500000000000e+01
-3.790148638202284204e-02 -7.664062500000000000e+00
-3.564867426407669626e-02 2.000976562500000000e+01
-3.330855671387977779e-02 -1.323144531250000000e+01
-3.095665064391983634e-02 9.220703125000000000e+00
-2.795499229802800301e-02 -1.735351562500000000e+01
-2.508025539252178859e-02 -5.412109375000000000e+00
-2.269592438983680793e-02 -5.340820312500000000e+00
-2.017576236713525262e-02 2.414355468750000000e+01
-1.746814394848827945e-02 -2.174121093750000000e+01
-1.579235710988458052e-02 -4.555664062500000000e+01
-1.287535375317672148e-02 1.638964843750000000e+01
-1.051546177447670871e-02 -2.394531250000000000e+00
-7.435931122010241978e-03 2.443945312500000000e+01
-4.646536188074090745e-03 -1.922460937500000000e+01
-1.899173477130311483e-03 -1.797265625000000000e+01
7.183048993577578756e-04 -2.154882812500000000e+01
3.555302837930263138e-03 -1.115625000000000000e+01
6.478878408388677457e-03 -1.687109375000000000e+01
8.815919473717404031e-03 -1.014648437500000000e+00
1.153181895352473063e-02 1.432031250000000000e+01
1.390846640338283535e-02 1.855078125000000000e+01
1.655186301418520856e-02 -1.148437500000000000e+00
1.918542018699653795e-02 1.943261718750000000e+01
2.170130906889533584e-02 1.085058593750000000e+01
2.402294103799085256e-02 1.218750000000000000e+00
2.725081158598907649e-02 9.027343750000000000e+00
2.971117166395842446e-02 -4.279296875000000000e+00
3.217310127846761958e-02 -1.221679687500000000e+00
3.463137728032239515e-02 2.546484375000000000e+01
3.698521155224820944e-02 -6.527343750000000000e+00
3.961900866067580296e-02 -1.816113281250000000e+01
4.213493229254816619e-02 4.708007812500000000e+00
4.449087761052128442e-02 -1.796289062500000000e+01
4.794431014453026663e-02 1.055273437500000000e+01
5.014466724184885038e-02 1.960937500000000000e+01
5.260690978074311630e-02 4.589843750000000000e-02
5.506474841023378808e-02 -7.315429687500000000e+00
5.741845963116443130e-02 -1.343554687500000000e+01
6.005259701793974614e-02 1.048925781250000000e+01
6.311868181482171991e-02 6.240234375000000000e+00
6.543382894161275942e-02 7.424804687500000000e+00
6.837820391739102277e-02 -2.591503906250000000e+01
7.057836234832493005e-02 -2.904492187500000000e+01
7.324703330757253994e-02 2.473242187500000000e+01
7.578700934770754571e-02 3.171875000000000000e+00
7.785190724594226452e-02 -1.384765625000000000e+00
8.048623491356110549e-02 -1.610058593750000000e+01
8.355251977017363885e-02 2.041015625000000000e+00
8.586779174875935894e-02 -2.663476562500000000e+01
8.881204746067838940e-02 2.076464843750000000e+01
9.101195722848487435e-02 6.896484375000000000e+00
9.368032166619011392e-02 1.234375000000000000e+01
9.628494468387627236e-02 1.283691406250000000e+01
9.880261699029779798e-02 2.263671875000000000e+00
1.010398028037244877e-01 5.441406250000000000e+00
1.041277865509699918e-01 1.963378906250000000e+01
1.063018543238367641e-01 7.131835937500000000e+00
1.095038396580019224e-01 -8.025390625000000000e+00
1.117572015736476576e-01 -5.256835937500000000e+00
1.141138097934999429e-01 7.402343750000000000e+00
1.167185693663586044e-01 -1.671093750000000000e+01
1.197537554995595777e-01 2.154296875000000000e+00
1.220379965756819285e-01 1.238085937500000000e+01
1.247034017701005304e-01 2.669921875000000000e+00
1.272431978429184873e-01 8.148437500000000000e+00
1.301575088624782328e-01 9.712890625000000000e+00
1.325020775807321805e-01 4.580078125000000000e+00
1.343421908689288458e-01 2.609570312500000000e+01
1.371521936959569921e-01 6.087890625000000000e+00
1.401876313990304546e-01 -2.438671875000000000e+01
1.430357401623139069e-01 -3.455078125000000000e+00
1.454466980884987493e-01 -7.542968750000000000e+00
1.476768330027797838e-01 2.512109375000000000e+01
1.503707971697547663e-01 -6.531250000000000000e+00
1.529353034243219334e-01 -1.475390625000000000e+01
1.549804848744060770e-01 -1.716406250000000000e+01
1.575857677923440114e-01 3.419921875000000000e+00
1.606216070737080948e-01 7.029296875000000000e+00
1.634695158354686484e-01 9.023437500000000000e-01
1.658805756214221105e-01 -4.066406250000000000e+00
1.681105676904652846e-01 -1.390625000000000000e+00
1.710239596692668673e-01 8.533203125000000000e+00
1.733800719448579386e-01 1.178613281250000000e+01
1.758990667293354182e-01 3.171582031250000000e+01
1.780859396487439739e-01 -1.333398437500000000e+01
1.811697299414742890e-01 -2.372363281250000000e+01
1.839030915071004912e-01 8.320312500000000000e+00
1.866226477199339762e-01 -1.260351562500000000e+01
1.888354868986150681e-01 -1.044921875000000000e-01
1.914572596112089631e-01 5.006835937500000000e+00
1.938136825956560116e-01 -2.515136718750000000e+01
1.963327670199312980e-01 -9.228515625000000000e+00
1.985200006485765556e-01 -3.150390625000000000e+00
2.016037738864622231e-01 4.918945312500000000e+00
2.043367667065565385e-01 1.280273437500000000e+01
2.072981520659344934e-01 4.535156250000000000e+00
2.095609013375439034e-01 -2.917773437500000000e+01
2.118905090871090469e-01 -9.106445312500000000e+00
2.142472929008460980e-01 2.687890625000000000e+01
2.172519886388997179e-01 1.156445312500000000e+01
2.201243541643003176e-01 -1.824804687500000000e+01
2.225110289566596400e-01 -3.084960937500000000e+01
2.250313823661505008e-01 -4.043359375000000000e+01
2.277314407737980329e-01 1.407226562500000000e+00
2.299951310231778123e-01 2.703125000000000000e+01
2.323237085553524484e-01 1.689453125000000000e+00
2.346938021760514026e-01 -3.216210937500000000e+01
2.377735974478205616e-01 6.572265625000000000e+00
2.405580694106270734e-01 -7.835937500000000000e+00
2.429449899011610903e-01 -1.276953125000000000e+01
2.454652508768864205e-01 3.543945312500000000e+00
2.481646790156195603e-01 -1.224804687500000000e+01
2.504708200106784410e-01 -6.618164062500000000e+00
2.529760796707827275e-01 7.388671875000000000e+00
2.551278974092645591e-01 3.301757812500000000e+01
2.582078230625561854e-01 1.995117187500000000e+00
2.609918844321605924e-01 2.046484375000000000e+01
2.637364744793844196e-01 -3.078320312500000000e+01
2.661604480855825905e-01 -2.694531250000000000e+01
2.685980170180959359e-01 -2.017089843750000000e+01
2.709044664009803149e-01 1.356835937500000000e+01
2.734091504491638069e-01 -1.313476562500000000e+01
2.755619924096470719e-01 -2.259765625000000000e+00
2.786419485637530169e-01 1.152343750000000000e+01
2.816566414789207773e-01 -1.785253906250000000e+01
2.841699836778674992e-01 2.062500000000000000e+01
2.865947099091212813e-01 -5.839843750000000000e+00
2.890313047946369007e-01 7.300781250000000000e+00
2.913381625588322699e-01 -1.282128906250000000e+01
2.940770210141012697e-01 -9.797851562500000000e+00
2.966021262492082311e-01 -7.720703125000000000e+00
2.991644084887297161e-01 1.296875000000000000e+01
3.020905454963298542e-01 5.974609375000000000e+00
3.046034924034133340e-01 -5.785156250000000000e+01
3.070288717318985228e-01 -8.566406250000000000e+00
3.097056278816427977e-01 -3.268945312500000000e+01
3.118121702180474131e-01 -6.783203125000000000e+00
3.147458712212478638e-01 -3.859375000000000000e+00
3.176420201640670626e-01 6.177734375000000000e+00
3.195987463241976023e-01 2.656250000000000000e+00
3.225245494017230374e-01 3.355468750000000000e+00
3.250371009041659320e-01 1.175781250000000000e+01
3.275571137898172225e-01 -2.100683593750000000e+01
3.301388349750897788e-01 -3.671289062500000000e+01
3.322453330809480576e-01 7.128906250000000000e+00
3.349440906883787150e-01 -3.759765625000000000e-01
3.380756742923498592e-01 -1.868554687500000000e+01
3.407257530208245289e-01 1.264257812500000000e+01
3.431903644345659643e-01 1.414843750000000000e+01
3.454705089377343441e-01 -9.513671875000000000e+00
3.479908958076070036e-01 -5.303710937500000000e+00
3.505718418414591753e-01 -1.742382812500000000e+01
3.526785957045035502e-01 -9.445312500000000000e+00
3.553776001160544595e-01 -7.281250000000000000e+00
3.585095281966008685e-01 1.909570312500000000e+01
3.611595134399341323e-01 -8.223632812500000000e+00
3.636245576822041414e-01 4.941406250000000000e+00
3.659040167319576042e-01 -4.804687500000000000e+00
3.684246274684941369e-01 -1.476660156250000000e+01
3.713673021871448654e-01 -1.209765625000000000e+01
3.736996360229489778e-01 6.962890625000000000e-01
3.760477189591706626e-01 -3.353710937500000000e+01
3.789432818672597847e-01 -3.312500000000000000e+00
3.815933238630624391e-01 3.291015625000000000e-01
3.840586504706955395e-01 -1.505859375000000000e+01
3.863376240685569840e-01 -2.699218750000000000e+00
3.889512020588266061e-01 -2.532421875000000000e+01
3.918012882227861482e-01 -8.009765625000000000e+00
3.947210076594003247e-01 1.687500000000000000e+00
3.966072863753717925e-01 4.785156250000000000e+00
3.997822128702028799e-01 -1.412109375000000000e+01
4.020270338161300305e-01 -7.847656250000000000e+00
4.046391850688180192e-01 -8.520507812500000000e+00
4.070340331175359427e-01 -2.529980468750000000e+01
4.093845040380368339e-01 -6.929687500000000000e+00
4.122352740255967873e-01 -1.912304687500000000e+01
4.151549006791994678e-01 -1.794726562500000000e+01
4.174956394953270866e-01 -2.345605468750000000e+01
4.202164363931006896e-01 3.015039062500000000e+01
4.224607434235896353e-01 -8.719726562500000000e+00
4.250730024768656357e-01 1.692187500000000000e+01
4.274673583761725570e-01 -5.669921875000000000e+00
4.298177055435483673e-01 -3.253125000000000000e+01
4.326692593554701816e-01 7.609375000000000000e+00
4.355885934573691110e-01 -1.900976562500000000e+01
4.379296152864200486e-01 -1.181640625000000000e-01
4.406505599152370500e-01 -4.408007812500000000e+01
4.428946030249154564e-01 6.125976562500000000e+00
4.456521111691946757e-01 -1.842968750000000000e+01
4.482907676241403294e-01 -9.680664062500000000e+00
4.508063769346437599e-01 -4.199218750000000000e+00
4.531031446918580841e-01 -2.438671875000000000e+01
4.560223860107455174e-01 -2.194726562500000000e+01
4.579103730051494736e-01 -2.305468750000000000e+01
4.610848829659590642e-01 2.615234375000000000e+00
4.633283121667137738e-01 -2.297070312500000000e+01
4.660854527223383670e-01 6.666015625000000000e+00
4.687244000446035841e-01 -5.830078125000000000e+00
4.712399434058271996e-01 -2.085546875000000000e+01
4.735751758277257917e-01 -9.265625000000000000e+00
4.768046317159386760e-01 -1.859960937500000000e+01
4.792502970443557331e-01 2.027539062500000000e+01
4.817169725040821859e-01 1.020996093750000000e+01
4.844507991548860915e-01 -9.375000000000000000e+00
4.865188940506888216e-01 -2.624414062500000000e+01
4.892863559533808804e-01 -9.679687500000000000e+00
4.922292103740710800e-01 -1.244531250000000000e+01
4.945480439084430913e-01 -2.119335937500000000e+01
4.974889089040606116e-01 1.751464843750000000e+01
4.996838853979816975e-01 6.105468750000000000e+00
5.021506747155308759e-01 -1.449316406250000000e+01
5.048839802877163052e-01 -6.673828125000000000e+00
5.069521349118550901e-01 5.035156250000000000e+00
5.095915138402880018e-01 -1.074316406250000000e+01
5.126631415780957823e-01 1.123437500000000000e+01
5.149821013612463361e-01 -1.504199218750000000e+01
5.176730369686337596e-01 3.994140625000000000e+00
5.201173732924608828e-01 -3.200585937500000000e+01
5.227816026579348296e-01 -4.316406250000000000e-01
5.253910504504264445e-01 -4.873242187500000000e+01
5.273854755336762068e-01 -1.646679687500000000e+01
5.300251453257907031e-01 -2.027636718750000000e+01
5.330969725412524340e-01 -1.682617187500000000e+01
5.354161085808382126e-01 -1.137402343750000000e+01
5.381073891304621881e-01 4.625000000000000000e+00
5.405510609483563655e-01 -1.495507812500000000e+01
5.432149837995638997e-01 -3.410937500000000000e+01
5.458990960571181716e-01 2.130078125000000000e+01
5.478189159307040867e-01 -2.568359375000000000e+01
5.505884178954958408e-01 1.783398437500000000e+01
5.536771281325572058e-01 7.421875000000000000e-02
5.558500653380260559e-01 -1.929687500000000000e+01
5.587904210166105834e-01 2.433593750000000000e+00
5.612922515992357919e-01 -2.373046875000000000e-01
5.636484647018478178e-01 -4.484375000000000000e+00
5.663330521667457873e-01 -6.435546875000000000e+00
5.692990567055038476e-01 6.437500000000000000e+00
5.721429645054838531e-01 -2.881445312500000000e+01
5.745581178652443555e-01 -1.826171875000000000e+01
5.767831949339696784e-01 6.257812500000000000e+00
5.794727224038904723e-01 6.265625000000000000e+00
5.820331741456290509e-01 -4.966796875000000000e+00
5.840817453770541512e-01 4.318359375000000000e+00
5.867672078195109719e-01 -4.403906250000000000e+01
5.897329260929926598e-01 -3.204687500000000000e+01
5.925766336586191230e-01 2.160156250000000000e+00
5.949919896938169472e-01 -1.490136718750000000e+01
5.972168228760810216e-01 -2.778710937500000000e+01
5.999061438179449368e-01 -2.583984375000000000e+01
6.024662929962620872e-01 -1.717382812500000000e+01
6.045151255873606466e-01 -3.902343750000000000e+00
6.072012632386840636e-01 4.058593750000000000e+00
6.101668950155816340e-01 -1.454296875000000000e+01
6.130104023395785973e-01 -3.453320312500000000e+01
6.154258610603662305e-01 -6.096679687500000000e+00
6.176503503517696281e-01 1.607421875000000000e+00
6.203395650064447153e-01 2.078320312500000000e+01
6.229205379604634274e-01 -1.082031250000000000e+01
6.254394492169474962e-01 -2.994042968750000000e+01
6.282169591156796518e-01 -2.932421875000000000e+01
6.307198354913350347e-01 3.721679687500000000e+00
6.334439705606298432e-01 4.894531250000000000e+00
6.361589893698798015e-01 -2.055664062500000000e+01
6.383809219858174178e-01 -1.490527343750000000e+01
6.407729857292832065e-01 -1.625976562500000000e+01
6.433542922131989528e-01 -3.225976562500000000e+01
6.458730425255005958e-01 -1.026367187500000000e+01
6.486508910764039459e-01 -8.182617187500000000e+00
6.510345319198767022e-01 -4.338281250000000000e+01
6.538776387824425385e-01 -4.222851562500000000e+01
6.568305302471093565e-01 -9.417968750000000000e+00
6.591117902461052225e-01 -2.302734375000000000e+01
6.612065062127765458e-01 9.697265625000000000e+00
6.637878459914743345e-01 1.336035156250000000e+01
6.663067354819312005e-01 1.113378906250000000e+01
6.696662172765450727e-01 1.029296875000000000e+00
6.720571082862529799e-01 -8.193359375000000000e-01
6.745775719992612718e-01 -1.890136718750000000e+01
6.772637119692921370e-01 -1.900976562500000000e+01
6.795459138846569047e-01 -3.947265625000000000e+00
6.816398262363616567e-01 -3.375195312500000000e+01
6.842439334609742296e-01 -3.556640625000000000e+01
6.872320130223030787e-01 -2.024414062500000000e+01
6.900998255444670271e-01 -3.164062500000000000e+00
6.924910634099883389e-01 -1.994433593750000000e+01
6.950114839911198938e-01 -1.880566406250000000e+01
6.976970433360951684e-01 -3.538183593750000000e+01
7.000120740415973764e-01 -1.171972656250000000e+01
7.025321041075318629e-01 1.617773437500000000e+01
7.046780226405906511e-01 -1.136914062500000000e+01
7.076659189642029446e-01 -3.444531250000000000e+01
7.105335335803197871e-01 -6.542968750000000000e+00
7.132736985574696931e-01 -2.075781250000000000e+01
7.157120506273426663e-01 -2.422070312500000000e+01
7.181303744773435138e-01 -1.483886718750000000e+01
7.204457640294372744e-01 -3.365332031250000000e+01
7.229657857134685894e-01 -2.470019531250000000e+01
7.251120115793390219e-01 -1.725195312500000000e+01
7.280998248988268529e-01 -7.814453125000000000e+00
7.309673411439967516e-01 -1.779882812500000000e+01
7.337072003053721758e-01 -4.365234375000000000e+00
7.361463068556699518e-01 -3.336328125000000000e+01
7.385635552645657409e-01 -1.966210937500000000e+01
7.408795037884652324e-01 1.018066406250000000e+01
7.438587497401836224e-01 1.014843750000000000e+01
7.461484961550828299e-01 -2.445410156250000000e+01
7.486267637868955216e-01 -1.321289062500000000e+00
7.516376137195124318e-01 -1.915136718750000000e+01
7.541407018204440149e-01 -3.610156250000000000e+01
7.565804628576811020e-01 -3.585937500000000000e+00
7.589968858200994983e-01 -3.836718750000000000e+01
7.613437805164835481e-01 -2.807226562500000000e+01
7.643593972100719558e-01 -1.631054687500000000e+01
7.671846396266577273e-01 -5.722656250000000000e+00
7.691542308512793191e-01 -7.958984375000000000e+00
7.720715612144062323e-01 -3.144531250000000000e+00
7.745742031026852104e-01 4.865234375000000000e+00
7.770992509510055157e-01 -3.339843750000000000e+01
7.796672175495888979e-01 -3.275390625000000000e+00
7.817468323667804420e-01 -2.578417968750000000e+01
7.847935482062242674e-01 -1.059863281250000000e+01
7.876182867772971719e-01 -2.737890625000000000e+01
7.902685745258442029e-01 -1.947167968750000000e+01
7.927425547500099867e-01 -5.491601562500000000e+01
7.950078039127506102e-01 -2.783007812500000000e+01
7.975330265586766387e-01 2.705078125000000000e-01
8.001002176638696284e-01 1.292968750000000000e+00
8.022103920418999223e-01 -3.384765625000000000e+00
8.052276488527498888e-01 -2.064550781250000000e+01
8.080520336958674221e-01 -1.295312500000000000e+01
8.100228969834346593e-01 8.613281250000000000e+00
8.131768424177501231e-01 5.232617187500000000e+01
8.154412044957384254e-01 -1.664843750000000000e+01
8.180505746542006129e-01 -2.516406250000000000e+01
8.209150276330268170e-01 -5.580078125000000000e+00
8.232372718656655319e-01 -1.511914062500000000e+01
8.256618492635683371e-01 5.497070312500000000e+00
8.284858803750925205e-01 -1.742187500000000000e+00
8.311360838425845277e-01 -1.368164062500000000e+01
8.336110296117915652e-01 -2.280468750000000000e+01
8.358747046065504449e-01 -2.127539062500000000e+01
8.384837698805607253e-01 -4.447265625000000000e+00
8.413490071494100775e-01 -1.606835937500000000e+01
8.442644827818823750e-01 1.986328125000000000e+00
8.470548360413623357e-01 -2.155078125000000000e+01
8.493350751421604450e-01 2.171875000000000000e+01
8.515697882077166714e-01 7.287109375000000000e+00
8.541820990694488636e-01 1.107421875000000000e+01
8.565671658409812483e-01 -2.425781250000000000e+00
8.589171646355064915e-01 2.490234375000000000e+00
8.617828873562478620e-01 -1.444531250000000000e+01
8.646983690423168945e-01 -2.031250000000000000e+00
8.674884185742222087e-01 8.544921875000000000e+00
8.697692933026774931e-01 -3.768554687500000000e+01
8.720035422239835743e-01 -1.625585937500000000e+01
8.746158599578577331e-01 -8.829101562500000000e+00
8.770005341187172565e-01 6.893554687500000000e+00
8.793504591641361223e-01 2.785156250000000000e+00
8.822169664077312845e-01 4.012109375000000000e+01
8.851321548436046349e-01 2.252539062500000000e+01
8.879221006494582014e-01 -4.355468750000000000e+00
8.902035112376398551e-01 2.242773437500000000e+01
8.924373460114385370e-01 5.176757812500000000e+00
8.951856511680054140e-01 1.003125000000000000e+01
8.978296606904869748e-01 2.893554687500000000e+01
9.003447647039239943e-01 2.248828125000000000e+01
9.026931146842327447e-01 -2.764843750000000000e+01
9.055658404113002824e-01 1.493164062500000000e+01
9.083555822502340504e-01 6.398437500000000000e+00
9.106377289397715735e-01 -2.416015625000000000e+00
9.128710495616634280e-01 1.734375000000000000e+00
9.156189857435057533e-01 -1.011914062500000000e+01
9.182632864789148641e-01 7.788085937500000000e+00
9.207784240745342519e-01 1.099609375000000000e+01
9.231272947842155130e-01 1.678613281250000000e+01
9.261789817528998103e-01 2.359082031250000000e+01
9.287892636269781121e-01 1.729687500000000000e+01
9.312606557698837051e-01 2.395410156250000000e+01
9.339807145626517482e-01 -1.321484375000000000e+01
9.360524198468302970e-01 -9.744140625000000000e+00
9.386968120301126817e-01 2.204492187500000000e+01
9.417736255502768827e-01 2.008984375000000000e+01
9.440962976979871968e-01 1.605175781250000000e+01
9.467923855019106938e-01 9.759765625000000000e+00
9.492228447701300809e-01 -6.578125000000000000e+00
9.516943518149583170e-01 3.055957031250000000e+01
9.544139889514307029e-01 3.439062500000000000e+01
9.564856537230772560e-01 2.977148437500000000e+01
9.591303873488605802e-01 2.305371093750000000e+01
9.617963309768038371e-01 2.982714843750000000e+01
9.645302493329008797e-01 2.390136718750000000e+01
9.672266329990888423e-01 8.494140625000000000e+01
9.696563254468593129e-01 3.639062500000000000e+01
9.723160143746754080e-01 1.141601562500000000e+01
9.749306881710171346e-01 2.810742187500000000e+01
9.769189871344243770e-01 8.808593750000000000e+00
9.795640122059658950e-01 1.858789062500000000e+01
9.826412737468581682e-01 2.986132812500000000e+01
9.854557913346897458e-01 4.583789062500000000e+01
9.876609800386431104e-01 2.682421875000000000e+01
9.900900058850048424e-01 2.843750000000000000e+01
9.927493882985545248e-01 3.538671875000000000e+01
9.954483633002464416e-01 2.269726562500000000e+01
9.978813330594957787e-01 3.095117187500000000e+01
1.000136893754542289e+00 3.355078125000000000e+01
1.003226388972842775e+00 3.019238281250000000e+01
1.005398302130933175e+00 2.610156250000000000e+01
1.008334865060178220e+00 8.392187500000000000e+01
1.010827146214007266e+00 4.317773437500000000e+01
1.013182662221672192e+00 3.603710937500000000e+01
1.015882312897891993e+00 3.516796875000000000e+01
1.018844208441450849e+00 2.968750000000000000e+01
1.021683707826023912e+00 4.318554687500000000e+01
1.024103331297673947e+00 3.500781250000000000e+01
1.026323033707459143e+00 4.454687500000000000e+01
1.029008017945754361e+00 1.657031250000000000e+01
1.031564018664078208e+00 5.370117187500000000e+01
1.033616135447820827e+00 4.291601562500000000e+01
1.036316462497060442e+00 7.099609375000000000e+01
1.039278070836744394e+00 6.860546875000000000e+01
1.042117369754133271e+00 3.927343750000000000e+01
1.044537146955853757e+00 4.822167968750000000e+01
1.046756654431820532e+00 7.110546875000000000e+01
1.049441432149334830e+00 8.794335937500000000e+01
1.051997130769898536e+00 2.711718750000000000e+01
1.054049508665932056e+00 4.518164062500000000e+01
1.056750511855360841e+00 2.353125000000000000e+01
1.059711833005721804e+00 4.078125000000000000e+01
1.062550931223095851e+00 4.456250000000000000e+01
1.064971062269187030e+00 3.213671875000000000e+01
1.067190274916075321e+00 4.231445312500000000e+01
1.069874845887254011e+00 6.305664062500000000e+01
1.072460961488114428e+00 5.832519531250000000e+01
1.074979529082930485e+00 5.700195312500000000e+01
1.077762390943252990e+00 8.459960937500000000e+01
1.080269813457279016e+00 4.994628906250000000e+01
1.082984692460750686e+00 4.657617187500000000e+01
1.085695071770179876e+00 2.888476562500000000e+01
1.087926213067266668e+00 5.583593750000000000e+01
1.090308259385066592e+00 5.418164062500000000e+01
1.092894709214315974e+00 4.825097656250000000e+01
1.095413215287272424e+00 6.836230468750000000e+01
1.098196316148250640e+00 2.578222656250000000e+01
1.100828035354213696e+00 7.379882812500000000e+01
1.103689713780194870e+00 4.625781250000000000e+01
1.106362656618305129e+00 4.338964843750000000e+01
1.108662649243204790e+00 7.703906250000000000e+01
1.110741772658085935e+00 8.288867187500000000e+01
1.113328306597405337e+00 4.943359375000000000e+01
1.115846901495252341e+00 5.403906250000000000e+01
1.119207724165180995e+00 7.360156250000000000e+01
1.121603001525954380e+00 7.676464843750000000e+01
1.124123569721714011e+00 5.383300781250000000e+01
1.126795981353072795e+00 6.464160156250000000e+01
1.129096667052952974e+00 3.600781250000000000e+01
1.131175185690237228e+00 6.101171875000000000e+01
1.133793831566007437e+00 6.060546875000000000e+01
1.136777976638704502e+00 2.925195312500000000e+01
1.139641425441669131e+00 4.002148437500000000e+01
1.142036950596093003e+00 3.544335937500000000e+01
1.144557575198714039e+00 4.355859375000000000e+01
1.147229255974682394e+00 4.532714843750000000e+01
1.149553336512627144e+00 9.013085937500000000e+01
1.152073078567055431e+00 7.997851562500000000e+01
1.154228014685512616e+00 4.001562500000000000e+01
1.157309251582781640e+00 8.994531250000000000e+01
1.160075126259771938e+00 5.791210937500000000e+01
1.162810755004767493e+00 6.568359375000000000e+01
1.165263526967617924e+00 1.809375000000000000e+01
1.167662530239770069e+00 4.682910156250000000e+01
1.169986969984466274e+00 4.493359375000000000e+01
1.172506853305249619e+00 4.200878906250000000e+01
1.174662097345871015e+00 6.647851562500000000e+01
1.177743415675657657e+00 1.600000000000000000e+01
1.180508926845805551e+00 7.542578125000000000e+01
1.183244249767750667e+00 3.161914062500000000e+01
1.185697677614524270e+00 2.968164062500000000e+01
1.188329266947706131e+00 3.188085937500000000e+01
1.190420653332994849e+00 8.472753906250000000e+01
1.193405533146005393e+00 6.161132812500000000e+01
1.195694671818354982e+00 6.266601562500000000e+01
1.198664783771682174e+00 6.506347656250000000e+01
1.201184492469482779e+00 2.786425781250000000e+01
1.203677744057796595e+00 7.015625000000000000e+01
1.206131927789254821e+00 4.375195312500000000e+01
1.208529077736759438e+00 3.446386718750000000e+01
1.210875536923424534e+00 3.469335937500000000e+01
1.213910710052303665e+00 4.609472656250000000e+01
1.216727104031315676e+00 3.726171875000000000e+01
1.219098765903772197e+00 3.913085937500000000e+01
1.221618383684844433e+00 5.185449218750000000e+01
1.223772543739186869e+00 2.801953125000000000e+01
1.226641197358413038e+00 4.315722656250000000e+01
1.229195355528220901e+00 5.575585937500000000e+01
1.231308785809972051e+00 6.149609375000000000e+01
1.234344855456882550e+00 3.236523437500000000e+01
1.237160844190521303e+00 3.030273437500000000e+01
1.239921452520367229e+00 3.540234375000000000e+01
1.242294722604572854e+00 4.654296875000000000e+01
1.244206491412341631e+00 3.120312500000000000e+01
1.247074916570136693e+00 4.250976562500000000e+00
1.249628449124005058e+00 7.804687500000000000e+00
1.251742034470964882e+00 3.021093750000000000e+01
1.254779000628630792e+00 2.585351562500000000e+01
1.257594483890580150e+00 4.067968750000000000e+01
1.260354987097390467e+00 6.078515625000000000e+01
1.262729004677101585e+00 3.295312500000000000e+01
1.264978224847010502e+00 2.516210937500000000e+01
1.267508735429737854e+00 3.255566406250000000e+01
1.270262076998780021e+00 3.478417968750000000e+01
1.272774653922980503e+00 4.608593750000000000e+01
1.275213195571567093e+00 4.333886718750000000e+01
1.278028323592161897e+00 3.608593750000000000e+01
1.280788521674413705e+00 9.226562500000000000e+00
1.283163086289722088e+00 1.697656250000000000e+01
1.285411717747348526e+00 3.097460937500000000e+01
1.288016282164910375e+00 2.994531250000000000e+01
1.290896484274134615e+00 3.469531250000000000e+01
1.293807804461694300e+00 1.855273437500000000e+01
1.296593672704485556e+00 1.750976562500000000e+01
1.298887918663975238e+00 1.970703125000000000e+01
1.301222055778499698e+00 3.465625000000000000e+01
1.303724823484090134e+00 2.027246093750000000e+01
1.306100241175310872e+00 5.202148437500000000e+00
1.308449569941451340e+00 2.293750000000000000e+01
1.311330457038429209e+00 1.969140625000000000e+01
1.313641680931042499e+00 3.389550781250000000e+01
1.317027248026871433e+00 3.491406250000000000e+01
1.319322231477424889e+00 2.648437500000000000e+00
1.321655589424200361e+00 2.284960937500000000e+01
1.324158628082814371e+00 -2.557617187500000000e+00
1.326533552576886210e+00 -1.355078125000000000e+01
1.328882957478647153e+00 1.738671875000000000e+01
1.331764529563378652e+00 1.142187500000000000e+01
1.334675462320747297e+00 2.901367187500000000e+01
1.337460822876320066e+00 2.754687500000000000e+01
1.339756444057282447e+00 2.470312500000000000e+01
1.342089122837070381e+00 1.651367187500000000e+01
1.344719134712661024e+00 5.171484375000000000e+01
1.347368360223637040e+00 -8.036132812500000000e+00
1.349883098689325545e+00 1.325488281250000000e+01
1.352198501862011959e+00 2.013867187500000000e+01
1.355109140903523635e+00 2.199609375000000000e+01
1.357894397267383368e+00 2.494531250000000000e+01
1.360190556396271955e+00 -1.082421875000000000e+01
1.362522656009833799e+00 8.595703125000000000e+00
1.365152362062374003e+00 -1.539062500000000000e+01
1.367801829491664733e+00 2.445703125000000000e+01
1.370883970748118408e+00 2.581054687500000000e+01
1.373210380300596611e+00 -8.260742187500000000e+00
1.376143822426101782e+00 4.189453125000000000e+00
1.378327971425616028e+00 2.165039062500000000e+01
1.380804150974008770e+00 2.851562500000000000e+01
1.383233384729112059e+00 3.027343750000000000e+00
1.385585689187293745e+00 1.233789062500000000e+01
1.388235498521108724e+00 -2.188574218750000000e+01
1.391317788447204329e+00 -6.179687500000000000e+00
1.393644376580786215e+00 1.674804687500000000e+00
1.396345872334793903e+00 1.592968750000000000e+01
1.398761645344503535e+00 1.245117187500000000e+01
1.401237940729779474e+00 8.386718750000000000e+00
1.403666784788230926e+00 -1.111328125000000000e+01
1.406019115847313650e+00 -2.039257812500000000e+01
1.408669067207821257e+00 1.668457031250000000e+01
1.411751505912698157e+00 -4.199218750000000000e-01
1.414078372740922518e+00 -9.931640625000000000e-01
1.416780114251312561e+00 2.235546875000000000e+01
1.419195118803482814e+00 4.246289062500000000e+01
1.421850168471584741e+00 1.932617187500000000e+01
1.424470182700761978e+00 4.362792968750000000e+01
1.426986920133941572e+00 1.746777343750000000e+01
1.429102585774099765e+00 -2.489941406250000000e+01
1.432185423139608282e+00 -1.475585937500000000e+01
1.434512368551812855e+00 -1.809570312500000000e+01
1.437214456161316711e+00 6.228515625000000000e+00
1.439628692030392898e+00 1.038085937500000000e+01
1.442283635411305998e+00 1.444335937500000000e+01
1.444810082703200216e+00 -3.206445312500000000e+01
1.447420511288811218e+00 4.670898437500000000e+00
1.449685229442265300e+00 5.792968750000000000e+00
1.452931797798962865e+00 3.353515625000000000e+00
1.455429100183838198e+00 2.558593750000000000e+00
1.457879172664988676e+00 2.192382812500000000e+00
1.460361885523463465e+00 -5.963867187500000000e+00
1.462716901876567110e+00 -2.433007812500000000e+01
1.465243249407806481e+00 2.330078125000000000e+01
1.468389210227187380e+00 -1.290820312500000000e+01
1.471224193512180811e+00 -3.046679687500000000e+01
1.473648410153991506e+00 -2.289453125000000000e+01
1.475862614155349473e+00 -2.417187500000000000e+01
1.478543154937225879e+00 1.669726562500000000e+01
1.481094511848362050e+00 8.646484375000000000e+00
1.483150268117034987e+00 4.195312500000000000e+00
1.485676515873067594e+00 -4.425000000000000000e+01
1.488823065644837573e+00 8.212890625000000000e+00
1.491657948230577624e+00 -2.884960937500000000e+01
1.494082269642539984e+00 -9.584960937500000000e+00
1.496296327655446401e+00 2.861328125000000000e+00
1.498976561915780437e+00 1.079101562500000000e+01
1.501527816970785967e+00 -1.961523437500000000e+01
1.503583734125433669e+00 3.076171875000000000e+00
1.506109581878420478e+00 7.384765625000000000e+00
1.509385536759226598e+00 -1.051660156250000000e+01
1.512091602715382344e+00 -3.835937500000000000e+00
1.514516128785480475e+00 -2.671484375000000000e+01
1.516729940929227194e+00 -1.490625000000000000e+01
1.519409968668780309e+00 -2.376953125000000000e+00
1.522001242399720233e+00 -2.241210937500000000e+00
1.524519556096357364e+00 6.537109375000000000e+00
1.527212316587112317e+00 4.429687500000000000e+00
1.529819663475508351e+00 -1.198828125000000000e+01
1.532525256727249818e+00 -1.326953125000000000e+01
1.535231095606297114e+00 -7.123046875000000000e+00
1.537471309793336127e+00 -1.747558593750000000e+01
1.539843374956118893e+00 9.224609375000000000e+00
1.542434883613178265e+00 -4.304687500000000000e+01
1.545557427038155351e+00 -2.811328125000000000e+01
1.548315480293541047e+00 -1.525000000000000000e+01
1.550382749437419605e+00 -9.484375000000000000e+00
1.553235725650747190e+00 -1.326660156250000000e+01
1.555894781417894057e+00 -3.981738281250000000e+01
1.558213277847106504e+00 -9.775390625000000000e+00
1.560276781003350877e+00 -9.296875000000000000e-01
1.562868574586910420e+00 -1.880664062500000000e+01
1.565889799263395332e+00 -2.931640625000000000e+00
1.568995389140044994e+00 -5.112304687500000000e+00
1.571148816127105885e+00 -1.221484375000000000e+01
1.573669575185785652e+00 -7.158203125000000000e-01
1.576327949403068862e+00 -1.918164062500000000e+01
1.578647289843364554e+00 -3.471679687500000000e+01
1.580710286592958980e+00 1.683398437500000000e+01
1.583343695554075392e+00 -2.729101562500000000e+01
1.586425695320948348e+00 -1.354589843750000000e+01
1.589429375117478616e+00 2.551269531250000000e+01
1.591582809027613177e+00 -1.004980468750000000e+01
1.594103524372339598e+00 -2.989257812500000000e+01
1.596761267032863918e+00 -1.764843750000000000e+01
1.599094406836530258e+00 -2.185644531250000000e+01
1.601613950872134096e+00 -1.624218750000000000e+01
1.603777872627259793e+00 -2.617968750000000000e+01
1.606859754057958112e+00 9.503906250000000000e+00
1.609616562251476868e+00 7.794921875000000000e+00
1.612347560577046757e+00 -1.968750000000000000e+01
1.614814976656060441e+00 1.568359375000000000e+00
1.617194584437104288e+00 -2.918750000000000000e+01
1.619528034021942009e+00 7.505859375000000000e+00
1.622047668741443571e+00 -7.965820312500000000e+00
1.624211949459576143e+00 -4.024414062500000000e+01
1.627293862555241999e+00 -5.120800781250000000e+01
1.630297296133366602e+00 2.298437500000000000e+01
1.632781048115004019e+00 -9.218750000000000000e+00
1.635249021248608603e+00 -2.471875000000000000e+01
1.637398428900643577e+00 4.648437500000000000e-01
1.639961710858488519e+00 -2.416210937500000000e+01
1.642952170807120194e+00 2.758593750000000000e+01
1.645835579722779940e+00 -7.855468750000000000e+00
1.648211378646528225e+00 3.467773437500000000e+00
1.650978513844609807e+00 -3.619335937500000000e+01
1.653214634962506757e+00 -2.239843750000000000e+01
1.655683265835403706e+00 -1.115039062500000000e+01
1.658061068305844321e+00 -3.850000000000000000e+01
1.660407040119764588e+00 1.397265625000000000e+01
1.663461951702928099e+00 -1.002246093750000000e+01
1.666269312897066257e+00 -2.740429687500000000e+01
1.668645254724260063e+00 -1.362109375000000000e+01
1.671412590800617437e+00 5.914062500000000000e+00
1.673648021808486597e+00 -1.078125000000000000e+01
1.676183102678487913e+00 -1.522558593750000000e+01
1.678723449625552533e+00 -1.220507812500000000e+01
1.680840182027907304e+00 -4.279296875000000000e+00
1.683896091519571536e+00 -1.190625000000000000e+01
1.686703146079389981e+00 -1.317187500000000000e+01
1.689079230686338029e+00 -1.146972656250000000e+01
1.691846767284449271e+00 6.001953125000000000e+00
1.694081508182290641e+00 -9.482421875000000000e+00
1.696616765479712186e+00 -3.044335937500000000e+01
1.698927700782380645e+00 -1.075781250000000000e+01
1.701273523704742274e+00 5.533203125000000000e+00
1.704330231223437631e+00 3.927734375000000000e+00
1.707136778794529519e+00 -1.167578125000000000e+01
1.709513106418461881e+00 -7.178710937500000000e+00
1.712281043776318512e+00 -3.722460937500000000e+01
1.714515094331301448e+00 1.345703125000000000e+00
1.717050578056523946e+00 8.705078125000000000e+00
1.719799787289094883e+00 6.749023437500000000e+00
1.722312032313212837e+00 -4.001953125000000000e+00
1.724764370687197124e+00 -7.190429687500000000e+00
1.726976420015571057e+00 -8.632812500000000000e+00
1.729947081798463238e+00 -6.747070312500000000e+00
1.732715119793727609e+00 3.125000000000000000e-01
1.734948580013889519e+00 -3.557617187500000000e+01
1.737548639624157953e+00 -2.449218750000000000e+01
1.740444017518320230e+00 -1.107421875000000000e+00
1.743351072015657532e+00 -2.229492187500000000e+01
1.746132350351555118e+00 0.000000000000000000e+00
1.748440642983776439e+00 2.414062500000000000e+01
1.750381006945253226e+00 -4.266601562500000000e+00
1.753267457967895293e+00 -1.497070312500000000e+01
1.755633017955271713e+00 -2.520214843750000000e+01
1.757981920408503651e+00 -1.131640625000000000e+01
1.760928621330684285e+00 -6.106445312500000000e+00
1.763784744071899890e+00 -3.906250000000000000e-02
1.766565918448915085e+00 -3.675195312500000000e+01
1.768874950434845328e+00 -4.628906250000000000e+00
1.770814881746054503e+00 1.087304687500000000e+01
1.773701256400245452e+00 1.375976562500000000e+00
1.776066372263169102e+00 -1.973925781250000000e+01
1.778415300968056112e+00 -2.284375000000000000e+01
1.781311949768286773e+00 -4.091015625000000000e+01
1.784218615904110461e+00 -1.483007812500000000e+01
1.786999486087889721e+00 4.304687500000000000e+00
1.789479940115861645e+00 -1.714843750000000000e+00
1.791248856311148607e+00 -2.640234375000000000e+01
1.794252162018394436e+00 -3.530859375000000000e+01
1.796906866329091912e+00 -7.666015625000000000e-01
1.799421279122917605e+00 2.011718750000000000e-01
1.801745815546900609e+00 2.338281250000000000e+01
1.804652387495452981e+00 -1.870703125000000000e+01
1.807433053261203071e+00 -1.589648437500000000e+01
1.809743264417928099e+00 -1.208984375000000000e+00
1.811682780643031343e+00 -1.449804687500000000e+01
1.814685582159156318e+00 -2.073437500000000000e+01
1.817340379191019650e+00 -2.051269531250000000e+01
1.820427888365238722e+00 -7.605468750000000000e+00
1.822758289740894710e+00 -4.047558593750000000e+01
1.825465006431048032e+00 2.741406250000000000e+01
1.827866620194409819e+00 5.582031250000000000e+00
1.830347557753420951e+00 5.066406250000000000e+00
1.832493926433973019e+00 2.248632812500000000e+01
1.835118902066326108e+00 1.667968750000000000e+00
1.837773991591685530e+00 -6.452148437500000000e+00
1.840861799305721469e+00 -4.691406250000000000e+00
1.843192280429510888e+00 -3.850585937500000000e+00
1.845899243690953817e+00 -1.242382812500000000e+01
1.848300286902823331e+00 -1.239648437500000000e+01
1.850781291109606208e+00 -2.541113281250000000e+01
1.852927451690494554e+00 -3.350195312500000000e+01
1.855552121732627846e+00 -1.855664062500000000e+01
1.858207553868279405e+00 2.345703125000000000e+00
1.861295509786295987e+00 -1.513085937500000000e+01
1.863626320652846502e+00 -8.487304687500000000e+00
1.866333480485198315e+00 -1.260546875000000000e+01
1.868733853137538148e+00 -2.569726562500000000e+01
1.871384265175740413e+00 2.857031250000000000e+01
1.873906719189265324e+00 -9.257812500000000000e-01
1.876525951912782153e+00 -1.049316406250000000e+01
1.878482808267884163e+00 -4.980468750000000000e-01
1.881729420035562761e+00 -1.601562500000000000e+00
1.884060260879058646e+00 -3.092578125000000000e+01
1.886767717039336212e+00 1.494140625000000000e+01
1.889167319145936830e+00 3.341796875000000000e+00
1.891817724890435759e+00 -2.693164062500000000e+01
1.894339779366576160e+00 -2.394140625000000000e+01
1.896959536082732489e+00 -5.599609375000000000e+00
1.899233424507555501e+00 -1.695703125000000000e+01
1.902324516834932089e+00 -1.851464843750000000e+01
1.904968529524640797e+00 1.048828125000000000e+00
1.907423343485433964e+00 -1.194628906250000000e+01
1.909896469774986949e+00 5.086914062500000000e+00
1.912251084378814969e+00 1.164257812500000000e+01
1.914772939319093759e+00 -1.774609375000000000e+01
1.917933961378011976e+00 3.105468750000000000e-01
1.920764621580029363e+00 -5.128906250000000000e+00
1.923193353968535746e+00 -1.641601562500000000e+01
1.925402136039056966e+00 -2.951757812500000000e+01
