#Time Flux
-3.961358309257136057e+00 -6.970703125000000000e+00
-3.944551836089656760e+00 1.213867187500000000e+00
-3.929592873843789747e+00 -7.065429687500000000e+00
-3.914536439475718055e+00 -3.843750000000000000e+00
-3.897489961865872488e+00 -8.556640625000000000e+00
-3.880155163677176944e+00 2.500000000000000000e+00
-3.865416020147758758e+00 3.554687500000000000e-01
-3.849834033012378143e+00 -2.462890625000000000e+00
-3.833736727685522538e+00 -8.522460937500000000e+00
-3.818677719831072181e+00 -2.556640625000000000e+00
-3.801517753619689799e+00 1.302734375000000000e+00
-3.786564804370714299e+00 -2.987304687500000000e+00
-3.771202180677448723e+00 -6.482421875000000000e+00
-3.754437188549403004e+00 -8.304687500000000000e+00
-3.737122545068036317e+00 -1.044921875000000000e+00
-3.722544440930063203e+00 -8.027343750000000000e-01
-3.706976969258969135e+00 -3.509765625000000000e+00
-3.690474837823032317e+00 -7.451171875000000000e+00
-3.675346215421413376e+00 -5.507812500000000000e-01
-3.658639612343446146e+00 1.744140625000000000e+00
-3.643702136083792453e+00 6.816406250000000000e-01
-3.628478276823820181e+00 2.517578125000000000e+00
-3.611416020532701054e+00 -4.486328125000000000e+00
-3.594739434606749384e+00 1.649414062500000000e+00
-3.580474606132558080e+00 -7.714843750000000000e-01
-3.564049766102176164e+00 -1.712890625000000000e+00
-3.547661933442345372e+00 -7.075195312500000000e+00
-3.532456166726554159e+00 -2.795898437500000000e+00
-3.515611071682993582e+00 2.160156250000000000e+00
-3.500674087358110143e+00 -8.085937500000000000e-01
-3.485449109346895114e+00 -1.650390625000000000e+00
-3.468375267545255269e+00 3.470703125000000000e+00
-3.451910441532163532e+00 4.606445312500000000e+00
-3.436971476735568132e+00 1.609375000000000000e+00
-3.421392587178480937e+00 1.747070312500000000e+00
-3.406540648514162939e+00 6.171875000000000000e-01
-3.389420447926461577e+00 4.836914062500000000e+00
-3.372620347936882368e+00 2.593750000000000000e+00
-3.357646040960734268e+00 -3.966796875000000000e+00
-3.342420051183957241e+00 1.353515625000000000e+00
-3.325645023278870127e+00 -3.646484375000000000e+00
-3.310162684449981185e+00 4.990234375000000000e-01
-3.294114048418336438e+00 1.490234375000000000e+00
-3.278323675130170756e+00 -2.285156250000000000e+00
-3.263507593704087384e+00 -1.087890625000000000e+01
-3.246384815790300138e+00 -5.217773437500000000e+00
-3.229553567265153191e+00 6.054687500000000000e-02
-3.215637113297660221e+00 -8.837890625000000000e+00
-3.199429136820407749e+00 2.189453125000000000e+00
-3.182604882959370940e+00 -3.423828125000000000e+00
-3.167252320933396703e+00 5.722656250000000000e-01
-3.151390461920740904e+00 -3.461914062500000000e+00
-3.135497038606240849e+00 -1.099609375000000000e+00
-3.120568726318975195e+00 -1.212890625000000000e+00
-3.103349020439857497e+00 -1.377929687500000000e+00
-3.086557262721308703e+00 1.250000000000000000e+00
-3.072606679691693543e+00 -4.273437500000000000e+00
-3.056397585510575610e+00 -1.376953125000000000e+00
-3.039687418957836229e+00 -4.902343750000000000e+00
-3.024210773851148559e+00 5.341796875000000000e+00
-3.008383923931457815e+00 -3.316406250000000000e+00
-2.992602821295641036e+00 1.007812500000000000e+00
-2.977538381650315813e+00 -8.523437500000000000e+00
-2.960313311826105576e+00 -4.859375000000000000e+00
-2.943525726483622762e+00 1.054687500000000000e+00
-2.929581249492567707e+00 -2.427734375000000000e+00
-2.913399228362617777e+00 -1.628906250000000000e+00
-2.896651686704498019e+00 -7.703125000000000000e+00
-2.881169333063365201e+00 3.162109375000000000e+00
-2.865347942898576861e+00 -3.291015625000000000e+00
-2.849574276989933708e+00 -1.746093750000000000e+00
-2.834508149795379239e+00 -4.224609375000000000e+00
-2.817277489932969559e+00 -8.134765625000000000e-01
-2.800951164853220376e+00 4.960937500000000000e-01
-2.786544328296823636e+00 1.978515625000000000e+00
-2.770365030346805924e+00 5.628906250000000000e+00
-2.754162492257556494e+00 -3.443359375000000000e+00
-2.738368645535743440e+00 4.902343750000000000e+00
-2.722683414903857013e+00 -1.018554687500000000e+00
-2.707486777623351770e+00 4.462890625000000000e+00
-2.691921558293600469e+00 1.998046875000000000e+00
-2.674355578655564614e+00 7.421875000000000000e-01
-2.657912219536999743e+00 1.703125000000000000e+00
-2.643508943873555950e+00 -2.511718750000000000e+00
-2.627330814410310467e+00 -3.359375000000000000e-01
-2.611377826198214791e+00 -1.927734375000000000e+00
-2.595748205609197612e+00 3.611328125000000000e+00
-2.580017832877537387e+00 -7.982421875000000000e+00
-2.565392809755827841e+00 -3.914062500000000000e+00
-2.548895838899838395e+00 -2.636718750000000000e+00
-2.531438808787038752e+00 -4.476562500000000000e+00
-2.514873260025385804e+00 -1.396484375000000000e+00
-2.501208333881443480e+00 -1.890625000000000000e+00
-2.484624088657493957e+00 -8.718750000000000000e+00
-2.468696384800709964e+00 -2.735351562500000000e+00
-2.452625575136488933e+00 2.998046875000000000e+00
-2.437415072083158663e+00 -3.843750000000000000e+00
-2.422454745443491930e+00 3.833984375000000000e+00
-2.405864203483574215e+00 3.061523437500000000e+00
-2.388274906053453606e+00 1.931640625000000000e+00
-2.372834766882505164e+00 -1.637695312500000000e+00
-2.358196027116424176e+00 2.622070312500000000e+00
-2.341637839988457870e+00 -5.812500000000000000e+00
-2.326014533854102950e+00 -1.849609375000000000e+00
-2.309699440442567919e+00 3.517578125000000000e+00
-2.294382402866094850e+00 -5.097656250000000000e-01
-2.279417932626774501e+00 -4.619140625000000000e-01
-2.262836330930227291e+00 -3.378906250000000000e-01
-2.245502128994917967e+00 3.868164062500000000e+00
-2.230501304192681999e+00 2.765625000000000000e+00
-2.215159151955663930e+00 6.114257812500000000e+00
-2.198641746424900845e+00 -9.101562500000000000e-01
-2.183735026569010529e+00 5.531250000000000000e+00
-2.166877535395608234e+00 8.504882812500000000e+00
-2.151958548708494234e+00 5.523437500000000000e+00
-2.136681161243055627e+00 1.900390625000000000e+00
-2.119798077289217986e+00 3.496093750000000000e-01
-2.102476331599252291e+00 7.312500000000000000e+00
-2.088094313984527162e+00 2.714843750000000000e-01
-2.072122175397158372e+00 -6.640625000000000000e-02
-2.055569084760996645e+00 3.593750000000000000e-01
-2.040797425940475307e+00 -1.367187500000000000e-02
-2.024037599016574873e+00 5.950195312500000000e+00
-2.008930492215727170e+00 8.632812500000000000e-01
-1.993344200589735493e+00 6.523437500000000000e-01
-1.976547092193213118e+00 2.007812500000000000e+00
-1.959445681464064393e+00 1.613281250000000000e+00
-1.945066118058946358e+00 1.765625000000000000e+00
-1.929063655975262748e+00 2.234375000000000000e+00
-1.912563211906590510e+00 3.328125000000000000e+00
-1.897850764249056965e+00 3.001953125000000000e+00
-1.881215144256399796e+00 6.895507812500000000e+00
-1.866067471914337972e+00 4.226562500000000000e+00
-1.850217312672135961e+00 6.183593750000000000e+00
-1.833516520514676174e+00 -4.345703125000000000e-01
-1.818717748763397424e+00 8.186523437500000000e+00
-1.802390586883333867e+00 2.589843750000000000e+00
-1.786048218329302273e+00 7.227539062500000000e+00
-1.769500325866452783e+00 -3.961914062500000000e+00
-1.754955367702473623e+00 7.148437500000000000e+00
-1.738376143807588647e+00 8.011718750000000000e+00
-1.722874431409723073e+00 -1.016601562500000000e+00
-1.707270510400366703e+00 6.301757812500000000e+00
-1.690901968845086145e+00 3.007812500000000000e-01
-1.675286343298605374e+00 1.044921875000000000e+00
-1.659062963432170079e+00 2.201171875000000000e+00
-1.643011187815933027e+00 8.681640625000000000e+00
-1.626709238387022083e+00 1.152343750000000000e+00
-1.612067923253693635e+00 8.431640625000000000e+00
-1.595141943597097267e+00 1.075292968750000000e+01
-1.579846326957481395e+00 -4.661132812500000000e+00
-1.564233637222304907e+00 -8.496093750000000000e-01
-1.548196206628393412e+00 4.693359375000000000e+00
-1.533167985331601813e+00 6.152343750000000000e+00
-1.516167193735970642e+00 2.473632812500000000e+00
-1.500415607705420484e+00 7.424804687500000000e+00
-1.484502373865817404e+00 8.083984375000000000e+00
-1.469035449821735284e+00 3.800781250000000000e+00
-1.452298126748107876e+00 8.751953125000000000e+00
-1.436983409214352747e+00 2.847656250000000000e+00
-1.421744604089703046e+00 5.976562500000000000e+00
-1.404993476306625411e+00 1.806640625000000000e+00
-1.390008625829739941e+00 6.156250000000000000e+00
-1.373433633634556728e+00 4.553710937500000000e+00
-1.357376871907675309e+00 1.132910156250000000e+01
-1.341968373550084692e+00 9.929687500000000000e+00
-1.325689235683427114e+00 1.132421875000000000e+01
-1.308881872585967443e+00 1.308007812500000000e+01
-1.293955291810906516e+00 1.087500000000000000e+01
-1.278715575387117553e+00 1.134570312500000000e+01
-1.261957718965785347e+00 4.016601562500000000e+00
-1.246692750369916780e+00 1.312304687500000000e+01
-1.230564341290520503e+00 3.837890625000000000e+00
-1.214796351762194249e+00 1.067968750000000000e+01
-1.200093918779030489e+00 1.031542968750000000e+01
-1.182809800201335193e+00 1.038378906250000000e+01
-1.165844347283915283e+00 1.565625000000000000e+01
-1.151790291826932489e+00 4.901367187500000000e+00
-1.135687257242688375e+00 6.838867187500000000e+00
-1.119101531391255122e+00 9.220703125000000000e+00
-1.103942042624783682e+00 1.066210937500000000e+01
-1.087353570408447823e+00 1.900390625000000000e+00
-1.071767924519368975e+00 1.035449218750000000e+01
-1.057062741100535774e+00 5.855468750000000000e+00
-1.039773389079323707e+00 1.078808593750000000e+01
-1.022824219425725545e+00 1.159960937500000000e+01
-1.008750861466273463e+00 7.838867187500000000e+00
-9.926576435868028625e-01 5.882812500000000000e+00
-9.763632962764958734e-01 9.861328125000000000e+00
-9.610091740232746815e-01 1.455859375000000000e+01
-9.444880056248088351e-01 4.957031250000000000e+00
-9.287396523926840786e-01 1.551855468750000000e+01
-9.142491758322961459e-01 6.896484375000000000e+00
-8.967369799873043945e-01 9.926757812500000000e+00
-8.801420227945051522e-01 1.184960937500000000e+01
-8.657639902612892513e-01 1.007617187500000000e+01
-8.499940868565190044e-01 1.241894531250000000e+01
-8.346977419040992885e-01 1.184082031250000000e+01
-8.180542432367694516e-01 1.279199218750000000e+01
-8.014498645056313819e-01 1.041406250000000000e+01
-7.866078284780311236e-01 1.279492187500000000e+01
-7.712130524630680384e-01 8.980468750000000000e+00
-7.537006232821799045e-01 1.373144531250000000e+01
-7.379415269561988566e-01 9.161132812500000000e+00
-7.227263460798241113e-01 6.311523437500000000e+00
-7.069597493787895814e-01 7.170898437500000000e+00
-6.916916523200224987e-01 1.625976562500000000e+01
-6.751097370348801974e-01 1.842382812500000000e+01
-6.584593378140510822e-01 1.063085937500000000e+01
-6.446347889245558349e-01 1.340429687500000000e+01
-6.281806254735471384e-01 1.191015625000000000e+01
-6.106642189704647450e-01 1.270214843750000000e+01
-5.949012034571907748e-01 1.386035156250000000e+01
-5.796896517004235250e-01 1.694140625000000000e+01
-5.640589590932147956e-01 9.665039062500000000e+00
-5.490905313257457010e-01 1.943945312500000000e+01
-5.320804415665847387e-01 1.772265625000000000e+01
-5.154222921666899992e-01 8.843750000000000000e+00
-5.015995260650711884e-01 1.178515625000000000e+01
-4.851606350682260427e-01 1.959765625000000000e+01
-4.682775565780090687e-01 1.327539062500000000e+01
-4.529324814509330110e-01 1.358203125000000000e+01
-4.366522342341596641e-01 1.662500000000000000e+01
-4.213992299802313823e-01 1.690625000000000000e+01
-4.065096277464768093e-01 1.621679687500000000e+01
-3.893736025125562605e-01 1.757812500000000000e+01
-3.723852967525402846e-01 8.671875000000000000e+00
-3.564608957776478348e-01 2.170312500000000000e+01
-3.421299768931049812e-01 9.488281250000000000e+00
-3.258792985433913714e-01 1.829296875000000000e+01
-3.101759585846064482e-01 1.778906250000000000e+01
-2.936152586877334159e-01 1.513281250000000000e+01
-2.782327531332562387e-01 1.316601562500000000e+01
-2.634939577889561235e-01 1.287695312500000000e+01
-2.463819185845714799e-01 2.016406250000000000e+01
-2.301193294754639851e-01 1.481054687500000000e+01
-2.155288465541858045e-01 1.493164062500000000e+01
-1.991497590839603760e-01 1.346484375000000000e+01
-1.825278875312505988e-01 1.933886718750000000e+01
-1.671730668536781650e-01 -3.472265625000000000e+01
-1.509524323576005855e-01 -2.743750000000000000e+02
-1.353157860895564113e-01 -6.449804687500000000e+02
-1.204624263861440170e-01 -1.079230468750000000e+03
-1.033529829487598306e-01 -1.676910156250000000e+03
-8.708182201215919349e-02 -2.300683593750000000e+03
-7.249343013561571070e-02 -2.903170898437500000e+03
-5.616039288588936529e-02 -3.445980468750000000e+03
-4.016848771020598008e-02 -3.746303222656250000e+03
-2.426819610606401056e-02 -4.060701171875000000e+03
-8.289939448225425167e-03 -4.068169921875000000e+03
7.959171466453085486e-03 -4.122639648437500000e+03
2.300671063414228001e-02 -4.047450195312500000e+03
3.988269165427738017e-02 -3.814358398437500000e+03
5.631378506981654652e-02 -3.410702636718750000e+03
7.054190397732185147e-02 -2.951671875000000000e+03
8.687928851713522249e-02 -2.349687500000000000e+03
1.037632817582778699e-01 -1.711483398437500000e+03
1.189251720858539585e-01 -1.127154296875000000e+03
1.347465815189181626e-01 -6.725683593750000000e+02
1.502587286317602633e-01 -2.955117187500000000e+02
1.660185573969954476e-01 -5.608398437500000000e+01
1.827047145657196836e-01 2.111523437500000000e+01
1.979528992146413202e-01 9.173828125000000000e+00
2.129224463403041057e-01 1.271875000000000000e+01
2.297009532516689490e-01 9.619140625000000000e+00
2.473328596264074974e-01 1.455859375000000000e+01
2.622427921589967070e-01 1.267773437500000000e+01
2.777829194738998808e-01 1.960351562500000000e+01
2.939180624870054714e-01 1.982617187500000000e+01
3.091135772421438332e-01 1.943261718750000000e+01
3.257649455567470653e-01 1.868359375000000000e+01
3.408158563898222582e-01 1.387207031250000000e+01
3.560429688993309583e-01 2.155957031250000000e+01
3.730470353805088735e-01 2.170898437500000000e+01
3.903644396908241276e-01 1.616699218750000000e+01
4.049829626013945472e-01 1.517187500000000000e+01
4.207964694046779641e-01 1.642578125000000000e+01
4.369557319058507971e-01 2.345410156250000000e+01
4.521451580050523944e-01 1.428417968750000000e+01
4.688303296792710739e-01 2.121484375000000000e+01
4.838439065088504520e-01 1.604296875000000000e+01
4.989604546723338530e-01 1.632324218750000000e+01
5.160263282872588064e-01 2.162402343750000000e+01
5.316221342589848575e-01 1.911718750000000000e+01
5.477105233667884931e-01 1.456445312500000000e+01
5.633707448593447964e-01 2.051562500000000000e+01
5.793835755043428293e-01 1.883691406250000000e+01
5.951914974436505190e-01 1.013671875000000000e+01
6.118641286233597043e-01 2.004101562500000000e+01
6.268719066893435610e-01 1.799414062500000000e+01
6.420261625077507972e-01 1.938867187500000000e+01
6.590383972738855789e-01 2.318359375000000000e+01
6.746625495441982423e-01 2.558789062500000000e+01
6.907385857494432457e-01 1.877734375000000000e+01
7.067776000897758593e-01 2.177343750000000000e+01
7.219156108895141699e-01 2.044335937500000000e+01
7.382081718616717581e-01 1.966992187500000000e+01
7.548203153005523802e-01 2.389648437500000000e+01
7.697350109516456484e-01 1.620703125000000000e+01
7.850238480392643936e-01 2.102734375000000000e+01
8.016097716221217695e-01 1.936328125000000000e+01
8.167804222326875419e-01 2.100585937500000000e+01
8.337173637741344123e-01 1.484375000000000000e+01
8.494409730280274573e-01 1.871679687500000000e+01
8.640069048152163589e-01 2.474804687500000000e+01
8.812250431307262488e-01 1.971484375000000000e+01
8.978493126946922587e-01 2.088281250000000000e+01
9.129279573053690200e-01 2.032812500000000000e+01
9.280555769443079583e-01 2.268164062500000000e+01
9.448797871477303545e-01 1.899023437500000000e+01
9.598224366629999338e-01 2.053710937500000000e+01
9.767096369248662313e-01 1.954101562500000000e+01
9.910729671799121121e-01 2.215136718750000000e+01
1.006956013533102379e+00 2.193359375000000000e+01
1.024285829837666029e+00 2.210156250000000000e+01
1.040878219161189833e+00 2.091992187500000000e+01
1.055490646870017812e+00 1.575097656250000000e+01
1.071129939327580161e+00 2.483007812500000000e+01
1.087673329898631636e+00 1.858789062500000000e+01
1.102853489192630931e+00 1.885058593750000000e+01
1.119550809206122821e+00 1.227050781250000000e+01
1.133090956955605577e+00 2.433984375000000000e+01
1.149901341081335460e+00 1.468945312500000000e+01
1.167295406960981552e+00 2.015429687500000000e+01
1.183953498818899774e+00 1.857128906250000000e+01
1.198818998389125312e+00 1.369921875000000000e+01
1.213862647880969092e+00 2.226953125000000000e+01
1.230561284073964146e+00 1.728906250000000000e+01
1.245889845021002529e+00 2.051464843750000000e+01
1.262590967628204552e+00 1.634765625000000000e+01
1.276070000163354479e+00 2.125000000000000000e+01
1.292542674138744019e+00 1.578320312500000000e+01
1.310319904515964140e+00 1.373828125000000000e+01
1.326936159176060670e+00 1.961132812500000000e+01
1.341274313735240753e+00 1.616406250000000000e+01
1.356901663155522186e+00 1.864257812500000000e+01
1.373461031586401759e+00 1.954101562500000000e+01
1.388921705066660905e+00 2.305859375000000000e+01
1.405426864025283606e+00 9.916015625000000000e+00
1.419161942289541400e+00 1.510742187500000000e+01
1.435961195371550758e+00 1.519140625000000000e+01
1.453379833009151412e+00 1.359960937500000000e+01
1.469056946931740271e+00 1.356835937500000000e+01
1.484225575631688443e+00 1.739550781250000000e+01
1.499853137691765426e+00 1.390039062500000000e+01
1.516008543508219120e+00 1.363183593750000000e+01
1.531792181540646780e+00 1.640332031250000000e+01
1.548397679973064101e+00 1.391308593750000000e+01
1.561929321905457968e+00 1.747851562500000000e+01
1.578799644491654774e+00 9.397460937500000000e+00
1.596397232108913045e+00 1.839355468750000000e+01
1.611190317852209120e+00 1.726171875000000000e+01
1.627167621723103252e+00 1.492285156250000000e+01
1.642712498263593446e+00 1.084570312500000000e+01
1.658698782851789844e+00 1.948437500000000000e+01
1.674987671503242126e+00 1.494726562500000000e+01
1.691018075413323274e+00 1.280859375000000000e+01
1.705128291515336514e+00 1.786132812500000000e+01
1.721830921297796024e+00 1.173632812500000000e+01
1.739428770147398495e+00 1.234179687500000000e+01
1.753637515378983380e+00 1.512109375000000000e+01
1.769816987995868729e+00 1.346875000000000000e+01
1.785663841174780941e+00 1.073046875000000000e+01
1.802089926916819351e+00 1.612890625000000000e+01
1.818035899949455469e+00 1.356835937500000000e+01
1.833708202096850925e+00 8.453125000000000000e+00
1.848009519402088685e+00 1.568554687500000000e+01
1.864673562417223707e+00 1.342773437500000000e+01
1.882004857094084826e+00 1.588671875000000000e+01
1.896585173882986197e+00 1.312109375000000000e+01
1.912444946783514510e+00 1.264746093750000000e+01
1.928572971210890330e+00 1.702734375000000000e+01
1.943808810636795670e+00 1.082421875000000000e+01
1.960885983371833063e+00 1.315820312500000000e+01
1.975586996521514038e+00 1.569531250000000000e+01
1.990766492738387683e+00 1.577636718750000000e+01
2.007706402215475805e+00 1.317187500000000000e+01
2.025257742776146230e+00 1.451269531250000000e+01
2.039664743693409221e+00 1.257421875000000000e+01
2.055484601734795191e+00 1.432128906250000000e+01
2.071673141855949751e+00 1.918847656250000000e+01
2.086849334195534311e+00 1.300976562500000000e+01
2.103794601207335191e+00 2.136425781250000000e+01
2.117788260581775717e+00 1.598242187500000000e+01
2.133608843949906131e+00 1.917285156250000000e+01
2.150924868298888626e+00 1.463085937500000000e+01
2.168289602411958228e+00 1.715332031250000000e+01
2.182397586754444063e+00 1.411816406250000000e+01
2.197818046785204871e+00 2.024023437500000000e+01
2.214765232295420105e+00 1.233984375000000000e+01
2.231211943572857237e+00 1.355273437500000000e+01
2.246536414066589771e+00 1.708984375000000000e+01
2.260727253176417761e+00 1.579101562500000000e+01
2.276978456935221828e+00 1.601757812500000000e+01
2.293777783926540081e+00 1.424414062500000000e+01
2.311073264225637303e+00 1.487597656250000000e+01
2.325435943529367222e+00 1.404101562500000000e+01
2.340641660482130959e+00 1.856835937500000000e+01
2.357187330156611083e+00 1.311035156250000000e+01
2.373904452924254116e+00 1.481835937500000000e+01
2.389570212770571800e+00 1.416992187500000000e+01
2.403872360218130666e+00 1.512500000000000000e+01
2.419881633090611217e+00 1.509179687500000000e+01
2.436777150240018841e+00 1.066601562500000000e+01
2.453264231969860987e+00 1.454687500000000000e+01
2.468403578259689368e+00 8.083007812500000000e+00
2.483779764671133705e+00 1.962695312500000000e+01
2.499717737393471140e+00 9.216796875000000000e+00
2.515934765275822826e+00 1.365136718750000000e+01
2.532603895415753925e+00 1.405468750000000000e+01
2.547369027269834163e+00 1.828125000000000000e+01
2.562777703429379272e+00 1.478125000000000000e+01
2.579808750207817525e+00 1.725000000000000000e+01
2.596209020026485348e+00 1.546289062500000000e+01
2.611403490948816852e+00 1.172265625000000000e+01
2.626697956305203974e+00 1.520703125000000000e+01
2.642759189007879428e+00 1.327343750000000000e+01
2.658917179514148188e+00 9.206054687500000000e+00
2.675495444289939684e+00 1.031054687500000000e+01
2.690562156886739942e+00 9.017578125000000000e+00
2.705958477185689048e+00 1.762109375000000000e+01
2.722810146671051257e+00 7.378906250000000000e+00
2.737556031148988822e+00 1.041894531250000000e+01
2.754431716160127053e+00 4.863281250000000000e+00
2.770670485943195871e+00 9.205078125000000000e+00
2.786824103565670896e+00 9.289062500000000000e+00
2.801936897145097305e+00 8.902343750000000000e+00
2.818417809426275511e+00 1.445312500000000000e+01
2.833425102769634663e+00 5.740234375000000000e+00
2.849290099187177461e+00 1.051464843750000000e+01
2.865872006910436198e+00 1.241796875000000000e+01
2.879971343347655477e+00 8.421875000000000000e+00
2.897032436561644886e+00 9.498046875000000000e+00
2.913354928942951005e+00 1.404687500000000000e+01
2.927667985003257201e+00 1.286230468750000000e+01
2.944748528874468363e+00 2.852539062500000000e+00
2.960662822851084286e+00 1.407812500000000000e+01
2.976246763874220491e+00 1.224414062500000000e+01
2.992188523723353200e+00 7.177734375000000000e+00
3.008629469103054177e+00 1.089160156250000000e+01
3.023005070812736506e+00 8.222656250000000000e+00
3.039986190567081081e+00 9.722656250000000000e+00
3.055907824293761621e+00 1.603808593750000000e+01
3.070699770133263229e+00 7.694335937500000000e+00
3.088011768080079378e+00 2.363281250000000000e-01
3.103703353798557885e+00 1.246484375000000000e+01
3.119281702145960011e+00 4.622070312500000000e+00
3.135073818587173378e+00 7.007812500000000000e+00
3.151420093793955601e+00 3.314453125000000000e+00
3.165839955078652679e+00 4.916015625000000000e+00
3.183191417076667307e+00 1.095703125000000000e+00
3.199069329821458751e+00 7.316406250000000000e+00
3.213617503703193989e+00 4.609375000000000000e+00
3.230812306240975929e+00 -5.361328125000000000e-01
3.245332579498978021e+00 4.755859375000000000e+00
3.262005925943929796e+00 1.339843750000000000e+00
3.277951985369941923e+00 5.259765625000000000e+00
3.292478243511681057e+00 7.396484375000000000e+00
3.309072380332885643e+00 5.703125000000000000e+00
3.326387330446605617e+00 6.670898437500000000e+00
3.342105255084124593e+00 6.748046875000000000e+00
3.356502454162018978e+00 4.442382812500000000e+00
3.373593062382791885e+00 2.863281250000000000e+00
3.388993203093026096e+00 6.128906250000000000e+00
3.405045786284579989e+00 1.213378906250000000e+01
3.420390147510063983e+00 1.344726562500000000e+00
3.435384208140661144e+00 7.384765625000000000e+00
3.452205622202093593e+00 2.555664062500000000e+00
3.469180472416852012e+00 5.383789062500000000e+00
3.482962463411716669e+00 1.430078125000000000e+01
3.499334968382967759e+00 1.707031250000000000e+00
3.516624540238193930e+00 -3.571289062500000000e+00
3.532034743765155582e+00 1.970703125000000000e+00
3.547962822949525474e+00 9.992187500000000000e+00
3.563472413746001877e+00 5.859375000000000000e-03
3.578559787482475940e+00 6.787109375000000000e+00
3.595237312628235316e+00 -2.011718750000000000e-01
3.611795603377997210e+00 6.139648437500000000e+00
3.625962194608046474e+00 6.707031250000000000e+00
3.642436670380899244e+00 6.529296875000000000e+00
3.659624493254153066e+00 -3.515625000000000000e-02
3.674225809801928477e+00 5.419921875000000000e+00
3.690600489140116736e+00 6.217773437500000000e+00
3.706453212993240598e+00 2.627929687500000000e+00
3.721446513897447517e+00 5.505859375000000000e+00
3.738180954236602460e+00 1.100878906250000000e+01
3.754832193903295590e+00 6.367187500000000000e-01
3.768999085892328793e+00 1.264160156250000000e+01
3.785438500754812807e+00 6.002929687500000000e+00
3.801838061357607046e+00 1.203125000000000000e+00
3.817191392604277311e+00 -2.226562500000000000e+00
3.833639709338378054e+00 9.679687500000000000e+00
3.849439159420242618e+00 3.244140625000000000e+00
3.864459677746381772e+00 -9.121093750000000000e-01
3.881026270612441209e+00 6.625000000000000000e+00
3.896894395893550467e+00 7.059570312500000000e+00
3.911873181822860701e+00 1.167480468750000000e+01
3.928392768346171238e+00 4.633789062500000000e+00
3.944878827525876375e+00 4.435546875000000000e+00
3.960162905021043400e+00 3.421875000000000000e+00
3.976678871445393781e+00 8.599609375000000000e+00
3.992473194571019235e+00 -2.773437500000000000e-01
4.007500191409391732e+00 1.677734375000000000e+00
4.024147845413116542e+00 2.823242187500000000e+00
4.039927354464534659e+00 4.116210937500000000e+00
4.054786338488820974e+00 4.542968750000000000e+00
4.071466916746643960e+00 2.734375000000000000e-02
4.087202282994301328e+00 2.763671875000000000e+00
4.103197490692600979e+00 6.966796875000000000e+00
4.119342234813236914e+00 2.416015625000000000e+00
4.135507347417686219e+00 1.701171875000000000e+00
4.150523576297601380e+00 2.037109375000000000e+00
4.167179151581384744e+00 5.689453125000000000e+00
4.182305786749992649e+00 5.062500000000000000e+00
4.197828433356090017e+00 1.586523437500000000e+01
4.213999014611808036e+00 3.562500000000000000e+00
4.229298118787482963e+00 6.855468750000000000e-01
4.246288947062419439e+00 5.174804687500000000e+00
4.261995533312893158e+00 6.175781250000000000e+00
4.277462100243569765e+00 5.269531250000000000e+00
4.293114244211988506e+00 9.570312500000000000e-01
4.310483365691972324e+00 1.078515625000000000e+01
4.325993348884448864e+00 6.999023437500000000e+00
4.340870430092518717e+00 6.453125000000000000e+00
4.357241564374628950e+00 2.589843750000000000e+00
4.372274667811415938e+00 5.472656250000000000e+00
4.389266413612695317e+00 -1.070312500000000000e+00
4.405405649811228841e+00 -2.265625000000000000e-01
4.419416579849968940e+00 2.636718750000000000e+00
4.436112816716853757e+00 1.810546875000000000e+00
4.453426960194413198e+00 5.379882812500000000e+00
4.470015344130244372e+00 5.229492187500000000e+00
4.483912428604281075e+00 2.212890625000000000e+00
4.500082249835294590e+00 2.593750000000000000e+00
4.515241389643232850e+00 1.664062500000000000e+00
4.532300850629162881e+00 0.000000000000000000e+00
4.547694765147998197e+00 2.863281250000000000e+00
4.562450595086449567e+00 6.343750000000000000e+00
4.579398738305597405e+00 1.742187500000000000e+00
4.596194429391427860e+00 7.089843750000000000e+00
4.611390040371105670e+00 5.312500000000000000e+00
4.626761055384761789e+00 7.294921875000000000e-01
4.643313403833229103e+00 3.875000000000000000e+00
4.658042644958465317e+00 2.762695312500000000e+00
4.674988957086325669e+00 1.013671875000000000e+00
4.691105349523150281e+00 4.599609375000000000e-01
4.705212876144418743e+00 3.281250000000000000e-01
4.722430660227244559e+00 2.783203125000000000e+00
4.738435944302690217e+00 4.534179687500000000e+00
4.754087033113702176e+00 4.722656250000000000e+00
4.769996530947292257e+00 8.765625000000000000e+00
4.786165508698367432e+00 1.250000000000000000e-01
4.800871117820271650e+00 5.439453125000000000e+00
4.817815149664752994e+00 5.500000000000000000e+00
4.833080222319203756e+00 4.542968750000000000e+00
4.848242577261903108e+00 2.070312500000000000e-01
4.865241256558743288e+00 5.001953125000000000e+00
4.881471317734902726e+00 1.141601562500000000e+00
4.897002679101566613e+00 3.735351562500000000e+00
4.913038634691229589e+00 5.449218750000000000e-01
4.929156333546268698e+00 7.548828125000000000e-01
4.943741104049344415e+00 3.748046875000000000e+00
4.960958065829398578e+00 4.828125000000000000e+00
4.976276895240156151e+00 2.999023437500000000e+00
4.991412357560523816e+00 1.484375000000000000e-01
5.008272848035499436e+00 2.472656250000000000e+00
5.024506693168003579e+00 -6.835937500000000000e-02
5.039932198659855089e+00 2.615234375000000000e+00
5.055574176113516671e+00 8.611328125000000000e+00
5.071253213561650597e+00 2.304687500000000000e+00
5.086774604271717237e+00 -2.378906250000000000e+00
5.103463246385528507e+00 6.920898437500000000e+00
5.119136777741168487e+00 7.363281250000000000e+00
5.134301846674265590e+00 -2.300781250000000000e+00
5.151526331044577134e+00 -1.491210937500000000e+00
5.166147457224184336e+00 8.515625000000000000e-01
5.182680479045270516e+00 4.806640625000000000e+00
5.198610999178420400e+00 1.652343750000000000e+00
5.214294581131472484e+00 -9.179687500000000000e-01
5.229655709629835059e+00 5.898437500000000000e-01
5.246183026896424906e+00 5.800781250000000000e-01
5.262333315387516919e+00 6.091796875000000000e+00
5.277476076657524828e+00 1.445312500000000000e-01
5.294780226629555386e+00 -4.648437500000000000e-01
5.309012968762234053e+00 4.712890625000000000e+00
5.325674361240434251e+00 5.183593750000000000e+00
5.341647824335161943e+00 -3.686523437500000000e+00
5.356844417190602670e+00 -1.117187500000000000e+00
5.372768335009626028e+00 6.025390625000000000e-01
5.388524720125214884e+00 6.396484375000000000e-01
5.405193215001581564e+00 -6.640625000000000000e-02
5.420360972786642861e+00 -1.949218750000000000e+00
5.436230229974581718e+00 3.691406250000000000e-01
5.451837612715157988e+00 -2.598632812500000000e+00
5.468005268462293955e+00 -4.681640625000000000e+00
5.484501718561283212e+00 -5.615234375000000000e+00
5.499118047730647163e+00 -3.085937500000000000e-01
5.515690317510987484e+00 -4.082031250000000000e+00
5.532573111493858775e+00 2.398437500000000000e+00
5.548221526942306525e+00 -4.115234375000000000e+00
5.563539659606806964e+00 -1.668945312500000000e+00
5.578791138855219600e+00 1.205078125000000000e+00
5.594869204097326687e+00 -9.415039062500000000e+00
5.611012380343815664e+00 -1.826171875000000000e+00
5.627530270201155815e+00 -7.189453125000000000e+00
5.642146448947798376e+00 -2.767578125000000000e+00
5.658841356098294639e+00 -7.322265625000000000e+00
5.674425103989657160e+00 -2.709960937500000000e+00
5.689780747765080804e+00 -2.406250000000000000e+00
5.706420155353175261e+00 -4.761718750000000000e+00
5.721953711764260930e+00 -2.445312500000000000e+00
5.737900691265954478e+00 -5.357421875000000000e+00
5.754119293369807764e+00 -3.796875000000000000e+00
5.770414089042091632e+00 -9.561523437500000000e+00
5.785179854414948863e+00 -3.363281250000000000e+00
5.801877889114424036e+00 -3.201171875000000000e+00
5.818646386950005578e+00 -1.585937500000000000e+00
5.832796793877548680e+00 1.718750000000000000e-01
5.849330324775561252e+00 -5.136718750000000000e+00
5.864751502312362419e+00 -1.320312500000000000e+00
5.880953688545478286e+00 3.021484375000000000e+00
5.897081744611863741e+00 5.830078125000000000e-01
5.913234960815987762e+00 -5.714843750000000000e+00
5.928363644185672854e+00 2.831054687500000000e+00
5.945042219453974042e+00 -4.108398437500000000e+00
5.961683024216055671e+00 -1.268554687500000000e+00
5.975636726175917346e+00 3.691406250000000000e-01
5.992135608815956971e+00 -5.683593750000000000e+00
6.007084127408234053e+00 -4.529296875000000000e+00
6.023945028091311826e+00 6.074218750000000000e-01
6.039735882742116146e+00 4.501953125000000000e-01
6.056252566288847561e+00 1.517578125000000000e+00
6.071241116501525426e+00 6.865234375000000000e-01
6.088016593619842709e+00 -1.395507812500000000e+00
6.104719561128460370e+00 7.859375000000000000e+00
6.118775527341616893e+00 1.289062500000000000e-01
6.135231232347209129e+00 -5.595703125000000000e+00
6.149872128032921381e+00 -6.136718750000000000e+00
6.166828997596386586e+00 2.400390625000000000e+00
6.182181133028869624e+00 -5.301757812500000000e+00
6.197125675195895411e+00 2.316406250000000000e+00
6.214272561534656347e+00 1.197265625000000000e+00
6.230987428958345120e+00 -5.288085937500000000e+00
6.247449707263250218e+00 2.947265625000000000e+00
6.261720760590588242e+00 1.255859375000000000e+00
6.278198931929878768e+00 -4.840820312500000000e+00
6.293164916542082210e+00 -2.755859375000000000e+00
6.309860393204363760e+00 -1.891601562500000000e+00
6.324995816944490201e+00 -8.261718750000000000e-01
6.340159711394409925e+00 -3.171875000000000000e+00
6.357303503406640743e+00 -4.544921875000000000e+00
6.374023905738598117e+00 -9.120117187500000000e+00
6.389550826089763547e+00 1.770507812500000000e+00
6.404526656697910880e+00 2.644531250000000000e+00
6.421163532653096695e+00 -6.806640625000000000e+00
6.435935140550764544e+00 -8.102539062500000000e+00
6.452567044925688222e+00 4.355468750000000000e-01
6.467856322034643668e+00 -1.401367187500000000e+00
6.482828163179711112e+00 -6.426757812500000000e+00
6.500334231780200867e+00 -5.064453125000000000e+00
6.517060430838485630e+00 -5.126953125000000000e+00
6.531655747157103065e+00 5.736328125000000000e+00
6.547565346620743298e+00 -2.128906250000000000e+00
6.564081292478288532e+00 -7.219726562500000000e+00
6.578966623929044744e+00 1.871093750000000000e+00
6.595763999780558606e+00 6.642578125000000000e+00
6.610716979512453406e+00 -3.242187500000000000e+00
6.625862509741473616e+00 -3.785156250000000000e+00
6.643365146418275913e+00 -7.683593750000000000e+00
6.659879929970433210e+00 -6.406250000000000000e-01
6.674697577470553256e+00 2.792968750000000000e-01
6.690847022040298242e+00 -2.539062500000000000e-01
6.706902191319239037e+00 -5.830078125000000000e+00
6.721777364525019394e+00 -7.986328125000000000e+00
6.738630525778733116e+00 -4.868164062500000000e+00
6.753912524838236564e+00 -1.130859375000000000e+00
6.768896844770843302e+00 -7.463867187500000000e+00
6.786138407385577054e+00 -1.087109375000000000e+01
6.802231966351026671e+00 -3.570312500000000000e+00
6.817368145207339580e+00 -4.139648437500000000e+00
6.833239719922939770e+00 -8.033203125000000000e+00
6.848559223424688369e+00 -7.169921875000000000e+00
6.864530911007825864e+00 -3.791992187500000000e+00
6.881503564835814046e+00 6.972656250000000000e-01
6.896773327365899320e+00 1.148437500000000000e+00
6.911931218049922165e+00 -4.888671875000000000e+00
6.929169640415919318e+00 -3.548828125000000000e+00
6.945267418301735773e+00 -2.615234375000000000e+00
6.960372230347619649e+00 -2.996093750000000000e+00
6.976278203186748073e+00 -1.120312500000000000e+01
6.992094309356108539e+00 -8.421875000000000000e+00
7.007617471202458148e+00 -1.373828125000000000e+01
7.024538634795110426e+00 -5.521484375000000000e+00
7.039115421631642278e+00 8.066406250000000000e-01
7.054965579916661511e+00 -1.440234375000000000e+01
7.071943839461521719e+00 -4.300781250000000000e+00
7.087301195547306421e+00 -6.208007812500000000e+00
7.102743831447442702e+00 -3.787109375000000000e+00
7.119316572479956307e+00 -1.491406250000000000e+01
7.133956804503320370e+00 -6.759765625000000000e+00
7.150594098323274750e+00 -1.297070312500000000e+01
7.167277353757837588e+00 -2.268554687500000000e+00
7.182147658565874337e+00 -1.974609375000000000e+00
7.197999880025072628e+00 -9.776367187500000000e+00
7.214377967218801757e+00 -7.958984375000000000e+00
7.229679946445472183e+00 -5.626953125000000000e+00
7.245843684772193427e+00 -4.849609375000000000e+00
7.262248618844603598e+00 -6.157226562500000000e+00
7.276798524917140298e+00 -8.955078125000000000e+00
7.293625689621769936e+00 -8.830078125000000000e+00
7.310313987644205369e+00 -3.037109375000000000e-01
7.325179852142674974e+00 -4.608398437500000000e+00
7.341034218612385587e+00 -5.558593750000000000e+00
7.357062395433286994e+00 -6.962890625000000000e-01
7.372637428698720186e+00 -7.037109375000000000e+00
7.388885805199901569e+00 -5.902343750000000000e+00
7.405034580643480524e+00 -1.419921875000000000e+01
7.419818005023174123e+00 -1.056640625000000000e+01
7.436707366310066902e+00 -1.184960937500000000e+01
7.453350621181327185e+00 -5.935546875000000000e+00
7.468212052467926299e+00 1.446289062500000000e+00
7.483831499386937480e+00 -6.069335937500000000e+01
7.499747480404810318e+00 -1.963378906250000000e+02
7.515675359280788115e+00 -4.336601562500000000e+02
7.531798137009097616e+00 -6.770156250000000000e+02
7.547897357143327213e+00 -9.830820312500000000e+02
7.562856073659688150e+00 -1.235893554687500000e+03
7.579688817096105424e+00 -1.492984375000000000e+03
7.594252974076127316e+00 -1.610471679687500000e+03
7.610551146494742625e+00 -1.660967773437500000e+03
7.626983442608606723e+00 -1.642640136718750000e+03
7.642667369063044447e+00 -1.655078125000000000e+03
7.658713179148247008e+00 -1.652142578125000000e+03
7.674902645666152878e+00 -1.649429687500000000e+03
7.690931852593010376e+00 -1.600839843750000000e+03
7.705644647595617514e+00 -1.411188476562500000e+03
7.722653761187560306e+00 -1.177197265625000000e+03
7.739134231714807299e+00 -8.979179687500000000e+02
7.753516931151656522e+00 -6.301865234375000000e+02
7.769898359427529044e+00 -3.638593750000000000e+02
7.785587433282859848e+00 -1.587460937500000000e+02
7.801640768301572493e+00 -2.999511718750000000e+01
7.817476330134832452e+00 -8.323242187500000000e+00
7.832855869793920789e+00 -1.553710937500000000e+01
7.848421123488446227e+00 -1.012109375000000000e+01
7.865690270393118411e+00 -1.047265625000000000e+01
7.881254805404243058e+00 -5.615234375000000000e+00
7.896556780632939976e+00 -7.517578125000000000e+00
7.912931915762086987e+00 -1.787109375000000000e+01
7.928270241279827601e+00 -1.294335937500000000e+01
7.944689643239890131e+00 -7.974609375000000000e+00
7.959867492000419986e+00 -1.102246093750000000e+01
7.976937768039295662e+00 -1.485351562500000000e+01
7.991432692952724182e+00 -8.476562500000000000e+00
8.008739573110155163e+00 -1.134179687500000000e+01
8.024294859805596758e+00 -3.108398437500000000e+00
8.039596623245719442e+00 -7.922851562500000000e+00
8.055878849117803497e+00 -1.316113281250000000e+01
8.070590117079756709e+00 -8.779296875000000000e+00
8.087347350946229696e+00 -4.319335937500000000e+00
8.103549503669364995e+00 -6.333007812500000000e+00
8.119966469622102778e+00 -1.091601562500000000e+01
8.134464404679231819e+00 -1.261523437500000000e+01
8.151612998210865157e+00 -1.126660156250000000e+01
8.166528663304980284e+00 -5.675781250000000000e+00
8.182701590575504724e+00 -5.832031250000000000e+00
8.198910649440009024e+00 -1.338769531250000000e+01
8.213602449141216510e+00 -1.271484375000000000e+01
8.230374743122467862e+00 -6.166015625000000000e+00
8.245658254975776202e+00 -1.055859375000000000e+01
8.260734445824972738e+00 -1.011425781250000000e+01
8.277535370210767240e+00 -1.161523437500000000e+01
8.294647689678484426e+00 -9.786132812500000000e+00
8.309462683993089627e+00 -5.304687500000000000e+00
8.325613360236939542e+00 -1.245703125000000000e+01
8.341773234666369774e+00 -1.161523437500000000e+01
8.356633246425371198e+00 -9.240234375000000000e+00
8.373403287129860928e+00 -1.500000000000000000e+00
8.389242506935506327e+00 -8.130859375000000000e+00
8.403547066396772180e+00 -1.614257812500000000e+01
8.420799967924976315e+00 -7.493164062500000000e+00
8.437531099962601644e+00 -9.333984375000000000e+00
8.452383338153250492e+00 2.832031250000000000e-01
8.468087209110013447e+00 -5.738281250000000000e+00
8.483316187608595627e+00 -1.064550781250000000e+01
8.499440090313123974e+00 -3.906250000000000000e-01
8.516448798819338251e+00 -3.135742187500000000e+00
8.531547697415229337e+00 -1.045898437500000000e+01
8.546608725826281727e+00 -1.226855468750000000e+01
8.563598045360645727e+00 -9.595703125000000000e+00
8.580716219051700122e+00 -1.043164062500000000e+01
8.595411347472346364e+00 -4.699218750000000000e+00
8.611122824365953221e+00 -7.339843750000000000e+00
8.627185409317839060e+00 -1.020312500000000000e+01
8.642470579449559764e+00 -4.493164062500000000e+00
8.659341675516786907e+00 -4.595703125000000000e+00
8.673769840578962942e+00 -4.874023437500000000e+00
8.689642905328419431e+00 -8.623046875000000000e+00
8.706610336185189425e+00 -1.051464843750000000e+01
8.722993227628247581e+00 3.066406250000000000e-01
8.738103772553930781e+00 -3.455078125000000000e+00
8.753724806101295997e+00 -1.323437500000000000e+01
8.769398731372364253e+00 -1.197460937500000000e+01
8.785276439515065761e+00 -5.435546875000000000e+00
8.802488758178753869e+00 -2.720703125000000000e+00
8.817437476702416177e+00 -9.115234375000000000e+00
8.832677073072609630e+00 -7.706054687500000000e+00
8.849660763693332655e+00 -6.332031250000000000e+00
8.865091074340861965e+00 -3.916015625000000000e-01
8.880609951955488413e+00 -9.191406250000000000e+00
8.896755756825072581e+00 -1.165722656250000000e+01
8.911943496965790246e+00 -9.902343750000000000e+00
8.928531498703501157e+00 -6.856445312500000000e+00
8.945292677489280919e+00 -1.037109375000000000e+00
8.960465694695976424e+00 -5.271484375000000000e+00
8.975711329408859740e+00 -7.453125000000000000e+00
8.992165795767554926e+00 -9.050781250000000000e+00
9.007483447406926302e+00 -3.132812500000000000e+00
9.023652056085051498e+00 -5.062500000000000000e+00
9.039781708790165737e+00 -9.031250000000000000e+00
9.054487828377787650e+00 -1.093945312500000000e+01
9.071336608468620000e+00 -9.011718750000000000e+00
9.087781885145624017e+00 -8.650390625000000000e+00
9.102239602445955313e+00 -7.582031250000000000e+00
9.118745474219231539e+00 -1.088769531250000000e+01
9.134379985201146468e+00 -8.032226562500000000e+00
9.150222879844355006e+00 -3.626953125000000000e+00
9.166602857315156783e+00 -9.665039062500000000e+00
9.182810201291054852e+00 -1.606640625000000000e+01
9.197502676776977637e+00 -1.057519531250000000e+01
9.214319954125842926e+00 -1.002832031250000000e+01
9.230820419741313287e+00 -8.648437500000000000e+00
9.245899041362783066e+00 -1.142773437500000000e+01
9.261779657508505181e+00 -1.225683593750000000e+01
9.277420927651316873e+00 -1.283496093750000000e+01
9.293254320181281614e+00 -4.958007812500000000e+00
9.309523612149433802e+00 -6.892578125000000000e+00
9.325838487845963698e+00 -9.583984375000000000e+00
9.340534289848775984e+00 -5.729492187500000000e+00
9.357356394413530509e+00 -6.126953125000000000e+00
9.372159702658308333e+00 -2.894531250000000000e+00
9.388312739600699786e+00 -3.023437500000000000e+00
9.404752351069095795e+00 -1.275000000000000000e+01
9.420461770038880189e+00 -6.215820312500000000e+00
9.436285706821641028e+00 -9.072265625000000000e-01
9.452682515190391044e+00 -6.064453125000000000e+00
9.468757676747561192e+00 -1.135839843750000000e+01
9.483546292650046894e+00 -1.167578125000000000e+01
9.500369534398863891e+00 -1.100781250000000000e+01
9.516042701929190883e+00 -6.970703125000000000e+00
9.531344921109603519e+00 -1.024609375000000000e+01
9.547691672955979314e+00 -1.320214843750000000e+01
9.562661247024152544e+00 -9.792968750000000000e+00
9.579042679099583069e+00 -6.333984375000000000e+00
9.595624304186564757e+00 -1.066992187500000000e+01
9.611789281721218714e+00 -1.251953125000000000e+01
9.626346592330518703e+00 -1.318652343750000000e+01
9.643429319346781270e+00 -7.761718750000000000e+00
9.659076027361233940e+00 -1.131640625000000000e+01
9.674378091101004884e+00 -1.286523437500000000e+01
9.690544111256951254e+00 -1.509375000000000000e+01
9.705701802589828731e+00 -1.177734375000000000e+01
9.722081997410494836e+00 -4.939453125000000000e+00
9.737873966180149665e+00 -1.395898437500000000e+01
9.754581185469522353e+00 -1.254101562500000000e+01
9.769147565830149205e+00 -1.321875000000000000e+01
9.786435301074028814e+00 -1.285351562500000000e+01
9.801185409317596964e+00 -7.970703125000000000e+00
9.817376609214383265e+00 -1.194531250000000000e+01
9.833754749906065129e+00 -1.219140625000000000e+01
9.848276048919853309e+00 -2.003906250000000000e+00
9.864894019556247784e+00 -4.200195312500000000e+00
9.880587520953348246e+00 -1.280566406250000000e+01
9.897609988566490102e+00 -9.189453125000000000e+00
9.912637864363844642e+00 -1.110742187500000000e+01
9.929468160895716267e+00 -7.390625000000000000e+00
9.944249930574933671e+00 -8.933593750000000000e+00
9.960379899250010993e+00 -9.550781250000000000e+00
9.976619580901807893e+00 -9.747070312500000000e+00
9.991308124335102292e+00 -1.244335937500000000e+01
1.000792559579351071e+01 -1.815429687500000000e+00
1.002312641690296324e+01 -8.977539062500000000e+00
1.003862110133475838e+01 -8.705078125000000000e+00
1.005566846235224432e+01 -8.515625000000000000e+00
1.007250110487840544e+01 -7.464843750000000000e+00
1.008712938724274544e+01 -8.877929687500000000e+00
1.010342193934387112e+01 -1.438281250000000000e+01
1.011934889374876789e+01 -6.653320312500000000e+00
1.013430219618767225e+01 -1.016796875000000000e+01
1.015095721749095681e+01 -1.072851562500000000e+01
1.016615440820315008e+01 -1.029882812500000000e+01
1.018128467509252033e+01 -9.708007812500000000e+00
1.019822486272671469e+01 -1.233105468750000000e+01
1.021553393326795600e+01 -4.500000000000000000e+00
1.023016437631158304e+01 -5.466796875000000000e+00
1.024646397979425316e+01 -1.015820312500000000e+01
1.026220316229229645e+01 -1.738281250000000000e+01
1.027733308939805212e+01 -1.011523437500000000e+01
1.029407200837982828e+01 -1.145507812500000000e+01
1.030934843521120214e+01 -7.720703125000000000e+00
1.032431877292567179e+01 -8.896484375000000000e+00
1.034150099344449636e+01 -1.179687500000000000e+01
1.035786039277401294e+01 -8.149414062500000000e+00
1.037319936444909807e+01 -6.283203125000000000e+00
1.038876187579088750e+01 -1.411718750000000000e+01
1.040523940973436545e+01 -9.774414062500000000e+00
1.042016173844028870e+01 -9.146484375000000000e+00
1.043710065003057252e+01 -8.253906250000000000e+00
1.045221058515890356e+01 -7.308593750000000000e+00
1.046735285935739768e+01 -1.358593750000000000e+01
1.048430360805091865e+01 -9.857421875000000000e+00
1.050019505514375240e+01 -4.230468750000000000e+00
1.051583294022964665e+01 -8.095703125000000000e+00
1.053144376053408848e+01 -1.295898437500000000e+01
1.054824361786212350e+01 -1.926757812500000000e+01
1.056319727900852357e+01 -7.301757812500000000e+00
1.058005205504015755e+01 -7.581054687500000000e+00
1.059523867087555438e+01 -1.434667968750000000e+01
1.061048910969247672e+01 -1.302148437500000000e+01
1.062731958685465017e+01 -1.324707031250000000e+01
1.064252646738114549e+01 -4.675781250000000000e+00
1.065864328611619527e+01 -1.213574218750000000e+01
1.067439196500671272e+01 -1.549218750000000000e+01
1.069073850797161995e+01 -1.195117187500000000e+01
1.070603960760777440e+01 -7.947265625000000000e+00
1.072300936218286793e+01 -8.722656250000000000e+00
1.073826675481323356e+01 -1.002050781250000000e+01
1.075352796140350264e+01 -9.818359375000000000e+00
1.076995222103874283e+01 -9.726562500000000000e+00
1.078528620132398430e+01 -2.263671875000000000e+00
1.080168213870033611e+01 -1.257519531250000000e+01
1.081734145122137036e+01 -1.101269531250000000e+01
1.083214963082825477e+01 -1.766601562500000000e+01
1.084903884914661099e+01 -8.954101562500000000e+00
1.086604399698896728e+01 -8.060546875000000000e+00
1.088055458290669009e+01 -4.880859375000000000e+00
1.089634299983494614e+01 -1.254882812500000000e+01
1.091299239663208454e+01 -1.172070312500000000e+01
1.092814800922023366e+01 -7.893554687500000000e+00
1.094426509144170012e+01 -1.228710937500000000e+01
1.096029761293068816e+01 -1.366406250000000000e+01
1.097492310400892102e+01 -1.405468750000000000e+01
1.099207413017052382e+01 -5.516601562500000000e+00
1.100907841548812272e+01 -1.082812500000000000e+01
1.102358700610907505e+01 -8.728515625000000000e+00
1.103930603022598866e+01 -1.570019531250000000e+01
1.105568582272867495e+01 -1.371679687500000000e+01
1.107100178515776889e+01 -3.236328125000000000e+00
1.108728240628108708e+01 -1.014062500000000000e+01
1.110323498138839859e+01 -6.075195312500000000e+00
1.111818052727240058e+01 -1.257031250000000000e+01
1.113510932382837559e+01 -8.687500000000000000e+00
1.115186861202195523e+01 -5.392578125000000000e+00
1.116661948658779835e+01 -4.173828125000000000e+00
1.118233758334389627e+01 -1.151953125000000000e+01
1.119872645757682328e+01 -6.522460937500000000e+00
1.121396162113057038e+01 -1.509765625000000000e+00
1.123029829783402533e+01 -1.100976562500000000e+01
1.124636747276129256e+01 -2.699218750000000000e+00
1.126124444646227118e+01 -1.117968750000000000e+01
1.127814457999397924e+01 -7.088867187500000000e+00
1.129378539839257556e+01 -9.870117187500000000e+00
1.130907628468351867e+01 -5.146484375000000000e+00
1.132526212520975761e+01 -1.372949218750000000e+01
1.134081253144322865e+01 -1.124707031250000000e+01
1.135686708844171733e+01 -1.500976562500000000e+00
1.137335650125016784e+01 -1.164355468750000000e+01
1.138929865781918416e+01 -2.724609375000000000e+00
1.140424129274533982e+01 -1.660351562500000000e+01
1.142110759335344738e+01 -9.428710937500000000e+00
1.143594965750996550e+01 -7.748046875000000000e+00
1.145211581159685643e+01 -5.271484375000000000e+00
1.146784719997472024e+01 -1.283203125000000000e+01
1.148421357139269006e+01 -8.677734375000000000e+00
1.149990119510060538e+01 -3.672851562500000000e+00
1.151561772104493642e+01 -1.039453125000000000e+01
1.153222360429639437e+01 -1.268164062500000000e+01
1.154682051852601532e+01 -1.380078125000000000e+01
1.156421507999607634e+01 -1.292480468750000000e+01
1.157986593461413705e+01 -9.183593750000000000e+00
1.159515515327450608e+01 -9.740234375000000000e+00
1.161124001394615846e+01 -7.389648437500000000e+00
1.162689400335657730e+01 -1.256250000000000000e+01
1.164293551212197997e+01 -4.610351562500000000e+00
1.165827649263032839e+01 -6.587890625000000000e+00
1.167330388709077127e+01 -2.935546875000000000e+00
1.168983955923097184e+01 -9.402343750000000000e+00
1.170725042388426296e+01 -8.663085937500000000e+00
1.172203327857020838e+01 -3.359375000000000000e-01
1.173747572782820114e+01 -2.869140625000000000e+00
1.175403011226351069e+01 -1.154003906250000000e+01
1.176899153229829764e+01 -4.376953125000000000e+00
1.178593558738117153e+01 4.390625000000000000e+00
1.180130900762983259e+01 -3.987304687500000000e+00
1.181622043837550251e+01 -7.046875000000000000e+00
1.183287112858517887e+01 -1.086035156250000000e+01
1.185020219594742485e+01 -8.847656250000000000e-01
1.186500641632830622e+01 2.623046875000000000e+00
1.188051174611398508e+01 -4.333984375000000000e+00
1.189696541194521018e+01 -1.894531250000000000e-01
