#Time Flux
-4.622678669629692649e+00 -1.668750000000000000e+01
-4.603777698012205377e+00 -2.183203125000000000e+01
-4.585083574961888786e+00 -2.775781250000000000e+01
-4.566954870738431538e+00 -2.004687500000000000e+01
-4.548860578339581906e+00 -3.043359375000000000e+01
-4.530122645886443422e+00 -2.642968750000000000e+01
-4.511690421715579546e+00 -2.776171875000000000e+01
-4.493189963339389692e+00 -2.773437500000000000e+01
-4.474463900364462177e+00 -2.896093750000000000e+01
-4.456529277193617133e+00 -2.344531250000000000e+01
-4.437985044955464531e+00 -3.394531250000000000e+01
-4.418836260848481245e+00 -2.146093750000000000e+01
-4.400587278125360768e+00 -2.196484375000000000e+01
-4.381877528441933123e+00 -2.646093750000000000e+01
-4.363503407927295186e+00 -2.393359375000000000e+01
-4.344472526609440166e+00 -1.810156250000000000e+01
-4.326028534887290888e+00 -2.003515625000000000e+01
-4.308125565935373658e+00 -1.988671875000000000e+01
-4.289474402868352243e+00 -2.659765625000000000e+01
-4.270683586027320899e+00 -1.714062500000000000e+01
-4.252736611057908789e+00 -2.044531250000000000e+01
-4.233626633409873108e+00 -1.917578125000000000e+01
-4.215137009319892769e+00 -2.004687500000000000e+01
-4.196490663601444737e+00 -1.902343750000000000e+01
-4.177885665979129470e+00 -1.806250000000000000e+01
-4.159610937060847391e+00 -1.433984375000000000e+01
-4.140853298365565038e+00 -2.323437500000000000e+01
-4.122417977600141725e+00 -1.564062500000000000e+01
-4.104672662699883290e+00 -1.690625000000000000e+01
-4.086050634412337956e+00 -1.616406250000000000e+01
-4.066813552141340438e+00 -2.134375000000000000e+01
-4.048542211309758443e+00 -1.390625000000000000e+01
-4.029707183912618618e+00 -2.533593750000000000e+01
-4.011263715832818377e+00 -2.600781250000000000e+01
-3.992548315599005804e+00 -2.006640625000000000e+01
-3.973957390664420330e+00 -2.630468750000000000e+01
-3.956238875304240565e+00 -2.224218750000000000e+01
-3.937563319228068792e+00 -2.267968750000000000e+01
-3.918696740475162699e+00 -1.548437500000000000e+01
-3.900385957469650222e+00 -1.785156250000000000e+01
-3.881768102652483066e+00 -2.215234375000000000e+01
-3.862597670029483510e+00 -8.660156250000000000e+00
-3.844230575295776831e+00 -1.226562500000000000e+01
-3.825482701347457493e+00 -2.330468750000000000e+01
-3.807402069641479869e+00 -1.564843750000000000e+01
-3.789057789536705911e+00 -2.365625000000000000e+01
-3.770940224021854803e+00 -1.878906250000000000e+01
-3.752185403992376322e+00 -1.502343750000000000e+01
-3.733716329548432356e+00 -1.770312500000000000e+01
-3.714809574767595990e+00 -2.370312500000000000e+01
-3.696420284595035355e+00 -1.832031250000000000e+01
-3.677769329684172916e+00 -1.880859375000000000e+01
-3.659170189625930547e+00 -1.901953125000000000e+01
-3.640625071541624180e+00 -1.403125000000000000e+01
-3.622266575249032172e+00 -2.653125000000000000e+01
-3.603770369296093179e+00 -1.889062500000000000e+01
-3.585332220040736928e+00 -1.641406250000000000e+01
-3.566858979897622461e+00 -1.794531250000000000e+01
-3.548253363594577436e+00 -1.615234375000000000e+01
-3.529839592585792829e+00 -1.054296875000000000e+01
-3.512039837643214923e+00 -1.779687500000000000e+01
-3.492907535662016727e+00 -6.109375000000000000e+00
-3.474180707293449188e+00 -1.571093750000000000e+01
-3.455635777463804459e+00 -1.660937500000000000e+01
-3.436904349537696746e+00 -2.072265625000000000e+01
-3.418208168263111801e+00 -1.677734375000000000e+01
-3.399749060135290435e+00 -2.756250000000000000e+01
-3.381032499103930888e+00 -1.828125000000000000e+01
-3.363070274685158623e+00 -1.878125000000000000e+01
-3.344349332867707858e+00 -1.999218750000000000e+01
-3.326147637061104945e+00 -2.192968750000000000e+01
-3.307733935159397731e+00 -1.498437500000000000e+01
-3.289105979392722645e+00 -1.322656250000000000e+01
-3.269870863769412495e+00 -1.642968750000000000e+01
-3.251665992773022040e+00 -1.129687500000000000e+01
-3.233252483349076556e+00 -1.824218750000000000e+01
-3.214413162989117723e+00 -1.820312500000000000e+01
-3.195553486027481682e+00 -1.319531250000000000e+01
-3.176875752232627192e+00 -1.137109375000000000e+01
-3.159395099206658841e+00 -1.320312500000000000e+01
-3.140875782940701910e+00 -8.921875000000000000e+00
-3.122229102687819946e+00 -1.054296875000000000e+01
-3.103690273637189634e+00 -3.531250000000000000e+00
-3.085189190119939084e+00 -6.050781250000000000e+00
-3.066579306608238298e+00 -2.160156250000000000e+00
-3.047641208215114972e+00 -7.800781250000000000e+00
-3.028940413783487884e+00 -3.234375000000000000e+00
-3.010973021373757774e+00 -1.419531250000000000e+01
-2.992344385639164273e+00 -1.698437500000000000e+01
-2.973757482110775285e+00 -8.687500000000000000e+00
-2.955264168388572088e+00 -6.605468750000000000e+00
-2.936735519079935131e+00 2.078125000000000000e+00
-2.918620768346048777e+00 -1.181250000000000000e+01
-2.899613037886119571e+00 -1.057031250000000000e+01
-2.880945718153210322e+00 -2.109375000000000000e+00
-2.863086385623510921e+00 -3.359375000000000000e-01
-2.844580755212886558e+00 1.410156250000000000e+00
-2.825694456398355925e+00 1.273437500000000000e+00
-2.806961935467768399e+00 -3.582031250000000000e+00
-2.788465409096815506e+00 -2.066406250000000000e+00
-2.769979956245768093e+00 -1.406250000000000000e+00
-2.751552432983839225e+00 4.375000000000000000e+00
-2.733264638597297846e+00 7.914062500000000000e+00
-2.715191421518099446e+00 -4.734375000000000000e+00
-2.696609612529197619e+00 5.648437500000000000e+00
-2.677609197543809216e+00 7.585937500000000000e+00
-2.658971425799673938e+00 -1.773437500000000000e+00
-2.640217084420427796e+00 9.765625000000000000e-01
-2.621455308909345305e+00 -1.328125000000000000e+00
-2.603048278872474697e+00 -8.046875000000000000e-01
-2.584456369238889550e+00 -2.867187500000000000e+00
-2.566692720636364555e+00 -6.039062500000000000e+00
-2.548114722066678439e+00 5.679687500000000000e+00
-2.529625253247267835e+00 8.148437500000000000e+00
-2.511235456378301478e+00 7.476562500000000000e+00
-2.492382202587492657e+00 2.937500000000000000e+00
-2.473278809458300032e+00 1.492187500000000000e+00
-2.454822601494395684e+00 -4.453125000000000000e-01
-2.436143651607604710e+00 -2.351562500000000000e+00
-2.417856791301542074e+00 1.601562500000000000e+00
-2.398802640442074363e+00 9.335937500000000000e+00
-2.380528296406868805e+00 7.843750000000000000e+00
-2.362553788669178090e+00 1.029687500000000000e+01
-2.344184713710664170e+00 1.246875000000000000e+01
-2.325636756651658033e+00 -5.187500000000000000e+00
-2.307406863474366077e+00 2.578125000000000000e+00
-2.288713209059228149e+00 1.200781250000000000e+01
-2.269728117375290566e+00 1.009375000000000000e+01
-2.251511200876944230e+00 7.953125000000000000e+00
-2.232388492939481495e+00 1.523437500000000000e+01
-2.214030926254309861e+00 1.053125000000000000e+01
-2.195333298044410242e+00 8.480468750000000000e+00
-2.177083592255229405e+00 1.257812500000000000e+00
-2.158465102411362579e+00 9.242187500000000000e+00
-2.140014278667567993e+00 7.984375000000000000e+00
-2.122618971593325909e+00 2.500000000000000000e+00
-2.103906324848018983e+00 1.564843750000000000e+01
-2.085051038756667197e+00 1.111718750000000000e+01
-2.066417918161160827e+00 6.070312500000000000e+00
-2.047429970198951565e+00 1.366406250000000000e+01
-2.028796559519992826e+00 1.325781250000000000e+01
-2.009838282474422755e+00 1.114453125000000000e+01
-1.991551941145289106e+00 7.109375000000000000e+00
-1.973100800575299019e+00 5.691406250000000000e+00
-1.955124129894858953e+00 9.070312500000000000e+00
-1.936692352364786984e+00 1.101562500000000000e+01
-1.918642859501517250e+00 7.546875000000000000e+00
-1.899966600058590416e+00 1.824218750000000000e+01
-1.880839475342721556e+00 7.265625000000000000e+00
-1.862203869140767409e+00 1.664062500000000000e+01
-1.843398821230675111e+00 1.839843750000000000e+01
-1.824534099018773503e+00 7.449218750000000000e+00
-1.805825728824139276e+00 8.945312500000000000e+00
-1.787945374865689274e+00 9.125000000000000000e+00
-1.770099664282501095e+00 9.972656250000000000e+00
-1.751648500735310421e+00 1.882031250000000000e+01
-1.733454854072082441e+00 7.335937500000000000e+00
-1.714365936643758914e+00 1.656250000000000000e+01
-1.695745935813587124e+00 2.267187500000000000e+01
-1.676709609876279927e+00 2.001953125000000000e+01
-1.658037788034771864e+00 2.534375000000000000e+01
-1.639165551481230665e+00 2.902343750000000000e+01
-1.620631526965340186e+00 1.895312500000000000e+01
-1.602241133947341467e+00 1.938671875000000000e+01
-1.584511065489067505e+00 1.988281250000000000e+01
-1.565865245423999852e+00 1.789843750000000000e+01
-1.547408965450710383e+00 2.665234375000000000e+01
-1.529747393534076849e+00 1.395312500000000000e+01
-1.510138652813729720e+00 2.039843750000000000e+01
-1.491619853303781440e+00 2.607031250000000000e+01
-1.472469633781631870e+00 2.103125000000000000e+01
-1.454631861132408943e+00 3.624218750000000000e+01
-1.436009242060588775e+00 3.342968750000000000e+01
-1.417514588486881166e+00 3.062890625000000000e+01
-1.398969028528263436e+00 2.353906250000000000e+01
-1.380333754615602260e+00 1.921875000000000000e+01
-1.362577794438482925e+00 2.985937500000000000e+01
-1.343748475845764290e+00 3.026562500000000000e+01
-1.325801596958722683e+00 2.453125000000000000e+01
-1.307405593992783110e+00 2.106250000000000000e+01
-1.287947516650003621e+00 2.816796875000000000e+01
-1.269074591800183782e+00 2.703515625000000000e+01
-1.250292428864238303e+00 4.297656250000000000e+01
-1.231899089885860832e+00 3.421093750000000000e+01
-1.213184192139522111e+00 3.633984375000000000e+01
-1.194822105681229374e+00 2.959375000000000000e+01
-1.177076378239636512e+00 1.839062500000000000e+01
-1.158956021095196576e+00 2.865625000000000000e+01
-1.140270770955421398e+00 2.307031250000000000e+01
-1.121747594518360813e+00 3.193359375000000000e+01
-1.102944757053506919e+00 2.669531250000000000e+01
-1.083610310351925676e+00 2.524609375000000000e+01
-1.065207319595057101e+00 3.215625000000000000e+01
-1.046458446864928504e+00 3.373046875000000000e+01
-1.028191499122829811e+00 2.841796875000000000e+01
-1.009088608199224524e+00 3.504687500000000000e+01
-9.914283109468549071e-01 2.969531250000000000e+01
-9.737523775739411747e-01 2.615625000000000000e+01
-9.548403769021085452e-01 4.079296875000000000e+01
-9.359423548290486394e-01 3.164062500000000000e+01
-9.174608369784493789e-01 3.114062500000000000e+01
-8.987427869564754701e-01 3.859375000000000000e+01
-8.799011553655624596e-01 4.245312500000000000e+01
-8.616151037720989336e-01 3.628515625000000000e+01
-8.426232681831038462e-01 3.603906250000000000e+01
-8.244913605306294357e-01 3.621875000000000000e+01
-8.059677967461880144e-01 3.402343750000000000e+01
-7.879983993577077683e-01 3.300000000000000000e+01
-7.699815049419527213e-01 3.925000000000000000e+01
-7.511609346535763621e-01 4.535937500000000000e+01
-7.331063001083961694e-01 3.155859375000000000e+01
-7.140093545454497814e-01 3.537500000000000000e+01
-6.950682998649142519e-01 3.881250000000000000e+01
-6.762296389556965437e-01 3.782031250000000000e+01
-6.572762703370678139e-01 4.223046875000000000e+01
-6.382170364947938879e-01 3.892187500000000000e+01
-6.198748666657678541e-01 4.210156250000000000e+01
-6.020558974244707429e-01 2.858593750000000000e+01
-5.841063028894133424e-01 3.660937500000000000e+01
-5.656699676242062935e-01 4.434765625000000000e+01
-5.475575303691400109e-01 4.038281250000000000e+01
-5.291144311152606861e-01 3.275781250000000000e+01
-5.103849739306554056e-01 3.746875000000000000e+01
-4.907900198526675695e-01 4.297656250000000000e+01
-4.721723510914515032e-01 4.045312500000000000e+01
-4.535975686001769702e-01 4.078125000000000000e+01
-4.347516307820278314e-01 3.959375000000000000e+01
-4.162107201006293167e-01 4.565625000000000000e+01
-3.991047285914426368e-01 3.864843750000000000e+01
-3.805282964895049247e-01 4.696093750000000000e+01
-3.622373313429427810e-01 5.171875000000000000e+01
-3.443409436515558752e-01 5.259375000000000000e+01
-3.248903614538960483e-01 4.926953125000000000e+01
-3.061813612134329787e-01 4.614843750000000000e+01
-2.870154877777473246e-01 4.425390625000000000e+01
-2.684180188868090511e-01 4.651953125000000000e+01
-2.497291021386196519e-01 5.421093750000000000e+01
-2.312731803194658653e-01 4.801171875000000000e+01
-2.130687105149107197e-01 4.735937500000000000e+01
-1.951289283645216699e-01 4.699218750000000000e+01
-1.768076123526718391e-01 5.838281250000000000e+01
-1.579714369960676379e-01 5.689062500000000000e+01
-1.402499186467558445e-01 3.717968750000000000e+01
-1.214282441356395736e-01 -9.001953125000000000e+01
-1.021363499976715161e-01 -1.922003906250000000e+03
-8.299845449252885032e-02 -4.917445312500000000e+03
-6.507189996055373626e-02 -6.752421875000000000e+03
-4.624752152327360477e-02 -7.394734375000000000e+03
-2.756486276725311768e-02 -7.697683593750000000e+03
-9.064961369801949331e-03 -7.818105468750000000e+03
9.303499416120075693e-03 -7.855343750000000000e+03
2.778062546390991372e-02 -7.734183593750000000e+03
4.643019924504798723e-02 -7.405875000000000000e+03
6.433946444281346544e-02 -6.767031250000000000e+03
8.331810709913689550e-02 -4.800382812500000000e+03
1.024849431290082435e-01 -1.834660156250000000e+03
1.203958705960914699e-01 -1.004804687500000000e+02
1.389811681012194100e-01 5.011328125000000000e+01
1.578293842545299697e-01 5.262500000000000000e+01
1.765473698430159999e-01 5.869921875000000000e+01
1.949503024443046684e-01 5.458593750000000000e+01
2.135351579270139410e-01 4.880859375000000000e+01
2.323688755332042888e-01 5.390625000000000000e+01
2.498441785541913873e-01 6.124218750000000000e+01
2.679886238182849212e-01 5.355078125000000000e+01
2.869857009963272532e-01 5.447656250000000000e+01
3.061841753913583375e-01 5.168359375000000000e+01
3.243466959369243341e-01 5.470703125000000000e+01
3.433186119447615425e-01 6.216796875000000000e+01
3.618899877683805499e-01 5.784765625000000000e+01
3.806781997594370637e-01 6.609375000000000000e+01
3.990743924671456000e-01 6.106250000000000000e+01
4.173134824870459170e-01 6.253906250000000000e+01
4.359370400028570458e-01 5.907031250000000000e+01
4.538016111666678398e-01 5.579296875000000000e+01
4.720647636024892790e-01 5.289843750000000000e+01
4.908372300788812481e-01 5.252343750000000000e+01
5.098959585052984522e-01 5.752343750000000000e+01
5.283275624349421662e-01 6.120312500000000000e+01
5.470607850554678464e-01 5.835156250000000000e+01
5.659698137247044514e-01 5.832031250000000000e+01
5.847814436316660647e-01 5.864843750000000000e+01
6.028202451842439302e-01 5.786718750000000000e+01
6.206620534676350331e-01 5.460937500000000000e+01
6.392184164764067589e-01 6.598437500000000000e+01
6.577570664229135389e-01 5.744921875000000000e+01
6.763497160874010206e-01 5.548828125000000000e+01
6.950435862395778486e-01 6.105468750000000000e+01
7.137376566088082797e-01 6.431250000000000000e+01
7.326021362954726612e-01 5.861718750000000000e+01
7.511288914811871109e-01 6.632812500000000000e+01
7.693432046774955069e-01 6.387109375000000000e+01
7.879430149044637233e-01 5.848828125000000000e+01
8.060980607767636030e-01 5.171484375000000000e+01
8.250323520041966674e-01 6.246093750000000000e+01
8.435610045383974409e-01 7.103906250000000000e+01
8.616498988294516437e-01 5.397265625000000000e+01
8.802264585245094253e-01 5.202734375000000000e+01
8.990943866490752612e-01 5.707812500000000000e+01
9.176237405712939221e-01 7.049218750000000000e+01
9.356527755688972547e-01 6.572656250000000000e+01
9.544719956239067216e-01 6.016796875000000000e+01
9.732364127961190547e-01 6.564062500000000000e+01
9.917717647864989772e-01 5.651562500000000000e+01
1.009711435486535080e+00 6.219921875000000000e+01
1.028264723473252928e+00 6.660156250000000000e+01
1.046746382515699736e+00 6.486718750000000000e+01
1.064758822944563477e+00 5.388671875000000000e+01
1.083635431284722728e+00 6.121484375000000000e+01
1.102499697565342274e+00 7.178125000000000000e+01
1.121187625571984370e+00 6.966406250000000000e+01
1.140234892428617641e+00 7.178515625000000000e+01
1.158830248021580189e+00 6.486718750000000000e+01
1.177757706933030946e+00 6.843750000000000000e+01
1.196031723860846441e+00 5.455468750000000000e+01
1.213567459144815786e+00 6.193750000000000000e+01
1.231922774576242219e+00 6.942578125000000000e+01
1.249941435723105343e+00 5.882031250000000000e+01
1.268841292889121064e+00 5.960156250000000000e+01
1.287687488557882176e+00 5.884375000000000000e+01
1.306784500408422645e+00 6.251562500000000000e+01
1.325204263373922942e+00 6.435156250000000000e+01
1.343982729824716671e+00 6.161718750000000000e+01
1.362864218725489351e+00 6.844140625000000000e+01
1.381716099688357957e+00 6.358593750000000000e+01
1.399065367140176264e+00 7.512890625000000000e+01
1.417338645596338154e+00 6.121093750000000000e+01
1.435901177950551499e+00 7.243750000000000000e+01
1.453585396423706655e+00 4.920312500000000000e+01
1.472799416165605280e+00 6.149609375000000000e+01
1.491673860499567184e+00 5.468750000000000000e+01
1.510967700459577401e+00 6.333203125000000000e+01
1.529530231180782351e+00 5.834765625000000000e+01
1.548139501106023275e+00 5.334375000000000000e+01
1.566902276279515505e+00 5.876171875000000000e+01
1.584855697922250783e+00 6.171875000000000000e+01
1.602640123125931737e+00 5.675000000000000000e+01
1.620827001859003857e+00 6.301171875000000000e+01
1.639897023283831246e+00 6.191406250000000000e+01
1.657333135401708901e+00 5.504687500000000000e+01
1.675835968855196256e+00 5.755468750000000000e+01
1.695358411023095258e+00 6.179687500000000000e+01
1.714199822345669588e+00 6.663281250000000000e+01
1.733095571856832606e+00 7.338671875000000000e+01
1.751980665082864874e+00 6.110937500000000000e+01
1.770496459760575902e+00 6.421093750000000000e+01
1.788705373539379195e+00 6.381250000000000000e+01
1.806620382449038331e+00 6.586718750000000000e+01
1.825030281425771506e+00 6.609765625000000000e+01
1.843961044805205063e+00 6.078906250000000000e+01
1.861669197770092765e+00 5.718359375000000000e+01
1.880287131006358692e+00 6.710156250000000000e+01
1.899381727078948146e+00 6.198437500000000000e+01
1.917894485080392286e+00 5.900000000000000000e+01
1.936630089542044075e+00 6.957031250000000000e+01
1.955203320230101127e+00 6.149218750000000000e+01
1.974381656495546977e+00 6.558984375000000000e+01
1.992774624122542804e+00 6.153515625000000000e+01
2.010168882106874833e+00 5.665625000000000000e+01
2.028608758301860604e+00 6.747656250000000000e+01
2.047526128185218397e+00 5.734375000000000000e+01
2.065934166534376004e+00 6.165625000000000000e+01
2.084560250802788062e+00 6.505859375000000000e+01
2.103547514246494998e+00 6.935937500000000000e+01
2.122096699937547015e+00 6.875781250000000000e+01
2.140691393485584015e+00 6.052343750000000000e+01
2.159198639646321638e+00 6.234765625000000000e+01
2.177032532668576437e+00 6.293750000000000000e+01
2.195981645473986887e+00 5.734765625000000000e+01
2.214490911064782352e+00 5.263281250000000000e+01
2.233089796955365358e+00 6.105468750000000000e+01
2.250781002396028185e+00 5.704687500000000000e+01
2.270160528111858866e+00 6.462890625000000000e+01
2.288831587271076273e+00 5.746875000000000000e+01
2.307591024210552177e+00 5.890625000000000000e+01
2.325711123834384608e+00 5.533593750000000000e+01
2.344729653730338370e+00 6.030859375000000000e+01
2.363159043490083988e+00 5.378125000000000000e+01
2.381157178668777519e+00 5.278906250000000000e+01
2.399021408296238889e+00 5.152343750000000000e+01
2.417781868163601189e+00 5.038281250000000000e+01
2.436547340935526051e+00 6.107031250000000000e+01
2.454288065204934810e+00 6.064062500000000000e+01
2.472886718856049271e+00 5.750781250000000000e+01
2.491969410225021164e+00 6.203125000000000000e+01
2.510727661123191012e+00 5.461718750000000000e+01
2.529729854840462977e+00 5.746875000000000000e+01
2.548222069973087756e+00 4.997265625000000000e+01
2.566867541362372052e+00 5.323437500000000000e+01
2.585339991517397351e+00 4.947656250000000000e+01
2.602850504393739328e+00 5.457812500000000000e+01
2.621408011830363094e+00 6.093750000000000000e+01
2.639785334751490353e+00 4.767968750000000000e+01
2.658526936055082501e+00 4.926562500000000000e+01
2.677231256758265232e+00 5.451562500000000000e+01
2.696311648342554435e+00 5.149218750000000000e+01
2.714785753417839231e+00 5.979296875000000000e+01
2.733511761940832230e+00 5.414062500000000000e+01
2.752107438142967766e+00 5.932421875000000000e+01
2.771164609611140861e+00 5.014062500000000000e+01
2.788257926421493949e+00 5.639843750000000000e+01
2.806839797232406397e+00 4.771875000000000000e+01
2.825373668658254900e+00 6.084375000000000000e+01
2.843368577814320730e+00 5.275781250000000000e+01
2.862593337993459386e+00 5.665625000000000000e+01
2.881544654412282469e+00 5.939062500000000000e+01
2.900602644299048904e+00 5.048437500000000000e+01
2.919006727200741835e+00 5.275781250000000000e+01
2.937303066879122682e+00 4.999218750000000000e+01
2.955731436549610791e+00 5.405468750000000000e+01
2.973930077904974212e+00 5.096875000000000000e+01
2.992342060232246581e+00 4.417968750000000000e+01
3.010674635608113547e+00 5.166796875000000000e+01
3.029679112778570271e+00 5.030859375000000000e+01
3.047132136397294744e+00 4.042187500000000000e+01
3.066275727290909359e+00 5.218359375000000000e+01
3.085260319563353448e+00 5.464843750000000000e+01
3.103270855846290033e+00 6.091796875000000000e+01
3.122037255346086226e+00 6.306250000000000000e+01
3.140803625034857660e+00 5.625781250000000000e+01
3.159570169711820142e+00 6.151562500000000000e+01
3.178036140707822810e+00 4.863281250000000000e+01
3.196102708916297885e+00 4.501171875000000000e+01
3.215315303294961069e+00 4.184375000000000000e+01
3.233729335068185051e+00 4.953125000000000000e+01
3.251388256368230145e+00 4.816406250000000000e+01
3.269830867658189533e+00 4.428125000000000000e+01
3.288866535750061715e+00 5.530468750000000000e+01
3.307351592116486216e+00 5.161718750000000000e+01
3.326113666739141550e+00 5.445312500000000000e+01
3.344746815676661100e+00 4.488281250000000000e+01
3.363777244384182907e+00 5.135546875000000000e+01
3.381518914521224772e+00 4.839843750000000000e+01
3.399714007855429543e+00 4.725781250000000000e+01
3.418328501906650274e+00 5.298437500000000000e+01
3.436684969076157614e+00 4.688281250000000000e+01
3.455142095421180670e+00 6.201562500000000000e+01
3.474074727689270503e+00 5.059375000000000000e+01
3.493159043461325552e+00 5.455468750000000000e+01
3.511590019674631691e+00 5.707812500000000000e+01
3.529977511394520207e+00 4.825000000000000000e+01
3.548983030455937993e+00 5.103125000000000000e+01
3.566892188413987697e+00 4.541406250000000000e+01
3.585162830221662489e+00 4.669531250000000000e+01
3.604058933507978679e+00 4.392187500000000000e+01
3.622827710056137462e+00 3.664062500000000000e+01
3.640296993667792691e+00 4.675000000000000000e+01
3.659300100079745377e+00 4.271484375000000000e+01
3.677887486148421203e+00 4.088281250000000000e+01
3.696245070719854198e+00 4.660546875000000000e+01
3.715166264744286906e+00 4.436718750000000000e+01
3.733483129266517153e+00 3.976171875000000000e+01
3.752297363345556747e+00 4.244531250000000000e+01
3.770763918774811430e+00 4.660937500000000000e+01
3.788951324984120461e+00 4.195312500000000000e+01
3.808097474096449275e+00 4.180078125000000000e+01
3.826335650733740934e+00 4.076562500000000000e+01
3.843888862458648248e+00 4.035937500000000000e+01
3.862304717841738011e+00 3.775000000000000000e+01
3.881495935570011824e+00 3.325781250000000000e+01
3.899973613916817072e+00 3.944531250000000000e+01
3.918687871923205890e+00 4.050781250000000000e+01
3.937828061787570277e+00 2.918359375000000000e+01
3.956457553937376304e+00 2.619531250000000000e+01
3.975011919348581557e+00 3.421093750000000000e+01
3.992824796908333695e+00 2.509375000000000000e+01
4.011436875191716211e+00 3.494531250000000000e+01
4.029262863978363640e+00 3.555468750000000000e+01
4.047969727679248564e+00 3.644531250000000000e+01
4.066647767393357427e+00 4.084375000000000000e+01
4.085569872343805642e+00 3.679296875000000000e+01
4.104108269335103643e+00 3.813281250000000000e+01
4.122915919244885430e+00 3.414453125000000000e+01
4.141690748761210017e+00 2.347656250000000000e+01
4.160605751186075452e+00 2.726562500000000000e+01
4.178429202701012812e+00 2.769140625000000000e+01
4.196643668794006743e+00 2.640625000000000000e+01
4.215228091161998591e+00 2.403125000000000000e+01
4.233579795436366311e+00 2.576171875000000000e+01
4.252158570650182767e+00 2.992578125000000000e+01
4.271119590327604243e+00 2.902343750000000000e+01
4.289495550194020623e+00 3.397656250000000000e+01
4.307816030704902488e+00 3.378906250000000000e+01
4.326172218452732920e+00 3.321875000000000000e+01
4.345015420588421051e+00 2.721875000000000000e+01
4.363793285971553360e+00 2.366406250000000000e+01
4.381873479735574506e+00 2.485937500000000000e+01
4.400678276005656642e+00 1.873828125000000000e+01
4.419563894069733934e+00 2.940234375000000000e+01
4.437556613979342757e+00 2.069921875000000000e+01
4.456073454524084099e+00 3.202343750000000000e+01
4.474087661660188786e+00 2.056250000000000000e+01
4.492707138276990975e+00 2.935937500000000000e+01
4.511293097948879449e+00 2.597656250000000000e+01
4.530339192058683295e+00 3.540625000000000000e+01
4.549384197254935813e+00 2.007421875000000000e+01
4.567618311354927130e+00 2.171875000000000000e+01
4.586147160713602844e+00 2.698437500000000000e+01
4.604859210262407743e+00 2.337500000000000000e+01
4.623490464453528404e+00 2.873046875000000000e+01
4.640703090583407686e+00 2.388281250000000000e+01
4.659229233160937511e+00 2.561718750000000000e+01
4.678271074849014610e+00 1.607812500000000000e+01
4.696761054869224239e+00 2.739843750000000000e+01
4.715471330339394029e+00 3.356640625000000000e+01
4.734446072297515684e+00 2.022656250000000000e+01
4.753034361799544527e+00 1.253515625000000000e+01
4.771000306073029051e+00 2.040625000000000000e+01
4.789259379065690325e+00 1.572656250000000000e+01
4.808311693947612042e+00 1.736718750000000000e+01
4.826518461416362982e+00 2.246093750000000000e+01
4.844923573419167795e+00 1.265234375000000000e+01
4.863718834992202034e+00 1.633593750000000000e+01
4.882600525201830521e+00 2.307812500000000000e+01
4.900986642549089112e+00 2.033593750000000000e+01
4.919359051178345155e+00 2.237109375000000000e+01
4.937783889957570338e+00 2.189843750000000000e+01
4.956360666027251227e+00 2.037109375000000000e+01
4.974552676667180151e+00 1.405859375000000000e+01
4.993539421185726468e+00 2.571093750000000000e+01
5.012140342707969154e+00 1.354296875000000000e+01
5.030514746560800887e+00 1.903906250000000000e+01
5.049185188098437749e+00 1.977343750000000000e+01
5.068241283597103575e+00 2.107421875000000000e+01
5.086156277474806586e+00 3.172656250000000000e+01
5.103985515582870391e+00 3.171875000000000000e+01
5.122885945637642990e+00 2.446875000000000000e+01
5.141890492460330364e+00 2.228125000000000000e+01
5.160253199445541838e+00 1.160156250000000000e+01
5.178722233159072985e+00 1.265234375000000000e+01
5.197735803150859368e+00 1.098437500000000000e+01
5.216258945595820151e+00 1.203515625000000000e+01
5.233835538235554807e+00 6.085937500000000000e+00
5.252413573437396010e+00 1.360546875000000000e+01
5.271544521137199624e+00 9.687500000000000000e+00
5.289585984166286892e+00 1.772656250000000000e+01
5.308115714961150644e+00 1.578906250000000000e+01
5.326889256709581133e+00 1.802343750000000000e+01
5.346059361628855200e+00 1.389062500000000000e+01
5.364265080464686974e+00 1.561718750000000000e+01
5.382460072089273240e+00 2.352343750000000000e+01
5.401029025580362131e+00 7.328125000000000000e+00
5.419098429093374136e+00 1.385937500000000000e+01
5.437585451338478038e+00 1.156250000000000000e+00
5.456484074956620134e+00 3.160156250000000000e+00
5.475363126610783837e+00 2.057812500000000000e+01
5.493693236739961350e+00 1.741406250000000000e+01
5.512268306095169379e+00 1.693750000000000000e+01
5.531155740277231558e+00 1.033593750000000000e+01
5.550022996286545052e+00 5.917968750000000000e+00
5.566961157259806114e+00 1.467968750000000000e+01
5.585839647462726987e+00 5.343750000000000000e+00
5.604699142375803689e+00 6.359375000000000000e+00
5.622696035323844654e+00 1.002343750000000000e+01
5.641928085319037223e+00 2.367187500000000000e+00
5.660981821223398214e+00 1.953125000000000000e+00
5.679705053659301228e+00 6.609375000000000000e+00
5.697599707761344945e+00 5.503906250000000000e+00
5.715717457444291938e+00 1.299218750000000000e+01
5.734944298870431112e+00 -1.093750000000000000e-01
5.752838785639042385e+00 3.195312500000000000e+00
5.771297488256545094e+00 1.078515625000000000e+01
5.789910347821342285e+00 6.757812500000000000e+00
5.808822393531210437e+00 4.898437500000000000e+00
5.826743699639113316e+00 5.679687500000000000e+00
5.845579934691874868e+00 3.902343750000000000e+00
5.864362814936640689e+00 1.000781250000000000e+01
5.882670900579071827e+00 3.875000000000000000e+00
5.900988378717457294e+00 1.125781250000000000e+01
5.919805317999669469e+00 -1.953125000000000000e+00
5.938653283330335597e+00 -1.466796875000000000e+01
5.957081292778930504e+00 -2.250000000000000000e+00
5.975748823799719389e+00 -2.742187500000000000e+00
5.994515813502822255e+00 -6.933593750000000000e+00
6.012992755900892661e+00 -8.046875000000000000e-01
6.030312319980971836e+00 7.398437500000000000e+00
6.048544509796144553e+00 -9.843750000000000000e-01
6.067592685395831964e+00 3.816406250000000000e+00
6.086271455858838664e+00 8.601562500000000000e+00
6.104824870683618343e+00 1.598437500000000000e+01
6.123832898639410161e+00 7.109375000000000000e-01
6.142787647270175455e+00 -5.703125000000000000e+00
6.161127733955499508e+00 2.296875000000000000e+00
6.179307476174525249e+00 -3.179687500000000000e+00
6.197734522519308342e+00 -8.070312500000000000e+00
6.215668879425937376e+00 -2.304687500000000000e+00
6.234256146440287694e+00 -5.757812500000000000e+00
6.252876946318380647e+00 -3.421875000000000000e+00
6.271566896324417328e+00 -1.421875000000000000e+00
6.290590610291641127e+00 1.484375000000000000e+00
6.309154804749372403e+00 -6.875000000000000000e-01
6.327984752171696314e+00 -5.511718750000000000e+00
6.345426388029501652e+00 -6.398437500000000000e+00
6.363873025984952747e+00 -2.554687500000000000e+00
6.382928431819681947e+00 -5.804687500000000000e+00
6.401632882367604083e+00 -1.671875000000000000e+00
6.419600059373426149e+00 -2.441406250000000000e+00
6.438213071634162787e+00 -2.875000000000000000e+00
6.457741269853954691e+00 -6.488281250000000000e+00
6.476257266361537646e+00 -5.937500000000000000e+00
6.494230276326273810e+00 -1.123046875000000000e+01
6.512386310306135684e+00 -5.476562500000000000e+00
6.531313938993658752e+00 -1.232031250000000000e+01
6.549749150131077613e+00 -3.542968750000000000e+00
6.567643743704383752e+00 -2.070312500000000000e+00
6.586830588983639601e+00 -1.962890625000000000e+01
6.605717917923522364e+00 -1.058203125000000000e+01
6.623673753688994026e+00 -1.250000000000000000e+01
6.642054533271341654e+00 -5.304687500000000000e+00
6.661024586626096422e+00 -1.646484375000000000e+01
6.679098627443977421e+00 -9.386718750000000000e+00
6.698214477125640443e+00 -7.898437500000000000e+00
6.716393402743971563e+00 -6.335937500000000000e+00
6.735155795377785637e+00 -2.231250000000000000e+01
6.753822537531076975e+00 -1.147656250000000000e+01
6.772237665124485773e+00 -1.571093750000000000e+01
6.790991770774212455e+00 -1.880468750000000000e+01
6.809636046447687718e+00 -1.675000000000000000e+01
6.827116169141177693e+00 -9.796875000000000000e+00
6.845651161768097737e+00 -8.671875000000000000e+00
6.864596327399901554e+00 -1.195312500000000000e+01
6.883156471190677195e+00 -8.550781250000000000e+00
6.901968242684555221e+00 -8.832031250000000000e+00
6.920737949202713679e+00 -1.275781250000000000e+01
6.939295578076933424e+00 -1.510937500000000000e+01
6.956637539344036725e+00 -1.010937500000000000e+01
6.975490381377102977e+00 -2.434375000000000000e+01
6.994224451646342544e+00 -1.484375000000000000e+01
7.012869689843896026e+00 -7.273437500000000000e+00
7.031571586742941804e+00 -1.539843750000000000e+01
7.050205414848338847e+00 -2.166406250000000000e+01
7.068482354042986415e+00 -1.603906250000000000e+01
7.086818937379288030e+00 -1.242968750000000000e+01
7.105056286450279757e+00 -2.339843750000000000e+01
7.123646350996290622e+00 -2.253906250000000000e+01
7.142094692055216854e+00 -2.703906250000000000e+01
7.160631408315058621e+00 -2.248437500000000000e+01
7.179676352528495897e+00 -2.875781250000000000e+01
7.198427846877599734e+00 -2.721093750000000000e+01
7.216919136726790640e+00 -2.069531250000000000e+01
7.235192471574848128e+00 -1.529687500000000000e+01
7.254002103688243608e+00 -2.776562500000000000e+01
7.271567402953031944e+00 -2.094531250000000000e+01
7.290302554018495584e+00 -1.275000000000000000e+01
7.309030847910651829e+00 -2.307031250000000000e+01
7.327805320758272956e+00 -2.539843750000000000e+01
7.346386778927834982e+00 -2.136718750000000000e+01
7.365154386410482701e+00 -2.210937500000000000e+01
7.384082712102095769e+00 -1.842968750000000000e+01
7.402832789376065037e+00 -2.388281250000000000e+01
7.420838818918657154e+00 -2.469921875000000000e+01
7.438999740339689026e+00 -2.689843750000000000e+01
7.457151589533729918e+00 -3.391406250000000000e+01
7.475715062451062209e+00 -1.985937500000000000e+01
7.494056611272153390e+00 -1.771093750000000000e+01
7.512996884369599115e+00 -1.760937500000000000e+01
7.531868646283481183e+00 -2.743750000000000000e+01
7.550622364513113638e+00 -2.500781250000000000e+01
7.569152508217449338e+00 -3.041406250000000000e+01
7.587780654420036797e+00 -2.066015625000000000e+01
7.606552526936704695e+00 -2.392968750000000000e+01
7.624231042000928937e+00 -1.717968750000000000e+01
7.642804430516722647e+00 -2.139062500000000000e+01
7.661060409776597524e+00 -3.934765625000000000e+01
7.679842806415383194e+00 -1.949218750000000000e+01
7.698247998230783651e+00 -2.731250000000000000e+01
7.716743256013939956e+00 -2.916406250000000000e+01
7.734910398687752320e+00 -3.103125000000000000e+01
7.753961739313419699e+00 -2.717968750000000000e+01
7.772575144938643987e+00 -3.393750000000000000e+01
7.791265863236883860e+00 -3.350000000000000000e+01
7.809682563361683094e+00 -2.641406250000000000e+01
7.828435046521676099e+00 -3.088671875000000000e+01
7.847240286956889577e+00 -3.506250000000000000e+01
7.865171743361720758e+00 -3.608593750000000000e+01
7.883371809611327663e+00 -2.319921875000000000e+01
7.901742463814866113e+00 -2.831250000000000000e+01
7.920455868730947202e+00 -2.059375000000000000e+01
7.939177422478230994e+00 -2.374218750000000000e+01
7.957393217419813425e+00 -2.663671875000000000e+01
7.976594332505065665e+00 -2.760937500000000000e+01
7.995177297588435650e+00 -2.878515625000000000e+01
8.013623824213400582e+00 -3.417187500000000000e+01
8.031954927877585249e+00 -4.273828125000000000e+01
8.050808764382786364e+00 -3.972656250000000000e+01
8.068683337393814270e+00 -3.317968750000000000e+01
8.087240641947943232e+00 -3.591406250000000000e+01
8.105936256851247634e+00 -3.667578125000000000e+01
8.124785518394070039e+00 -3.752343750000000000e+01
8.143186037424751333e+00 -2.762109375000000000e+01
8.161613014324284876e+00 -2.964062500000000000e+01
8.180360848641264226e+00 -3.425781250000000000e+01
8.198512475626614560e+00 -4.176953125000000000e+01
8.216740833257688337e+00 -3.045312500000000000e+01
8.235944952479378856e+00 -3.024218750000000000e+01
8.254462768432571096e+00 -3.992187500000000000e+01
8.272658438820311488e+00 -3.450390625000000000e+01
8.291327290837489983e+00 -2.908593750000000000e+01
8.310280746732143342e+00 -2.742968750000000000e+01
8.327919200668802091e+00 -2.867187500000000000e+01
8.346930507344598738e+00 -2.676562500000000000e+01
8.365295319939825447e+00 -2.801562500000000000e+01
8.383813957548380102e+00 -2.681250000000000000e+01
8.402233962951548563e+00 -2.675781250000000000e+01
8.421016251839077427e+00 -2.524218750000000000e+01
8.439820584969652373e+00 -2.797656250000000000e+01
8.457975899567587774e+00 -3.342578125000000000e+01
8.476375133482992652e+00 -2.616406250000000000e+01
8.494808181878646280e+00 -4.129687500000000000e+01
8.513244262915261373e+00 -3.289843750000000000e+01
8.531828983616541962e+00 -3.140625000000000000e+01
8.550472925770506549e+00 -2.411718750000000000e+01
8.569204131454167594e+00 -3.621875000000000000e+01
8.587867915568928368e+00 -3.629687500000000000e+01
8.606408050616881411e+00 -3.131250000000000000e+01
8.625401487875883788e+00 -2.897265625000000000e+01
8.644092278674239793e+00 -4.450000000000000000e+01
8.660959083764167232e+00 -3.945703125000000000e+01
8.679835793908210917e+00 -3.144531250000000000e+01
8.698535253489364294e+00 -4.619140625000000000e+01
8.717015821594184644e+00 -3.753906250000000000e+01
8.735847451937869934e+00 -3.696875000000000000e+01
8.754610462143768146e+00 -2.773828125000000000e+01
8.773608173392648979e+00 -3.435937500000000000e+01
8.791949209347773575e+00 -2.953125000000000000e+01
8.810124599396434775e+00 -2.660156250000000000e+01
8.828545289461665391e+00 -4.212500000000000000e+01
8.847032135635966910e+00 -3.794531250000000000e+01
8.865213152783699257e+00 -2.887500000000000000e+01
8.883883449485711736e+00 -3.593750000000000000e+01
8.902842195372418388e+00 -3.703125000000000000e+01
8.921130920003536247e+00 -3.709375000000000000e+01
8.940081741438628882e+00 -3.399218750000000000e+01
8.958943333080002347e+00 -3.171484375000000000e+01
8.977592360055632881e+00 -2.683593750000000000e+01
8.995018196905967045e+00 -2.692968750000000000e+01
9.013679943662907590e+00 -3.162500000000000000e+01
9.032672457810720701e+00 -3.439453125000000000e+01
9.050769758830963241e+00 -3.601562500000000000e+01
9.069269951026928567e+00 -2.071093750000000000e+01
9.087807393694403046e+00 -3.975781250000000000e+01
9.106700790406172530e+00 -3.005078125000000000e+01
9.124421378305569874e+00 -2.862500000000000000e+01
9.143060536294605356e+00 -3.462890625000000000e+01
9.162240519855906484e+00 -3.167968750000000000e+01
9.180907776923699970e+00 -2.450000000000000000e+01
9.199113347872888369e+00 -2.989843750000000000e+01
9.217297219679675635e+00 -3.795312500000000000e+01
9.236135376233093552e+00 -3.956250000000000000e+01
9.254891435051591841e+00 -3.278515625000000000e+01
9.273452011221468894e+00 -3.691796875000000000e+01
9.291997998499994083e+00 -2.772656250000000000e+01
9.310954124768358042e+00 -3.949218750000000000e+01
9.328677688420697223e+00 -3.922656250000000000e+01
9.346886523754584175e+00 -2.989062500000000000e+01
9.366095656689136462e+00 -3.474218750000000000e+01
9.384484388463842919e+00 -4.691406250000000000e+01
9.401939660982634450e+00 -3.357031250000000000e+01
9.421145623475361219e+00 -3.637500000000000000e+01
9.440343273319562911e+00 -4.245312500000000000e+01
9.457855984502087310e+00 -4.777343750000000000e+01
9.476805499507143793e+00 -3.807031250000000000e+01
9.495526693797568640e+00 -3.949218750000000000e+01
9.514488535259257418e+00 -4.017187500000000000e+01
9.532743998656796336e+00 -3.980859375000000000e+01
9.551291832340613297e+00 -3.397656250000000000e+01
9.570171916919830934e+00 -3.420312500000000000e+01
9.587468459348414740e+00 -3.582812500000000000e+01
9.606227090934687851e+00 -3.595703125000000000e+01
9.625253143770267528e+00 -4.803906250000000000e+01
9.643694281214779451e+00 -4.304687500000000000e+01
9.662124939756186137e+00 -3.830468750000000000e+01
9.680943710566092264e+00 -4.410937500000000000e+01
9.699857864892532433e+00 -4.792187500000000000e+01
9.717830391485371422e+00 -3.431250000000000000e+01
9.736057382362632850e+00 -3.542968750000000000e+01
9.754472993095571809e+00 -3.003125000000000000e+01
9.773237700256839133e+00 -4.125781250000000000e+01
9.791416782427244669e+00 -3.912500000000000000e+01
9.810517064768404794e+00 -4.112500000000000000e+01
9.828701054395011738e+00 -3.778906250000000000e+01
9.847751659982643346e+00 -3.315625000000000000e+01
9.866022021546758225e+00 -4.089843750000000000e+01
9.884887666260819827e+00 -3.504687500000000000e+01
9.903618890756185067e+00 -3.028125000000000000e+01
9.921329432860765962e+00 -3.025781250000000000e+01
9.940007840294626362e+00 -3.522656250000000000e+01
9.958402791770536666e+00 -2.462890625000000000e+01
9.977059013725320114e+00 -3.289843750000000000e+01
9.995601760370309563e+00 -2.874218750000000000e+01
1.001484428788826619e+01 -3.106250000000000000e+01
1.003303437835124612e+01 -3.667968750000000000e+01
1.005042031728487295e+01 -4.301171875000000000e+01
1.006940499844758108e+01 -3.860937500000000000e+01
1.008839274439655931e+01 -3.971484375000000000e+01
1.010655344846734671e+01 -4.011718750000000000e+01
1.012532982523962133e+01 -3.753906250000000000e+01
1.014384928121984686e+01 -3.164062500000000000e+01
1.016300881664707134e+01 -2.918359375000000000e+01
1.018142968591372366e+01 -3.859375000000000000e+01
1.019992926333489791e+01 -3.146875000000000000e+01
1.021813857689119232e+01 -3.105468750000000000e+01
1.023650498293835298e+01 -3.822265625000000000e+01
1.025472336505680104e+01 -3.311718750000000000e+01
1.027324710216683101e+01 -3.301953125000000000e+01
1.029240163582772283e+01 -3.661328125000000000e+01
1.031041468236218606e+01 -3.476562500000000000e+01
1.032941409076126504e+01 -4.125781250000000000e+01
1.034793208816796195e+01 -3.324218750000000000e+01
1.036681585346502743e+01 -2.904687500000000000e+01
1.038535634931150042e+01 -3.710156250000000000e+01
1.040321542601003557e+01 -3.492187500000000000e+01
1.042243569162213390e+01 -3.730468750000000000e+01
1.044037867693679544e+01 -3.089843750000000000e+01
1.045896876712119550e+01 -3.204687500000000000e+01
1.047785651302579346e+01 -4.860937500000000000e+01
1.049672950227503421e+01 -2.732812500000000000e+01
1.051391097936237173e+01 -2.918750000000000000e+01
1.053252151749168775e+01 -2.475781250000000000e+01
1.055128535649685162e+01 -2.478125000000000000e+01
1.056966716844716458e+01 -6.660937500000000000e+01
1.058831113795151779e+01 -1.612578125000000000e+02
1.060741131274990323e+01 -2.514140625000000000e+02
1.062591653350528453e+01 -3.181523437500000000e+02
1.064458839536930768e+01 -3.401718750000000000e+02
1.066282930808656104e+01 -3.402734375000000000e+02
1.068142083248500285e+01 -3.405781250000000000e+02
1.070003684246817777e+01 -3.425507812500000000e+02
1.071787184919869951e+01 -3.392773437500000000e+02
1.073638070891225738e+01 -3.361093750000000000e+02
1.075554657191241503e+01 -3.391171875000000000e+02
1.077400278101221076e+01 -3.476015625000000000e+02
1.079235793845198899e+01 -3.380117187500000000e+02
1.081104931231999267e+01 -3.413945312500000000e+02
1.082990248122953858e+01 -3.339375000000000000e+02
1.084750747718176989e+01 -3.204804687500000000e+02
1.086630684866658214e+01 -2.633046875000000000e+02
1.088502059404983058e+01 -1.619375000000000000e+02
1.090324386673726309e+01 -6.325781250000000000e+01
1.092224189241651189e+01 -3.751562500000000000e+01
1.094073716101815208e+01 -3.112500000000000000e+01
1.095962975454739130e+01 -3.127343750000000000e+01
1.097752140187918712e+01 -3.142968750000000000e+01
1.099574545818427396e+01 -3.310156250000000000e+01
1.101474980994018615e+01 -4.416796875000000000e+01
1.103340235769688249e+01 -3.978906250000000000e+01
1.105163957274616138e+01 -3.989062500000000000e+01
1.107015008264244926e+01 -4.883593750000000000e+01
1.108932844273912011e+01 -4.263281250000000000e+01
1.110733648140138996e+01 -3.991015625000000000e+01
1.112649508269529264e+01 -3.713281250000000000e+01
1.114487540997748383e+01 -3.521093750000000000e+01
1.116287972168603559e+01 -3.614062500000000000e+01
1.118109679234444087e+01 -3.434375000000000000e+01
1.119970871430105142e+01 -3.236328125000000000e+01
1.121879996499745502e+01 -3.032031250000000000e+01
1.123696355232071831e+01 -3.191015625000000000e+01
1.125542033324736124e+01 -3.137500000000000000e+01
1.127438698721084975e+01 -4.190625000000000000e+01
1.129311741711033079e+01 -3.534375000000000000e+01
1.131167437536497999e+01 -3.207031250000000000e+01
1.133031304809229667e+01 -3.764062500000000000e+01
1.134849501307577846e+01 -2.936718750000000000e+01
1.136686270208140037e+01 -3.689062500000000000e+01
1.138538191595420201e+01 -3.447656250000000000e+01
1.140378375782274745e+01 -3.724218750000000000e+01
1.142249695891953820e+01 -2.544531250000000000e+01
1.143988144969887166e+01 -3.557421875000000000e+01
1.145839112933646931e+01 -4.459765625000000000e+01
1.147758291329481395e+01 -3.389062500000000000e+01
1.149653070259575927e+01 -3.202343750000000000e+01
1.151518506871333614e+01 -4.283984375000000000e+01
1.153375564207365755e+01 -4.003906250000000000e+01
1.155259001525659457e+01 -3.860156250000000000e+01
1.157119077655426942e+01 -4.241015625000000000e+01
1.158953717015522145e+01 -3.456250000000000000e+01
1.160759834111218325e+01 -3.391406250000000000e+01
1.162597746929503373e+01 -3.105468750000000000e+01
1.164400203742218665e+01 -2.489843750000000000e+01
1.166240252818298195e+01 -3.887109375000000000e+01
1.168138451551315882e+01 -3.805468750000000000e+01
1.169992084480433192e+01 -2.744531250000000000e+01
1.171904750587415123e+01 -3.676562500000000000e+01
1.173754997500395802e+01 -2.958203125000000000e+01
1.175691712626114693e+01 -3.408593750000000000e+01
1.177523289096835768e+01 -3.613671875000000000e+01
1.179313131259024949e+01 -3.592578125000000000e+01
1.181136029608722637e+01 -4.011718750000000000e+01
1.182973689827306529e+01 -3.556250000000000000e+01
1.184842516215618069e+01 -3.297656250000000000e+01
1.186698812567469474e+01 -2.714453125000000000e+01
1.188571762597096892e+01 -3.439843750000000000e+01
1.190425634550194189e+01 -2.613281250000000000e+01
1.192252162694610895e+01 -3.749609375000000000e+01
1.194135296135046076e+01 -3.639062500000000000e+01
1.195974073084975586e+01 -3.455859375000000000e+01
1.197836419954075637e+01 -3.050781250000000000e+01
1.199691291233806112e+01 -2.923046875000000000e+01
1.201569146007357958e+01 -2.753906250000000000e+01
1.203387923908643309e+01 -3.410937500000000000e+01
1.205227004967989402e+01 -3.482031250000000000e+01
1.207025370608902293e+01 -3.513281250000000000e+01
1.208901046865775797e+01 -3.696093750000000000e+01
1.210746919946496547e+01 -4.010156250000000000e+01
1.212589802547288897e+01 -3.672656250000000000e+01
1.214515086649002384e+01 -3.171875000000000000e+01
1.216386474991592692e+01 -3.521875000000000000e+01
1.218229259394705721e+01 -2.828125000000000000e+01
1.220072767610072262e+01 -3.211718750000000000e+01
1.221941735483486724e+01 -3.263281250000000000e+01
1.223719802294632331e+01 -3.163281250000000000e+01
1.225580979627525124e+01 -3.117968750000000000e+01
1.227452628722929617e+01 -3.044531250000000000e+01
1.229301052303395636e+01 -2.944531250000000000e+01
1.231172866041569947e+01 -3.528906250000000000e+01
1.233018360577665717e+01 -2.856250000000000000e+01
1.234909678974502434e+01 -2.727734375000000000e+01
1.236779386218253407e+01 -2.367968750000000000e+01
1.238520778625707663e+01 -3.242578125000000000e+01
1.240402793839445295e+01 -3.860156250000000000e+01
1.242236909480981666e+01 -3.108593750000000000e+01
1.244097650982481262e+01 -3.739062500000000000e+01
1.245965886416188440e+01 -3.334375000000000000e+01
1.247881508991968502e+01 -3.151953125000000000e+01
1.249725360869778257e+01 -3.030468750000000000e+01
1.251582383718106506e+01 -3.503515625000000000e+01
1.253441817699154726e+01 -2.845312500000000000e+01
1.255233446377005535e+01 -2.925781250000000000e+01
1.257073920911764553e+01 -2.908203125000000000e+01
1.258949386268044179e+01 -3.123828125000000000e+01
1.260796857728915477e+01 -2.833593750000000000e+01
1.262645754819799215e+01 -2.393750000000000000e+01
1.264497168012961836e+01 -2.157421875000000000e+01
1.266397466209431499e+01 -2.491406250000000000e+01
1.268166842131888572e+01 -2.458984375000000000e+01
1.270035151290984743e+01 -2.005468750000000000e+01
1.271945775051251992e+01 -2.100000000000000000e+01
1.273771159374113537e+01 -2.384375000000000000e+01
1.275603329956205911e+01 -3.166406250000000000e+01
1.277485789770403102e+01 -2.141406250000000000e+01
1.279388493405668470e+01 -2.275781250000000000e+01
1.281200458783114726e+01 -2.239843750000000000e+01
1.282978208227265071e+01 -2.364062500000000000e+01
1.284882071566056716e+01 -2.457812500000000000e+01
1.286745719066007076e+01 -2.937500000000000000e+01
1.288588660452932899e+01 -3.308593750000000000e+01
1.290434932251037736e+01 -2.478125000000000000e+01
1.292322202715425306e+01 -2.650781250000000000e+01
1.294188585938536207e+01 -2.575000000000000000e+01
1.296044902247848007e+01 -3.466796875000000000e+01
1.297898454919825717e+01 -3.031640625000000000e+01
1.299721176472478135e+01 -3.183593750000000000e+01
1.301591250562981195e+01 -3.087890625000000000e+01
1.303342980811533280e+01 -2.576562500000000000e+01
1.305221663028014589e+01 -3.186718750000000000e+01
1.307086732912986804e+01 -3.335156250000000000e+01
1.308942605205917431e+01 -3.065625000000000000e+01
1.310848156206335346e+01 -2.436718750000000000e+01
1.312712982496210401e+01 -2.801171875000000000e+01
1.314621653198991780e+01 -3.196093750000000000e+01
1.316471898247811012e+01 -3.340625000000000000e+01
1.318266182053250368e+01 -2.858984375000000000e+01
1.320106010261136298e+01 -2.341406250000000000e+01
1.321923708985679902e+01 -2.791406250000000000e+01
1.323795460961972736e+01 -2.747656250000000000e+01
1.325647098157835657e+01 -2.901953125000000000e+01
1.327519678536234693e+01 -3.048046875000000000e+01
1.329375800617128078e+01 -2.320312500000000000e+01
1.331242642207472571e+01 -2.753125000000000000e+01
1.333077554632309614e+01 -2.604687500000000000e+01
1.334926452486306303e+01 -2.424218750000000000e+01
1.336765538296870481e+01 -2.543359375000000000e+01
1.338646669068794637e+01 -2.839843750000000000e+01
1.340485896623397899e+01 -3.087890625000000000e+01
1.342355915393093468e+01 -3.341406250000000000e+01
1.344183340817155781e+01 -2.327343750000000000e+01
1.346026620557501019e+01 -2.303906250000000000e+01
1.347857126350556811e+01 -2.818750000000000000e+01
1.349707883598338753e+01 -2.955468750000000000e+01
1.351578831451755036e+01 -3.065625000000000000e+01
1.353465788191282115e+01 -3.016406250000000000e+01
1.355317298396750836e+01 -2.926562500000000000e+01
1.357177665889888729e+01 -2.189062500000000000e+01
1.359027115678436459e+01 -2.599218750000000000e+01
1.360886897649611171e+01 -3.082812500000000000e+01
1.362629876596288980e+01 -2.621875000000000000e+01
1.364503615722252583e+01 -1.923046875000000000e+01
1.366387811327133406e+01 -2.864843750000000000e+01
1.368235962176257914e+01 -2.419531250000000000e+01
1.370122184597749104e+01 -3.114062500000000000e+01
1.371978659691511027e+01 -2.647656250000000000e+01
1.373885469950234395e+01 -2.365234375000000000e+01
1.375730574420402874e+01 -2.592968750000000000e+01
1.377562666620338305e+01 -2.881250000000000000e+01
1.379399154985572196e+01 -2.508984375000000000e+01
1.381202809082218330e+01 -2.669921875000000000e+01
1.383040728642341399e+01 -2.144140625000000000e+01
1.384913962896718687e+01 -2.821093750000000000e+01
1.386800679817294757e+01 -1.958593750000000000e+01
1.388634751326132033e+01 -1.392968750000000000e+01
