#Time Flux
-3.570987942723565567e+00 -8.765625000000000000e+00
-3.555851479577816221e+00 -6.343750000000000000e+00
-3.541850716512222164e+00 -1.053125000000000000e+01
-3.529521923882308343e+00 -2.054687500000000000e+00
-3.514650530726839861e+00 -7.031250000000000000e+00
-3.499225626020542990e+00 -4.285156250000000000e+00
-3.484113352677526976e+00 -7.804687500000000000e+00
-3.472127283643457574e+00 -5.351562500000000000e+00
-3.458147648177218869e+00 -8.265625000000000000e+00
-3.442707128127921123e+00 -6.109375000000000000e+00
-3.428000062921247704e+00 -6.128906250000000000e+00
-3.412817821849150945e+00 -5.824218750000000000e+00
-3.398903656461568445e+00 -6.578125000000000000e+00
-3.386433048640173027e+00 -5.480468750000000000e+00
-3.371303449390660845e+00 -7.511718750000000000e+00
-3.356195195444652057e+00 -8.527343750000000000e+00
-3.341067508156831067e+00 -8.593750000000000000e+00
-3.328059472221399417e+00 -4.789062500000000000e+00
-3.314711721037539860e+00 -3.812500000000000000e+00
-3.299637974629195725e+00 -8.992187500000000000e+00
-3.285082153224099244e+00 -4.738281250000000000e+00
-3.269633076473779099e+00 -2.554687500000000000e+00
-3.255352509266051797e+00 -1.127343750000000000e+01
-3.243399007206607010e+00 -2.730468750000000000e+00
-3.228239751439209826e+00 -2.343750000000000000e+00
-3.213131004530337620e+00 -4.875000000000000000e+00
-3.198055706718877289e+00 -6.785156250000000000e+00
-3.185021362650774179e+00 -3.601562500000000000e+00
-3.171525561189392661e+00 -7.316406250000000000e+00
-3.156677803835815865e+00 -7.195312500000000000e+00
-3.141986285515566024e+00 -3.257812500000000000e+00
-3.126591922831455150e+00 -2.937500000000000000e+00
-3.111758160008687213e+00 -8.187500000000000000e+00
-3.100365049184619082e+00 -5.023437500000000000e+00
-3.085210595021740332e+00 3.593750000000000000e-01
-3.070099458921218272e+00 -4.046875000000000000e+00
-3.055019573884054651e+00 -3.851562500000000000e+00
-3.041754143587867887e+00 -2.652343750000000000e+00
-3.028268356064604205e+00 -3.687500000000000000e+00
-3.013514483580129522e+00 -3.507812500000000000e+00
-2.999024241301700755e+00 -2.507812500000000000e+00
-2.983584807974843045e+00 -4.117187500000000000e+00
-2.968662974848770730e+00 -2.546875000000000000e+00
-2.956930544463068244e+00 -4.816406250000000000e+00
-2.942141794237249641e+00 -2.027343750000000000e+00
-2.927068126592244468e+00 -4.414062500000000000e+00
-2.911983551407319126e+00 -2.644531250000000000e+00
-2.898407472418663033e+00 -4.988281250000000000e+00
-2.884148555237899814e+00 -4.093750000000000000e+00
-2.870479479275436674e+00 -6.531250000000000000e+00
-2.856062922413498129e+00 -1.468750000000000000e+00
-2.840554373666385857e+00 -2.007812500000000000e+00
-2.825566328443736452e+00 -3.445312500000000000e+00
-2.814246179516594282e+00 -4.968750000000000000e+00
-2.799106843712797499e+00 -3.789062500000000000e-01
-2.783984629982343861e+00 -1.687500000000000000e+00
-2.768939162058339676e+00 -2.140625000000000000e+00
-2.755244325214036394e+00 -1.140625000000000000e+00
-2.741110023901839554e+00 -9.062500000000000000e-01
-2.727312478209489299e+00 -2.800781250000000000e+00
-2.712966445238013335e+00 2.507812500000000000e+00
-2.697505831150653677e+00 -2.710937500000000000e+00
-2.682532067912896778e+00 -6.132812500000000000e+00
-2.671173755550539042e+00 -4.855468750000000000e+00
-2.656075313992388942e+00 7.812500000000000000e-01
-2.640905351195860007e+00 -4.773437500000000000e+00
-2.625904432248040266e+00 -1.269531250000000000e+00
-2.611576949195296038e+00 -3.687500000000000000e+00
-2.598071505364188738e+00 -8.289062500000000000e+00
-2.584387339596496247e+00 -6.773437500000000000e+00
-2.569934878343261175e+00 -3.855468750000000000e+00
-2.554477025492548847e+00 -2.820312500000000000e+00
-2.539455856938127809e+00 -2.292968750000000000e+00
-2.527809834103356579e+00 -2.804687500000000000e+00
-2.513044926224594633e+00 2.328125000000000000e+00
-2.497932432861068364e+00 -3.453125000000000000e+00
-2.482869887318207347e+00 -6.449218750000000000e+00
-2.468851153189767444e+00 -2.125000000000000000e+00
-2.454763252844136545e+00 -3.046875000000000000e+00
-2.441247283602853813e+00 -4.882812500000000000e+00
-2.426899997231444672e+00 -3.566406250000000000e+00
-2.411382770798702779e+00 -1.179687500000000000e+00
-2.396409253464092615e+00 -6.406250000000000000e+00
-2.384266332505072583e+00 -6.207031250000000000e+00
-2.369952391142676973e+00 5.820312500000000000e-01
-2.354880904970970690e+00 -9.808593750000000000e+00
-2.339835296342476667e+00 -6.593750000000000000e+00
-2.325487302161649339e+00 -4.296875000000000000e+00
-2.311859708290642246e+00 -9.812500000000000000e+00
-2.298316374576618415e+00 -6.500000000000000000e+00
-2.283865065511704984e+00 1.058593750000000000e+00
-2.268419501254999915e+00 -2.500000000000000000e-01
-2.253385876497612017e+00 -5.535156250000000000e+00
-2.240734499394317680e+00 -6.238281250000000000e+00
-2.226901304174473850e+00 -2.398437500000000000e+00
-2.211796900941143562e+00 -3.332031250000000000e+00
-2.196735574675033220e+00 -6.953125000000000000e-01
-2.182461486039835918e+00 -1.496093750000000000e+00
-2.168955924962048698e+00 -4.265625000000000000e+00
-2.155078025390002594e+00 -1.593750000000000000e+00
-2.140550757617448951e+00 -7.207031250000000000e+00
-2.125390682594758829e+00 -2.304687500000000000e+00
-2.110341148107391263e+00 -5.539062500000000000e+00
-2.096952663834672492e+00 -7.062500000000000000e+00
-2.083764847888129879e+00 -1.609375000000000000e+00
-2.068863236320895638e+00 -9.746093750000000000e+00
-2.053719786455724616e+00 -6.851562500000000000e+00
-2.038873721756319313e+00 -6.953125000000000000e+00
-2.024917713787207418e+00 -6.304687500000000000e+00
-2.012006023166419411e+00 -7.167968750000000000e+00
-1.997519940542689554e+00 -8.074218750000000000e+00
-1.982280982981572848e+00 -1.531250000000000000e+00
-1.967146331922155156e+00 -6.187500000000000000e+00
-1.953727415951670210e+00 -7.082031250000000000e+00
-1.940734307816352811e+00 -5.769531250000000000e+00
-1.925891219992390546e+00 -5.460937500000000000e+00
-1.910731435706837900e+00 -5.441406250000000000e+00
-1.895844254342593516e+00 -6.343750000000000000e+00
-1.881701437301872559e+00 -8.339843750000000000e+00
-1.868579238705985190e+00 -4.429687500000000000e+00
-1.854384173458825558e+00 -2.429687500000000000e+00
-1.839171132821547872e+00 -3.710937500000000000e+00
-1.824267475633769564e+00 -8.695312500000000000e+00
-1.810332706315078255e+00 -4.382812500000000000e+00
-1.797283582530562640e+00 -6.734375000000000000e+00
-1.782742643549910966e+00 -1.041015625000000000e+01
-1.767640195365304479e+00 -9.742187500000000000e+00
-1.752692708546499389e+00 -1.016406250000000000e+01
-1.738394862157152332e+00 -7.695312500000000000e+00
-1.725542782523968199e+00 -3.183593750000000000e+00
-1.711355345820052776e+00 -7.851562500000000000e+00
-1.696223481477753481e+00 -4.292968750000000000e+00
-1.681157526271915614e+00 -8.218750000000000000e+00
-1.667821965196331746e+00 -7.906250000000000000e+00
-1.654078676041667251e+00 -3.062500000000000000e+00
-1.639708175541501944e+00 -4.652343750000000000e+00
-1.624611235618170113e+00 -9.250000000000000000e+00
-1.609662753203418006e+00 -9.269531250000000000e+00
-1.595116409119148315e+00 -4.132812500000000000e+00
-1.582869256145205128e+00 -7.921875000000000000e+00
-1.568245195792348667e+00 -6.847656250000000000e+00
-1.553095202135221342e+00 -4.492187500000000000e+00
-1.538184876583637006e+00 -7.609375000000000000e+00
-1.524067817746612263e+00 -1.232031250000000000e+01
-1.510878500780590272e+00 -5.343750000000000000e+00
-1.496675037740709868e+00 -7.730468750000000000e+00
-1.481625089617844893e+00 -9.636718750000000000e+00
-1.466699496051454332e+00 -9.304687500000000000e+00
-1.451476339559869544e+00 -4.445312500000000000e+00
-1.439103781958069206e+00 -8.242187500000000000e+00
-1.425216446599312903e+00 -1.116796875000000000e+01
-1.409738060916989610e+00 -9.046875000000000000e+00
-1.395031440855124316e+00 -7.140625000000000000e+00
-1.380532914394125399e+00 -9.945312500000000000e+00
-1.367731239822390421e+00 -4.367187500000000000e+00
-1.353704326343665443e+00 -5.820312500000000000e+00
-1.338544583217656125e+00 -7.906250000000000000e+00
-1.323591324352156207e+00 -9.750000000000000000e+00
-1.308435672817561013e+00 -7.484375000000000000e+00
-1.295872138571473542e+00 -7.550781250000000000e+00
-1.282106258492884621e+00 -8.734375000000000000e+00
-1.266704662790854030e+00 -8.109375000000000000e+00
-1.252002877573719530e+00 -9.742187500000000000e+00
-1.237153278025328262e+00 -1.203125000000000000e+01
-1.223620808559228834e+00 -5.710937500000000000e+00
-1.210544337483115740e+00 -1.147656250000000000e+01
-1.195492460125961998e+00 -1.073437500000000000e+01
-1.180586005660684279e+00 -9.562500000000000000e+00
-1.165992593497142238e+00 -5.859375000000000000e+00
-1.152642040196486306e+00 -1.100781250000000000e+01
-1.139077604291113488e+00 -1.163281250000000000e+01
-1.123668511323893782e+00 -1.086718750000000000e+01
-1.108974118023358102e+00 -6.921875000000000000e+00
-1.094106309559789381e+00 -9.050781250000000000e+00
-1.080582503643693570e+00 -6.750000000000000000e+00
-1.067515030540635124e+00 -1.305468750000000000e+01
-1.052465368396061862e+00 -1.128906250000000000e+01
-1.037528676334323663e+00 -9.351562500000000000e+00
-1.022268919853631886e+00 -7.882812500000000000e+00
-1.009606810800740107e+00 -8.937500000000000000e+00
-9.960246677008868232e-01 -9.773437500000000000e+00
-9.806377175342468888e-01 -6.710937500000000000e+00
-9.659338815918889765e-01 -7.621093750000000000e+00
-9.507342816754285053e-01 -1.137500000000000000e+01
-9.372647961687121665e-01 -9.589843750000000000e+00
-9.244879193918364990e-01 -7.277343750000000000e+00
-9.094237510880933684e-01 -9.074218750000000000e+00
-8.943832240925218002e-01 -1.177343750000000000e+01
-8.790811848232831238e-01 -9.500000000000000000e+00
-8.665651771620908050e-01 -8.023437500000000000e+00
-8.530203068378874320e-01 -8.953125000000000000e+00
-8.376056385335406418e-01 -8.359375000000000000e+00
-8.229167098518850310e-01 -7.968750000000000000e+00
-8.078610300061495053e-01 -7.054687500000000000e+00
-7.938720142139512603e-01 -1.145703125000000000e+01
-7.814341862313280984e-01 -7.773437500000000000e+00
-7.664068814110773786e-01 -1.247656250000000000e+01
-7.513482355330012297e-01 -1.044531250000000000e+01
-7.361956394207300747e-01 -1.117187500000000000e+01
-7.233862195157225727e-01 -1.142187500000000000e+01
-7.097722322182722365e-01 -1.325390625000000000e+01
-6.945776100293326039e-01 -1.339843750000000000e+01
-6.798751462930230360e-01 -1.076562500000000000e+01
-6.645072393220612383e-01 -4.148437500000000000e+00
-6.511894761648377994e-01 -7.773437500000000000e+00
-6.384260422441467853e-01 -6.359375000000000000e+00
-6.232622690684053168e-01 -1.275781250000000000e+01
-6.079905199383262016e-01 -1.389843750000000000e+01
-5.930854951496584704e-01 -9.656250000000000000e+00
-5.798131968431068373e-01 -8.281250000000000000e+00
-5.666163183566812478e-01 -8.433593750000000000e+00
-5.515427654848910066e-01 -7.875000000000000000e+00
-5.368456888837389585e-01 -8.421875000000000000e+00
-5.214128745389707831e-01 -1.303906250000000000e+01
-5.077934213679267117e-01 -1.124218750000000000e+01
-4.953961065200616076e-01 -6.554687500000000000e+00
-4.802257884973784030e-01 -9.570312500000000000e+00
-4.651978835347119201e-01 -6.593750000000000000e+00
-4.500529466298175407e-01 -6.281250000000000000e+00
-4.363774275811991288e-01 -4.906250000000000000e+00
-4.233531508299428481e-01 -6.273437500000000000e+00
-4.086866083793712079e-01 -7.355468750000000000e+00
-3.938307742694782121e-01 -6.484375000000000000e-01
-3.785928393548569915e-01 -1.009765625000000000e+01
-3.647541368210962531e-01 -6.253906250000000000e+00
-3.523691052769937215e-01 -5.281250000000000000e+00
-3.371291664466298243e-01 -6.617187500000000000e+00
-3.221613571287900157e-01 -7.789062500000000000e+00
-3.069511505737150259e-01 -8.894531250000000000e+00
-2.937332138271546711e-01 -9.785156250000000000e+00
-2.804119868104901769e-01 -8.375000000000000000e+00
-2.653657382354150940e-01 -3.187500000000000000e+00
-2.508020361322600422e-01 -4.148437500000000000e+00
-2.353548530406506245e-01 -8.972656250000000000e+00
-2.216709938235545962e-01 -7.367187500000000000e+00
-2.093301818990322971e-01 -1.054687500000000000e+00
-1.939381050432409381e-01 -8.257812500000000000e+00
-1.791246336317282584e-01 -1.013867187500000000e+02
-1.638531059649785959e-01 -4.709765625000000000e+02
-1.493403422280632498e-01 -9.305937500000000000e+02
-1.369965115910982689e-01 -1.221226562500000000e+03
-1.224365873428006068e-01 -1.345789062500000000e+03
-1.075792138394060515e-01 -1.411152343750000000e+03
-9.232576001859982284e-02 -1.476003906250000000e+03
-7.832309210850496584e-02 -1.516570312500000000e+03
-6.592081006016847766e-02 -1.525386718750000000e+03
-5.087153769667907000e-02 -1.548296875000000000e+03
-3.608811301383063608e-02 -1.581382812500000000e+03
-2.088980194368694754e-02 -1.583562500000000000e+03
-6.029855345230927810e-03 -1.586875000000000000e+03
6.711018276167379781e-03 -1.590570312500000000e+03
2.068661139887062461e-02 -1.589078125000000000e+03
3.563699632769612435e-02 -1.570476562500000000e+03
5.080397056866381433e-02 -1.550984375000000000e+03
6.546893428027367179e-02 -1.548648437500000000e+03
7.879046551768453810e-02 -1.509601562500000000e+03
9.229155260670296457e-02 -1.461359375000000000e+03
1.073326564173111564e-01 -1.430906250000000000e+03
1.222270613850273691e-01 -1.345132812500000000e+03
1.371853895279055990e-01 -1.215207031250000000e+03
1.498823507051794124e-01 -9.312656250000000000e+02
1.637927722188958768e-01 -4.770234375000000000e+02
1.786706362484551391e-01 -8.889062500000000000e+01
1.938149154711741318e-01 -5.390625000000000000e+00
2.086212022392199827e-01 -1.382812500000000000e+00
2.219626541806123399e-01 -4.683593750000000000e+00
2.353201796764281539e-01 -4.250000000000000000e+00
2.503436237445306745e-01 -4.875000000000000000e+00
2.652611430946567594e-01 8.750000000000000000e-01
2.801596206732916983e-01 5.937500000000000000e-01
2.938486002298432709e-01 1.453125000000000000e+00
3.069264135509515157e-01 1.472656250000000000e+00
3.217042925764985739e-01 4.914062500000000000e+00
3.368447816946886775e-01 8.632812500000000000e-01
3.518625664314232182e-01 1.101562500000000000e+00
3.653390300373908772e-01 3.750000000000000000e-01
3.784576417858804831e-01 2.964843750000000000e+00
3.932111642918556527e-01 -7.421875000000000000e-01
4.082952099104009136e-01 -3.125000000000000000e-02
4.233425667423666994e-01 -9.765625000000000000e-01
4.374124057570751845e-01 -2.949218750000000000e+00
4.499200340840605605e-01 3.109375000000000000e+00
4.648091359221222518e-01 4.804687500000000000e-01
4.799903428656566717e-01 -1.562500000000000000e+00
4.947913438827509225e-01 -1.562500000000000000e-02
5.087723640434749228e-01 -3.562500000000000000e+00
5.216656725838673125e-01 6.250000000000000000e-01
5.364009547253694166e-01 -1.671875000000000000e+00
5.514509479551179538e-01 -3.742187500000000000e+00
5.663516083714039695e-01 4.257812500000000000e-01
5.809129302090587643e-01 -3.437500000000000000e-01
5.935205686589508645e-01 2.031250000000000000e+00
6.076025721233291321e-01 -5.000000000000000000e-01
6.230279579215611818e-01 1.769531250000000000e+00
6.379195679059694868e-01 -2.117187500000000000e+00
6.520034220460466656e-01 3.898437500000000000e+00
6.647039300383310589e-01 9.589843750000000000e+00
6.793492211640685952e-01 9.062500000000000000e-01
6.944796597751974332e-01 3.484375000000000000e+00
7.094190648274629751e-01 8.125000000000000000e+00
7.243431469569836523e-01 2.117187500000000000e+00
7.368161841904754539e-01 4.000000000000000000e+00
7.508094900679083139e-01 6.191406250000000000e+00
7.660585846609073712e-01 5.058593750000000000e+00
7.809481700046081443e-01 8.906250000000000000e-01
7.951777905325601026e-01 1.781250000000000000e+00
8.078133748905882427e-01 4.187500000000000000e+00
8.224582730169380795e-01 4.242187500000000000e+00
8.375293093749665019e-01 3.367187500000000000e+00
8.524437920357472720e-01 6.597656250000000000e+00
8.667380829323576563e-01 4.304687500000000000e+00
8.793615494931392718e-01 4.707031250000000000e+00
8.939103872756408720e-01 5.828125000000000000e+00
9.090892155329974855e-01 9.421875000000000000e+00
9.240092973877036542e-01 7.718750000000000000e+00
9.386319431756957599e-01 9.812500000000000000e+00
9.516590922364098759e-01 8.476562500000000000e+00
9.653266105144524545e-01 2.195312500000000000e+00
9.805368738750530611e-01 1.002343750000000000e+01
9.954760527223429634e-01 8.515625000000000000e+00
1.010289435653403345e+00 9.484375000000000000e+00
1.022164085138605572e+00 7.562500000000000000e+00
1.036928483313102944e+00 6.363281250000000000e+00
1.052286654475182104e+00 1.075000000000000000e+01
1.067073104469608680e+00 8.156250000000000000e+00
1.081670225328397628e+00 1.712500000000000000e+01
1.094888207995349028e+00 8.792968750000000000e+00
1.108435507007436982e+00 8.281250000000000000e+00
1.123587858525732841e+00 1.110156250000000000e+01
1.138508362423427123e+00 9.277343750000000000e+00
1.153584670688321268e+00 7.203125000000000000e+00
1.165678432346558324e+00 1.152343750000000000e+01
1.179972635057596975e+00 6.820312500000000000e+00
1.195362531359478453e+00 6.367187500000000000e+00
1.210146561213278460e+00 9.417968750000000000e+00
1.224578404560926259e+00 1.958593750000000000e+01
1.238114857852217199e+00 1.460156250000000000e+01
1.251590376384363879e+00 1.062500000000000000e+01
1.266640170776742735e+00 1.198437500000000000e+01
1.281623678614283612e+00 1.636328125000000000e+01
1.296964316389315641e+00 1.337890625000000000e+01
1.309875462591743478e+00 1.262109375000000000e+01
1.322988047896513919e+00 7.453125000000000000e+00
1.338381271581269516e+00 1.254296875000000000e+01
1.353135332926621359e+00 1.435156250000000000e+01
1.367613625168925040e+00 1.135937500000000000e+01
1.381151824566352104e+00 1.691406250000000000e+01
1.394758077566180532e+00 6.984375000000000000e+00
1.410032540390267819e+00 1.394531250000000000e+01
1.424588469315287043e+00 1.571875000000000000e+01
1.440070543976675665e+00 1.380468750000000000e+01
1.453239044269555080e+00 1.443750000000000000e+01
1.466001110193667856e+00 1.753906250000000000e+01
1.481407987766004908e+00 1.476562500000000000e+01
1.496128587382292707e+00 1.221484375000000000e+01
1.511509232430560346e+00 1.941406250000000000e+01
1.524203300446631104e+00 1.682421875000000000e+01
1.537937397637399783e+00 1.314843750000000000e+01
1.553064171186298914e+00 1.316796875000000000e+01
1.567802828526619230e+00 1.831640625000000000e+01
1.583157455236044342e+00 1.610546875000000000e+01
1.596542951631375828e+00 1.584375000000000000e+01
1.609065763950015437e+00 1.799218750000000000e+01
1.624600022048875658e+00 1.683203125000000000e+01
1.639378053192999118e+00 1.500390625000000000e+01
1.653961979221273637e+00 1.704687500000000000e+01
1.667255940589267738e+00 1.699218750000000000e+01
1.680978746602598051e+00 1.581250000000000000e+01
1.696134512617735624e+00 1.870312500000000000e+01
1.710656186521893218e+00 1.548437500000000000e+01
1.726129747032304707e+00 1.926562500000000000e+01
1.739581453055974336e+00 1.860156250000000000e+01
1.752096782314142231e+00 2.075781250000000000e+01
1.767599224778781064e+00 1.728906250000000000e+01
1.782519605888228220e+00 2.196093750000000000e+01
1.797003064018278806e+00 1.903906250000000000e+01
1.810079223299648099e+00 2.146484375000000000e+01
1.824049554197229916e+00 1.722656250000000000e+01
1.839179788481360767e+00 1.764453125000000000e+01
1.853812482742014822e+00 1.920312500000000000e+01
1.869105821344968277e+00 1.857421875000000000e+01
1.882620436223335858e+00 2.003906250000000000e+01
1.895231629851805266e+00 2.558593750000000000e+01
1.910526898745260382e+00 2.120312500000000000e+01
1.925551118801688943e+00 1.916406250000000000e+01
1.940631567242396827e+00 2.179687500000000000e+01
1.954038654731475866e+00 2.282031250000000000e+01
1.967114429638135320e+00 1.936718750000000000e+01
1.982271421210731077e+00 1.951562500000000000e+01
1.996909443202748768e+00 2.322265625000000000e+01
2.012189188040851562e+00 2.170312500000000000e+01
2.025877665943359496e+00 2.437500000000000000e+01
2.038316996423917615e+00 2.139062500000000000e+01
2.053563276867166110e+00 2.702343750000000000e+01
2.068473523825766769e+00 1.818359375000000000e+01
2.083672427765284496e+00 2.557812500000000000e+01
2.097078794872714091e+00 2.402734375000000000e+01
2.110172238640372733e+00 2.099609375000000000e+01
2.125275339513608586e+00 2.354687500000000000e+01
2.140191174103170724e+00 1.850781250000000000e+01
2.155176634675266101e+00 2.317578125000000000e+01
2.169136553899388531e+00 2.206250000000000000e+01
2.181459097955932513e+00 2.743750000000000000e+01
2.196609802286701552e+00 2.478906250000000000e+01
2.211642642500061484e+00 2.864843750000000000e+01
2.226829645500252752e+00 2.464843750000000000e+01
2.240118790429760587e+00 2.576562500000000000e+01
2.253228514561961049e+00 2.381250000000000000e+01
2.268273358500537462e+00 2.470703125000000000e+01
2.283139824440288734e+00 2.854687500000000000e+01
2.298248567298346146e+00 2.355468750000000000e+01
2.311956040798055945e+00 2.373437500000000000e+01
2.325201267814762218e+00 2.501562500000000000e+01
2.339650218736068155e+00 2.533593750000000000e+01
2.354716755020622720e+00 2.772656250000000000e+01
2.369860431615812502e+00 2.467968750000000000e+01
2.383584816208433210e+00 2.592187500000000000e+01
2.396854115825443721e+00 2.342578125000000000e+01
2.411305273173949715e+00 3.069531250000000000e+01
2.426293126946106327e+00 3.093359375000000000e+01
2.441332136866815716e+00 2.491406250000000000e+01
2.454995296884978195e+00 2.558984375000000000e+01
2.468268350766684271e+00 2.821484375000000000e+01
2.482672292085439381e+00 2.852734375000000000e+01
2.497680385647566226e+00 2.337500000000000000e+01
2.512891330763373787e+00 3.089843750000000000e+01
2.526826653033120706e+00 2.855468750000000000e+01
2.540334931952961561e+00 2.575781250000000000e+01
2.554337498702242470e+00 2.821093750000000000e+01
2.569280322290074636e+00 3.467968750000000000e+01
2.584307885139482508e+00 2.644531250000000000e+01
2.598968395421094257e+00 2.498437500000000000e+01
2.611400086770093942e+00 2.917968750000000000e+01
2.625730825105137001e+00 2.609375000000000000e+01
2.640764935875319352e+00 2.759375000000000000e+01
2.655946682122505287e+00 3.069140625000000000e+01
2.669863333605670519e+00 2.580468750000000000e+01
2.683373148567475219e+00 2.191015625000000000e+01
2.697445698793752733e+00 2.589453125000000000e+01
2.712309991044099533e+00 2.935156250000000000e+01
2.727390425149035735e+00 2.005859375000000000e+01
2.742002088769210033e+00 2.989843750000000000e+01
2.754436427057020076e+00 3.096875000000000000e+01
2.768838145187951127e+00 2.355468750000000000e+01
2.783993564879612137e+00 2.307031250000000000e+01
2.799004836296925092e+00 2.872656250000000000e+01
2.812804703973470488e+00 2.760546875000000000e+01
2.826880800822097584e+00 3.099218750000000000e+01
2.840477108484345869e+00 2.337109375000000000e+01
2.855122515277908057e+00 2.616796875000000000e+01
2.870559050382722077e+00 2.681250000000000000e+01
2.885425987739500542e+00 2.880468750000000000e+01
2.897383776318256388e+00 3.442187500000000000e+01
2.911905905591680721e+00 2.596093750000000000e+01
2.927052803602164133e+00 2.406250000000000000e+01
2.942011271074790990e+00 2.833203125000000000e+01
2.956048995231007837e+00 2.673437500000000000e+01
2.970009057216078219e+00 2.349218750000000000e+01
2.983429237452456029e+00 2.841796875000000000e+01
2.998264343142272637e+00 2.646875000000000000e+01
3.013619210804979076e+00 2.885546875000000000e+01
3.028283385706344255e+00 2.517578125000000000e+01
3.040509256176822994e+00 3.224218750000000000e+01
3.054981509874881596e+00 2.935156250000000000e+01
3.069972727919287436e+00 2.527734375000000000e+01
3.084986512147231075e+00 3.421875000000000000e+01
3.099688107095918355e+00 2.862500000000000000e+01
3.112958179452677498e+00 2.496093750000000000e+01
3.126460490313420770e+00 3.105468750000000000e+01
3.141399156053017450e+00 2.795312500000000000e+01
3.156649258148906512e+00 2.626953125000000000e+01
3.171496800866071553e+00 2.859375000000000000e+01
3.184328336442051821e+00 3.153125000000000000e+01
3.198011189633792384e+00 2.293750000000000000e+01
3.213079355066557952e+00 2.440625000000000000e+01
3.228075906247597437e+00 2.879296875000000000e+01
3.242972851770534959e+00 3.046093750000000000e+01
3.256828927280293939e+00 2.800781250000000000e+01
3.269571567654646849e+00 2.644140625000000000e+01
3.284387775087955319e+00 2.955468750000000000e+01
3.299782223809968329e+00 2.775000000000000000e+01
3.314518761961151583e+00 2.832031250000000000e+01
3.327799944726010040e+00 2.840625000000000000e+01
3.341359498152168150e+00 2.182031250000000000e+01
3.355968912221266365e+00 2.671093750000000000e+01
3.371139845677797453e+00 2.581250000000000000e+01
3.386023833364481206e+00 2.742968750000000000e+01
3.400110330900451672e+00 2.107031250000000000e+01
3.412665011933130543e+00 2.520312500000000000e+01
3.427461615646080872e+00 2.610937500000000000e+01
3.442814649286090045e+00 2.678906250000000000e+01
3.457586669562500603e+00 2.432812500000000000e+01
3.471116060628114397e+00 3.085156250000000000e+01
3.484392278869644421e+00 2.705859375000000000e+01
3.499136569632074867e+00 2.635156250000000000e+01
3.514180088138563640e+00 2.807031250000000000e+01
3.529138471647402575e+00 2.588671875000000000e+01
3.543386987348074335e+00 2.507812500000000000e+01
3.555725333783005482e+00 2.618359375000000000e+01
3.570526184738113784e+00 3.020312500000000000e+01
3.585805819421050700e+00 2.236718750000000000e+01
3.600602933961118524e+00 2.702734375000000000e+01
3.615244977001705884e+00 2.704296875000000000e+01
3.627424913078438173e+00 2.637500000000000000e+01
3.642165123251007941e+00 2.446875000000000000e+01
3.657215146159387587e+00 2.615625000000000000e+01
3.672213466707735741e+00 2.799218750000000000e+01
3.686425235914955856e+00 2.359765625000000000e+01
3.698723033722489006e+00 2.771093750000000000e+01
3.713620625305236622e+00 2.631250000000000000e+01
3.728836487375058795e+00 2.612890625000000000e+01
3.743638348629820811e+00 2.785546875000000000e+01
3.758048086064601279e+00 2.787500000000000000e+01
3.770674352129571361e+00 2.454687500000000000e+01
3.785193774651535392e+00 2.461718750000000000e+01
3.800277951621845673e+00 2.574609375000000000e+01
3.815218030127443427e+00 2.338281250000000000e+01
3.829706960383560954e+00 2.562500000000000000e+01
3.841821132354587220e+00 2.483593750000000000e+01
3.856682627812290320e+00 2.469531250000000000e+01
3.872011170412000602e+00 2.310156250000000000e+01
3.886710355588419930e+00 1.956250000000000000e+01
3.901316700474265708e+00 2.284375000000000000e+01
3.913732607961673438e+00 2.362500000000000000e+01
3.928292056181042824e+00 2.388281250000000000e+01
3.943308234367093768e+00 2.521875000000000000e+01
3.958278048675102134e+00 2.497656250000000000e+01
3.973012343705966565e+00 2.619921875000000000e+01
3.984817190430579359e+00 2.316796875000000000e+01
3.999721236992912488e+00 2.596875000000000000e+01
4.014944205889703355e+00 2.510156250000000000e+01
4.029827817673401924e+00 2.209765625000000000e+01
4.044603282891020335e+00 2.319140625000000000e+01
4.057215031984303444e+00 2.326562500000000000e+01
4.071250870713530645e+00 2.194531250000000000e+01
4.086308294868766566e+00 2.240625000000000000e+01
4.101424444724344198e+00 2.437500000000000000e+01
4.116318516724431831e+00 2.275781250000000000e+01
4.128034303385148540e+00 2.559765625000000000e+01
4.142793806254410072e+00 2.408593750000000000e+01
4.158175064670558641e+00 2.231250000000000000e+01
4.172768116967249696e+00 2.449218750000000000e+01
4.187832327506109564e+00 2.684375000000000000e+01
4.200860841787029010e+00 2.383593750000000000e+01
4.214584116696747706e+00 1.698437500000000000e+01
4.229335702245625050e+00 2.314453125000000000e+01
4.244414215326702156e+00 2.276953125000000000e+01
4.259493634975985543e+00 2.475000000000000000e+01
4.271223028045746162e+00 2.287500000000000000e+01
4.285859790527792867e+00 2.435937500000000000e+01
4.301207264875756664e+00 2.370312500000000000e+01
4.315879834821938488e+00 1.856250000000000000e+01
4.331093474552681677e+00 2.251953125000000000e+01
4.344063868297546094e+00 2.478906250000000000e+01
4.357616929832253128e+00 2.424218750000000000e+01
4.372403377764810806e+00 2.792187500000000000e+01
4.387445842775792748e+00 1.849609375000000000e+01
4.402509357903841014e+00 2.324218750000000000e+01
4.415325281993554007e+00 1.698437500000000000e+01
4.428853849527619069e+00 2.287890625000000000e+01
4.444140556296182432e+00 1.931640625000000000e+01
4.458952322386849687e+00 1.912500000000000000e+01
4.474345876170426450e+00 2.255859375000000000e+01
4.487892231177311508e+00 1.942187500000000000e+01
4.500373789126497215e+00 1.932031250000000000e+01
4.515622456222032177e+00 1.658203125000000000e+01
4.530672483830652020e+00 1.778515625000000000e+01
4.545543726642722326e+00 2.216406250000000000e+01
4.558364821955600554e+00 1.957812500000000000e+01
4.572208954378122137e+00 1.945703125000000000e+01
4.587020794792163514e+00 1.733203125000000000e+01
4.601943657045348246e+00 2.028125000000000000e+01
4.617376389503059286e+00 1.742187500000000000e+01
4.630162564633453215e+00 2.282421875000000000e+01
4.643403012191738455e+00 1.829296875000000000e+01
4.658490661423645207e+00 2.247656250000000000e+01
4.673861234075962656e+00 2.137500000000000000e+01
4.688744017784311602e+00 1.787890625000000000e+01
4.701680617483107838e+00 1.802343750000000000e+01
4.715425133482344933e+00 1.883593750000000000e+01
4.730303681686109485e+00 2.135156250000000000e+01
4.745012096346854946e+00 1.803125000000000000e+01
4.759996392179525415e+00 1.956250000000000000e+01
4.773374135418216646e+00 1.925781250000000000e+01
4.786470485843118183e+00 1.660156250000000000e+01
4.801681959454568549e+00 1.962500000000000000e+01
4.816891050095369664e+00 1.875000000000000000e+01
4.831776385369276561e+00 1.408593750000000000e+01
4.844722137615208979e+00 1.753906250000000000e+01
4.858281680819611204e+00 1.496484375000000000e+01
4.873368794640658308e+00 1.713281250000000000e+01
4.888042044963313515e+00 1.821484375000000000e+01
4.903437455149267876e+00 1.831640625000000000e+01
4.916237815020965130e+00 1.417187500000000000e+01
4.929500275210692450e+00 1.745312500000000000e+01
4.944711736889572329e+00 1.339062500000000000e+01
4.959945675486371996e+00 1.654296875000000000e+01
4.974991842060529024e+00 1.833984375000000000e+01
4.987109173406573781e+00 1.886718750000000000e+01
5.002069383420431947e+00 1.463281250000000000e+01
5.016397738425542485e+00 1.753906250000000000e+01
5.031071934739102858e+00 1.753515625000000000e+01
5.046474049371376225e+00 1.441406250000000000e+01
5.059450819693247503e+00 1.610546875000000000e+01
5.072529955031448878e+00 1.422656250000000000e+01
5.088084348581394245e+00 1.085546875000000000e+01
5.103012253300022394e+00 1.265234375000000000e+01
5.118021089165534221e+00 1.888281250000000000e+01
5.131594902235777411e+00 1.560156250000000000e+01
5.145105102984500078e+00 7.359375000000000000e+00
5.159399972775190690e+00 1.387500000000000000e+01
5.174072788645677434e+00 1.639843750000000000e+01
5.189613598260471861e+00 1.680468750000000000e+01
5.203545955682322699e+00 1.098437500000000000e+01
5.215813485072536615e+00 1.568750000000000000e+01
5.231116246436846140e+00 1.311718750000000000e+01
5.246041541590296120e+00 1.445312500000000000e+01
5.261050292622069691e+00 1.387890625000000000e+01
5.274631211559865918e+00 1.822656250000000000e+01
5.288171490970362321e+00 1.181250000000000000e+01
5.302510288827656737e+00 1.487500000000000000e+01
5.317119536138546820e+00 1.414062500000000000e+01
5.332668753617593183e+00 1.057812500000000000e+01
5.346777840150075178e+00 7.218750000000000000e+00
5.359103060102901495e+00 1.403906250000000000e+01
5.374146936626180704e+00 1.114062500000000000e+01
5.389093481723739032e+00 1.070312500000000000e+01
5.404079602460381437e+00 1.255859375000000000e+01
5.417667706217146772e+00 1.033593750000000000e+01
5.431638992223501994e+00 1.078906250000000000e+01
5.445605553064808646e+00 8.855468750000000000e+00
5.460160557023540306e+00 1.463281250000000000e+01
5.475721377763647979e+00 8.890625000000000000e+00
5.490432734297661099e+00 1.091406250000000000e+01
5.502144514005813392e+00 1.312500000000000000e+01
5.517122323039801657e+00 7.957031250000000000e+00
5.532098751790238467e+00 9.406250000000000000e+00
5.547068144296703807e+00 1.361718750000000000e+01
5.561413878493871366e+00 1.471484375000000000e+01
5.574678523920060691e+00 1.260156250000000000e+01
5.588626858643380046e+00 1.128125000000000000e+01
5.603223508968687483e+00 9.007812500000000000e+00
5.618780286690925330e+00 9.890625000000000000e+00
5.633070570423269530e+00 7.593750000000000000e+00
5.645270272519958610e+00 1.088281250000000000e+01
5.660241367533752843e+00 9.250000000000000000e+00
5.675198732048745143e+00 6.984375000000000000e+00
5.690098127139266992e+00 8.507812500000000000e+00
5.704641402742097966e+00 1.340625000000000000e+01
5.717375292669514053e+00 8.531250000000000000e+00
5.731676633866584325e+00 9.527343750000000000e+00
5.746247445818051247e+00 1.210937500000000000e+01
5.761811301966408116e+00 6.960937500000000000e+00
5.776333476062323058e+00 4.757812500000000000e+00
5.788939581660851097e+00 6.187500000000000000e+00
5.803291594141045451e+00 7.507812500000000000e+00
5.818155871775582355e+00 6.054687500000000000e+00
5.833128020523931312e+00 4.648437500000000000e+00
5.847682891616685197e+00 5.875000000000000000e+00
5.861053657031929376e+00 7.101562500000000000e+00
5.874688838793787227e+00 7.132812500000000000e+00
5.889282395236557832e+00 9.855468750000000000e+00
5.904842308801780071e+00 6.808593750000000000e+00
5.919699262866039646e+00 7.796875000000000000e+00
5.931353296260461150e+00 8.500000000000000000e+00
5.946320505038601212e+00 8.007812500000000000e+00
5.961257436151845113e+00 9.046875000000000000e+00
5.976158024379460088e+00 8.765625000000000000e+00
5.990975889726541936e+00 7.031250000000000000e+00
6.004245095026492507e+00 5.484375000000000000e+00
6.017719899292984564e+00 3.945312500000000000e+00
6.032638286937284988e+00 8.632812500000000000e+00
6.047921886974297223e+00 2.046875000000000000e+00
6.062738307903520862e+00 3.726562500000000000e+00
6.075576828818942232e+00 3.343750000000000000e+00
6.089349410115390882e+00 5.101562500000000000e+00
6.104306184856984174e+00 1.480468750000000000e+00
6.119314070358976565e+00 2.292968750000000000e+00
6.134010827910969965e+00 8.257812500000000000e+00
6.147689514621177409e+00 2.468750000000000000e+00
6.160769713162256522e+00 2.937500000000000000e+00
6.175658119361186138e+00 8.968750000000000000e+00
6.190948045171778880e+00 -7.812500000000000000e-03
6.205757429919891877e+00 3.992187500000000000e+00
6.218944314620445724e+00 6.148437500000000000e+00
6.232460863808174878e+00 1.367187500000000000e+00
6.247215976100264356e+00 2.070312500000000000e+00
6.262394915423497466e+00 2.640625000000000000e+00
6.277474704459692134e+00 8.039062500000000000e+00
6.290525254284703216e+00 1.707031250000000000e+00
6.303836472562370119e+00 -1.554687500000000000e+00
6.318842560422755383e+00 2.054687500000000000e+00
6.333892617389892621e+00 -6.796875000000000000e-01
6.348911176015253233e+00 2.210937500000000000e+00
6.362490367366269162e+00 2.480468750000000000e+00
6.375407102915049862e+00 3.718750000000000000e+00
6.390245277432981652e+00 -2.039062500000000000e+00
6.405487079159739139e+00 1.800781250000000000e+00
6.420504509892580813e+00 -2.062500000000000000e+00
6.433362415139201929e+00 2.578125000000000000e-01
6.446896131074907998e+00 4.062500000000000000e-01
6.461871076090293542e+00 8.593750000000000000e-01
6.476894031395055151e+00 -4.296875000000000000e-01
6.491893180892187587e+00 2.230468750000000000e+00
6.506044667543710247e+00 8.750000000000000000e-01
6.518557603676240042e+00 1.835937500000000000e+00
6.533274485407886800e+00 2.585937500000000000e+00
6.548522054011355564e+00 -7.968750000000000000e-01
6.563662184644638131e+00 -1.835937500000000000e-01
6.576602063644359397e+00 -4.347656250000000000e+00
6.590506167894250034e+00 1.542968750000000000e+00
6.605015681154875473e+00 4.492187500000000000e+00
6.619925314596763144e+00 -5.390625000000000000e-01
6.634973493297156466e+00 2.343750000000000000e-01
6.649360626728028301e+00 2.843750000000000000e+00
6.661811152520774826e+00 -1.757812500000000000e-01
6.676327593557710216e+00 -6.875000000000000000e-01
6.691879933849225637e+00 -3.132812500000000000e+00
6.706660023871576115e+00 4.921875000000000000e-01
6.719640499232455433e+00 -1.851562500000000000e+00
6.733559118175572067e+00 -6.695312500000000000e+00
6.747974110253307956e+00 -4.179687500000000000e-01
6.762967488863335319e+00 -5.035156250000000000e+00
6.778017663246540536e+00 2.125000000000000000e+00
6.792935770182475075e+00 -3.984375000000000000e+00
6.804856709010137727e+00 -1.671875000000000000e+00
6.819333121651865781e+00 -6.093750000000000000e-01
6.834763761499405454e+00 -4.984375000000000000e+00
6.849635036425130608e+00 -1.187500000000000000e+00
6.862878014714240749e+00 -4.640625000000000000e+00
6.876595135173511508e+00 -3.093750000000000000e+00
6.891086235097284352e+00 -1.988281250000000000e+00
6.906006879406731969e+00 -8.632812500000000000e+00
6.921041072253707682e+00 -7.152343750000000000e+00
6.935972480320878653e+00 -2.847656250000000000e+00
6.948383438726470906e+00 -4.238281250000000000e+00
6.962384855918992699e+00 -3.609375000000000000e+00
6.977798710172126384e+00 -4.007812500000000000e+00
6.992599881380892057e+00 -4.226562500000000000e+00
7.006898779652042109e+00 -4.156250000000000000e+00
7.020192444828642131e+00 -4.207031250000000000e+00
7.034415394422076417e+00 -2.804687500000000000e+00
7.049082316746515531e+00 -7.144531250000000000e+00
7.064074693068217670e+00 -7.445312500000000000e+00
7.079283789630636647e+00 -7.734375000000000000e+00
7.091686065944459827e+00 -5.992187500000000000e+00
7.105413441370240335e+00 -5.382812500000000000e+00
7.120700381304361670e+00 -5.242187500000000000e+00
7.135836141534619870e+00 -4.203125000000000000e+00
7.150225240851964870e+00 -7.398437500000000000e+00
7.163647353846213761e+00 -9.421875000000000000e+00
7.177689459208814071e+00 -5.265625000000000000e+00
7.192111294142685907e+00 -7.148437500000000000e+00
7.207103305935273596e+00 -3.132812500000000000e+00
7.222350954631265196e+00 -8.757812500000000000e+00
7.235141695814805374e+00 -7.039062500000000000e+00
7.248442129739908424e+00 -9.000000000000000000e+00
7.263996084595522262e+00 -8.085937500000000000e+00
7.278868964801896269e+00 -7.710937500000000000e+00
7.293261597324258716e+00 -1.010156250000000000e+01
7.306834473196171409e+00 -8.398437500000000000e+00
7.320484872346868066e+00 -9.957031250000000000e+00
7.335087074701998944e+00 -8.621093750000000000e+00
7.350131917529036940e+00 -1.034375000000000000e+01
7.365592231210088769e+00 -1.142187500000000000e+01
7.379095835924506019e+00 -3.714062500000000000e+01
7.391589689890055936e+00 -5.825000000000000000e+01
7.407045298348293727e+00 -7.328906250000000000e+01
7.422063938522327931e+00 -7.953906250000000000e+01
7.436645159741291700e+00 -7.666796875000000000e+01
7.449725171369832921e+00 -8.002343750000000000e+01
7.463286802123599628e+00 -7.617187500000000000e+01
7.478121019718628304e+00 -8.081250000000000000e+01
7.493160701831790504e+00 -7.958593750000000000e+01
7.508653523768128224e+00 -7.710937500000000000e+01
7.521644649412083439e+00 -7.492968750000000000e+01
7.534662928003229787e+00 -8.147265625000000000e+01
7.550054201670821641e+00 -7.754687500000000000e+01
7.565013752682614445e+00 -8.197265625000000000e+01
7.580033054061227737e+00 -8.325390625000000000e+01
7.592764164059813581e+00 -8.232812500000000000e+01
7.606197580934484392e+00 -7.799218750000000000e+01
7.621262773117876144e+00 -8.041015625000000000e+01
7.636246398304551875e+00 -7.961718750000000000e+01
7.651652379856445307e+00 -7.838281250000000000e+01
7.665381062219497110e+00 -7.948437500000000000e+01
7.677650853154149857e+00 -7.945312500000000000e+01
7.693004669932506978e+00 -7.808203125000000000e+01
7.707967429939836634e+00 -7.935156250000000000e+01
7.723181615078809514e+00 -7.950781250000000000e+01
7.736095403163510298e+00 -7.902343750000000000e+01
7.749227194507646743e+00 -5.882031250000000000e+01
7.764311375902005707e+00 -3.458593750000000000e+01
7.779335834072713673e+00 -1.141796875000000000e+01
7.794712261089710381e+00 -9.792968750000000000e+00
7.808417212403840679e+00 -8.851562500000000000e+00
7.820717169203744490e+00 -1.482812500000000000e+01
7.835959077426748465e+00 -1.081250000000000000e+01
7.851075750215284366e+00 -8.417968750000000000e+00
7.866245657258026824e+00 -1.162500000000000000e+01
7.878987594072635936e+00 -1.703515625000000000e+01
7.892409882611952199e+00 -1.282031250000000000e+01
7.907344657612819461e+00 -1.323437500000000000e+01
7.922307246250470669e+00 -1.375000000000000000e+01
7.937712572384102216e+00 -9.984375000000000000e+00
7.951797373560499871e+00 -7.648437500000000000e+00
7.963777499713720509e+00 -1.350390625000000000e+01
7.978992001735248252e+00 -1.096093750000000000e+01
7.994033019656436423e+00 -1.470312500000000000e+01
8.009323722458436379e+00 -1.121484375000000000e+01
8.021880770197354238e+00 -1.771093750000000000e+01
8.035368509216461064e+00 -1.061718750000000000e+01
8.050523578360460064e+00 -1.497656250000000000e+01
8.065398593034348806e+00 -1.341015625000000000e+01
8.080742635211267455e+00 -1.215625000000000000e+01
8.094837044784458868e+00 -1.559375000000000000e+01
8.106843479284464138e+00 -1.406250000000000000e+01
8.122024841882746315e+00 -1.414843750000000000e+01
8.137209549959365518e+00 -7.820312500000000000e+00
8.152398357190349998e+00 -1.384375000000000000e+01
8.165064038761297383e+00 -8.777343750000000000e+00
8.179148734901794171e+00 -1.360937500000000000e+01
8.193815324037858616e+00 -1.833984375000000000e+01
8.208429955107437337e+00 -1.703515625000000000e+01
8.223772709090612310e+00 -1.435156250000000000e+01
8.238320588344171469e+00 -1.394531250000000000e+01
8.249912107166073483e+00 -1.428906250000000000e+01
8.265057798205459605e+00 -1.421875000000000000e+01
8.280238794183091500e+00 -1.613281250000000000e+01
8.295430926322563181e+00 -1.226171875000000000e+01
8.308631093822048896e+00 -1.469531250000000000e+01
8.322540256688508720e+00 -1.586718750000000000e+01
8.336844838235991872e+00 -1.686328125000000000e+01
8.351474442599075232e+00 -1.410156250000000000e+01
8.366741197736807578e+00 -8.781250000000000000e+00
8.381559437278454539e+00 -1.632031250000000000e+01
8.393049535215640233e+00 -1.066406250000000000e+01
8.408228623655407574e+00 -1.338281250000000000e+01
8.423279844376237335e+00 -1.021093750000000000e+01
8.438460856901922824e+00 -1.261718750000000000e+01
8.452625259271243863e+00 -1.728515625000000000e+01
8.465822081751721129e+00 -9.511718750000000000e+00
8.479874348265001416e+00 -1.721875000000000000e+01
8.494492544692054281e+00 -1.600390625000000000e+01
8.509859128575310905e+00 -1.392578125000000000e+01
8.524600861302431554e+00 -1.141406250000000000e+01
8.536360269812842461e+00 -1.517187500000000000e+01
8.551190647345592311e+00 -1.046875000000000000e+01
8.566190881817659530e+00 -1.120312500000000000e+01
8.581490844080956748e+00 -1.687890625000000000e+01
8.595656884848930090e+00 -1.594531250000000000e+01
8.609245198596759963e+00 -1.039062500000000000e+01
8.622829441559899166e+00 -9.968750000000000000e+00
8.637523822305826826e+00 -1.333203125000000000e+01
8.652913889913653733e+00 -9.562500000000000000e+00
8.667657048115486873e+00 -1.477343750000000000e+01
8.679115423770371152e+00 -1.853125000000000000e+01
8.694286855669009384e+00 -9.890625000000000000e+00
8.709326271460881230e+00 -1.721875000000000000e+01
8.724520887961528359e+00 -1.540625000000000000e+01
8.738702774864449907e+00 -1.687500000000000000e+01
8.752425463052407650e+00 -1.532031250000000000e+01
8.765858033843271002e+00 -1.842968750000000000e+01
8.780495536420154679e+00 -1.551562500000000000e+01
8.795917966061363558e+00 -1.735937500000000000e+01
8.810754184259998567e+00 -1.375390625000000000e+01
8.823385001983165665e+00 -1.444531250000000000e+01
8.837339562739368048e+00 -1.578125000000000000e+01
8.852314071712271470e+00 -1.106640625000000000e+01
8.867541057640437430e+00 -1.570312500000000000e+01
8.881753944554922953e+00 -1.426562500000000000e+01
8.895463386816903295e+00 -1.522656250000000000e+01
8.908963053229671303e+00 -1.520703125000000000e+01
8.923606861280651614e+00 -1.832812500000000000e+01
8.938971145908473304e+00 -1.193750000000000000e+01
8.953911487115874479e+00 -1.929687500000000000e+01
8.966761908395032066e+00 -1.535546875000000000e+01
8.980492642357212674e+00 -1.532812500000000000e+01
8.995349036013749355e+00 -1.884765625000000000e+01
9.010534504083995699e+00 -1.603125000000000000e+01
9.025389095544856133e+00 -1.361718750000000000e+01
9.039004649480478548e+00 -1.166406250000000000e+01
9.051875020017073226e+00 -1.493750000000000000e+01
9.066900244435862177e+00 -1.982031250000000000e+01
9.082274968299582696e+00 -1.283203125000000000e+01
9.096771081396424208e+00 -1.529687500000000000e+01
9.110142616523857484e+00 -1.825781250000000000e+01
9.123530774864878623e+00 -1.232421875000000000e+01
9.138432142651153001e+00 -1.888281250000000000e+01
9.153610859524899723e+00 -1.969531250000000000e+01
9.168429296342115009e+00 -1.915625000000000000e+01
9.182192927700816298e+00 -1.358593750000000000e+01
9.195100341688208445e+00 -1.853906250000000000e+01
9.209672933422345054e+00 -1.803906250000000000e+01
9.225170442850354036e+00 -9.882812500000000000e+00
9.239976239107818401e+00 -1.186718750000000000e+01
9.253273841327102289e+00 -1.692187500000000000e+01
9.266571698604508356e+00 -1.357031250000000000e+01
9.281481894132905808e+00 -1.333593750000000000e+01
9.296735679237105643e+00 -1.485937500000000000e+01
9.311501423168243363e+00 -1.425390625000000000e+01
9.325900087353465651e+00 -1.536718750000000000e+01
9.338249233747209388e+00 -1.461718750000000000e+01
9.352933758198661351e+00 -1.336718750000000000e+01
9.368200829544944597e+00 -1.132031250000000000e+01
9.383075663865382054e+00 -1.589843750000000000e+01
9.396499461251195839e+00 -1.219921875000000000e+01
9.409781336192279966e+00 -1.054296875000000000e+01
9.424605036909898814e+00 -1.260937500000000000e+01
9.439686471639866738e+00 -1.728906250000000000e+01
9.454562540044413765e+00 -1.033593750000000000e+01
9.468947848053982597e+00 -9.996093750000000000e+00
9.481283982989570092e+00 -1.224218750000000000e+01
9.496005009287079801e+00 -1.314062500000000000e+01
9.511247522154897993e+00 -1.025000000000000000e+01
9.526300983302382619e+00 -1.141406250000000000e+01
9.540521288436501379e+00 -1.811718750000000000e+01
9.552906954876533518e+00 -9.664062500000000000e+00
9.567589367211546403e+00 -1.323046875000000000e+01
9.582717945420732519e+00 -1.703906250000000000e+01
9.597634153272258217e+00 -1.101562500000000000e+01
9.612802545288239742e+00 -1.142578125000000000e+01
9.624716650805723361e+00 -1.037890625000000000e+01
9.639063790395505649e+00 -1.611718750000000000e+01
9.654520965210037886e+00 -1.238281250000000000e+01
9.669445787791325131e+00 -1.516796875000000000e+01
9.683785632051961301e+00 -1.677343750000000000e+01
9.695754346907985877e+00 -9.445312500000000000e+00
9.710619455941120748e+00 -1.119921875000000000e+01
9.725749533397753055e+00 -1.514062500000000000e+01
9.740664654788735888e+00 -1.253125000000000000e+01
9.755839256998250164e+00 -1.280078125000000000e+01
9.768047420141478199e+00 -9.804687500000000000e+00
9.782241873457055092e+00 -1.378906250000000000e+01
9.797298527320169370e+00 -1.090234375000000000e+01
9.812255105679181355e+00 -7.402343750000000000e+00
9.826823852650061752e+00 -1.303125000000000000e+01
9.839200583366695341e+00 -7.375000000000000000e+00
9.853690511960568443e+00 -1.122656250000000000e+01
9.868942159495171396e+00 -1.357031250000000000e+01
9.883760090887463434e+00 -1.291406250000000000e+01
9.898391232091777070e+00 -1.358203125000000000e+01
9.911087244859039913e+00 -1.235156250000000000e+01
9.925109767295259289e+00 -1.226562500000000000e+01
9.940322366180621927e+00 -9.375000000000000000e+00
9.955380874910716216e+00 -1.117578125000000000e+01
9.970132894058561845e+00 -1.228125000000000000e+01
9.982449215163068601e+00 -1.526562500000000000e+01
9.996719102534090240e+00 -1.365625000000000000e+01
1.001197522420782526e+01 -1.355468750000000000e+01
1.002679011855356350e+01 -1.012890625000000000e+01
1.004191257256311332e+01 -8.019531250000000000e+00
1.005435254315483817e+01 -1.395312500000000000e+01
1.006830266185653677e+01 -1.278906250000000000e+01
1.008327675472990315e+01 -8.250000000000000000e+00
1.009840482716696819e+01 -1.412500000000000000e+01
1.011317420725515248e+01 -1.103906250000000000e+01
1.012556141346342464e+01 -7.648437500000000000e+00
1.014003038882274410e+01 -1.289843750000000000e+01
1.015512927963646383e+01 -1.427343750000000000e+01
1.016983725051494147e+01 -1.262500000000000000e+01
1.018416639652189204e+01 -1.216406250000000000e+01
1.019739061884496678e+01 -1.065625000000000000e+01
1.021133733821181266e+01 -7.921875000000000000e+00
1.022638311849862980e+01 -1.114062500000000000e+01
1.024144485849948261e+01 -9.039062500000000000e+00
1.025651278326479954e+01 -1.087109375000000000e+01
1.026924821526546694e+01 -9.203125000000000000e+00
1.028306569023389017e+01 -8.605468750000000000e+00
1.029816083554470119e+01 -1.417578125000000000e+01
1.031286584400612227e+01 -9.789062500000000000e+00
1.032798597776413629e+01 -9.546875000000000000e+00
1.034181189504496601e+01 -1.095703125000000000e+01
1.035437032095698662e+01 -1.242968750000000000e+01
1.036933583420703009e+01 -6.167968750000000000e+00
1.038472722437431095e+01 -1.178906250000000000e+01
1.039992082607516721e+01 -1.236328125000000000e+01
1.041190494804682132e+01 -9.570312500000000000e+00
1.042586658460438898e+01 -8.203125000000000000e+00
1.044131054979141915e+01 -1.129687500000000000e+01
1.045602421662182735e+01 -8.335937500000000000e+00
1.047086045935830612e+01 -9.117187500000000000e+00
1.048485140445162855e+01 -1.058984375000000000e+01
1.049748224603910529e+01 -9.671875000000000000e+00
1.051237013243080831e+01 -7.953125000000000000e+00
1.052776021178719112e+01 -8.757812500000000000e+00
1.054295701083122339e+01 -1.028906250000000000e+01
1.055532851522213278e+01 -8.562500000000000000e+00
1.056895067780637731e+01 -7.312500000000000000e+00
1.058435268258846307e+01 -7.902343750000000000e+00
1.059909487940008788e+01 -8.855468750000000000e+00
1.061405927242881120e+01 -9.804687500000000000e+00
1.062789080617048043e+01 -8.878906250000000000e+00
1.064065592040736163e+01 -7.734375000000000000e+00
1.065547765052267870e+01 -8.367187500000000000e+00
1.067079341525963265e+01 -1.166406250000000000e+01
1.068601217627443845e+01 -7.867187500000000000e+00
1.069836860757851937e+01 -5.617187500000000000e+00
1.071189569504552708e+01 -7.273437500000000000e+00
1.072738200828836241e+01 -7.152343750000000000e+00
