#Time Flux
-1.584939239973100200e+01 -4.990234375000000000e+00
-1.578664588918296374e+01 -5.945800781250000000e+00
-1.572245448698385673e+01 -6.130859375000000000e+00
-1.565914440311511413e+01 -2.947753906250000000e+00
-1.559534275091046851e+01 -3.806640625000000000e+00
-1.552845424009984754e+01 -3.700195312500000000e+00
-1.546715504034483502e+01 -5.785644531250000000e+00
-1.540326093737491675e+01 -4.446777343750000000e+00
-1.533879645271902348e+01 -4.291992187500000000e+00
-1.527701480476731888e+01 -4.235351562500000000e+00
-1.521548823256544125e+01 -7.034179687500000000e+00
-1.515220851430887450e+01 -5.288085937500000000e+00
-1.508709071890578457e+01 -5.497070312500000000e+00
-1.502321448005587712e+01 -5.905761718750000000e+00
-1.495632835307452524e+01 -7.666503906250000000e+00
-1.489461728920042560e+01 -6.889648437500000000e+00
-1.483185663610178295e+01 -6.157226562500000000e+00
-1.476663530996104612e+01 -6.106445312500000000e+00
-1.470492244327856923e+01 -6.927734375000000000e+00
-1.464347961054880187e+01 -6.995117187500000000e+00
-1.458005429103751993e+01 -6.827636718750000000e+00
-1.451538763143607724e+01 -4.868652343750000000e+00
-1.445344288009509626e+01 -3.905273437500000000e+00
-1.438696163621600732e+01 -5.606445312500000000e+00
-1.432290362066243006e+01 -5.605957031250000000e+00
-1.425823351378056003e+01 -6.267089843750000000e+00
-1.419428863125548190e+01 -6.951660156250000000e+00
-1.413278461982896772e+01 -3.620117187500000000e+00
-1.407135686819599840e+01 -5.818847656250000000e+00
-1.400644403522829862e+01 -5.820312500000000000e+00
-1.394309564442150418e+01 -6.930664062500000000e+00
-1.388138305701480846e+01 -5.684570312500000000e+00
-1.381781893178919773e+01 -4.980468750000000000e+00
-1.375038459481339714e+01 -5.549804687500000000e+00
-1.368907948859183676e+01 -5.665527343750000000e+00
-1.362477003149177079e+01 -4.510253906250000000e+00
-1.356066967765561060e+01 -3.907226562500000000e+00
-1.349922714233296261e+01 -3.520996093750000000e+00
-1.343289445272558424e+01 -5.109375000000000000e+00
-1.336936543558584134e+01 -4.323730468750000000e+00
-1.330806443808722150e+01 -5.282714843750000000e+00
-1.324498860765604746e+01 -5.297363281250000000e+00
-1.317976957284673745e+01 -6.409667968750000000e+00
-1.311791591249765787e+01 -5.832031250000000000e+00
-1.305405495030985463e+01 -5.079101562500000000e+00
-1.298853470064300808e+01 -5.434570312500000000e+00
-1.292595797088584675e+01 -6.286132812500000000e+00
-1.286566753184397527e+01 -5.625976562500000000e+00
-1.279886699040284270e+01 -5.069335937500000000e+00
-1.273715484048832991e+01 -5.055664062500000000e+00
-1.267340364122920704e+01 -5.383300781250000000e+00
-1.260761193028639582e+01 -5.540527343750000000e+00
-1.254564907611220548e+01 -5.780273437500000000e+00
-1.248350577304156417e+01 -4.995117187500000000e+00
-1.241656464252882586e+01 -6.619140625000000000e+00
-1.235483743518361877e+01 -4.633789062500000000e+00
-1.229150690235757537e+01 -2.924804687500000000e+00
-1.222705000462786273e+01 -4.902832031250000000e+00
-1.216499700741067613e+01 -5.655273437500000000e+00
-1.210140733000805113e+01 -6.374023437500000000e+00
-1.203586654819378055e+01 -5.406250000000000000e+00
-1.197353086737584960e+01 -3.377929687500000000e+00
-1.191054761136572893e+01 -5.556640625000000000e+00
-1.184452901535935609e+01 -4.770507812500000000e+00
-1.178292497984361376e+01 -7.016601562500000000e+00
-1.172140838697178111e+01 -4.646484375000000000e+00
-1.165522256091526998e+01 -4.651367187500000000e+00
-1.159283935012015831e+01 -4.571289062500000000e+00
-1.153139952566998261e+01 -3.979492187500000000e+00
-1.146726352834819096e+01 -4.686523437500000000e+00
-1.140149443604877177e+01 -3.007324218750000000e+00
-1.133923976675944090e+01 -4.744140625000000000e+00
-1.127288118295821562e+01 -5.048828125000000000e+00
-1.121078034314118099e+01 -4.393554687500000000e+00
-1.114927914922245833e+01 -4.382812500000000000e+00
-1.108573341570001247e+01 -2.777343750000000000e+00
-1.102068177002027483e+01 -2.904296875000000000e+00
-1.095965384671154652e+01 -3.742187500000000000e+00
-1.089512218312163583e+01 -4.700683593750000000e+00
-1.082935389792600489e+01 -2.399414062500000000e+00
-1.076710716321033345e+01 -2.680664062500000000e+00
-1.070266193564309987e+01 -4.781738281250000000e+00
-1.063885177043702868e+01 -2.029296875000000000e+00
-1.057733428909554618e+01 -3.887695312500000000e+00
-1.051356671626410133e+01 -6.875000000000000000e-01
-1.044852436873432566e+01 -2.776367187500000000e+00
-1.038751803252245054e+01 -3.138671875000000000e+00
-1.032246728159778826e+01 -2.084960937500000000e+00
-1.025725115875627580e+01 -2.457031250000000000e+00
-1.019548484725779502e+01 -3.083496093750000000e+00
-1.013192025852598732e+01 -3.216796875000000000e+00
-1.006668299423814972e+01 -4.335937500000000000e-01
-1.000502123846181490e+01 -9.033203125000000000e-01
-9.940124000058233378e+00 -3.491699218750000000e+00
-9.877273354772960090e+00 -2.496093750000000000e+00
-9.815064720282208555e+00 -4.511718750000000000e-01
-9.751469736586123815e+00 -1.550781250000000000e+00
-9.685088845318546191e+00 -2.815429687500000000e+00
-9.623771994988594258e+00 -1.058105468750000000e+00
-9.560648387760267042e+00 -1.408691406250000000e+00
-9.494568449732255999e+00 -2.223632812500000000e+00
-9.432968156630956003e+00 -2.169921875000000000e+00
-9.369233601613011331e+00 -4.658203125000000000e-01
-9.305423315319337974e+00 -9.189453125000000000e-01
-9.242907799907953859e+00 2.675781250000000000e-01
-9.179426445325198358e+00 8.398437500000000000e-01
-9.113831189885836181e+00 5.761718750000000000e-02
-9.051639352399980964e+00 1.013671875000000000e+00
-8.989410921163674573e+00 1.646484375000000000e+00
-8.922453950868444394e+00 1.058593750000000000e+00
-8.861123911459642954e+00 6.855468750000000000e-01
-8.799530731227129365e+00 2.395507812500000000e+00
-8.733297735339426993e+00 -5.185546875000000000e-01
-8.670701222167316757e+00 -1.440429687500000000e-01
-8.609349585870219812e+00 3.242187500000000000e-01
-8.541709819854858665e+00 3.720703125000000000e+00
-8.479461525304373026e+00 1.113281250000000000e+00
-8.417279268029254524e+00 8.027343750000000000e-01
-8.351307588740226606e+00 5.664062500000000000e-01
-8.289041530948239256e+00 1.405273437500000000e+00
-8.227450598488161404e+00 -7.353515625000000000e-01
-8.163597064997809127e+00 4.078125000000000000e+00
-8.099357726592955942e+00 1.411132812500000000e+00
-8.037245650001331398e+00 2.021972656250000000e+00
-7.969523670773064339e+00 2.250976562500000000e-01
-7.907350339867655009e+00 8.940429687500000000e-01
-7.845240227904163532e+00 1.963867187500000000e+00
-7.780088140574797251e+00 2.039062500000000000e+00
-7.716866134029984892e+00 3.340820312500000000e+00
-7.655502391838879817e+00 2.406250000000000000e+00
-7.591430481627973847e+00 2.665039062500000000e+00
-7.526438141689396844e+00 1.251953125000000000e+00
-7.465048685841608744e+00 1.475585937500000000e+00
-7.400336322271037659e+00 1.309570312500000000e+00
-7.335281469304938184e+00 3.563476562500000000e+00
-7.273908867197853567e+00 1.923339843750000000e+00
-7.211817946387476752e+00 1.336914062500000000e+00
-7.145251428077969535e+00 3.579589843750000000e+00
-7.083158025298274652e+00 1.765625000000000000e+00
-7.019263910008810115e+00 1.877929687500000000e+00
-6.954240704068560319e+00 3.926269531250000000e+00
-6.892979334694501858e+00 5.009765625000000000e-01
-6.828170547951309288e+00 2.866210937500000000e+00
-6.763879916800988212e+00 4.328125000000000000e+00
-6.701768264580998391e+00 2.624023437500000000e+00
-6.639803898831189599e+00 2.591796875000000000e+00
-6.573532450742121114e+00 4.628906250000000000e+00
-6.511097786113246855e+00 4.618164062500000000e+00
-6.447507712203439212e+00 3.074218750000000000e+00
-6.383015136105626652e+00 4.082031250000000000e+00
-6.320823362399352163e+00 4.265625000000000000e+00
-6.257425587568114622e+00 4.935546875000000000e+00
-6.193578388172760185e+00 4.871093750000000000e+00
-6.130083235017927734e+00 3.743652343750000000e+00
-6.067571966451090759e+00 5.726074218750000000e+00
-6.000979251725581776e+00 6.154785156250000000e+00
-5.939025784214962300e+00 5.215820312500000000e+00
-5.877562639985939086e+00 4.899414062500000000e+00
-5.811133908230594614e+00 6.866699218750000000e+00
-5.748595332527472124e+00 5.958984375000000000e+00
-5.685338614055190476e+00 8.629882812500000000e+00
-5.621991643678562411e+00 5.429199218750000000e+00
-5.557623682549639454e+00 5.912109375000000000e+00
-5.495810533268326026e+00 8.436035156250000000e+00
-5.431981741331163960e+00 5.688476562500000000e+00
-5.367171680994729854e+00 7.022460937500000000e+00
-5.305415427245264937e+00 6.898437500000000000e+00
-5.240350349427274068e+00 7.971191406250000000e+00
-5.176443705550624941e+00 7.752929687500000000e+00
-5.114173172515783961e+00 8.935058593750000000e+00
-5.049843220127591792e+00 9.345703125000000000e+00
-4.986150268810028763e+00 8.350585937500000000e+00
-4.923886139687397190e+00 8.776367187500000000e+00
-4.861894759193113202e+00 8.865234375000000000e+00
-4.795057335100651130e+00 8.773437500000000000e+00
-4.733273319829642389e+00 8.444335937500000000e+00
-4.669792687235819528e+00 7.136718750000000000e+00
-4.602371032551282326e+00 8.558593750000000000e+00
-4.542030435424003088e+00 1.042675781250000000e+01
-4.478458448681045923e+00 9.396484375000000000e+00
-4.413383200093996095e+00 1.022558593750000000e+01
-4.351534468640551268e+00 1.081347656250000000e+01
-4.289905341568250208e+00 9.261230468750000000e+00
-4.223597134603394920e+00 1.186816406250000000e+01
-4.161146729139183265e+00 9.718750000000000000e+00
-4.096056476809565083e+00 1.066259765625000000e+01
-4.033260434089555702e+00 1.007031250000000000e+01
-3.969887648681087455e+00 1.083154296875000000e+01
-3.907626212798469112e+00 1.053320312500000000e+01
-3.841262639593516326e+00 1.033984375000000000e+01
-3.779764042984417927e+00 1.087451171875000000e+01
-3.717635064949739387e+00 1.056835937500000000e+01
-3.650828913796217989e+00 1.033398437500000000e+01
-3.589130639125713174e+00 1.049609375000000000e+01
-3.527670470035758399e+00 1.268945312500000000e+01
-3.461146222713381349e+00 1.281933593750000000e+01
-3.398685586664939251e+00 1.239257812500000000e+01
-3.336443810830296286e+00 1.234960937500000000e+01
-3.270677305654750455e+00 1.394384765625000000e+01
-3.208386582186953717e+00 1.378076171875000000e+01
-3.145660806051331804e+00 1.351953125000000000e+01
-3.078714733029997319e+00 1.428515625000000000e+01
-3.016972779978303265e+00 1.608496093750000000e+01
-2.953087755770972933e+00 1.474072265625000000e+01
-2.889429832237063067e+00 1.312890625000000000e+01
-2.826561085676566165e+00 1.592285156250000000e+01
-2.764307112016311407e+00 1.480126953125000000e+01
-2.700405441521148475e+00 1.533398437500000000e+01
-2.636187514613311578e+00 1.642773437500000000e+01
-2.573538724762933327e+00 1.697119140625000000e+01
-2.509845525721665638e+00 1.526562500000000000e+01
-2.445058815636727445e+00 1.577880859375000000e+01
-2.383421269082170113e+00 1.785644531250000000e+01
-2.318313463797778695e+00 1.518603515625000000e+01
-2.254407427317836721e+00 1.632861328125000000e+01
-2.193105259492348580e+00 1.728466796875000000e+01
-2.128239464667863956e+00 1.889355468750000000e+01
-2.064031324970756032e+00 1.657617187500000000e+01
-2.001683034805267880e+00 1.638574218750000000e+01
-1.939947428207254632e+00 1.900585937500000000e+01
-1.873658421705684418e+00 1.657714843750000000e+01
-1.811224659030216344e+00 1.801367187500000000e+01
-1.746166116310007510e+00 1.843603515625000000e+01
-1.682280172816064123e+00 1.865039062500000000e+01
-1.620977938113611572e+00 1.621289062500000000e+01
-1.556939374868150594e+00 1.883056640625000000e+01
-1.492951121001603099e+00 1.923486328125000000e+01
-1.430095662647829613e+00 1.828369140625000000e+01
-1.366665428388188275e+00 1.881640625000000000e+01
-1.301074146587566815e+00 1.809375000000000000e+01
-1.238083960501604963e+00 2.115722656250000000e+01
-1.174992705938272763e+00 1.870898437500000000e+01
-1.110100015827391928e+00 1.863964843750000000e+01
-1.049458284778040706e+00 1.915429687500000000e+01
-9.847900830662439375e-01 2.016406250000000000e+01
-9.217939313185397054e-01 1.938574218750000000e+01
-8.584156410245213920e-01 2.183203125000000000e+01
-7.960595532397860552e-01 2.105371093750000000e+01
-7.286757862704504873e-01 1.756347656250000000e+01
-6.669834471195699166e-01 1.892138671875000000e+01
-6.045791285239161539e-01 1.773046875000000000e+01
-5.394461887325903149e-01 1.924218750000000000e+01
-4.766440427852458583e-01 2.108837890625000000e+01
-4.144694623372089382e-01 2.163378906250000000e+01
-3.513392577531959660e-01 1.185253906250000000e+01
-2.856077323658539058e-01 -1.725625000000000000e+02
-2.239450385434906821e-01 -3.643095703125000000e+02
-1.570224170816771903e-01 -4.271655273437500000e+02
-9.492547746432222766e-02 -4.582905273437500000e+02
-3.347495160991798002e-02 -4.689003906250000000e+02
3.251332467743139887e-02 -4.697363281250000000e+02
9.548419827089560386e-02 -4.588818359375000000e+02
1.584926923980134461e-01 -4.274589843750000000e+02
2.221006854632960881e-01 -3.616704101562500000e+02
2.865329926653537029e-01 -1.721816406250000000e+02
3.481663759718287565e-01 6.215332031250000000e+00
4.151146772721432399e-01 2.098730468750000000e+01
4.772153642077547886e-01 2.141845703125000000e+01
5.386253126834290583e-01 2.129541015625000000e+01
6.037262025244558572e-01 2.237353515625000000e+01
6.676892157513094617e-01 2.085546875000000000e+01
7.306079721830798235e-01 2.109570312500000000e+01
7.938954789514482968e-01 2.061914062500000000e+01
8.581914179076868265e-01 2.148876953125000000e+01
9.203034154067211148e-01 2.048339843750000000e+01
9.832257450723034253e-01 1.978662109375000000e+01
1.048423919483113309e+00 2.123828125000000000e+01
1.110825030716711126e+00 2.183593750000000000e+01
1.176772653143864034e+00 2.230566406250000000e+01
1.239791143747169144e+00 1.983105468750000000e+01
1.303805934714702630e+00 2.195800781250000000e+01
1.366739454131597142e+00 2.166210937500000000e+01
1.430449646294981392e+00 2.016992187500000000e+01
1.492482262685939531e+00 2.026074218750000000e+01
1.556623946849377660e+00 2.185449218750000000e+01
1.620584238369858099e+00 2.191503906250000000e+01
1.682399211677708450e+00 2.141503906250000000e+01
1.746308880036743005e+00 2.146484375000000000e+01
1.810479493991493882e+00 2.076953125000000000e+01
1.873299974987460814e+00 2.096679687500000000e+01
1.937256361596311649e+00 2.055810546875000000e+01
2.003276824723485561e+00 2.029541015625000000e+01
2.064512799183546576e+00 2.163769531250000000e+01
2.126249415694452694e+00 2.047558593750000000e+01
2.192744621226822233e+00 1.933496093750000000e+01
2.254830186529396485e+00 1.732324218750000000e+01
2.317435797054049118e+00 1.836962890625000000e+01
2.382594068212398497e+00 1.645214843750000000e+01
2.446953417465138614e+00 1.796582031250000000e+01
2.509405035116444083e+00 1.828710937500000000e+01
2.574453216650859133e+00 1.589062500000000000e+01
2.635993668236004339e+00 1.902929687500000000e+01
2.698240182593782066e+00 1.834033203125000000e+01
2.762260510065480901e+00 1.729003906250000000e+01
2.826027277086321732e+00 1.772070312500000000e+01
2.890578468883980179e+00 1.927734375000000000e+01
2.956278565193734664e+00 1.810693359375000000e+01
3.019068276175985943e+00 2.129199218750000000e+01
3.082560921613470839e+00 1.815332031250000000e+01
3.146606983745137143e+00 1.676464843750000000e+01
3.208116420254917500e+00 1.823632812500000000e+01
3.269727384120454161e+00 1.720996093750000000e+01
3.333115050525265133e+00 1.821044921875000000e+01
3.398401981111604186e+00 1.631396484375000000e+01
3.460196001687293688e+00 1.737304687500000000e+01
3.523022355931306748e+00 1.637304687500000000e+01
3.590473877446285655e+00 1.398828125000000000e+01
3.652578922786947402e+00 1.501757812500000000e+01
3.716304103010692472e+00 1.573193359375000000e+01
3.779978156712914483e+00 1.568261718750000000e+01
3.843960285201063698e+00 1.250488281250000000e+01
3.907697256177200984e+00 1.279199218750000000e+01
3.970539503149851157e+00 1.498681640625000000e+01
4.032814604152164861e+00 1.386132812500000000e+01
4.098724890802706966e+00 1.135546875000000000e+01
4.161857014758169271e+00 1.218945312500000000e+01
4.221534306566951500e+00 1.466113281250000000e+01
4.288197499381489308e+00 1.074414062500000000e+01
4.352280827825552478e+00 1.256933593750000000e+01
4.413964860299568471e+00 9.828613281250000000e+00
4.478759957793464253e+00 1.277343750000000000e+01
4.542677311358787051e+00 1.085400390625000000e+01
4.604587164988878101e+00 1.086328125000000000e+01
4.667804609474178079e+00 1.056835937500000000e+01
4.734009117633576125e+00 1.150097656250000000e+01
4.795311105309991717e+00 1.255859375000000000e+01
4.860605798505197583e+00 8.158203125000000000e+00
4.924275791640994271e+00 8.834960937500000000e+00
4.985742095731211521e+00 9.539062500000000000e+00
5.048183137736465653e+00 9.666015625000000000e+00
5.114566565843770007e+00 8.128906250000000000e+00
5.176432883455877487e+00 7.957519531250000000e+00
5.238486251191403653e+00 8.674804687500000000e+00
5.305313490080777683e+00 8.959960937500000000e+00
5.367462974190601699e+00 8.248046875000000000e+00
5.431448293353398071e+00 6.848144531250000000e+00
5.496604228627870015e+00 6.950683593750000000e+00
5.557909308424676453e+00 7.723632812500000000e+00
5.621701075724303109e+00 9.360839843750000000e+00
5.686892028574433766e+00 5.127929687500000000e+00
5.748833701732472434e+00 7.037109375000000000e+00
5.810638425785924710e+00 7.953125000000000000e+00
5.875664369400226406e+00 5.680175781250000000e+00
5.937879018141444476e+00 8.166992187500000000e+00
6.002366975060599685e+00 4.612792968750000000e+00
6.067495897668347737e+00 5.629394531250000000e+00
6.130059908810608249e+00 5.487304687500000000e+00
6.192435510853080416e+00 5.523437500000000000e+00
6.258808800582837506e+00 5.598144531250000000e+00
6.320391286536690245e+00 4.935546875000000000e+00
6.382496465546669384e+00 5.184570312500000000e+00
6.446528418847158548e+00 5.577148437500000000e+00
6.511766074003134008e+00 4.033203125000000000e+00
6.574488853437092217e+00 3.678222656250000000e+00
6.638361322584309221e+00 5.306640625000000000e+00
6.702471880336560162e+00 4.525878906250000000e+00
6.764022659680165361e+00 6.284179687500000000e+00
6.828728892115996985e+00 4.964843750000000000e+00
6.892228872751356761e+00 3.914550781250000000e+00
6.954378331128644675e+00 2.412109375000000000e+00
7.017180120173424740e+00 4.853515625000000000e+00
7.083013296182514296e+00 3.919433593750000000e+00
7.145219196910801429e+00 1.756835937500000000e+00
7.210333478020324094e+00 4.255859375000000000e+00
7.274378335747996971e+00 4.208007812500000000e+00
7.336411874515153642e+00 2.760742187500000000e+00
7.402868088723103313e+00 3.159179687500000000e+00
7.464533007401982445e+00 3.225585937500000000e+00
7.526500875462623696e+00 1.545898437500000000e+00
7.590826875958448738e+00 2.875000000000000000e+00
7.654170264483649788e+00 1.358886718750000000e+00
7.717975970399884034e+00 2.998046875000000000e+00
7.780182525452282505e+00 1.223632812500000000e+00
7.846538012138466911e+00 2.104492187500000000e+00
7.907840812735798863e+00 2.022460937500000000e+00
7.971586476349074246e+00 -8.984375000000000000e-01
8.036647348668552127e+00 2.458007812500000000e+00
8.098445022040127839e+00 3.192871093750000000e+00
8.160551056885793741e+00 -1.542968750000000000e-01
8.226249014300712759e+00 2.851562500000000000e-01
8.290696023935325343e+00 1.769531250000000000e+00
8.353488786864701865e+00 8.276367187500000000e-01
8.418614447934498202e+00 5.332031250000000000e-01
8.480365134967257745e+00 2.451171875000000000e-01
8.542236586854393465e+00 3.280273437500000000e+00
8.608761825762698550e+00 1.236328125000000000e+00
8.670745421860736712e+00 2.227539062500000000e+00
8.732656825852401994e+00 2.255859375000000000e-01
8.797040153015480257e+00 -5.205078125000000000e-01
8.860712315542230044e+00 -2.070800781250000000e+00
8.924273938866267741e+00 3.862304687500000000e-01
8.989507523963336411e+00 8.022460937500000000e-01
9.052319930909703771e+00 -5.532226562500000000e-01
9.114390168068258191e+00 4.174804687500000000e-01
9.180554726738542115e+00 5.556640625000000000e-01
9.242382723722769811e+00 -6.562500000000000000e-01
9.303472171505049459e+00 -1.350585937500000000e+00
9.368574899547532198e+00 -9.130859375000000000e-01
9.432845178973991551e+00 -1.430664062500000000e+00
9.496222481721943609e+00 -2.353515625000000000e-01
9.561649672404680445e+00 -4.165039062500000000e-01
9.624320520856258554e+00 -1.470703125000000000e+00
9.686486459137064742e+00 -1.477539062500000000e+00
9.749370848041547077e+00 -2.284667968750000000e+00
9.813983930830495694e+00 -1.100585937500000000e+00
9.876172454254433575e+00 -7.456054687500000000e-01
9.940723472655811577e+00 -5.878906250000000000e-01
1.000398406885292957e+01 -2.485351562500000000e+00
1.006727385595488045e+01 -1.021484375000000000e+00
1.013257413720558731e+01 -6.596679687500000000e-01
1.019634354496600537e+01 -8.833007812500000000e-01
1.025867179682090935e+01 -1.386718750000000000e+00
1.032302950621257054e+01 -2.109375000000000000e+00
1.038625859449129152e+01 -3.578613281250000000e+00
1.044831452693850693e+01 -1.634277343750000000e+00
1.051133766718091422e+01 -2.926269531250000000e+00
1.057609143950055497e+01 -2.555664062500000000e+00
1.063942373367510186e+01 -1.980468750000000000e+00
1.070463598911184278e+01 -6.943359375000000000e-01
1.076834246702062003e+01 -3.955078125000000000e-01
1.083042752261765784e+01 -1.331542968750000000e+00
1.089203445142263860e+01 -1.704101562500000000e+00
1.095824384918063998e+01 -2.536132812500000000e+00
1.102038209747676945e+01 -2.861328125000000000e+00
1.108259725095732762e+01 -4.141113281250000000e+00
1.114700412594982737e+01 -2.574218750000000000e+00
1.121169933595520263e+01 -2.515625000000000000e+00
1.127687877509735159e+01 -5.156738281250000000e+00
1.134047854696042990e+01 -3.058593750000000000e+00
1.140223373398720241e+01 -2.274414062500000000e+00
1.146415862067440372e+01 -4.602539062500000000e+00
1.152951963658706802e+01 -4.337402343750000000e+00
1.159265253322282518e+01 -4.053710937500000000e+00
1.165433843506597000e+01 -5.753906250000000000e+00
1.171916901891098206e+01 -2.654296875000000000e+00
1.178379007755525976e+01 -3.537597656250000000e+00
1.184597717053215149e+01 -4.208007812500000000e+00
1.191033333590886656e+01 -4.969238281250000000e+00
1.197410571490843978e+01 -2.864257812500000000e+00
1.203596429537295265e+01 -3.558105468750000000e+00
1.210166785241672471e+01 -4.605957031250000000e+00
1.216474071392238798e+01 -2.602050781250000000e+00
1.222647534155820281e+01 -4.116699218750000000e+00
1.229133382852604228e+01 -3.761718750000000000e+00
1.235482949373918515e+01 -4.010742187500000000e+00
1.241770469711097746e+01 -3.038085937500000000e+00
1.248243882288981155e+01 -4.347656250000000000e+00
1.254605089548501340e+01 -3.959960937500000000e+00
1.260776014001993417e+01 -3.693359375000000000e+00
1.267381626801507366e+01 -3.183593750000000000e+00
1.273604773998848927e+01 -9.179687500000000000e-01
1.279819321858430925e+01 -1.644531250000000000e+00
1.286203149714209104e+01 -1.745117187500000000e+00
1.292586110251946252e+01 -2.343750000000000000e+00
1.298722199709708747e+01 -3.813476562500000000e+00
1.305460525160916774e+01 -1.782226562500000000e+00
1.311840673064572371e+01 -1.226562500000000000e+00
1.317989030990850097e+01 -2.788085937500000000e+00
1.324211885655734022e+01 -3.419921875000000000e+00
1.330864514846399871e+01 -3.734863281250000000e+00
1.337076034466024055e+01 -3.359375000000000000e+00
1.343491258963593538e+01 -3.118164062500000000e+00
1.349911352588615543e+01 -3.079101562500000000e+00
1.356155322645596328e+01 -1.689453125000000000e+00
1.362383737736834988e+01 -2.493652343750000000e+00
1.368918813714813609e+01 -2.559082031250000000e+00
1.375183597889182607e+01 -4.584472656250000000e+00
1.381391496059584512e+01 -2.455078125000000000e+00
1.388038970050205023e+01 -3.521484375000000000e+00
1.394243464236696894e+01 -2.539062500000000000e+00
1.400549504841298543e+01 -2.961425781250000000e+00
1.406961232522123240e+01 -2.331542968750000000e+00
1.413370681479815261e+01 -4.332031250000000000e+00
1.419618387774465162e+01 -2.032226562500000000e+00
1.426252715347540345e+01 -3.159179687500000000e+00
1.432410276967374330e+01 -4.440429687500000000e+00
1.438603824474919435e+01 -4.173828125000000000e+00
1.445241707888234473e+01 -4.504882812500000000e+00
1.451455505583489725e+01 -2.990234375000000000e+00
1.457678926007990583e+01 -4.215820312500000000e+00
1.464175267226643840e+01 -4.234375000000000000e+00
1.470586043136378152e+01 -1.542968750000000000e+00
1.476725535284931823e+01 -2.913085937500000000e+00
1.483240782671956737e+01 -3.476562500000000000e+00
1.489609500454745472e+01 -1.051757812500000000e+00
1.495791935357947366e+01 -4.252929687500000000e+00
1.502371225946554034e+01 -3.288574218750000000e+00
1.508591768905556307e+01 -3.887695312500000000e+00
1.514813095023980338e+01 -3.800781250000000000e+00
1.521346006587999256e+01 -3.686523437500000000e+00
1.527684072678685467e+01 -2.316406250000000000e+00
1.533931617815638759e+01 -3.070312500000000000e+00
1.540455340174586496e+01 -5.045410156250000000e+00
1.546822443506236056e+01 -1.823242187500000000e+00
1.553028414865909923e+01 -4.194335937500000000e+00
1.559659348477993746e+01 -3.872070312500000000e+00
1.565841406190958551e+01 -2.805664062500000000e+00
1.572019428061847535e+01 -3.415527343750000000e+00
1.578480254093927471e+01 -3.015136718750000000e+00
1.584898281043943413e+01 -2.868164062500000000e+00
1.591146974477984344e+01 -7.221679687500000000e-01
1.597361613280171255e+01 -4.682128906250000000e+00
1.604016764660197580e+01 -4.229003906250000000e+00
1.610220382129437056e+01 -3.526367187500000000e+00
1.616574605312602486e+01 -5.176269531250000000e+00
1.623008693832488447e+01 -8.686523437500000000e-01
1.629245857541370412e+01 -3.339843750000000000e+00
1.635610988766791962e+01 -3.239257812500000000e+00
1.642112496382479137e+01 -4.472167968750000000e+00
1.648362328556637380e+01 -3.562011718750000000e+00
1.654598664700682065e+01 -2.192382812500000000e+00
1.661230369167903476e+01 -3.080566406250000000e+00
1.667401042563838587e+01 -4.066894531250000000e+00
1.673546595006030202e+01 -3.148437500000000000e+00
1.680215846916230049e+01 -2.473632812500000000e+00
1.686462245390264059e+01 -4.209960937500000000e+00
1.692673818426002441e+01 -2.818359375000000000e+00
1.699207447868054643e+01 -4.038574218750000000e+00
1.705566083432105984e+01 -2.015625000000000000e+00
1.711785548917194788e+01 -2.460449218750000000e+00
1.718335332999200205e+01 -4.014160156250000000e+00
1.724648825792637652e+01 -4.592285156250000000e+00
1.730795035777189383e+01 -3.767578125000000000e+00
1.737429146433255056e+01 -2.899414062500000000e+00
1.743678644002481803e+01 -5.703125000000000000e+00
1.749808971984582229e+01 -4.732421875000000000e+00
1.756254357634578156e+01 -2.653320312500000000e+00
1.762780796720082321e+01 -2.459960937500000000e+00
1.768953398155842649e+01 -4.480468750000000000e+00
1.775446984760120728e+01 -3.443359375000000000e+00
1.781804029640617415e+01 -3.177246093750000000e+00
1.787993142632722154e+01 -1.853027343750000000e+00
1.794642461979942283e+01 -4.306640625000000000e+00
1.800818238298308316e+01 -2.038574218750000000e+00
1.807062584815882644e+01 -2.996093750000000000e+00
1.813468976591219217e+01 -2.624511718750000000e+00
1.820008368998193049e+01 -2.495117187500000000e+00
1.826151535522804181e+01 -3.941406250000000000e+00
1.832662381342007762e+01 -4.885742187500000000e+00
1.839020119859441138e+01 -2.993164062500000000e+00
1.845207354007679967e+01 -3.878417968750000000e+00
1.851790849063691269e+01 -4.414550781250000000e+00
1.858090353777314263e+01 -3.063476562500000000e+00
1.864314810683769963e+01 -3.043945312500000000e+00
1.870803636650204638e+01 -2.139648437500000000e+00
1.877210154563701394e+01 -2.675781250000000000e+00
1.883367544850916886e+01 -2.562500000000000000e+00
1.889578595966525398e+01 -1.035156250000000000e+00
1.896228019952572197e+01 -3.953125000000000000e+00
1.902411527649803702e+01 -2.359375000000000000e+00
1.908627152447354547e+01 -3.835937500000000000e+00
1.915135969926559767e+01 -1.997558593750000000e+00
1.921458253483994838e+01 -1.912109375000000000e+00
1.927898165295017208e+01 -3.039062500000000000e+00
1.934188313166039208e+01 -8.710937500000000000e-01
1.940569258866840840e+01 -3.592773437500000000e+00
1.946791039842576509e+01 -2.504882812500000000e+00
1.953324518689774436e+01 -1.398925781250000000e+00
1.959572612931143709e+01 -1.533203125000000000e+00
1.965758113011963815e+01 -5.205078125000000000e-01
1.972350924426719132e+01 -3.996582031250000000e+00
1.978744811465928422e+01 -1.819335937500000000e+00
1.985017998116462223e+01 -1.718750000000000000e-01
1.991361795373201815e+01 2.456054687500000000e-01
1.997769565783139001e+01 -8.486328125000000000e-01
2.003929913164320453e+01 -2.592773437500000000e+00
2.010438836308814103e+01 -1.271972656250000000e+00
2.016772089832308623e+01 -5.268554687500000000e-01
2.022985755271290742e+01 -1.950195312500000000e+00
2.029665468962063812e+01 -1.396484375000000000e+00
2.035891154122343494e+01 -2.008789062500000000e+00
2.042102462295738974e+01 -6.660156250000000000e-01
2.048554143814988748e+01 -5.800781250000000000e-01
2.054984161444346569e+01 2.304687500000000000e-01
2.061114294250339185e+01 -9.707031250000000000e-01
2.067493340433445326e+01 -2.260742187500000000e-01
2.073970522762956392e+01 -2.887695312500000000e+00
2.080197880891135043e+01 -6.777343750000000000e-01
2.086780865755208936e+01 1.337890625000000000e-01
2.093077123699348263e+01 -9.218750000000000000e-01
2.099304884203790778e+01 2.216796875000000000e-01
2.105789893370208077e+01 -7.075195312500000000e-01
2.112198733893066560e+01 -1.041015625000000000e+00
2.118365725786695464e+01 -7.817382812500000000e-01
2.124706688832536372e+01 -1.177246093750000000e+00
2.131099061640057357e+01 9.501953125000000000e-01
2.137407000262157908e+01 1.078125000000000000e+00
2.144049573406627118e+01 -8.857421875000000000e-01
2.150291295137666125e+01 8.090820312500000000e-01
2.156487121238039606e+01 8.583984375000000000e-01
2.162786161332849844e+01 5.214843750000000000e-01
2.169413283057994590e+01 7.714843750000000000e-02
2.175543410881411432e+01 2.392578125000000000e-01
2.181770563317189016e+01 8.105468750000000000e-02
2.188407651215133498e+01 -3.032226562500000000e-01
2.194663531768185294e+01 4.492187500000000000e-01
2.200793800692792956e+01 -1.224609375000000000e+00
2.207433399766539139e+01 -1.019042968750000000e+00
2.213600166086452958e+01 1.508789062500000000e+00
2.219939482917950002e+01 2.113281250000000000e+00
2.226514923383374978e+01 -3.168945312500000000e-01
2.232792188780980780e+01 -4.472656250000000000e-01
2.238982917215110291e+01 1.769531250000000000e+00
2.245528700522632448e+01 2.606445312500000000e+00
2.251773487094500581e+01 1.610351562500000000e+00
2.258009604923302049e+01 6.425781250000000000e-01
2.264501996529312322e+01 2.919921875000000000e-01
2.270811990830170402e+01 2.697265625000000000e+00
2.277095939601863961e+01 1.232421875000000000e+00
2.283574532335993013e+01 1.750000000000000000e+00
2.289972434241255428e+01 6.386718750000000000e-01
2.296140690303145959e+01 1.264648437500000000e+00
2.302822776934171856e+01 9.687500000000000000e-01
2.308979541964428250e+01 1.391113281250000000e+00
2.315176044192410387e+01 2.761718750000000000e+00
2.321764652971600995e+01 3.608398437500000000e-01
2.327947140629438749e+01 1.810058593750000000e+00
2.334118638857778194e+01 2.270996093750000000e+00
2.340808171634223456e+01 1.090332031250000000e+00
2.347214971423194640e+01 1.954101562500000000e+00
2.353559747777050859e+01 3.298339843750000000e+00
2.359842773400843186e+01 1.241210937500000000e+00
2.366174419154962649e+01 1.893554687500000000e+00
2.372359939488938707e+01 4.614257812500000000e-01
2.378772388281326400e+01 3.065429687500000000e+00
2.385159750596320904e+01 2.940917968750000000e+00
2.391331332165297852e+01 2.362792968750000000e+00
2.397990228205641827e+01 2.355468750000000000e+00
2.404426375652214176e+01 2.911132812500000000e+00
2.410573004286852949e+01 3.983398437500000000e+00
2.416903116443806709e+01 2.455566406250000000e+00
2.423386752067930772e+01 2.280273437500000000e+00
2.429582462477709015e+01 2.231445312500000000e+00
2.435988206594815253e+01 2.740722656250000000e+00
2.442380817631323708e+01 3.670898437500000000e+00
2.448650731251089852e+01 4.211425781250000000e+00
2.455088943118506251e+01 2.456054687500000000e+00
2.461501973067798232e+01 2.493164062500000000e+00
2.467756742254498903e+01 4.046875000000000000e+00
2.473940386846408401e+01 2.104980468750000000e+00
2.480599096356131028e+01 4.792968750000000000e+00
2.486786013763099490e+01 1.692382812500000000e+00
2.492965744082596302e+01 1.689453125000000000e+00
2.499498079862265598e+01 2.612304687500000000e+00
2.505864007717153541e+01 2.730957031250000000e+00
2.512089708179851755e+01 2.693359375000000000e+00
2.518576987407602630e+01 2.906738281250000000e+00
2.524960322179296668e+01 3.778320312500000000e+00
2.531173554183117602e+01 4.595703125000000000e+00
2.537805428256378804e+01 2.178710937500000000e+00
2.544024077481660839e+01 4.218750000000000000e+00
2.550182140351228099e+01 1.735351562500000000e+00
2.556750891207761711e+01 3.482421875000000000e+00
2.562969437791268490e+01 3.112792968750000000e+00
2.569305632769251702e+01 3.301757812500000000e+00
2.575789994965914431e+01 3.667480468750000000e+00
2.582190377634937306e+01 3.482421875000000000e+00
2.588368832506131767e+01 2.748046875000000000e+00
2.594854118844515511e+01 3.615722656250000000e+00
2.601148655024862677e+01 3.604492187500000000e+00
2.607318032553042997e+01 3.703125000000000000e+00
2.613600734001431647e+01 2.529296875000000000e+00
2.620290482366889151e+01 2.200195312500000000e+00
2.626420480340292229e+01 3.534179687500000000e+00
2.632977550061776384e+01 4.387695312500000000e+00
2.639419780058794629e+01 3.506835937500000000e+00
2.645598014201316772e+01 5.402343750000000000e+00
2.652093960103403703e+01 4.450195312500000000e+00
2.658361919500148218e+01 1.831054687500000000e+00
2.664532009770222487e+01 3.202148437500000000e+00
2.670815830982667194e+01 3.548828125000000000e+00
2.677340492727329035e+01 4.383789062500000000e+00
2.683524841145496964e+01 -1.048388671875000000e+01
2.690216043634161380e+01 -4.094189453125000000e+01
2.696613192014878280e+01 -7.112792968750000000e+01
2.702810226968943397e+01 -7.772070312500000000e+01
2.709310488143265871e+01 -7.750195312500000000e+01
2.715575210053193445e+01 -7.936914062500000000e+01
2.721767875375422463e+01 -7.863916015625000000e+01
2.728393021804717833e+01 -7.614355468750000000e+01
2.734692541374696262e+01 -7.672998046875000000e+01
2.740903781357353353e+01 -7.670849609375000000e+01
2.747171989681454107e+01 -7.815527343750000000e+01
2.753703314149980130e+01 -7.716503906250000000e+01
2.759954410147578585e+01 -7.777441406250000000e+01
2.766141585672705006e+01 -6.529833984375000000e+01
2.772722927784130320e+01 -3.597167968750000000e+01
2.778959902281816596e+01 -1.093066406250000000e+01
2.785154842582442214e+01 4.225585937500000000e+00
2.791737138751327407e+01 4.019042968750000000e+00
2.797977462075268562e+01 4.023437500000000000e+00
2.804384472125901340e+01 4.966796875000000000e+00
2.810803133902344797e+01 4.647460937500000000e+00
2.817162095087743978e+01 5.501953125000000000e+00
2.823347140555706858e+01 2.588867187500000000e+00
2.829937860392388416e+01 3.296875000000000000e+00
2.836173807624176391e+01 3.015625000000000000e+00
2.842427816398651430e+01 3.069335937500000000e+00
2.848926723286736973e+01 2.906250000000000000e+00
2.855189157085751361e+01 2.656250000000000000e+00
2.861502017688136590e+01 4.284179687500000000e+00
2.867994975333266439e+01 4.522460937500000000e+00
2.874377258541166213e+01 4.154296875000000000e+00
2.880563419536629510e+01 9.619140625000000000e-01
2.887062134931321822e+01 2.345703125000000000e+00
2.893367031630979369e+01 2.035644531250000000e+00
2.899583196210032909e+01 3.216796875000000000e+00
2.906187402090675675e+01 1.712890625000000000e+00
2.912465023618441151e+01 1.219238281250000000e+00
2.918717335480133812e+01 4.312500000000000000e+00
2.925052202435769644e+01 2.279785156250000000e+00
2.931361745208823066e+01 2.916015625000000000e+00
2.937720683495328444e+01 1.759765625000000000e+00
2.944112735164723915e+01 3.024414062500000000e+00
2.950558284584807822e+01 3.635742187500000000e+00
2.956797361731542040e+01 3.686035156250000000e+00
2.963379281162983503e+01 2.125000000000000000e+00
2.969612522823208423e+01 3.528320312500000000e+00
2.975896426513661197e+01 2.193359375000000000e+00
2.982377118930676829e+01 2.583984375000000000e+00
2.988800125199590241e+01 2.823242187500000000e+00
2.994934892355715306e+01 2.180664062500000000e+00
3.001327034776311109e+01 2.874511718750000000e+00
3.007772047487505773e+01 1.839843750000000000e+00
3.013979073142761678e+01 -8.984375000000000000e-02
3.020205260296881988e+01 6.489257812500000000e-01
3.026800571404616846e+01 2.635742187500000000e+00
3.033023361837493681e+01 1.514160156250000000e+00
3.039294939140532392e+01 2.388671875000000000e+00
3.045900954900827529e+01 3.198730468750000000e+00
3.052149077396799726e+01 1.500976562500000000e+00
3.058342722362687383e+01 1.193359375000000000e+00
3.064985488728543572e+01 1.520507812500000000e+00
3.071190917398414655e+01 2.320312500000000000e+00
3.077420974338622273e+01 2.919921875000000000e+00
3.083990883262863036e+01 1.333007812500000000e+00
3.090327575258577042e+01 9.272460937500000000e-01
3.096493493800691255e+01 1.104492187500000000e+00
3.102967395232270320e+01 1.833984375000000000e+00
3.109134808741190881e+01 9.960937500000000000e-02
3.115493334789400137e+01 2.146484375000000000e+00
3.122086636109626312e+01 1.532226562500000000e+00
3.128535907046955344e+01 2.607421875000000000e+00
3.134666077944041263e+01 1.251953125000000000e+00
3.141164358769695752e+01 1.521484375000000000e+00
3.147377290810018025e+01 1.307617187500000000e+00
3.153727111109188286e+01 1.601562500000000000e-01
3.160219068149717003e+01 1.903320312500000000e+00
3.166637088325881422e+01 1.190429687500000000e+00
3.172941413099448127e+01 1.829589843750000000e+00
3.179404351600777545e+01 1.279296875000000000e-01
3.185586789928233031e+01 -3.378906250000000000e-01
3.191784104940989053e+01 1.195800781250000000e+00
3.198365563565662129e+01 4.296875000000000000e-01
3.204548861165216778e+01 1.622070312500000000e+00
3.210718734619640458e+01 2.294921875000000000e+00
3.217394406270330620e+01 1.933593750000000000e+00
3.223669654325459533e+01 1.100097656250000000e+00
3.229985316899075087e+01 -5.385742187500000000e-01
3.236519550127733424e+01 1.675781250000000000e+00
3.242756034524190767e+01 -1.272460937500000000e+00
3.248998262272679938e+01 7.060546875000000000e-01
3.255398632369728773e+01 -8.623046875000000000e-01
3.261717845520273329e+01 3.710937500000000000e-01
3.267911651130286543e+01 7.885742187500000000e-01
3.274343383068561053e+01 3.007812500000000000e-01
3.280759388006543986e+01 1.738281250000000000e+00
3.287199513649358096e+01 -1.357421875000000000e-01
3.293667326761889314e+01 -1.281250000000000000e+00
3.299957423883705587e+01 -2.971679687500000000e+00
3.306168009760219917e+01 1.083984375000000000e-01
3.312614193079757285e+01 -4.028320312500000000e-01
3.318923747683206216e+01 -1.049804687500000000e+00
3.325141958633084727e+01 -2.431640625000000000e-01
3.331642568943394167e+01 -6.542968750000000000e-01
3.337992469763820935e+01 -2.421875000000000000e-01
3.344252714710277985e+01 3.315429687500000000e-01
3.350554709163698419e+01 -6.962890625000000000e-01
3.357125918384399199e+01 -1.016601562500000000e+00
3.363357979127353303e+01 1.416015625000000000e-01
3.369556650008625809e+01 -2.314453125000000000e-01
3.376137801230274249e+01 -5.932617187500000000e-01
3.382353556029320174e+01 -7.412109375000000000e-01
3.388721941703411744e+01 -1.455078125000000000e-01
3.395224432894104183e+01 -4.946289062500000000e-01
3.401589397911000390e+01 -1.651855468750000000e+00
3.407934069019808021e+01 -1.910156250000000000e+00
3.414339958162808841e+01 -3.427734375000000000e+00
3.420549223832428254e+01 -3.246093750000000000e+00
3.426770794161011224e+01 -1.655273437500000000e+00
3.433379236253276190e+01 -1.385742187500000000e+00
3.439663951160017064e+01 -5.751953125000000000e-01
3.445915486368713943e+01 -1.095214843750000000e+00
3.452439964895750535e+01 -2.524414062500000000e+00
3.458751684085395084e+01 -2.074218750000000000e+00
3.464956858173757581e+01 -7.207031250000000000e-01
3.471554008802404212e+01 -2.436523437500000000e+00
3.477740451133413302e+01 -1.036132812500000000e+00
3.483984940668624120e+01 -3.177246093750000000e+00
3.490566526651988255e+01 -2.992187500000000000e+00
3.496876940790369304e+01 -1.449218750000000000e+00
3.503107248546636754e+01 -2.747070312500000000e+00
3.509575259819145288e+01 -3.802246093750000000e+00
3.515977479019277752e+01 -1.996582031250000000e+00
3.522121853740438269e+01 -2.666015625000000000e+00
3.528495640758825402e+01 -3.290527343750000000e+00
3.534898125210956721e+01 -2.394042968750000000e+00
3.541136889413661493e+01 -2.918945312500000000e+00
3.547777232042811590e+01 -1.673828125000000000e+00
3.553963366146758318e+01 -2.884765625000000000e+00
3.560346049439787208e+01 -4.496093750000000000e+00
3.566820834634280146e+01 -1.526367187500000000e+00
3.573021901318167437e+01 -2.692382812500000000e+00
3.579380775778047763e+01 -1.938476562500000000e+00
3.585530629701935368e+01 -4.199707031250000000e+00
3.592078727152867401e+01 -2.472656250000000000e+00
3.598342504747155601e+01 -2.594726562500000000e+00
3.604817072185544902e+01 -1.465332031250000000e+00
3.611153388692328292e+01 -3.826171875000000000e+00
3.617421780165983591e+01 -3.335937500000000000e+00
3.624036810061523539e+01 -1.605468750000000000e+00
3.630238443362792822e+01 -4.135742187500000000e+00
3.636368786752461091e+01 -3.137695312500000000e+00
3.642701187933114682e+01 -2.747070312500000000e+00
3.649326211307406709e+01 -1.758789062500000000e+00
3.655499362517916495e+01 -2.818847656250000000e+00
3.661698130359216208e+01 -3.207031250000000000e+00
3.668368579061571211e+01 -8.598632812500000000e-01
3.674521827695838994e+01 -1.736328125000000000e+00
3.680958253371580469e+01 -1.013671875000000000e+00
3.687432430814663320e+01 -2.817382812500000000e+00
3.693656410719336236e+01 -2.055664062500000000e+00
3.699934468269423604e+01 -2.416992187500000000e+00
3.706540250823881877e+01 -1.110351562500000000e+00
3.712698868433898269e+01 -3.443359375000000000e+00
3.718909828745743340e+01 -2.396484375000000000e+00
3.725583770984958676e+01 -3.153808593750000000e+00
3.731744416251619612e+01 -2.267578125000000000e+00
3.738149487949127092e+01 -1.149414062500000000e+00
3.744624527659151880e+01 -1.258789062500000000e+00
3.750939041503546889e+01 -2.103515625000000000e+00
3.757173161414067408e+01 -3.299316406250000000e+00
3.763687515327539046e+01 -2.749023437500000000e-01
3.769884376673353188e+01 -2.769531250000000000e+00
3.776117332714835584e+01 -2.048339843750000000e+00
3.782820201760745960e+01 -8.427734375000000000e-01
3.788957306096942546e+01 -5.991210937500000000e-01
3.795201494114715501e+01 -1.130859375000000000e+00
3.801624560173810607e+01 -3.159179687500000000e+00
3.808018338729049646e+01 -3.169921875000000000e+00
3.814339871898762624e+01 -1.228027343750000000e+00
3.820546752426453452e+01 -3.037109375000000000e+00
3.827098423384295245e+01 -1.157226562500000000e-01
3.833326639316977946e+01 -3.528320312500000000e+00
3.839966872855823965e+01 -2.212890625000000000e+00
3.846164580423914714e+01 -2.625000000000000000e+00
3.852414374460184376e+01 -1.009765625000000000e+00
3.858718419613184381e+01 -2.097656250000000000e+00
3.865298480942942660e+01 -2.081542968750000000e+00
3.871513632065255450e+01 -1.985839843750000000e+00
3.877763216004241542e+01 -1.602539062500000000e+00
3.884334104824182532e+01 1.238281250000000000e+00
3.890540105074354926e+01 -2.831054687500000000e+00
3.896813421539684441e+01 -1.834960937500000000e+00
3.903340343134501467e+01 -8.242187500000000000e-01
3.909508991647721388e+01 -1.817382812500000000e+00
3.915928608011896017e+01 -1.441406250000000000e+00
3.922596385774743766e+01 -2.770019531250000000e+00
3.928749152484280671e+01 -8.759765625000000000e-01
3.935136066412502487e+01 -1.504394531250000000e+00
3.941545877198467451e+01 -1.566406250000000000e+00
3.947753547200149171e+01 -2.433593750000000000e+00
3.953886346877332159e+01 -2.947265625000000000e+00
3.960538617424376184e+01 -2.685546875000000000e+00
3.966728697682756177e+01 -2.490234375000000000e-01
3.973113249367262512e+01 -2.779785156250000000e+00
3.979667833382733733e+01 -9.980468750000000000e-01
3.985939002395610231e+01 -2.188964843750000000e+00
3.992196190289105573e+01 -2.544921875000000000e+00
3.998757683432876320e+01 -1.886718750000000000e+00
4.004966965762754683e+01 -2.929687500000000000e+00
4.011097480413860694e+01 -1.141113281250000000e+00
4.017790062023705389e+01 -2.580078125000000000e+00
4.023940202808207545e+01 -3.443359375000000000e+00
4.030328281117684242e+01 -3.224609375000000000e+00
4.036772173512606798e+01 -1.783691406250000000e+00
4.043070633331149111e+01 -3.251953125000000000e-01
4.049321132033863080e+01 -1.428710937500000000e+00
4.055939789922732785e+01 -2.292968750000000000e+00
4.062070106245838730e+01 -1.986328125000000000e+00
4.068386791252567747e+01 -1.221679687500000000e+00
4.074988654297654733e+01 -2.276367187500000000e+00
4.081411394882664467e+01 -2.820800781250000000e+00
4.087541373630440944e+01 -6.669921875000000000e-01
4.093928443939299200e+01 -3.262695312500000000e+00
4.100202172551728808e+01 -2.212890625000000000e+00
4.106533910068090165e+01 -2.647949218750000000e+00
4.112913808541321714e+01 -1.858398437500000000e+00
4.119298760350129385e+01 -1.816406250000000000e+00
4.125523743947009336e+01 -3.477539062500000000e+00
4.132156969697483362e+01 -2.245117187500000000e+00
4.138366467500140544e+01 -2.335937500000000000e+00
4.144610286743278493e+01 -1.979003906250000000e+00
4.151032511449344042e+01 -4.406738281250000000e+00
4.157447570924738756e+01 -4.071289062500000000e+00
4.163679609430359108e+01 -1.612304687500000000e+00
4.169888937314174626e+01 -1.587890625000000000e+00
4.176512819168264912e+01 -4.042480468750000000e+00
4.182696457918918753e+01 -3.137695312500000000e+00
4.188946932182160054e+01 -3.067382812500000000e+00
4.195574688686374287e+01 -4.889648437500000000e+00
4.201824547856318759e+01 -8.598632812500000000e-01
4.208246887432292738e+01 -3.969726562500000000e+00
4.214602897152916938e+01 -2.824218750000000000e+00
4.220891220333682270e+01 -2.605468750000000000e+00
4.227077967487613819e+01 -3.226562500000000000e+00
4.233734822151262733e+01 -3.258789062500000000e+00
4.239887561113759773e+01 -2.039062500000000000e+00
4.246161907709836925e+01 -2.834960937500000000e+00
4.252739079921215648e+01 -2.742187500000000000e+00
4.258925499659648750e+01 -3.310546875000000000e+00
4.265347848955686061e+01 -3.820312500000000000e+00
4.271849126278032571e+01 -2.701660156250000000e+00
4.278102822151517159e+01 -1.432617187500000000e+00
4.284312502203322737e+01 -2.590820312500000000e+00
4.290935178337705480e+01 -3.013671875000000000e+00
4.297140266025843403e+01 -2.114746093750000000e+00
4.303460022926867623e+01 -1.696289062500000000e+00
4.309923194563110371e+01 -3.450195312500000000e+00
4.316133719444785299e+01 -2.507324218750000000e+00
4.322523529808816534e+01 -2.424316406250000000e+00
4.329017940681377041e+01 -3.305664062500000000e+00
4.335270849666699178e+01 -2.602050781250000000e+00
4.341524260241788369e+01 -3.059570312500000000e+00
4.348059248353630579e+01 -2.306640625000000000e+00
4.354288412843260403e+01 -2.844726562500000000e+00
4.360502207067526115e+01 -3.358886718750000000e+00
4.367135358459584893e+01 -3.514648437500000000e+00
4.373346710262573822e+01 -4.669921875000000000e+00
4.379736518712300608e+01 -3.928710937500000000e+00
4.386233681125020922e+01 -2.594726562500000000e+00
4.392484873915304888e+01 -2.772949218750000000e+00
4.398727460049765625e+01 -4.983398437500000000e+00
4.405274538863697131e+01 -3.139648437500000000e+00
4.411497952178789461e+01 -2.440429687500000000e+00
4.417709019005631177e+01 -4.551757812500000000e+00
4.424347541425616726e+01 -2.200195312500000000e+00
4.430681618426257273e+01 -1.941894531250000000e+00
4.436949492568740538e+01 -3.517089843750000000e+00
4.443333025014513282e+01 -2.817382812500000000e+00
4.449626402759025012e+01 -2.830078125000000000e+00
4.455867556631086757e+01 -3.196289062500000000e+00
4.462070051795588199e+01 -3.454101562500000000e+00
4.468469730571501941e+01 -2.362792968750000000e+00
4.474842072767449963e+01 -3.323242187500000000e+00
4.481240253892303826e+01 -2.964843750000000000e+00
4.487772504174718335e+01 -3.441406250000000000e+00
4.494025983893385501e+01 -1.967773437500000000e+00
4.500316526062022859e+01 -2.791015625000000000e+00
4.506842090175126003e+01 -4.748046875000000000e+00
4.513119347588306596e+01 -3.166015625000000000e+00
4.519405605940410453e+01 -3.947265625000000000e+00
4.525879786801333182e+01 -2.944824218750000000e+00
4.532060668091609301e+01 -2.338867187500000000e+00
4.538269292917954090e+01 -3.879882812500000000e+00
4.544950022124939437e+01 -4.413085937500000000e+00
4.551352168600912762e+01 -2.756835937500000000e+00
4.557548804199656445e+01 -1.717285156250000000e+00
4.564126978176932425e+01 -4.524902343750000000e+00
4.570359637023258870e+01 -3.588867187500000000e+00
4.576561588715668449e+01 -2.543457031250000000e+00
4.582752530405123537e+01 -2.367187500000000000e+00
4.589276852007780150e+01 -3.543945312500000000e+00
4.595489818586533204e+01 -3.208984375000000000e+00
4.602150972147487096e+01 -2.090820312500000000e+00
4.608318152856687533e+01 -5.304687500000000000e+00
4.614718253804815618e+01 -3.712402343750000000e+00
4.621071309674449878e+01 -2.010253906250000000e+00
4.627502591622864259e+01 -2.030273437500000000e+00
4.633838751285220781e+01 -1.521484375000000000e+00
4.640307113538101191e+01 -4.667968750000000000e+00
4.646493022349196877e+01 -2.861328125000000000e+00
4.652694005865902227e+01 -5.666015625000000000e+00
4.659023647097149023e+01 -6.453125000000000000e+00
4.665545853222211292e+01 -5.555664062500000000e+00
4.671798903583345464e+01 -4.460449218750000000e+00
4.678442368008553132e+01 -4.445312500000000000e+00
4.684714288426870610e+01 -4.888671875000000000e+00
4.690880403598423953e+01 -3.821289062500000000e+00
4.697054203132795891e+01 -3.306640625000000000e+00
4.703611804140920327e+01 -4.030273437500000000e+00
4.709896567975736303e+01 -3.566406250000000000e+00
4.716237174125546971e+01 -5.211914062500000000e+00
4.722772303240612501e+01 -5.636718750000000000e+00
4.729123890668613228e+01 -4.119140625000000000e+00
4.735503394858393733e+01 -3.795410156250000000e+00
4.741963082019940856e+01 -5.113769531250000000e+00
4.748136054256831784e+01 -5.733398437500000000e+00
4.754334066312986806e+01 -3.227050781250000000e+00
4.760978295583115738e+01 -3.704101562500000000e+00
