#Time Flux
-1.000309216514200017e+00 2.012500000000000000e+01
-9.964148477527379200e-01 3.198437500000000000e+01
-9.925825506183754143e-01 3.679687500000000000e+01
-9.885442864670022090e-01 2.865625000000000000e+01
-9.844890575711122693e-01 2.478125000000000000e+01
-9.803592858095395712e-01 1.348437500000000000e+01
-9.765692269350836341e-01 4.009375000000000000e+01
-9.728283764373220066e-01 4.059375000000000000e+01
-9.685496452092561270e-01 2.737500000000000000e+01
-9.642379528779168041e-01 1.832812500000000000e+01
-9.602790125689271150e-01 2.453125000000000000e+01
-9.564786871857045014e-01 4.268750000000000000e+01
-9.527139097870502837e-01 4.079687500000000000e+01
-9.483440246693843889e-01 1.656250000000000000e+01
-9.441961854987326319e-01 1.137500000000000000e+01
-9.402744830571743151e-01 3.004687500000000000e+01
-9.366697304420164016e-01 3.225000000000000000e+01
-9.324025833168025912e-01 3.265625000000000000e+01
-9.282099145039754973e-01 2.553125000000000000e+01
-9.241943535493959416e-01 2.581250000000000000e+01
-9.204512987732371698e-01 2.620312500000000000e+01
-9.167313559600724915e-01 3.393750000000000000e+01
-9.123217391886377925e-01 2.956250000000000000e+01
-9.081259359288971211e-01 2.590625000000000000e+01
-9.039794692640077400e-01 2.185937500000000000e+01
-9.003230325982167770e-01 2.076562500000000000e+01
-8.965559190975085357e-01 2.706250000000000000e+01
-8.922086982663408605e-01 3.862500000000000000e+01
-8.880372870860835377e-01 1.828125000000000000e+01
-8.841410072561419753e-01 2.445312500000000000e+01
-8.804366022717857732e-01 1.409375000000000000e+01
-8.762797174949765733e-01 2.967187500000000000e+01
-8.720004429789121048e-01 1.584375000000000000e+01
-8.679423327697346480e-01 1.634375000000000000e+01
-8.642349275744196646e-01 1.900000000000000000e+01
-8.604958506067994506e-01 1.368750000000000000e+01
-8.561624269545529131e-01 2.706250000000000000e+01
-8.518873189121851652e-01 1.987500000000000000e+01
-8.478714747970217402e-01 2.393750000000000000e+01
-8.440778414547835951e-01 1.865625000000000000e+01
-8.402846679298736632e-01 2.475000000000000000e+01
-8.360146593834834050e-01 1.231250000000000000e+01
-8.319260851075576113e-01 3.015625000000000000e+01
-8.280383873666732342e-01 2.556250000000000000e+01
-8.243057804397526667e-01 1.312500000000000000e+01
-8.200959018869919959e-01 1.275000000000000000e+01
-8.158733063459049362e-01 1.525000000000000000e+01
-8.117833474461839671e-01 2.751562500000000000e+01
-8.080970588419287282e-01 2.264062500000000000e+01
-8.043750506925491095e-01 1.593750000000000000e+01
-8.000388436749670262e-01 7.062500000000000000e+00
-7.957983640925370139e-01 6.375000000000000000e+00
-7.917647615418861307e-01 2.931250000000000000e+01
-7.878421046191643740e-01 2.668750000000000000e+01
-7.840799254418193698e-01 1.621875000000000000e+01
-7.799912023914004067e-01 -1.937500000000000000e+00
-7.755802048162090401e-01 1.187500000000000000e+01
-7.720378355532266923e-01 1.917187500000000000e+01
-7.682118087227207681e-01 3.456250000000000000e+01
-7.641067731316635303e-01 1.375000000000000000e+01
-7.598029695992574162e-01 7.406250000000000000e+00
-7.557169412356596894e-01 2.553125000000000000e+01
-7.520509759201150501e-01 2.017187500000000000e+01
-7.482757190561812877e-01 2.689062500000000000e+01
-7.439789219704504575e-01 -8.109375000000000000e+00
-7.397182110726721049e-01 1.828125000000000000e+01
-7.356654506389057602e-01 1.393750000000000000e+01
-7.318868254191777112e-01 1.400000000000000000e+01
-7.279660138177046491e-01 8.546875000000000000e+00
-7.237983045555971273e-01 1.015625000000000000e+01
-7.196976316877794488e-01 1.515625000000000000e+01
-7.158080244419213756e-01 3.468750000000000000e+01
-7.121358392995844611e-01 1.793750000000000000e+01
-7.078464980406646845e-01 1.878125000000000000e+01
-7.035447407959320998e-01 9.484375000000000000e+00
-6.994775478410915071e-01 -3.156250000000000000e+00
-6.958090033104049610e-01 2.689062500000000000e+01
-6.921262095755871258e-01 1.287500000000000000e+01
-6.878146376521865335e-01 8.062500000000000000e+00
-6.835571226862091621e-01 -6.781250000000000000e+00
-6.793911984585996322e-01 1.175000000000000000e+01
-6.756704094462469001e-01 1.762500000000000000e+01
-6.718225153722574561e-01 1.737500000000000000e+01
-6.674603612089491378e-01 1.134375000000000000e+01
-6.635605880117481092e-01 6.343750000000000000e+00
-6.595633372990583609e-01 -6.890625000000000000e+00
-6.558379140930679085e-01 1.629687500000000000e+01
-6.516734993692505640e-01 1.692187500000000000e+01
-6.473889634994574038e-01 1.250000000000000000e+01
-6.433226606716706542e-01 3.062500000000000000e+00
-6.395960383012697648e-01 2.589062500000000000e+01
-6.359362049536780859e-01 2.334375000000000000e+01
-6.315623924264883726e-01 1.837500000000000000e+01
-6.272674408709342231e-01 1.653125000000000000e+01
-6.233565569149401853e-01 5.781250000000000000e-01
-6.194802259875480388e-01 9.015625000000000000e+00
-6.156486895149981819e-01 1.296875000000000000e+00
-6.113894122257477193e-01 3.265625000000000000e+00
-6.073902527542571761e-01 -6.562500000000000000e+00
-6.036292498777733329e-01 2.331250000000000000e+01
-5.998427715200742583e-01 2.148437500000000000e+01
-5.956289862612997865e-01 3.812500000000000000e+00
-5.912296273438943928e-01 5.625000000000000000e+00
-5.871448116473336754e-01 4.656250000000000000e+00
-5.834907918126486237e-01 7.546875000000000000e+00
-5.797385655614739619e-01 3.903125000000000000e+01
-5.756249402990931685e-01 3.281250000000000000e+00
-5.712120236461109002e-01 9.328125000000000000e+00
-5.672567889364827920e-01 6.875000000000000000e-01
-5.635218890185917928e-01 -7.437500000000000000e+00
-5.594990686944996128e-01 2.168750000000000000e+01
-5.553760369090685600e-01 -9.843750000000000000e+00
-5.512243536449279446e-01 1.193750000000000000e+01
-5.474811128132568427e-01 -1.154687500000000000e+01
-5.437214774749765667e-01 1.428125000000000000e+01
-5.395037328025598100e-01 1.617187500000000000e+01
-5.352031052494012897e-01 -1.045312500000000000e+01
-5.311726519183057604e-01 5.562500000000000000e+00
-5.273557316932180328e-01 -1.275000000000000000e+01
-5.236088790076989241e-01 1.615625000000000000e+01
-5.193730419949975641e-01 4.343750000000000000e+00
-5.151632514699651111e-01 -1.393750000000000000e+01
-5.113107184709937414e-01 1.453125000000000000e+01
-5.076009825619713922e-01 6.125000000000000000e+00
-5.033564720620233857e-01 8.109375000000000000e+00
-4.990892458979230284e-01 -1.582812500000000000e+01
-4.950877632755119606e-01 -5.578125000000000000e+00
-4.913758947125224097e-01 -2.671875000000000000e+00
-4.876112401334093960e-01 6.562500000000000000e+00
-4.832868572627297965e-01 1.175000000000000000e+01
-4.790393971361082137e-01 3.359375000000000000e+00
-4.748847396863773440e-01 -2.218750000000000000e+00
-4.712642889428817483e-01 3.875000000000000000e+00
-4.674645614714876274e-01 3.750000000000000000e-01
-4.631260841606499312e-01 5.062500000000000000e+00
-4.590636089217188243e-01 -1.109375000000000000e+01
-4.550551750551541375e-01 -1.587500000000000000e+01
-4.513739414975805886e-01 -5.625000000000000000e-01
-4.472271300855865661e-01 8.437500000000000000e-01
-4.430402048316652852e-01 -1.226562500000000000e+01
-4.389290062433914841e-01 -1.328125000000000000e+01
-4.351405818888220978e-01 -4.062500000000000000e-01
-4.314505326802926533e-01 1.562500000000000000e-01
-4.270555507691558006e-01 -1.328125000000000000e+00
-4.228999032945122138e-01 -6.562500000000000000e-01
-4.187676857535835850e-01 -1.521875000000000000e+01
-4.149338191039273482e-01 -6.421875000000000000e+00
-4.112298439819337403e-01 1.512500000000000000e+01
-4.068957247139515232e-01 -4.093750000000000000e+00
-4.027862957937724531e-01 -2.100000000000000000e+01
-3.989520729033255719e-01 2.312500000000000000e+00
-3.951986721045273043e-01 -9.843750000000000000e+00
-3.911302858067831068e-01 3.250000000000000000e+00
-3.867129135277309615e-01 -1.410937500000000000e+01
-3.826613877763200833e-01 -2.321875000000000000e+01
-3.790059000590044747e-01 5.937500000000000000e-01
-3.752871566479072385e-01 -1.531250000000000000e+00
-3.710276936533141168e-01 7.187500000000000000e-01
-3.666945871933684487e-01 -5.906250000000000000e+00
-3.626520217918631772e-01 -1.309375000000000000e+01
-3.588692592314437491e-01 -7.187500000000000000e+00
-3.550462762426835894e-01 -2.968750000000000000e+00
-3.508996689149448400e-01 -1.665625000000000000e+01
-3.465968019772747155e-01 -8.593750000000000000e-01
-3.428429714550258467e-01 3.750000000000000000e+00
-3.390176885543745300e-01 -5.500000000000000000e+00
-3.349945900778603658e-01 -1.343750000000000000e+01
-3.307813654002362824e-01 -3.100000000000000000e+01
-3.265865918445722826e-01 -7.500000000000000000e-01
-3.229432116527579666e-01 -2.310937500000000000e+01
-3.191833794305409810e-01 -1.546875000000000000e+00
-3.148175443697969200e-01 -2.112500000000000000e+01
-3.106327224214897598e-01 -3.993750000000000000e+01
-3.065944944289880070e-01 2.218750000000000000e+00
-3.028855391186082713e-01 -1.437500000000000000e+01
-2.989545552460963762e-01 -9.640625000000000000e+00
-2.946863755200261892e-01 -3.912500000000000000e+01
-2.906609768338928035e-01 -4.092187500000000000e+01
-2.867398680519404053e-01 9.625000000000000000e+00
-2.830190457054655440e-01 -1.368750000000000000e+01
-2.788958891385213690e-01 -1.025000000000000000e+01
-2.746355573725427490e-01 -4.068750000000000000e+01
-2.703670988897002303e-01 -3.895312500000000000e+01
-2.667176559757917786e-01 5.562500000000000000e+00
-2.630310353628786402e-01 -4.390625000000000000e+00
-2.587810063243463077e-01 -1.709375000000000000e+01
-2.544399659594649421e-01 -3.834375000000000000e+01
-2.503824973080064353e-01 -3.946875000000000000e+01
-2.465513775044376743e-01 -1.265625000000000000e+01
-2.427025119314834001e-01 4.281250000000000000e+00
-2.386512490177432610e-01 -2.348437500000000000e+01
-2.344702080011451528e-01 -5.265625000000000000e+01
-2.306288752186667068e-01 -2.325000000000000000e+01
-2.267584811550502621e-01 -2.981250000000000000e+01
-2.225540030176187400e-01 1.035937500000000000e+01
-2.185495974601145974e-01 -3.675000000000000000e+01
-2.142157971384506254e-01 -3.820312500000000000e+01
-2.105462346997422074e-01 -4.584375000000000000e+01
-2.068398103822897127e-01 -1.687500000000000000e+01
-2.024706317758342422e-01 -2.042187500000000000e+01
-1.983170674817511525e-01 -3.568750000000000000e+01
-1.942653233472384500e-01 -3.670312500000000000e+01
-1.903751478772512939e-01 -4.076562500000000000e+01
-1.865564162694965944e-01 -1.945312500000000000e+01
-1.822933934056223393e-01 -9.375000000000000000e+00
-1.783124611529611769e-01 -4.829687500000000000e+01
-1.745196492371743346e-01 -4.123437500000000000e+01
-1.708288029364730676e-01 -3.410937500000000000e+01
-1.665473151608694025e-01 -2.243750000000000000e+01
-1.621892228024677252e-01 -5.750000000000000000e+00
-1.580356261048576627e-01 -3.970312500000000000e+01
-1.543787770954008209e-01 -4.642187500000000000e+01
-1.506215278723352924e-01 -4.725000000000000000e+01
-1.465008655656845349e-01 -4.565625000000000000e+01
-1.420977094461548518e-01 -2.221875000000000000e+01
-1.380930130859070459e-01 -3.129687500000000000e+01
-1.344576795875402908e-01 -4.618750000000000000e+01
-1.304037996228046836e-01 -4.596875000000000000e+01
-1.262965623615315280e-01 -3.371875000000000000e+01
-1.221399630297632655e-01 -2.421875000000000000e+01
-1.182506252637818278e-01 -4.356250000000000000e+01
-1.145633931097886915e-01 -4.117187500000000000e+01
-1.103945259528789080e-01 -5.587500000000000000e+01
-1.061251907649900517e-01 -4.675000000000000000e+01
-1.021148798994442330e-01 -2.251562500000000000e+01
-9.820995270320054260e-02 -5.806250000000000000e+01
-9.452016132017604377e-02 -5.643750000000000000e+01
-9.030754529991380508e-02 -6.345312500000000000e+01
-8.624092967664154230e-02 -5.409375000000000000e+01
-8.207117303302347011e-02 -1.846875000000000000e+01
-7.821393374709906254e-02 -4.875000000000000000e+01
-7.429020245004380740e-02 -5.834375000000000000e+01
-7.003682119656140515e-02 -5.840625000000000000e+01
-6.601124393434432136e-02 -5.067187500000000000e+01
-6.234252571561960110e-02 -3.053125000000000000e+01
-5.840412189522581343e-02 -4.584375000000000000e+01
-5.418735905522353846e-02 -5.878125000000000000e+01
-4.995785674690722544e-02 -6.581250000000000000e+01
-4.580189733386053064e-02 -5.898437500000000000e+01
-4.218367064329964222e-02 -3.990625000000000000e+01
-3.834259949150720104e-02 -5.387500000000000000e+01
-3.410407801495196622e-02 -7.278125000000000000e+01
-3.013093816057565988e-02 -8.014062500000000000e+01
-2.604504362445325683e-02 -6.031250000000000000e+01
-2.225476875871557070e-02 -4.709375000000000000e+01
-1.800403611829537454e-02 -5.803125000000000000e+01
-1.397473457246256601e-02 -8.200000000000000000e+01
-9.832136845357553057e-03 -7.689062500000000000e+01
-6.050446495474481878e-03 -6.835937500000000000e+01
-2.383548926225387277e-03 -4.281250000000000000e+01
2.034083069291980905e-03 -7.203125000000000000e+01
6.192300938797856702e-03 -8.562500000000000000e+01
1.033611822739555208e-02 -7.084375000000000000e+01
1.415387045963001356e-02 -6.171875000000000000e+01
1.778812803586937719e-02 -5.015625000000000000e+01
2.207133148243123344e-02 -6.284375000000000000e+01
2.620405784881985056e-02 -8.159375000000000000e+01
2.998326692615282951e-02 -8.026562500000000000e+01
3.384492886584755666e-02 -6.565625000000000000e+01
3.795743128656958731e-02 -5.915625000000000000e+01
4.229754344381397857e-02 -8.128125000000000000e+01
4.633080792700283723e-02 -8.278125000000000000e+01
5.008890721746261931e-02 -9.437500000000000000e+01
5.380741309122427651e-02 -6.118750000000000000e+01
5.806787315056638477e-02 -6.609375000000000000e+01
6.241972515487859141e-02 -8.193750000000000000e+01
6.640870720613456513e-02 -9.192187500000000000e+01
7.014433998318203578e-02 -9.696875000000000000e+01
7.400787248894147297e-02 -6.920312500000000000e+01
7.816007344339848117e-02 -8.029687500000000000e+01
8.225147501446183895e-02 -6.532812500000000000e+01
8.630739864748449008e-02 -9.650000000000000000e+01
9.002416445085703600e-02 -8.807812500000000000e+01
9.405566651895735930e-02 -7.020312500000000000e+01
9.832458244892983146e-02 -8.056250000000000000e+01
1.024491050257463343e-01 -6.737500000000000000e+01
1.062222214395536213e-01 -9.918750000000000000e+01
1.099091365934157238e-01 -1.049375000000000000e+02
1.142288559417332650e-01 -7.726562500000000000e+01
1.184640638529668166e-01 -8.121875000000000000e+01
1.225491887159488869e-01 -7.618750000000000000e+01
1.263251407031482643e-01 -8.931250000000000000e+01
1.301194335895967669e-01 -9.515625000000000000e+01
1.344190003297676128e-01 -9.082812500000000000e+01
1.383970756377710387e-01 -8.040625000000000000e+01
1.421612056643990485e-01 -7.518750000000000000e+01
1.461041250641628153e-01 -1.081875000000000000e+02
1.501818810070947308e-01 -1.002500000000000000e+02
1.545482165498492932e-01 -9.732812500000000000e+01
1.587159733285048446e-01 -8.628125000000000000e+01
1.623710969512774938e-01 -8.134375000000000000e+01
1.660778373243338990e-01 -1.123125000000000000e+02
1.703060776444536017e-01 -9.967187500000000000e+01
1.746186667389117986e-01 -1.010937500000000000e+02
1.787042243179293166e-01 -9.071875000000000000e+01
1.825492284716876412e-01 -9.034375000000000000e+01
1.863887027437982624e-01 -9.256250000000000000e+01
1.903944112310931303e-01 -1.183750000000000000e+02
1.946195117823616982e-01 -1.018125000000000000e+02
1.984438138063788770e-01 -8.239062500000000000e+01
2.023513449541471942e-01 -8.471875000000000000e+01
2.064928209432270734e-01 -1.135000000000000000e+02
2.105672456226237443e-01 -1.189375000000000000e+02
2.148887047160030761e-01 -1.040781250000000000e+02
2.185643530767729104e-01 -8.307812500000000000e+01
2.222564166128808694e-01 -9.184375000000000000e+01
2.266563455823842332e-01 -9.865625000000000000e+01
2.306827763622312233e-01 -1.286250000000000000e+02
2.348678235200427622e-01 -9.743750000000000000e+01
2.384914958306634247e-01 -1.000937500000000000e+02
2.425571823310210817e-01 -8.859375000000000000e+01
2.468039960891683648e-01 -1.021875000000000000e+02
2.507576362686769755e-01 -1.080000000000000000e+02
2.545770531072211185e-01 -1.212031250000000000e+02
2.581969869738500734e-01 -8.931250000000000000e+01
2.626316934716257379e-01 -8.342187500000000000e+01
2.669244833778847692e-01 -1.004687500000000000e+02
2.710605518813142822e-01 -9.981250000000000000e+01
2.746670755830074029e-01 -1.207031250000000000e+02
2.784582821209617975e-01 -8.784375000000000000e+01
2.825857647231480030e-01 -9.026562500000000000e+01
2.870015292715990540e-01 -9.675000000000000000e+01
2.909675430614342417e-01 -9.378125000000000000e+01
2.945847440581061960e-01 -1.170937500000000000e+02
2.987158362571076253e-01 -8.373437500000000000e+01
3.028968276394277126e-01 -8.568750000000000000e+01
3.069525979692091511e-01 -9.325000000000000000e+01
3.108729186537857458e-01 -1.179062500000000000e+02
3.143538240532137706e-01 -1.233437500000000000e+02
3.186971671893754632e-01 -8.762500000000000000e+01
3.229535480622205412e-01 -7.240625000000000000e+01
3.269318246835686281e-01 -9.401562500000000000e+01
3.308024040481729600e-01 -9.131250000000000000e+01
3.344870209710588682e-01 -1.318125000000000000e+02
3.387641499217046714e-01 -1.000937500000000000e+02
3.428170791472027190e-01 -8.650000000000000000e+01
3.467500050667169376e-01 -1.116406250000000000e+02
3.509202572891778615e-01 -9.820312500000000000e+01
3.546810961449970989e-01 -1.281250000000000000e+02
3.590496719060976005e-01 -9.521875000000000000e+01
3.631032592101703926e-01 -8.193750000000000000e+01
3.667612002173150643e-01 -9.400000000000000000e+01
3.708015411020433305e-01 -1.048750000000000000e+02
3.747757002737532872e-01 -1.173125000000000000e+02
3.791400699421636489e-01 -9.431250000000000000e+01
3.832559345191306477e-01 -8.956250000000000000e+01
3.869370900206350328e-01 -9.921875000000000000e+01
3.908135051852816844e-01 -1.127812500000000000e+02
3.949080733935836918e-01 -1.239843750000000000e+02
3.992778027042707123e-01 -9.543750000000000000e+01
4.031464195701115472e-01 -7.364062500000000000e+01
4.068515931094349725e-01 -1.072187500000000000e+02
4.109819148343447637e-01 -1.132187500000000000e+02
4.151250051913306649e-01 -1.091093750000000000e+02
4.193545981549053892e-01 -1.100937500000000000e+02
4.230094396570649451e-01 -1.010312500000000000e+02
4.267713872435638933e-01 -1.105937500000000000e+02
4.310312223256582698e-01 -8.782812500000000000e+01
4.352511886538961150e-01 -1.114218750000000000e+02
4.395987491440696004e-01 -8.340625000000000000e+01
4.432699529610530931e-01 -8.509375000000000000e+01
4.469807012094690890e-01 -1.056718750000000000e+02
4.511474214683612871e-01 -8.584375000000000000e+01
4.553057766988040100e-01 -9.303125000000000000e+01
4.591787299867613470e-01 -9.553125000000000000e+01
4.629015314777138457e-01 -8.915625000000000000e+01
4.672610129885299557e-01 -1.027656250000000000e+02
4.712643413768873302e-01 -8.850000000000000000e+01
4.754253029532229391e-01 -9.268750000000000000e+01
4.791500324229200913e-01 -9.460937500000000000e+01
4.828630142463286035e-01 -9.489062500000000000e+01
4.872040344015005076e-01 -9.440625000000000000e+01
4.913373891246610725e-01 -8.646875000000000000e+01
4.955132631593812675e-01 -9.062500000000000000e+01
4.992658364373543378e-01 -9.609375000000000000e+01
5.031036386795264548e-01 -1.056093750000000000e+02
5.073605174521382821e-01 -7.264062500000000000e+01
5.112903754398683276e-01 -7.287500000000000000e+01
5.153258765055355184e-01 -9.112500000000000000e+01
5.188172249608840048e-01 -1.091250000000000000e+02
5.231703665884337440e-01 -8.618750000000000000e+01
5.274723367480067537e-01 -6.634375000000000000e+01
5.315146918172821699e-01 -6.014062500000000000e+01
5.353191306867177701e-01 -7.167187500000000000e+01
5.388903101244881810e-01 -1.166562500000000000e+02
5.432455666742699307e-01 -7.550000000000000000e+01
5.474918193000579691e-01 -8.471875000000000000e+01
5.515119049709529264e-01 -5.142187500000000000e+01
5.555138054187427343e-01 -1.067812500000000000e+02
5.591771864713734885e-01 -9.800000000000000000e+01
5.635364458799863030e-01 -7.670312500000000000e+01
5.674441130331118188e-01 -6.871875000000000000e+01
5.711551066354374484e-01 -7.396875000000000000e+01
5.753482661249940122e-01 -1.091250000000000000e+02
5.792447991992126788e-01 -8.612500000000000000e+01
5.837291380640259320e-01 -6.915625000000000000e+01
5.876608061711969810e-01 -5.084375000000000000e+01
5.913433229919107248e-01 -9.568750000000000000e+01
5.951812612210805042e-01 -8.773437500000000000e+01
5.993571408056252992e-01 -8.623437500000000000e+01
6.037781819401413230e-01 -6.943750000000000000e+01
6.076093528035233504e-01 -4.573437500000000000e+01
6.116692054582895111e-01 -8.215625000000000000e+01
6.154905182829697452e-01 -8.734375000000000000e+01
6.194779634727360929e-01 -7.254687500000000000e+01
6.237090359907551118e-01 -6.078125000000000000e+01
6.274285111976700691e-01 -6.773437500000000000e+01
6.314561759266457130e-01 -7.270312500000000000e+01
6.355682213517184209e-01 -9.221875000000000000e+01
6.396717232299842237e-01 -6.546875000000000000e+01
6.440116972205540691e-01 -5.553125000000000000e+01
6.476095496470009039e-01 -5.415625000000000000e+01
6.514520589482675206e-01 -9.040625000000000000e+01
6.557009889594409557e-01 -7.671875000000000000e+01
6.597805519410711028e-01 -7.003125000000000000e+01
6.639359790984702414e-01 -4.603125000000000000e+01
6.675747095746977777e-01 -5.740625000000000000e+01
6.716545360002239562e-01 -7.778125000000000000e+01
6.757542506810150229e-01 -6.654687500000000000e+01
6.797889456842707290e-01 -6.400000000000000000e+01
6.836854219820995837e-01 -6.190625000000000000e+01
6.873902017762638650e-01 -6.218750000000000000e+01
6.917388306779272966e-01 -6.028125000000000000e+01
6.959145553342551693e-01 -5.778125000000000000e+01
6.998995325245900290e-01 -5.771875000000000000e+01
7.037595718709290793e-01 -5.529687500000000000e+01
7.075549873001811818e-01 -7.728125000000000000e+01
7.118835438147570471e-01 -5.506250000000000000e+01
7.160936678550147150e-01 -5.781250000000000000e+01
7.200357105693573345e-01 -5.218750000000000000e+01
7.235725464551716613e-01 -7.221875000000000000e+01
7.277750720627960135e-01 -6.931250000000000000e+01
7.320359304798698119e-01 -5.025000000000000000e+01
7.359890854387867165e-01 -5.253125000000000000e+01
7.398816251911775055e-01 -5.815625000000000000e+01
7.433311352499742952e-01 -6.309375000000000000e+01
7.477758491454746803e-01 -5.803125000000000000e+01
7.521044724771623891e-01 -2.825000000000000000e+01
7.560103085925344857e-01 -5.234375000000000000e+01
7.599048836484332270e-01 -4.631250000000000000e+01
7.635763886495521291e-01 -7.553125000000000000e+01
7.679406913520949729e-01 -4.779687500000000000e+01
7.718883131674338927e-01 -2.129687500000000000e+01
7.758746964661842327e-01 -4.834375000000000000e+01
7.800254146710328129e-01 -5.529687500000000000e+01
7.837403133871800875e-01 -6.393750000000000000e+01
7.881242654867035569e-01 -4.450000000000000000e+01
7.921598330976813429e-01 -2.434375000000000000e+01
7.958757664184687997e-01 -4.562500000000000000e+01
7.996452713858275274e-01 -6.595312500000000000e+01
8.037868909953864716e-01 -4.087500000000000000e+01
8.082163722164050768e-01 -3.334375000000000000e+01
8.120564761514934560e-01 -1.434375000000000000e+01
8.160265355545330834e-01 -3.181250000000000000e+01
8.198950753986000706e-01 -4.909375000000000000e+01
8.238903194427082965e-01 -2.554687500000000000e+01
8.282223788098743711e-01 -3.548437500000000000e+01
8.318975105180310692e-01 -3.281250000000000000e+01
8.359711207440465586e-01 -4.217187500000000000e+01
8.400117482649047673e-01 -1.912500000000000000e+01
8.442197774450717063e-01 -5.110937500000000000e+01
8.484464317497790731e-01 -2.023437500000000000e+01
8.520753419781774696e-01 -2.889062500000000000e+01
8.558590068390845573e-01 -3.509375000000000000e+01
8.600784078994099247e-01 -3.609375000000000000e+01
8.642114280640971202e-01 -4.878125000000000000e+01
8.685422242912359536e-01 -2.118750000000000000e+01
8.722689638157383740e-01 -2.726562500000000000e+01
8.761171338462094837e-01 -2.298437500000000000e+01
8.802460969722520900e-01 -2.037500000000000000e+01
8.843230328187967615e-01 -4.078125000000000000e+01
8.880515172386109768e-01 -1.626562500000000000e+01
8.918932699111632445e-01 -3.906250000000000000e+01
8.963603548498575435e-01 -3.121875000000000000e+01
9.003642898247585791e-01 -3.060937500000000000e+01
9.045074916051856206e-01 -3.754687500000000000e+01
9.081654504896370383e-01 -2.326562500000000000e+01
9.119390818562287393e-01 -2.940625000000000000e+01
9.163613522628635266e-01 -9.593750000000000000e+00
9.204497993047571214e-01 -1.440625000000000000e+01
9.245859436224925787e-01 -2.778125000000000000e+01
9.282441804764953730e-01 -2.296875000000000000e+01
9.321995764990376188e-01 -2.737500000000000000e+01
9.364249242161051257e-01 -1.878125000000000000e+01
9.404109478324347293e-01 -1.848437500000000000e+01
9.443167988761160814e-01 -1.537500000000000000e+01
9.479231413217537039e-01 -3.246875000000000000e+01
9.522652324833122961e-01 -8.750000000000000000e-01
9.564603671551115127e-01 3.343750000000000000e+00
9.604820748747524561e-01 -1.234375000000000000e+01
9.644160126926966115e-01 -3.245312500000000000e+01
9.680063503731091146e-01 -1.482812500000000000e+01
9.723381058729057003e-01 3.281250000000000000e+00
9.762912794471390043e-01 -5.625000000000000000e-01
9.804800133626541125e-01 -1.175000000000000000e+01
9.845867278434310421e-01 -1.678125000000000000e+01
9.883002822101332185e-01 -2.087500000000000000e+01
9.926406963978324782e-01 8.593750000000000000e+00
9.964907824141810977e-01 1.078125000000000000e+01
1.000241340591761841e+00 -1.459375000000000000e+01
1.004343756712920310e+00 -2.531250000000000000e+00
1.008355443933917073e+00 2.437500000000000000e+00
1.012695137029501424e+00 2.775000000000000000e+01
1.016759061483181625e+00 -3.656250000000000000e+00
1.020504948563774050e+00 -4.125000000000000000e+00
1.024253773369784071e+00 -1.862500000000000000e+01
1.028458408221187170e+00 -1.850000000000000000e+01
1.032902469846129101e+00 1.754687500000000000e+01
1.036681423390618306e+00 4.687500000000000000e+00
1.040657778393514477e+00 -1.746875000000000000e+01
1.044520954503308729e+00 5.281250000000000000e+00
1.048584185975766303e+00 2.187500000000000000e+00
1.052786006811084363e+00 2.937500000000000000e+01
1.056471187178418703e+00 4.828125000000000000e+00
1.060554358681033094e+00 -2.282812500000000000e+01
1.064564144474852370e+00 -1.062500000000000000e+00
1.068782384619115788e+00 1.465625000000000000e+01
1.073064190824821296e+00 1.721875000000000000e+01
1.076652855423191113e+00 1.837500000000000000e+01
1.080556878965795775e+00 -1.950000000000000000e+01
1.084820285360899916e+00 1.531250000000000000e+00
1.088972103262145552e+00 2.275000000000000000e+01
1.093084738581390880e+00 2.015625000000000000e+01
1.096692778936418478e+00 1.096875000000000000e+01
1.100786657455543605e+00 -1.031250000000000000e+01
1.104844756414459894e+00 -5.625000000000000000e-01
1.108916141923106835e+00 3.721875000000000000e+01
1.112770770131044529e+00 1.253125000000000000e+01
1.116409042044757882e+00 9.875000000000000000e+00
1.120772439677101495e+00 9.062500000000000000e-01
1.124957938966112181e+00 9.156250000000000000e+00
1.129048637455664306e+00 2.987500000000000000e+01
1.132851941790018913e+00 2.662500000000000000e+01
1.136619887642090987e+00 1.870312500000000000e+01
1.140871494141975973e+00 9.187500000000000000e+00
1.144938015041123691e+00 7.812500000000000000e+00
1.149075815542910384e+00 1.775000000000000000e+01
1.152698788526979712e+00 1.500000000000000000e+01
1.156888132541605607e+00 4.421875000000000000e+01
1.160957947967371062e+00 1.156250000000000000e+01
1.164952190562761558e+00 1.942187500000000000e+01
1.168849810647829557e+00 9.265625000000000000e+00
1.172446906709229353e+00 1.500000000000000000e+01
1.176880357081236284e+00 4.943750000000000000e+01
1.181003148574616191e+00 1.621875000000000000e+01
1.185090700956376253e+00 7.406250000000000000e+00
1.188980911843829702e+00 1.578125000000000000e+01
1.192720350306462507e+00 1.839062500000000000e+01
1.197048468010605049e+00 4.800000000000000000e+01
1.200984080700433054e+00 2.298437500000000000e+01
1.204962551083317734e+00 1.125000000000000000e+01
1.208861797457362997e+00 4.734375000000000000e+00
1.212912037346329797e+00 3.581250000000000000e+01
1.217222756365947234e+00 3.375000000000000000e+01
1.221218349358826671e+00 2.546875000000000000e+01
1.224997296054211482e+00 4.937500000000000000e+00
1.228664850287335852e+00 1.106250000000000000e+01
1.232914969816047090e+00 3.106250000000000000e+01
1.237310103208113965e+00 4.190625000000000000e+01
1.241154421324036861e+00 3.120312500000000000e+01
1.245152809567835916e+00 8.250000000000000000e+00
1.248992482006645588e+00 1.509375000000000000e+01
1.253053501145858561e+00 3.218750000000000000e+01
1.257242843210115701e+00 3.575000000000000000e+01
1.260990945702659793e+00 2.896875000000000000e+01
1.265134703119272785e+00 1.426562500000000000e+01
1.269147687018660875e+00 1.331250000000000000e+01
1.273165144094310364e+00 3.940625000000000000e+01
1.277451218019127310e+00 2.679687500000000000e+01
1.281179057245928732e+00 2.446875000000000000e+01
1.284989301668467476e+00 3.375000000000000000e+00
1.289154912353831506e+00 1.925000000000000000e+01
1.293356701721900315e+00 2.750000000000000000e+01
1.297542148998733325e+00 3.414062500000000000e+01
1.301141035984842986e+00 3.498437500000000000e+01
1.305207338316185073e+00 1.050000000000000000e+01
1.309232362539320960e+00 1.500000000000000000e+01
1.313332533350049403e+00 3.309375000000000000e+01
1.317248364195370947e+00 2.287500000000000000e+01
1.321083558342046160e+00 1.600000000000000000e+01
1.325338564262137808e+00 1.684375000000000000e+01
1.329445152668773389e+00 2.960937500000000000e+01
1.333635544281976060e+00 4.606250000000000000e+01
1.337309797373332998e+00 2.521875000000000000e+01
1.340983909790747219e+00 2.675000000000000000e+01
1.345395803942540880e+00 2.300000000000000000e+01
1.349547912333620481e+00 2.425000000000000000e+01
1.353531571590302462e+00 3.206250000000000000e+01
1.357311327299395742e+00 1.103125000000000000e+01
1.361278055002543397e+00 2.668750000000000000e+01
1.365487251362782928e+00 1.875000000000000000e+01
1.369466910223387401e+00 1.868750000000000000e+01
1.373426664674015640e+00 4.053125000000000000e+01
1.377043109469894944e+00 3.653125000000000000e+01
1.381362647756695594e+00 3.470312500000000000e+01
1.385528604551502951e+00 1.478125000000000000e+01
1.389533633121757816e+00 1.831250000000000000e+01
1.393492090201501554e+00 2.965625000000000000e+01
1.397087840847897056e+00 2.631250000000000000e+01
1.401530680158871611e+00 2.287500000000000000e+01
1.405615448341990259e+00 1.856250000000000000e+01
1.409595725954392087e+00 3.320312500000000000e+01
1.413726989172022996e+00 2.240625000000000000e+01
1.417412035278898585e+00 4.184375000000000000e+01
1.421759621975585475e+00 2.762500000000000000e+01
1.425644602775147263e+00 1.643750000000000000e+01
1.429353122521884956e+00 2.875000000000000000e+01
1.433463345876667461e+00 3.440625000000000000e+01
1.437442553051769600e+00 3.507812500000000000e+01
1.441805182465165203e+00 2.790625000000000000e+01
1.445870201726801696e+00 8.500000000000000000e+00
1.449623663482949354e+00 5.828125000000000000e+00
1.453370996721723429e+00 3.893750000000000000e+01
1.457610974578426699e+00 3.550000000000000000e+01
1.461909330960559750e+00 2.921875000000000000e+01
1.465801602081555188e+00 1.859375000000000000e+01
1.469675699238708333e+00 8.625000000000000000e+00
1.473700515317838189e+00 2.703125000000000000e+01
1.477734444116670431e+00 3.656250000000000000e+01
1.481886464006240800e+00 1.715625000000000000e+01
1.485612937496643582e+00 1.318750000000000000e+01
1.489633390867635576e+00 1.823437500000000000e+01
1.493838069981837435e+00 3.484375000000000000e+01
1.497995440432212000e+00 2.818750000000000000e+01
1.502072365411701860e+00 1.437500000000000000e+01
1.505772407542711022e+00 1.965625000000000000e+01
1.509544497128162632e+00 1.632812500000000000e+01
1.513725904712901915e+00 4.095312500000000000e+01
1.518055288304752892e+00 3.078125000000000000e+01
1.522031740463551941e+00 2.110937500000000000e+01
1.525728453208142987e+00 1.298437500000000000e+01
1.529798105822637311e+00 9.890625000000000000e+00
1.533831479715523471e+00 1.881250000000000000e+01
1.538022812361301561e+00 3.789062500000000000e+01
1.541802457918164393e+00 1.940625000000000000e+01
1.545702833796994469e+00 2.168750000000000000e+01
1.549739625046516522e+00 1.500000000000000000e+01
1.553924381456187831e+00 1.103125000000000000e+01
1.558288085197387929e+00 3.598437500000000000e+01
1.561925375642344349e+00 1.428125000000000000e+01
1.565680651747616281e+00 2.500000000000000000e+01
1.569770204739754149e+00 8.968750000000000000e+00
1.573958507579222399e+00 1.825000000000000000e+01
1.578171149724525435e+00 2.440625000000000000e+01
1.581783876839687686e+00 2.525000000000000000e+01
1.585959153074293582e+00 1.676562500000000000e+01
1.589979780018273559e+00 7.531250000000000000e+00
1.593984045373082026e+00 1.548437500000000000e+01
1.597860576356126217e+00 2.940625000000000000e+01
1.601515785073644338e+00 2.389062500000000000e+01
1.605974429343422827e+00 1.918750000000000000e+01
1.610102213139161798e+00 2.090625000000000000e+01
1.614230134909758974e+00 8.906250000000000000e+00
1.618103953187530308e+00 2.831250000000000000e+01
1.621767749864687858e+00 3.262500000000000000e+01
1.626140312177882130e+00 7.296875000000000000e+00
1.630079911534263459e+00 5.140625000000000000e+00
1.634136488661562581e+00 1.617187500000000000e+01
1.637899584415109189e+00 1.965625000000000000e+01
1.641858335799738278e+00 4.443750000000000000e+01
1.646272473883669818e+00 1.179687500000000000e+01
1.650341155659552861e+00 3.515625000000000000e+00
1.654101228692608672e+00 1.912500000000000000e+01
1.657866402767802505e+00 1.225000000000000000e+01
1.662014535471210586e+00 2.300000000000000000e+01
1.666354268749362433e+00 3.281250000000000000e+00
1.670290772586898953e+00 3.437500000000000000e-01
1.674234962478438504e+00 8.468750000000000000e+00
1.678084221368409956e+00 1.687500000000000000e+01
1.682219091042876258e+00 1.706250000000000000e+01
1.686357111757097904e+00 4.046875000000000000e+00
1.690096512895551406e+00 1.481250000000000000e+01
1.694199514915181837e+00 1.003125000000000000e+01
1.698257258119671320e+00 1.878125000000000000e+01
1.702412493363365087e+00 2.262500000000000000e+01
1.706542329756645771e+00 2.125000000000000000e+00
1.710229587985974575e+00 2.593750000000000000e+01
1.713997400380536718e+00 4.375000000000000000e-01
1.718257643172391269e+00 3.031250000000000000e+01
1.722489913675520512e+00 1.715625000000000000e+01
1.726551500421159346e+00 9.406250000000000000e+00
1.730296008692448595e+00 9.281250000000000000e+00
1.734192926682553093e+00 5.015625000000000000e+00
1.738326595822249132e+00 3.184375000000000000e+01
1.742429973800327048e+00 2.056250000000000000e+01
1.746325684796541822e+00 8.437500000000000000e-01
1.750098148561007427e+00 1.203125000000000000e+01
1.754198867390448058e+00 5.906250000000000000e+00
1.758514045336044163e+00 2.737500000000000000e+01
1.762733313947983049e+00 5.968750000000000000e+00
1.766423689314427392e+00 1.403125000000000000e+01
1.770153261188745830e+00 7.625000000000000000e+00
1.774365149120963991e+00 2.109375000000000000e+00
1.778653860939486187e+00 1.156250000000000000e+01
1.782644317977847948e+00 1.956250000000000000e+01
1.786421394897730330e+00 -8.375000000000000000e+00
1.790362024658931794e+00 6.953125000000000000e+00
1.794483234172743025e+00 8.531250000000000000e+00
1.798590327310373382e+00 2.846875000000000000e+01
1.802498916906190018e+00 1.321875000000000000e+01
1.806160399463381694e+00 -6.250000000000000000e-01
1.810392684098614424e+00 -2.718750000000000000e+00
1.814611616711593989e+00 9.078125000000000000e+00
1.818804872032208308e+00 1.000000000000000000e+01
1.822491861612959951e+00 2.100000000000000000e+01
1.826178878769214364e+00 -7.062500000000000000e+00
1.830494541367625239e+00 -1.437500000000000000e+00
1.834702130233921480e+00 -4.218750000000000000e+00
1.838853766215005514e+00 1.375000000000000000e+01
1.842636402725400302e+00 1.278125000000000000e+01
1.846454058445741175e+00 8.750000000000000000e+00
1.850695797900868911e+00 4.968750000000000000e+00
1.854759596825179102e+00 9.656250000000000000e+00
1.858467047104788605e+00 2.068750000000000000e+01
1.862465778903203528e+00 7.156250000000000000e+00
1.866528868435645805e+00 4.406250000000000000e+00
1.870862282460750592e+00 7.437500000000000000e+00
1.874957917425213338e+00 4.296875000000000000e+00
1.878644220270146548e+00 4.875000000000000000e+00
1.882418568201472908e+00 1.253125000000000000e+01
1.886657744290286765e+00 1.425000000000000000e+01
1.890716774301548497e+00 1.246875000000000000e+01
1.894898428955158920e+00 5.031250000000000000e+00
1.898624408002861585e+00 2.843750000000000000e+00
1.902707879457079088e+00 6.906250000000000000e+00
1.906801536663248697e+00 5.000000000000000000e-01
1.910933799496422836e+00 3.578125000000000000e+00
1.914659237215749599e+00 1.034375000000000000e+01
1.918347407771138435e+00 -1.093750000000000000e+00
1.922658750340858091e+00 6.343750000000000000e+00
1.927004122650831874e+00 3.750000000000000000e-01
1.931085385797895349e+00 1.290625000000000000e+01
1.934878909148132209e+00 6.343750000000000000e+00
1.938569792587022889e+00 3.062500000000000000e+00
1.942788040676064476e+00 1.550000000000000000e+01
1.947094177854001629e+00 1.993750000000000000e+01
1.951007573928083438e+00 2.171875000000000000e+01
1.954748349366233207e+00 -1.218750000000000000e+00
1.958889797787634279e+00 -6.531250000000000000e+00
1.962929289377464137e+00 2.193750000000000000e+01
1.967118115775516429e+00 8.843750000000000000e+00
1.970819537945528666e+00 1.796875000000000000e+01
1.974814389277227633e+00 1.296875000000000000e+01
1.978842184809607829e+00 -3.625000000000000000e+00
1.983011376686300231e+00 1.550000000000000000e+01
1.987197329030747639e+00 1.068750000000000000e+01
1.990974402806552135e+00 1.259375000000000000e+01
1.994773185990570852e+00 -1.937500000000000000e+00
1.999046595666253978e+00 -6.234375000000000000e+00
2.002944248110548386e+00 1.395312500000000000e+01
2.007093674175855824e+00 2.546875000000000000e+01
2.010701222767535157e+00 1.862500000000000000e+01
2.014873993370295935e+00 -7.500000000000000000e-01
2.019242897715242790e+00 2.875000000000000000e+00
2.023232974368726289e+00 2.753125000000000000e+01
2.026970095775631364e+00 1.787500000000000000e+01
2.030803736956255712e+00 1.839062500000000000e+01
2.035062556518814958e+00 2.781250000000000000e+00
2.039212334535823068e+00 -2.968750000000000000e-01
2.043450320113339380e+00 2.837500000000000000e+01
2.047111622155666666e+00 1.821875000000000000e+01
2.050891063853072183e+00 1.046875000000000000e+01
2.055250391284648259e+00 3.093750000000000000e+00
2.059178740205823033e+00 9.156250000000000000e+00
2.063256104600833751e+00 1.775000000000000000e+01
2.066933624803997560e+00 2.431250000000000000e+01
2.070907467329806906e+00 1.378125000000000000e+01
2.075369935416034650e+00 -7.093750000000000000e+00
2.079452725959995973e+00 1.334375000000000000e+01
2.083181466240509039e+00 2.081250000000000000e+01
2.086846480924407388e+00 1.850000000000000000e+01
2.091127530347260510e+00 7.140625000000000000e+00
2.095390630828260825e+00 3.250000000000000000e+00
2.099377264292574097e+00 2.318750000000000000e+01
2.103308265070003458e+00 2.362500000000000000e+01
2.107081633905991680e+00 2.906250000000000000e+01
2.111198477752061820e+00 9.031250000000000000e+00
2.115324823114070441e+00 1.376562500000000000e+01
2.119165540692644178e+00 2.006250000000000000e+01
2.122936531905747159e+00 4.331250000000000000e+01
2.127095598822338118e+00 4.160937500000000000e+01
2.131412456163889857e+00 5.312500000000000000e+00
2.135600997264848644e+00 8.078125000000000000e+00
2.139319856553935750e+00 3.228125000000000000e+01
2.142973351764329237e+00 3.743750000000000000e+01
2.147198998370752676e+00 2.956250000000000000e+01
2.151515438184697260e+00 7.500000000000000000e+00
2.155463605663628712e+00 1.440625000000000000e+01
2.159383535213919458e+00 2.615625000000000000e+01
2.163281913762439501e+00 2.243750000000000000e+01
2.167361001266329801e+00 4.079687500000000000e+01
2.171488338624770975e+00 2.057812500000000000e+01
2.175447702034656317e+00 2.409375000000000000e+01
2.179147845532398264e+00 2.171875000000000000e+01
2.183300512208041333e+00 2.009375000000000000e+01
2.187588220805595007e+00 1.671875000000000000e+01
2.191729627891005450e+00 1.831250000000000000e+01
2.195490197228808782e+00 2.246875000000000000e+01
2.199264242688622417e+00 3.628125000000000000e+01
2.203387078979243796e+00 2.325000000000000000e+01
2.207679646976751897e+00 3.331250000000000000e+01
2.211659259727190019e+00 3.428125000000000000e+01
2.215556196822728197e+00 1.806250000000000000e+01
2.219477303914140442e+00 2.906250000000000000e+01
2.223616742710575522e+00 4.059375000000000000e+01
2.227658832655007970e+00 3.546875000000000000e+01
2.231378640019698878e+00 2.984375000000000000e+01
2.235281042270658602e+00 1.800000000000000000e+01
2.239500427865938725e+00 6.906250000000000000e+00
2.243700457453662978e+00 2.562500000000000000e+01
2.247893558515945855e+00 3.896875000000000000e+01
2.251621427915821982e+00 4.093750000000000000e+01
2.255349738558210859e+00 5.437500000000000000e+00
2.259594736053845310e+00 2.765625000000000000e+01
2.263842698615913918e+00 1.842187500000000000e+01
2.267957505199855284e+00 4.181250000000000000e+01
2.271749479248174275e+00 4.115625000000000000e+01
2.275637997599523565e+00 5.562500000000000000e+00
2.279815795216734386e+00 1.868750000000000000e+01
2.283859014007621369e+00 3.443750000000000000e+01
2.287565680876729957e+00 3.753125000000000000e+01
2.291575072645134270e+00 4.287500000000000000e+01
2.295627944179105207e+00 1.581250000000000000e+01
2.299801072224793685e+00 2.559375000000000000e+01
2.304017103140079570e+00 5.387500000000000000e+01
2.307767152299859958e+00 3.425000000000000000e+01
2.311517715300368536e+00 4.331250000000000000e+01
2.315866882337420662e+00 2.031250000000000000e+01
2.319871988303484400e+00 2.367187500000000000e+01
2.323994210186342002e+00 4.012500000000000000e+01
2.327696331294099252e+00 4.168750000000000000e+01
2.331733444812932987e+00 4.303125000000000000e+01
2.335910118525486467e+00 1.721875000000000000e+01
2.339995925039556113e+00 1.975000000000000000e+01
2.343715325399855942e+00 4.503125000000000000e+01
2.347443841723647395e+00 4.765625000000000000e+01
2.351724428430923552e+00 3.056250000000000000e+01
2.356085933741822735e+00 3.014062500000000000e+01
2.359975339101518799e+00 2.475000000000000000e+01
2.363965365662327400e+00 4.364062500000000000e+01
2.367663730049613946e+00 5.829687500000000000e+01
2.371787815025709456e+00 3.092187500000000000e+01
2.376014339073730497e+00 2.737500000000000000e+01
2.379978112150880065e+00 3.209375000000000000e+01
2.383775838844713668e+00 5.112500000000000000e+01
2.387782071460793354e+00 5.323437500000000000e+01
2.392042122494424383e+00 3.648437500000000000e+01
2.396152661564849851e+00 3.506250000000000000e+01
2.399932877161758071e+00 4.753125000000000000e+01
2.403752798953309622e+00 5.287500000000000000e+01
2.407943263587938532e+00 5.096875000000000000e+01
2.412100108301906687e+00 3.359375000000000000e+01
2.416098194124936427e+00 4.096875000000000000e+01
2.420096314921631020e+00 3.315625000000000000e+01
2.423865817789565114e+00 4.693750000000000000e+01
2.428028468814406260e+00 4.662500000000000000e+01
2.432059101102941767e+00 4.065625000000000000e+01
2.435979590215255897e+00 5.564062500000000000e+01
2.439877858545196787e+00 2.842187500000000000e+01
2.444042568303872009e+00 4.398437500000000000e+01
2.448193127408393011e+00 4.084375000000000000e+01
2.452388270018420968e+00 4.796875000000000000e+01
2.456048066058452051e+00 4.435937500000000000e+01
2.460008073467099265e+00 4.256250000000000000e+01
2.464180697910768103e+00 3.700000000000000000e+01
2.468278660552547521e+00 4.434375000000000000e+01
2.472461306139617676e+00 5.043750000000000000e+01
2.476140726809950898e+00 6.114062500000000000e+01
2.480039350542382337e+00 3.818750000000000000e+01
2.484318884770876146e+00 2.485937500000000000e+01
2.488246628971815255e+00 4.203125000000000000e+01
2.492289149295848105e+00 5.687500000000000000e+01
2.496018351192402562e+00 6.378125000000000000e+01
2.500227659922318324e+00 3.731250000000000000e+01
2.504437137773724231e+00 3.246875000000000000e+01
2.508507763769313392e+00 4.043750000000000000e+01
2.512260047047919720e+00 4.982812500000000000e+01
2.515898522751742306e+00 6.443750000000000000e+01
2.520299351848944269e+00 3.890625000000000000e+01
2.524513967313906093e+00 3.400000000000000000e+01
2.528432455325390293e+00 5.690625000000000000e+01
2.532354340213268884e+00 5.603125000000000000e+01
2.536172247994628037e+00 7.190625000000000000e+01
2.540414688999968362e+00 3.446875000000000000e+01
2.544405303341338964e+00 2.898437500000000000e+01
2.548248632337937636e+00 4.718750000000000000e+01
2.552123036384211119e+00 6.565625000000000000e+01
2.556292327375527584e+00 6.326562500000000000e+01
2.560548527714212597e+00 4.890625000000000000e+01
2.564633299504900599e+00 3.414062500000000000e+01
2.568326202927879720e+00 3.582812500000000000e+01
2.572097568798023204e+00 7.378125000000000000e+01
2.576378851873457165e+00 5.698437500000000000e+01
2.580648277247677314e+00 5.868750000000000000e+01
2.584543552638804087e+00 3.570312500000000000e+01
2.588412463313265022e+00 4.848437500000000000e+01
2.592402748972157056e+00 7.178125000000000000e+01
2.596474574718676820e+00 7.368750000000000000e+01
2.600550019539657143e+00 4.665625000000000000e+01
2.604360810661571435e+00 2.993750000000000000e+01
2.608174694547294337e+00 5.015625000000000000e+01
2.612402327487905573e+00 6.835937500000000000e+01
2.616667754470341833e+00 6.554687500000000000e+01
2.620594890391085841e+00 4.068750000000000000e+01
2.624517689063672776e+00 2.515625000000000000e+01
2.628274132166051658e+00 6.075000000000000000e+01
2.632568561033514776e+00 7.187500000000000000e+01
2.636702771917645904e+00 5.862500000000000000e+01
2.640573387121479598e+00 4.156250000000000000e+01
2.644583211620547658e+00 3.859375000000000000e+01
2.648587505109866846e+00 6.217187500000000000e+01
2.652713105602302335e+00 5.900000000000000000e+01
2.656738398430325887e+00 4.370312500000000000e+01
2.660426039383770203e+00 3.789062500000000000e+01
2.664399325689858600e+00 4.831250000000000000e+01
2.668618076904314407e+00 5.878125000000000000e+01
2.672786384661442582e+00 6.721875000000000000e+01
2.676906641990356661e+00 5.278125000000000000e+01
2.680570470828997465e+00 3.014062500000000000e+01
2.684388494974635719e+00 4.231250000000000000e+01
2.688717926758403820e+00 6.656250000000000000e+01
2.693004998937247763e+00 7.134375000000000000e+01
2.696826051674735325e+00 5.720312500000000000e+01
2.700643512006887903e+00 3.278125000000000000e+01
2.704744472129025468e+00 2.928125000000000000e+01
2.708885375698285358e+00 6.942187500000000000e+01
2.712947340520192263e+00 6.328125000000000000e+01
2.716656341909128969e+00 4.006250000000000000e+01
2.720380446308430678e+00 3.090625000000000000e+01
2.724752113340208837e+00 6.273437500000000000e+01
2.728903764719376568e+00 6.471875000000000000e+01
2.733024613807036651e+00 5.895312500000000000e+01
2.736848383335819257e+00 4.640625000000000000e+01
2.740590135889863888e+00 4.146875000000000000e+01
2.744970320854324797e+00 5.671875000000000000e+01
2.748958780535017965e+00 6.409375000000000000e+01
2.752875415807661597e+00 6.187500000000000000e+01
2.756576135413742357e+00 4.793750000000000000e+01
2.760745172735482811e+00 4.643750000000000000e+01
2.765057792329466579e+00 5.225000000000000000e+01
2.769066658647931334e+00 6.023437500000000000e+01
2.772805692316062220e+00 5.031250000000000000e+01
2.776540328252226075e+00 3.020312500000000000e+01
2.780819689550415141e+00 3.828125000000000000e+01
2.785048151726600807e+00 6.700000000000000000e+01
2.789083122820310123e+00 6.315625000000000000e+01
2.793051555417171983e+00 5.571875000000000000e+01
2.796731616673563181e+00 4.318750000000000000e+01
2.800906279492702211e+00 3.525000000000000000e+01
2.805193380963619809e+00 5.551562500000000000e+01
2.808979767728901678e+00 7.309375000000000000e+01
2.812734352958143447e+00 5.159375000000000000e+01
2.816885497135094063e+00 3.990625000000000000e+01
2.821018975020855635e+00 5.153125000000000000e+01
2.825251086364881203e+00 4.034375000000000000e+01
2.828938701986947635e+00 5.709375000000000000e+01
2.832800859389616122e+00 4.560937500000000000e+01
2.837044311516208950e+00 2.915625000000000000e+01
2.841214147457031380e+00 4.915625000000000000e+01
2.845278912870861099e+00 4.710937500000000000e+01
2.848958576301493295e+00 4.756250000000000000e+01
2.852942650219154608e+00 4.685937500000000000e+01
2.857089845105589276e+00 4.359375000000000000e+01
2.861162532488929600e+00 5.050000000000000000e+01
2.865086451951079027e+00 4.287500000000000000e+01
2.868833045367932044e+00 3.096875000000000000e+01
2.873162177476502599e+00 2.985937500000000000e+01
2.877287098637632212e+00 4.337500000000000000e+01
2.881425792855440093e+00 5.053125000000000000e+01
2.885110423381295419e+00 4.012500000000000000e+01
2.888925910284161347e+00 3.925000000000000000e+01
2.893244970851801767e+00 3.328125000000000000e+01
2.897342356808074726e+00 3.653125000000000000e+01
2.901572334405228659e+00 4.678125000000000000e+01
2.905205245850009277e+00 2.321875000000000000e+01
2.909114777225704884e+00 3.125000000000000000e+01
2.913431484419497508e+00 2.935937500000000000e+01
2.917317430851554150e+00 4.862500000000000000e+01
2.921320543324965158e+00 4.651562500000000000e+01
2.925064207269382877e+00 4.342187500000000000e+01
2.929289643676396437e+00 2.707812500000000000e+01
2.933524166452347259e+00 3.740625000000000000e+01
2.937603781459062091e+00 3.465625000000000000e+01
2.941299725774763729e+00 3.228125000000000000e+01
2.944949364230495803e+00 2.681250000000000000e+01
2.949353207757051898e+00 1.314062500000000000e+01
2.953637447325091259e+00 3.843750000000000000e+01
2.957480481373451653e+00 4.668750000000000000e+01
2.961442184082907048e+00 4.031250000000000000e+01
2.965250256155773201e+00 3.237500000000000000e+01
2.969491066563294979e+00 2.725000000000000000e+01
2.973511832286613199e+00 3.353125000000000000e+01
2.977287205996706376e+00 4.625000000000000000e+01
2.981184571854850418e+00 3.134375000000000000e+01
2.985394810646508468e+00 2.732812500000000000e+01
2.989635892185555477e+00 2.378125000000000000e+01
2.993744324051628602e+00 3.828125000000000000e+01
2.997398993626148922e+00 4.240625000000000000e+01
3.001165477429102779e+00 3.840625000000000000e+01
3.005415491804870776e+00 2.489062500000000000e+01
