#Time Flux
-9.611158192317304838e+00 -1.289062500000000000e+00
-9.572386619894558635e+00 -9.414062500000000000e-01
-9.533047250621315527e+00 3.187500000000000000e+00
-9.495111701348825761e+00 -6.714843750000000000e+00
-9.456472813596491278e+00 -2.429687500000000000e+00
-9.418885886132187579e+00 -4.218750000000000000e+00
-9.379229363105586970e+00 -1.562500000000000000e-01
-9.341572084180121749e+00 -7.500000000000000000e-01
-9.303168318936435810e+00 -3.625000000000000000e+00
-9.263840433034189914e+00 -1.222656250000000000e+00
-9.225633233166057323e+00 -2.203125000000000000e+00
-9.186982064730305098e+00 7.500000000000000000e-01
-9.148544896047273056e+00 -1.085937500000000000e+00
-9.109438239649012559e+00 -2.484375000000000000e+00
-9.071602698711245694e+00 -3.882812500000000000e+00
-9.031691084219662713e+00 -3.390625000000000000e+00
-8.994197938036720075e+00 -1.570312500000000000e+00
-8.955783638510105504e+00 -2.195312500000000000e+00
-8.916477155009900457e+00 5.468750000000000000e-02
-8.879178805738924041e+00 -2.312500000000000000e+00
-8.840654944348486310e+00 -1.015625000000000000e+00
-8.801682731519267833e+00 -1.785156250000000000e+00
-8.763367196934716219e+00 -4.296875000000000000e-01
-8.725037125019312612e+00 1.132812500000000000e+00
-8.684458417134628405e+00 -2.820312500000000000e+00
-8.646821024138532152e+00 -1.562500000000000000e-01
-8.609929672811581725e+00 -2.277343750000000000e+00
-8.571277909238197878e+00 -4.445312500000000000e+00
-8.532117689695581930e+00 -1.406250000000000000e-01
-8.493278569107630460e+00 1.773437500000000000e+00
-8.454462757070459134e+00 -9.062500000000000000e-01
-8.416894993829931337e+00 6.992187500000000000e-01
-8.377805581000163926e+00 3.285156250000000000e+00
-8.340311931146331403e+00 -3.148437500000000000e+00
-8.300796185118443304e+00 -2.968750000000000000e+00
-8.262595782089604768e+00 3.148437500000000000e+00
-8.223907425776779689e+00 -3.515625000000000000e-01
-8.185147743701968182e+00 -4.011718750000000000e+00
-8.146966106180386191e+00 -1.296875000000000000e+00
-8.107807597517393106e+00 -8.593750000000000000e-01
-8.069526508633874329e+00 -2.609375000000000000e+00
-8.030556395861530916e+00 -4.515625000000000000e+00
-7.992940242269135354e+00 -2.023437500000000000e+00
-7.953410846508987220e+00 -5.828125000000000000e+00
-7.915258044799557524e+00 4.296875000000000000e-01
-7.877220900439294127e+00 -2.632812500000000000e+00
-7.838917377541733345e+00 -3.398437500000000000e+00
-7.800594476566502067e+00 -2.453125000000000000e+00
-7.762167958720112892e+00 -4.941406250000000000e+00
-7.723376911239761000e+00 -6.957031250000000000e+00
-7.684447339019428114e+00 -5.343750000000000000e+00
-7.646163723200729123e+00 -4.246093750000000000e+00
-7.608667233927867812e+00 -6.054687500000000000e+00
-7.569691992750428255e+00 -1.500000000000000000e+00
-7.530574243788727529e+00 -5.179687500000000000e+00
-7.492092308043645232e+00 2.996093750000000000e+00
-7.453492947819622572e+00 -1.949218750000000000e+00
-7.414791020320137704e+00 -3.691406250000000000e+00
-7.376433191944684609e+00 -2.562500000000000000e+00
-7.338935633405633041e+00 -1.562500000000000000e+00
-7.300053688892287340e+00 -4.527343750000000000e+00
-7.261372177285508656e+00 -3.597656250000000000e+00
-7.222663734882154074e+00 -3.953125000000000000e+00
-7.183901684566812662e+00 -2.863281250000000000e+00
-7.145275494695844998e+00 -4.175781250000000000e+00
-7.106459125046530545e+00 -6.484375000000000000e+00
-7.069035119301730674e+00 -6.304687500000000000e+00
-7.029844007048279053e+00 -7.238281250000000000e+00
-6.991707453083684243e+00 -7.472656250000000000e+00
-6.952668692889485413e+00 -4.609375000000000000e+00
-6.914118667009326202e+00 -4.277343750000000000e+00
-6.875576324066848599e+00 -9.355468750000000000e+00
-6.837915815253396090e+00 -8.113281250000000000e+00
-6.799162414474867688e+00 -4.679687500000000000e+00
-6.760432385114825138e+00 -3.644531250000000000e+00
-6.722565060794309488e+00 -8.398437500000000000e+00
-6.682819356024424451e+00 -8.675781250000000000e+00
-6.644943166529841960e+00 -6.640625000000000000e+00
-6.606887452487484325e+00 -8.058593750000000000e+00
-6.566685667676793514e+00 -6.531250000000000000e+00
-6.529336665862651046e+00 -5.390625000000000000e-01
-6.490757578440522479e+00 -2.976562500000000000e+00
-6.451786221525857457e+00 -5.503906250000000000e+00
-6.413467442759149151e+00 -4.695312500000000000e+00
-6.375282440080219715e+00 -3.945312500000000000e+00
-6.335454640516559266e+00 -5.300781250000000000e+00
-6.297003070703375727e+00 -7.609375000000000000e+00
-6.260028006754460250e+00 -3.578125000000000000e+00
-6.221420520584580061e+00 -4.265625000000000000e+00
-6.181968222114086586e+00 -9.304687500000000000e+00
-6.144040215193847132e+00 -8.257812500000000000e+00
-6.105201565416358278e+00 -1.055468750000000000e+01
-6.067750924460739270e+00 -8.953125000000000000e+00
-6.028361701438406328e+00 -5.804687500000000000e+00
-5.990441046545790016e+00 -6.820312500000000000e+00
-5.950836265241733258e+00 -1.146093750000000000e+01
-5.912707152220221474e+00 -7.234375000000000000e+00
-5.874050587767634113e+00 -3.351562500000000000e+00
-5.835975600301516408e+00 -9.601562500000000000e+00
-5.797441405203024090e+00 -6.617187500000000000e+00
-5.758816709823697977e+00 -5.820312500000000000e+00
-5.720366644088386465e+00 -7.890625000000000000e+00
-5.681383523134542202e+00 -7.070312500000000000e+00
-5.643109327562008559e+00 -6.628906250000000000e+00
-5.604870747836308453e+00 -4.292968750000000000e+00
-5.565472443130275337e+00 -4.843750000000000000e-01
-5.527412713552166679e+00 -6.132812500000000000e+00
-5.489497927005274391e+00 -6.984375000000000000e+00
-5.450525175485985585e+00 -8.468750000000000000e+00
-5.412264673322226827e+00 -5.183593750000000000e+00
-5.373963038211527987e+00 -5.820312500000000000e+00
-5.334427592331252299e+00 -2.531250000000000000e+00
-5.295791403910278916e+00 -5.101562500000000000e+00
-5.258765484517375910e+00 -9.421875000000000000e+00
-5.219012815861354682e+00 -8.453125000000000000e+00
-5.180964980999846148e+00 -8.390625000000000000e+00
-5.142256206112222117e+00 -7.148437500000000000e+00
-5.103923749424275513e+00 -7.460937500000000000e+00
-5.065705416468880173e+00 -1.906250000000000000e+00
-5.026694769556961262e+00 -5.109375000000000000e+00
-4.989243814475806005e+00 -5.613281250000000000e+00
-4.950104684760319174e+00 -7.968750000000000000e+00
-4.911449003706778171e+00 -1.058593750000000000e+01
-4.873126429637402168e+00 -2.101562500000000000e+00
-4.834038280613462746e+00 -3.589843750000000000e+00
-4.796196599337015698e+00 -6.515625000000000000e+00
-4.757097188664765497e+00 -3.386718750000000000e+00
-4.719081963911918365e+00 -6.234375000000000000e+00
-4.679742460949491090e+00 -4.347656250000000000e+00
-4.641816558496813627e+00 -6.539062500000000000e+00
-4.602729812790514075e+00 -6.367187500000000000e+00
-4.564011795022402396e+00 -5.484375000000000000e+00
-4.526086798460504212e+00 -8.523437500000000000e+00
-4.486899312733463319e+00 -3.789062500000000000e+00
-4.450057211533994916e+00 -3.898437500000000000e+00
-4.410946964785118496e+00 -5.851562500000000000e+00
-4.372343120900772817e+00 -4.503906250000000000e+00
-4.332998001871033011e+00 -5.128906250000000000e+00
-4.294459802568887596e+00 -4.656250000000000000e+00
-4.256607168597156488e+00 -3.656250000000000000e+00
-4.217073938677515343e+00 -8.664062500000000000e+00
-4.179490182297890044e+00 -3.484375000000000000e+00
-4.140926245982988974e+00 -7.843750000000000000e+00
-4.101886953013185177e+00 -5.578125000000000000e+00
-4.063571152637898365e+00 -4.867187500000000000e+00
-4.025362128209977186e+00 -4.421875000000000000e+00
-3.985862509947949661e+00 -7.117187500000000000e+00
-3.948297661395066882e+00 -3.875000000000000000e+00
-3.910190138882583710e+00 -9.445312500000000000e+00
-3.871894413993892670e+00 -7.804687500000000000e+00
-3.832538443442011555e+00 -7.210937500000000000e+00
-3.793488337442383340e+00 -1.058593750000000000e+01
-3.755313196313657897e+00 -8.906250000000000000e+00
-3.717048300553322804e+00 -6.285156250000000000e+00
-3.678966776225394142e+00 -5.476562500000000000e+00
-3.640566810266797404e+00 -7.765625000000000000e+00
-3.600921981048180953e+00 -4.945312500000000000e+00
-3.563044389266579515e+00 -7.187500000000000000e+00
-3.524516975037137456e+00 -6.023437500000000000e+00
-3.486831789265593784e+00 -7.343750000000000000e+00
-3.448001394274491815e+00 -7.886718750000000000e+00
-3.409051763899590526e+00 -6.789062500000000000e+00
-3.371120700948090132e+00 -5.007812500000000000e+00
-3.331949419450005223e+00 -6.921875000000000000e+00
-3.293312251684554326e+00 -9.437500000000000000e+00
-3.254592965971745855e+00 -7.937500000000000000e+00
-3.215777588771608464e+00 -3.031250000000000000e+00
-3.177522411095900168e+00 -7.820312500000000000e+00
-3.139605627142870503e+00 -5.507812500000000000e+00
-3.100906940670128620e+00 -6.625000000000000000e+00
-3.062003773527237627e+00 -5.492187500000000000e+00
-3.023754095252236596e+00 -3.648437500000000000e+00
-2.984556470635055803e+00 -8.843750000000000000e+00
-2.946009087066649101e+00 -5.812500000000000000e+00
-2.908863250062445616e+00 -4.902343750000000000e+00
-2.870064624230025174e+00 -4.089843750000000000e+00
-2.830115051882906130e+00 -6.796875000000000000e+00
-2.792286314213122012e+00 -6.421875000000000000e+00
-2.754648180696655402e+00 -4.468750000000000000e+00
-2.715031996123464353e+00 -5.796875000000000000e+00
-2.677260263530762074e+00 -5.632812500000000000e+00
-2.639409184715184153e+00 -6.453125000000000000e+00
-2.600215481254437577e+00 -2.449218750000000000e+00
-2.561486357992130536e+00 -4.054687500000000000e+00
-2.522688378934134334e+00 -3.691406250000000000e+00
-2.484472243088553967e+00 -5.015625000000000000e+00
-2.445596326645492979e+00 -9.296875000000000000e-01
-2.406725987775708120e+00 -5.656250000000000000e+00
-2.369331263696381029e+00 -3.988281250000000000e+00
-2.330399601317736824e+00 -6.937500000000000000e+00
-2.292105003118493300e+00 -5.632812500000000000e+00
-2.252371294082813336e+00 -7.898437500000000000e+00
-2.214568679395462425e+00 -4.289062500000000000e+00
-2.176239295823627629e+00 -8.523437500000000000e+00
-2.138348111230286008e+00 -8.343750000000000000e+00
-2.099591214841062481e+00 -4.511718750000000000e+00
-2.061098172717777288e+00 -5.898437500000000000e+00
-2.022834545351251734e+00 -8.289062500000000000e+00
-1.983173512172811570e+00 -9.593750000000000000e+00
-1.945241936273269800e+00 -1.140625000000000000e+01
-1.906795131045555536e+00 -8.625000000000000000e+00
-1.867916617021840864e+00 -8.886718750000000000e+00
-1.829299180191327423e+00 -9.664062500000000000e+00
-1.791023231025171469e+00 -1.257812500000000000e+01
-1.752207579526007919e+00 -8.707031250000000000e+00
-1.713721223603954513e+00 -6.257812500000000000e+00
-1.675449398914388155e+00 -6.523437500000000000e+00
-1.638137016698621551e+00 -7.421875000000000000e+00
-1.598402753178255864e+00 -1.313671875000000000e+01
-1.560383680189296740e+00 -1.012890625000000000e+01
-1.522363554578198830e+00 -1.062890625000000000e+01
-1.482598930298102857e+00 -7.976562500000000000e+00
-1.444359198562771951e+00 -8.070312500000000000e+00
-1.405427818502651860e+00 -1.087109375000000000e+01
-1.367113421692373265e+00 -9.511718750000000000e+00
-1.328627191388513040e+00 -1.107031250000000000e+01
-1.290946525808557510e+00 -9.796875000000000000e+00
-1.251582869094292505e+00 -7.035156250000000000e+00
-1.213085820300463524e+00 -4.726562500000000000e+00
-1.174874453211941727e+00 -1.133593750000000000e+01
-1.135897535207355702e+00 -9.078125000000000000e+00
-1.098098508464921963e+00 -1.130468750000000000e+01
-1.059541752168286166e+00 -7.296875000000000000e+00
-1.020711649739837412e+00 -1.095312500000000000e+01
-9.820544173647647312e-01 -1.202343750000000000e+01
-9.434929853351761153e-01 -1.410937500000000000e+01
-9.051073440783383717e-01 -1.065234375000000000e+01
-8.660009723570070150e-01 -9.316406250000000000e+00
-8.283977401844495603e-01 -1.267968750000000000e+01
-7.896267469518676307e-01 -1.299609375000000000e+01
-7.512606865380249133e-01 -1.311718750000000000e+01
-7.121760615220296131e-01 -1.559765625000000000e+01
-6.736075369932166268e-01 -1.172656250000000000e+01
-6.366551522777328387e-01 -1.524218750000000000e+01
-5.962292183208219853e-01 -1.124218750000000000e+01
-5.590329759038041857e-01 -1.297656250000000000e+01
-5.198556243703720270e-01 -1.369531250000000000e+01
-4.810278977057933503e-01 -1.005468750000000000e+01
-4.423832385992838567e-01 -1.486328125000000000e+01
-4.042640991884312029e-01 -1.189062500000000000e+01
-3.651161249450822766e-01 -9.937500000000000000e+00
-3.274564191112503408e-01 -8.964843750000000000e+00
-2.895470518910059354e-01 -1.097265625000000000e+01
-2.501851110847823634e-01 -1.183203125000000000e+01
-2.116564736538322222e-01 -1.321093750000000000e+01
-1.731092408835692709e-01 -1.026562500000000000e+01
-1.351822220827116894e-01 -1.224218750000000000e+01
-9.648453088740183148e-02 -1.177343750000000000e+01
-5.808394438088981815e-02 -1.172656250000000000e+01
-2.000904946283554864e-02 -1.243750000000000000e+01
1.928956937189951759e-02 -1.103515625000000000e+01
5.781701501980762714e-02 -7.726562500000000000e+00
9.565085765348158020e-02 -1.455468750000000000e+01
1.355215691996392025e-01 -1.391406250000000000e+01
1.734531229169320454e-01 -1.653125000000000000e+01
2.116089448131646122e-01 -1.601562500000000000e+01
2.508955449063279275e-01 -1.110156250000000000e+01
2.888360775500657951e-01 -1.457812500000000000e+01
3.273626428007112565e-01 -1.297265625000000000e+01
3.665807027244198935e-01 -8.656250000000000000e+00
4.050238172855387120e-01 -6.886718750000000000e+00
4.423753718370448951e-01 -1.003125000000000000e+01
4.814270587594577933e-01 -7.992187500000000000e+00
5.202152140226061761e-01 -1.046875000000000000e+01
5.588797004701362425e-01 -1.266796875000000000e+01
5.979037284412669351e-01 -1.024218750000000000e+01
6.362107382333377359e-01 -8.195312500000000000e+00
6.744031308332090191e-01 -4.449218750000000000e+00
7.129742060868871079e-01 -6.914062500000000000e+00
7.523391147155606973e-01 -6.632812500000000000e+00
7.896055865381157446e-01 -4.117187500000000000e+00
8.279153241935723884e-01 -8.707031250000000000e+00
8.669356388811095826e-01 -7.671875000000000000e+00
9.062254241364939844e-01 -6.179687500000000000e+00
9.443313333485363614e-01 -5.859375000000000000e+00
9.821146913335212503e-01 -4.757812500000000000e+00
1.020588663867414425e+00 -5.406250000000000000e+00
1.058914296433506763e+00 -3.789062500000000000e+00
1.098308051537586039e+00 -1.523437500000000000e-01
1.136982410909283203e+00 -1.281250000000000000e+00
1.174872973016011457e+00 -9.648437500000000000e-01
1.212893550154618083e+00 -2.429687500000000000e+00
1.251764494630876356e+00 1.480468750000000000e+00
1.290284164101478837e+00 -4.136718750000000000e+00
1.328610270108459446e+00 -2.929687500000000000e-01
1.367899574786129335e+00 -2.089843750000000000e+00
1.406230449039568953e+00 2.304687500000000000e-01
1.444235542844353404e+00 2.375000000000000000e+00
1.483777308232809844e+00 -1.339843750000000000e+00
1.522244275109972733e+00 1.335937500000000000e+00
1.560116698296326376e+00 2.085937500000000000e+00
1.598635509985307124e+00 1.273437500000000000e+00
1.637649656576115831e+00 2.445312500000000000e+00
1.676170015080430176e+00 2.804687500000000000e+00
1.715231287718594899e+00 2.578125000000000000e+00
1.752949699569953168e+00 6.203125000000000000e+00
1.791015596333238591e+00 8.109375000000000000e+00
1.829366820687063466e+00 3.804687500000000000e+00
1.868829349736039092e+00 8.578125000000000000e+00
1.907519563322132683e+00 5.894531250000000000e+00
1.945708048341185048e+00 5.406250000000000000e+00
1.984822170875247593e+00 7.074218750000000000e+00
2.022346656501476048e+00 1.335937500000000000e+01
2.060267447171625577e+00 8.652343750000000000e+00
2.100335491064114990e+00 8.539062500000000000e+00
2.138001450469758424e+00 1.046484375000000000e+01
2.176554859281868204e+00 1.239843750000000000e+01
2.214048969164153391e+00 1.092968750000000000e+01
2.252989194097423820e+00 1.614453125000000000e+01
2.291679594838676337e+00 1.335156250000000000e+01
2.330403233063975676e+00 1.163281250000000000e+01
2.369708834719212120e+00 1.062500000000000000e+01
2.407399230553401992e+00 1.398437500000000000e+01
2.446022233824276526e+00 1.501171875000000000e+01
2.485370610292605420e+00 1.492578125000000000e+01
2.523221055825366932e+00 1.219531250000000000e+01
2.561422888041718693e+00 1.647656250000000000e+01
2.599895979416452008e+00 1.887109375000000000e+01
2.638879025657672628e+00 2.003906250000000000e+01
2.677378812112152673e+00 2.236718750000000000e+01
2.716501417471405944e+00 2.568750000000000000e+01
2.754794297524924218e+00 1.960937500000000000e+01
2.793395102926677254e+00 2.142578125000000000e+01
2.831377558221014112e+00 1.658593750000000000e+01
2.870074048787351728e+00 2.278125000000000000e+01
2.908828112952974720e+00 2.474218750000000000e+01
2.947272115136421178e+00 2.248828125000000000e+01
2.986074113030888100e+00 2.187500000000000000e+01
3.023012541390741603e+00 2.302343750000000000e+01
3.061802445617743729e+00 2.295703125000000000e+01
3.101393672276881119e+00 2.519921875000000000e+01
3.139582032990851701e+00 2.327734375000000000e+01
3.177817070224381979e+00 2.509375000000000000e+01
3.217235628821960347e+00 2.660937500000000000e+01
3.256159362269393398e+00 2.449609375000000000e+01
3.293518482598322805e+00 2.357421875000000000e+01
3.331650892527818542e+00 2.257421875000000000e+01
3.370380872015807938e+00 2.511328125000000000e+01
3.408855973129519157e+00 2.776953125000000000e+01
3.447869148887626523e+00 2.897656250000000000e+01
3.486336684377747019e+00 2.553125000000000000e+01
3.524426241304560392e+00 2.808593750000000000e+01
3.562679389094668636e+00 3.154296875000000000e+01
3.601027950228882446e+00 2.724218750000000000e+01
3.639976930174732672e+00 2.702343750000000000e+01
3.678364835278735256e+00 2.725000000000000000e+01
3.717750086608425875e+00 2.649609375000000000e+01
3.756035120236340674e+00 2.814843750000000000e+01
3.794039653567551795e+00 2.749218750000000000e+01
3.833038918456150412e+00 2.731250000000000000e+01
3.871551299761023301e+00 2.361328125000000000e+01
3.910041921198640580e+00 2.872656250000000000e+01
3.948655825815777121e+00 2.536718750000000000e+01
3.986789759597989757e+00 2.592187500000000000e+01
4.025550558995430350e+00 2.968359375000000000e+01
4.065081401763251279e+00 2.822656250000000000e+01
4.102911838031658931e+00 2.771875000000000000e+01
4.140773689297517990e+00 2.707812500000000000e+01
4.179207798971255272e+00 2.972656250000000000e+01
4.218690591736809381e+00 2.948437500000000000e+01
4.257411154780960771e+00 2.514453125000000000e+01
4.295586325225013269e+00 2.711718750000000000e+01
4.333598400802820549e+00 2.800000000000000000e+01
4.372188887469647511e+00 2.484375000000000000e+01
4.410080443741733802e+00 2.717187500000000000e+01
4.449723899264288463e+00 2.763281250000000000e+01
4.487555476945416899e+00 2.317968750000000000e+01
4.525983286860412846e+00 2.873437500000000000e+01
4.563931224419214061e+00 2.344140625000000000e+01
4.602804514393753266e+00 2.665625000000000000e+01
4.641237535701627337e+00 2.347656250000000000e+01
4.679722792413361532e+00 2.677734375000000000e+01
4.718962751866143890e+00 2.466406250000000000e+01
4.757239339301015946e+00 2.521875000000000000e+01
4.795259562907403961e+00 2.169531250000000000e+01
4.834768677585223884e+00 2.165234375000000000e+01
4.873143415548991442e+00 2.039843750000000000e+01
4.911279092971639670e+00 2.425000000000000000e+01
4.949901191934159783e+00 2.429687500000000000e+01
4.988032950985910929e+00 1.900781250000000000e+01
5.027034551159268005e+00 1.745312500000000000e+01
5.065400441969234890e+00 1.864453125000000000e+01
5.104532056201115608e+00 1.965625000000000000e+01
5.142399423201510444e+00 2.358593750000000000e+01
5.180443163150847852e+00 1.714843750000000000e+01
5.219278306564952175e+00 1.889062500000000000e+01
5.258676320079260336e+00 1.962500000000000000e+01
5.297067265978540718e+00 1.594531250000000000e+01
5.334825770618571994e+00 1.836718750000000000e+01
5.372929931432551598e+00 1.496093750000000000e+01
5.411702781658917161e+00 1.956250000000000000e+01
5.451004462366718428e+00 1.822656250000000000e+01
5.489164176506129422e+00 1.405468750000000000e+01
5.527716719269637480e+00 1.529296875000000000e+01
5.566131537144805463e+00 1.962500000000000000e+01
5.604030990889256714e+00 1.511718750000000000e+01
5.642646202466600869e+00 1.375000000000000000e+01
5.681517307170565800e+00 1.254687500000000000e+01
5.720263977630771990e+00 1.452734375000000000e+01
5.759079223900428701e+00 1.270703125000000000e+01
5.797813911554918320e+00 1.532812500000000000e+01
5.835980267638795738e+00 1.580859375000000000e+01
5.874002673247133544e+00 1.379296875000000000e+01
5.912570859159025360e+00 1.519140625000000000e+01
5.951147222776754120e+00 1.172656250000000000e+01
5.989946425650707340e+00 1.619531250000000000e+01
6.028888788573226520e+00 1.511718750000000000e+01
6.067593908198119834e+00 1.558593750000000000e+01
6.105770123973044861e+00 1.373437500000000000e+01
6.143840670197050713e+00 1.451562500000000000e+01
6.182614255390966207e+00 1.422656250000000000e+01
6.221184522593681265e+00 1.447656250000000000e+01
6.259928241653554437e+00 1.376562500000000000e+01
6.298518607882115816e+00 1.480468750000000000e+01
6.337231338471163156e+00 1.439843750000000000e+01
6.375171303814553880e+00 9.718750000000000000e+00
6.414017891790411596e+00 1.101953125000000000e+01
6.452558062813604778e+00 1.180859375000000000e+01
6.490813649245467332e+00 1.301562500000000000e+01
6.529045017156967390e+00 1.070312500000000000e+01
6.568442436969213816e+00 9.382812500000000000e+00
6.606661012481747974e+00 1.047265625000000000e+01
6.644524436222148722e+00 9.777343750000000000e+00
6.682215256553593719e+00 1.028515625000000000e+01
6.721526496666434980e+00 9.050781250000000000e+00
6.759648137779443289e+00 7.554687500000000000e+00
6.799610622109931057e+00 9.781250000000000000e+00
6.838189406211824917e+00 8.039062500000000000e+00
6.875396887845660387e+00 9.093750000000000000e+00
6.913806757625437172e+00 9.203125000000000000e+00
6.952851281033602504e+00 6.937500000000000000e+00
6.991884530256378127e+00 8.507812500000000000e+00
7.030153642107581646e+00 7.851562500000000000e+00
7.068903338037877404e+00 1.051562500000000000e+01
7.106976118385929908e+00 9.804687500000000000e+00
7.145059386396269474e+00 7.234375000000000000e+00
7.184141552378132900e+00 6.593750000000000000e+00
7.223217257803174363e+00 9.074218750000000000e+00
7.261179497332207688e+00 8.132812500000000000e+00
7.300209031896613965e+00 6.585937500000000000e+00
7.338513934123454874e+00 2.898437500000000000e+00
7.376957095721866864e+00 2.761718750000000000e+00
7.415264755995725210e+00 -1.171875000000000000e-02
7.454162144560186221e+00 1.062500000000000000e+00
7.492246981632575853e+00 4.718750000000000000e+00
7.531283646174436797e+00 3.328125000000000000e+00
7.569760606087953647e+00 3.484375000000000000e+00
7.607910598713754524e+00 7.664062500000000000e+00
7.647137309055224819e+00 2.804687500000000000e+00
7.685918349756427403e+00 5.296875000000000000e+00
7.723761960885880740e+00 -1.843750000000000000e+00
7.761115576120189985e+00 4.902343750000000000e+00
7.800611666416060075e+00 3.859375000000000000e+00
7.838398648215068931e+00 1.179687500000000000e+00
7.877091968041771253e+00 1.992187500000000000e-01
7.915932070068642190e+00 4.101562500000000000e+00
7.954365518767414045e+00 2.460937500000000000e+00
7.992423386937154817e+00 3.125000000000000000e+00
8.031990621176049672e+00 4.726562500000000000e+00
8.070165959402608280e+00 8.242187500000000000e-01
8.108181990861041299e+00 1.296875000000000000e+00
8.146117070473934518e+00 -1.566406250000000000e+00
8.185587997141681171e+00 -1.101562500000000000e+00
8.223957665760487146e+00 1.437500000000000000e+00
8.262473076442695685e+00 -3.945312500000000000e-01
8.301417222462717405e+00 -1.617187500000000000e+00
8.339791910142814402e+00 -1.050781250000000000e+00
8.379376008010552823e+00 -2.734375000000000000e-01
8.417392361680526847e+00 -5.859375000000000000e-02
8.455539115697021657e+00 -2.808593750000000000e+00
8.493638777025580566e+00 -1.601562500000000000e+00
8.532040452517804852e+00 -6.953125000000000000e-01
8.571021910216956030e+00 4.027343750000000000e+00
8.609610402048488709e+00 -1.359375000000000000e+00
8.648329230207728813e+00 -2.101562500000000000e+00
8.687107966160972694e+00 -4.140625000000000000e-01
8.724110957573245173e+00 -1.765625000000000000e+00
8.762863811754598942e+00 1.218750000000000000e+00
8.802852712242415834e+00 1.039062500000000000e+00
8.840191110245953610e+00 -1.757812500000000000e-01
8.879416109919958444e+00 -1.066406250000000000e+00
8.918370748048779717e+00 -1.890625000000000000e+00
8.956027147781860265e+00 4.296875000000000000e-02
8.993662667508885988e+00 1.296875000000000000e+00
9.032707800736488934e+00 -3.632812500000000000e-01
9.071428649688847656e+00 2.703125000000000000e+00
9.109414481385904594e+00 -1.789062500000000000e+00
9.148265554242623665e+00 3.750000000000000000e-01
9.187149896205809796e+00 3.437500000000000000e-01
9.225161858806337989e+00 -1.687500000000000000e+00
9.263680105189862957e+00 -3.367187500000000000e+00
9.302625671238004657e+00 -4.476562500000000000e+00
9.341039459462024297e+00 -6.406250000000000000e+00
9.380609028639973701e+00 -4.093750000000000000e+00
9.418629097520010873e+00 -4.394531250000000000e+00
9.456738500026048655e+00 -3.507812500000000000e+00
9.494590326831314542e+00 -4.710937500000000000e+00
9.533854150606224209e+00 1.101562500000000000e+00
9.572410888051791744e+00 -4.746093750000000000e+00
9.610936949181891009e+00 -2.187500000000000000e+00
9.649210483880306555e+00 -2.472656250000000000e+00
9.687752737951523585e+00 -1.648437500000000000e+00
9.726212569410549236e+00 2.070312500000000000e+00
9.765131484908909698e+00 -5.335937500000000000e+00
9.803329075387473779e+00 -4.281250000000000000e+00
9.841914281618350913e+00 -3.750000000000000000e+00
9.880156363139121822e+00 -4.312500000000000000e+00
9.919676075743915078e+00 -1.203125000000000000e+00
9.957381727852926190e+00 -2.242187500000000000e+00
9.995612080030831237e+00 -3.097656250000000000e+00
1.003456549976803558e+01 -3.625000000000000000e+00
1.007357616900843311e+01 -3.250000000000000000e+00
1.011093592862011192e+01 -3.011718750000000000e+00
1.015050654039585254e+01 -3.984375000000000000e+00
1.018929128084533176e+01 -7.339843750000000000e+00
1.022692149973511988e+01 -2.101562500000000000e+00
1.026499808396227564e+01 -2.179687500000000000e+00
1.030469990224417387e+01 -6.062500000000000000e+00
1.034236794457535069e+01 -6.210937500000000000e+00
1.038133992989310173e+01 -4.789062500000000000e+00
1.042013312383259915e+01 -3.828125000000000000e+00
1.045802667298231370e+01 -4.898437500000000000e+00
1.049584784088125389e+01 -3.585937500000000000e+00
1.053535337660372306e+01 -3.281250000000000000e+00
1.057372219689680293e+01 -7.773437500000000000e+00
1.061216689998717300e+01 -5.941406250000000000e+00
1.065009797843406858e+01 3.906250000000000000e-02
1.068956875196892042e+01 -1.257812500000000000e+00
1.072790347676928491e+01 -3.593750000000000000e-01
1.076723460024788892e+01 -4.375000000000000000e+00
1.080537285673676351e+01 -3.375000000000000000e+00
1.084322281168766722e+01 -4.554687500000000000e+00
1.088198377796130600e+01 -1.367187500000000000e+00
1.092092150081808200e+01 -5.683593750000000000e+00
1.095939126380973505e+01 -3.617187500000000000e+00
1.099746123390098518e+01 -3.195312500000000000e+00
1.103636918532400202e+01 -1.414062500000000000e+00
1.107441056000051560e+01 -2.871093750000000000e+00
1.111247120561917967e+01 -9.687500000000000000e+00
1.115266493783535395e+01 -3.750000000000000000e+00
1.119005302157661674e+01 -5.125000000000000000e+00
1.122876835936837736e+01 -2.929687500000000000e+00
1.126695779597267943e+01 -8.390625000000000000e+00
1.130605356412213069e+01 -5.187500000000000000e+00
1.134348603760327734e+01 -7.007812500000000000e+00
1.138307173724950161e+01 -5.632812500000000000e+00
1.142126411894301441e+01 -2.882812500000000000e+00
1.145931479471583714e+01 -7.812500000000000000e-02
1.149813245216538959e+01 -5.683593750000000000e+00
1.153675812117230493e+01 8.359375000000000000e-01
1.157486699288811138e+01 -4.261718750000000000e+00
1.161363724372757389e+01 -2.875000000000000000e+00
1.165240220979985963e+01 -2.265625000000000000e+00
1.169085814157325132e+01 -2.101562500000000000e+00
1.172997268501489998e+01 -3.746093750000000000e+00
1.176830510099770777e+01 -3.132812500000000000e+00
1.180651361549432465e+01 -4.156250000000000000e+00
1.184392818001420267e+01 -4.496093750000000000e+00
1.188386270566159553e+01 -2.718750000000000000e+00
1.192223525840481813e+01 -1.988281250000000000e+00
1.196076140964167678e+01 -5.460937500000000000e+00
1.199976067483449071e+01 4.687500000000000000e-02
1.203808864675931289e+01 -3.703125000000000000e+00
1.207528555934167969e+01 -5.195312500000000000e+00
1.211433580918959052e+01 -3.656250000000000000e+00
1.215389599632442952e+01 0.000000000000000000e+00
1.219178048299686168e+01 -4.367187500000000000e+00
1.223119559088811314e+01 -4.125000000000000000e+00
1.226955986989415237e+01 -2.828125000000000000e+00
1.230796000802503443e+01 -2.968750000000000000e+00
1.234491956719863737e+01 -2.203125000000000000e+00
1.238430413167423438e+01 -8.046875000000000000e-01
1.242266306078435889e+01 -6.859375000000000000e+00
1.246084112916281939e+01 -2.800781250000000000e+00
1.250055163674466741e+01 -4.609375000000000000e-01
1.253797255084659668e+01 1.566406250000000000e+00
1.257610470009340276e+01 1.683593750000000000e+00
1.261500164607451779e+01 -3.257812500000000000e+00
1.265502182383173491e+01 -6.878906250000000000e+00
1.269210687860641684e+01 -2.968750000000000000e-01
1.273055272504904067e+01 -1.902343750000000000e+00
1.276990171000821306e+01 -6.351562500000000000e+00
1.280786659800400784e+01 -4.613281250000000000e+00
1.284573565328224731e+01 -1.250000000000000000e-01
1.288401522015601586e+01 -1.140625000000000000e+00
1.292348618996150122e+01 -5.937500000000000000e-01
1.296227619510944606e+01 -1.722656250000000000e+00
1.300154031509021380e+01 -6.582031250000000000e+00
1.303929234893268330e+01 -1.867187500000000000e+00
1.307745975532743188e+01 -4.597656250000000000e+00
1.311688211302916329e+01 -8.828125000000000000e-01
1.315507639096146875e+01 2.734375000000000000e-01
1.319317902198477555e+01 -1.410156250000000000e+00
1.323140036938684716e+01 -8.125000000000000000e-01
1.327083917997604345e+01 -6.015625000000000000e-01
1.330935495666516033e+01 -4.820312500000000000e+00
1.334726925826719679e+01 -1.546875000000000000e+00
1.338567406772063961e+01 -7.968750000000000000e-01
1.342392702959823225e+01 -4.289062500000000000e+00
1.346231825950260230e+01 -3.453125000000000000e+00
1.350179465371827092e+01 -3.531250000000000000e+00
1.354045731420961118e+01 -2.812500000000000000e+00
1.357735058725027244e+01 -7.500000000000000000e-01
1.361627905387314286e+01 -2.640625000000000000e+00
1.365626975544913435e+01 -2.261718750000000000e+00
1.369346640967791018e+01 -2.570312500000000000e+00
1.373248835002664237e+01 -1.003906250000000000e+00
1.377095092308866242e+01 -2.652343750000000000e+00
1.380927634493092171e+01 -1.382812500000000000e+00
1.384710271368089707e+01 -3.234375000000000000e+00
1.388709654042557773e+01 -3.601562500000000000e+00
1.392473022118881687e+01 -3.281250000000000000e+00
1.396341560803325876e+01 -1.390625000000000000e+00
1.400165463830109402e+01 -1.269531250000000000e+00
1.404061116288795574e+01 -1.121093750000000000e+00
1.407887798097218024e+01 -2.101562500000000000e+00
1.411831979722467167e+01 -1.015625000000000000e+00
1.415628218856333831e+01 -3.175781250000000000e+00
1.419434339211334617e+01 1.796875000000000000e-01
1.423268616316318003e+01 -1.304687500000000000e+00
1.427205189081226422e+01 -2.628906250000000000e+00
1.431058294715283807e+01 -5.316406250000000000e+00
1.434901527931271303e+01 -4.898437500000000000e+00
1.438797516521736952e+01 -4.289062500000000000e+00
1.442583202132662734e+01 -1.679687500000000000e+00
1.446428512884006778e+01 -1.179687500000000000e+00
1.450361343438677153e+01 -2.937500000000000000e+00
1.454172030926752512e+01 -7.929687500000000000e-01
1.458007100831719072e+01 -7.578125000000000000e+00
1.461940247322602460e+01 1.710937500000000000e+00
1.465688507274499841e+01 4.218750000000000000e-01
1.469460211285650786e+01 -6.406250000000000000e-01
1.473413837533205850e+01 4.531250000000000000e-01
1.477249698217676865e+01 4.609375000000000000e-01
1.481056421509093468e+01 1.937500000000000000e+00
1.485040903203395857e+01 4.687500000000000000e-02
1.488766987486453530e+01 -2.148437500000000000e+00
1.492600047677931485e+01 -1.273437500000000000e+00
1.496480043341478705e+01 -3.132812500000000000e+00
1.500326949099731877e+01 -3.054687500000000000e+00
1.504197342706493856e+01 8.906250000000000000e-01
1.508008338880463839e+01 -3.046875000000000000e+00
1.511956002133285892e+01 -1.183593750000000000e+00
1.515748800051339629e+01 2.992187500000000000e+00
1.519561987729736074e+01 -3.671875000000000000e+00
1.523497273350993098e+01 -3.921875000000000000e+00
1.527331179565575070e+01 -4.062500000000000000e-01
1.531181036877704571e+01 -1.285156250000000000e+00
1.535064613778055076e+01 1.015625000000000000e-01
1.538838676789131910e+01 -7.578125000000000000e-01
1.542675351938477490e+01 -5.507812500000000000e-01
1.546556850057380217e+01 -1.390625000000000000e+00
1.550484503986051266e+01 7.070312500000000000e-01
1.554299388639680046e+01 2.867187500000000000e+00
1.558135649278528945e+01 3.671875000000000000e-01
1.561921563049455841e+01 6.484375000000000000e-01
1.565917484410191207e+01 -1.238281250000000000e+00
1.569801268173786468e+01 -3.875000000000000000e+00
1.573537333577603903e+01 -1.304687500000000000e+00
1.577412312658806570e+01 4.804687500000000000e-01
1.581216161068029891e+01 -1.109375000000000000e+00
1.585191453246967797e+01 -2.003906250000000000e+00
1.589036022032274076e+01 3.027343750000000000e+00
1.592723136863278910e+01 -6.054687500000000000e-01
1.596639854805367875e+01 -1.593750000000000000e+00
1.600528529778614839e+01 -2.042968750000000000e+00
1.604351510183038698e+01 -3.750000000000000000e-01
1.608238028207483694e+01 -3.812500000000000000e+00
1.612113700702796137e+01 1.437500000000000000e+00
1.615897916716971494e+01 -1.687500000000000000e+00
1.619687378282884538e+01 -6.875000000000000000e-01
1.623567676461854603e+01 -3.554687500000000000e-01
1.627456667254940470e+01 3.125000000000000000e-01
1.631327774026199506e+01 -6.640625000000000000e-01
1.635190839890170622e+01 3.226562500000000000e+00
1.638996756867753035e+01 2.980468750000000000e+00
1.642846000897333880e+01 7.187500000000000000e-01
1.646737399860909434e+01 -1.285156250000000000e+00
1.650605089075149579e+01 -7.031250000000000000e-02
1.654424746212367836e+01 1.234375000000000000e+00
1.658304772489165657e+01 5.933593750000000000e+00
1.662123482390524742e+01 -3.593750000000000000e-01
1.666015475532323364e+01 -6.796875000000000000e-01
1.669926681974347105e+01 2.531250000000000000e+00
1.673683471818595692e+01 3.593750000000000000e-01
1.677509206447193435e+01 2.234375000000000000e+00
1.681339812166722680e+01 1.273437500000000000e+00
1.685289950430803430e+01 4.640625000000000000e+00
1.689092748218025619e+01 2.773437500000000000e+00
1.692906266596310871e+01 2.050781250000000000e+00
1.696815870102667745e+01 1.820312500000000000e+00
1.700653387790297799e+01 5.109375000000000000e+00
1.704446566151774078e+01 1.835937500000000000e+00
1.708397660038661314e+01 2.945312500000000000e+00
1.712273386076584814e+01 8.945312500000000000e-01
1.716052503200590706e+01 5.937500000000000000e-01
1.719813209382305530e+01 -5.457031250000000000e+00
1.723730263472037905e+01 1.187500000000000000e+00
1.727643449076186499e+01 2.757812500000000000e+00
1.731426366992990040e+01 7.617187500000000000e-01
1.735264994469062927e+01 3.359375000000000000e-01
1.739183632018421832e+01 4.765625000000000000e-01
1.743068446846093167e+01 -9.062500000000000000e-01
1.746941200982894316e+01 -1.093750000000000000e+00
1.750725668511192623e+01 3.222656250000000000e+00
1.754548279072574246e+01 4.617187500000000000e+00
1.758483705362639782e+01 -2.160156250000000000e+00
1.762319684691814103e+01 -3.484375000000000000e+00
1.766136292767761518e+01 -1.265625000000000000e+00
1.770053292899474684e+01 4.523437500000000000e+00
1.773901405661382569e+01 2.644531250000000000e+00
1.777685711614320496e+01 -7.343750000000000000e-01
1.781552033149922210e+01 -5.390625000000000000e-01
1.785436535071291075e+01 -3.046875000000000000e-01
1.789288598628086646e+01 -2.773437500000000000e-01
1.793131138695434856e+01 2.953125000000000000e+00
1.796970031914253951e+01 3.050781250000000000e+00
1.800708415124884709e+01 1.359375000000000000e+00
1.804629334510420335e+01 2.675781250000000000e+00
1.808547374355340409e+01 3.871093750000000000e+00
1.812366319749819610e+01 4.761718750000000000e+00
1.816190665412063154e+01 2.222656250000000000e+00
1.820172928768239728e+01 2.003906250000000000e+00
1.824018424902601510e+01 2.757812500000000000e+00
1.827762810002644756e+01 8.593750000000000000e-02
1.831593833630802948e+01 6.328125000000000000e+00
1.835443310659726279e+01 2.808593750000000000e+00
1.839365945234268906e+01 2.710937500000000000e+00
1.843227322519010158e+01 3.316406250000000000e+00
1.847097456720680952e+01 3.242187500000000000e+00
1.850843233719611902e+01 -1.015625000000000000e-01
1.854671547572311852e+01 2.402343750000000000e+00
1.858586644750988626e+01 4.390625000000000000e+00
1.862554193778218092e+01 2.617187500000000000e+00
1.866313624789968628e+01 1.476562500000000000e+00
1.870176146927387606e+01 1.402343750000000000e+00
1.873983106183048264e+01 2.835937500000000000e+00
1.877807676320661301e+01 1.054687500000000000e+00
1.881725048053964500e+01 1.546875000000000000e+00
1.885578898388163083e+01 -1.234375000000000000e+00
1.889412597177630460e+01 1.281250000000000000e+00
1.893290993082584350e+01 3.304687500000000000e+00
1.897157226219244563e+01 5.664062500000000000e+00
1.900987606193487878e+01 1.554687500000000000e+00
1.904912854351259455e+01 8.085937500000000000e-01
1.908720225222394262e+01 6.386718750000000000e+00
1.912543861947777657e+01 3.093750000000000000e+00
1.916323582786596802e+01 -1.101562500000000000e+00
1.920276476880741967e+01 2.281250000000000000e+00
1.924139705284028423e+01 2.312500000000000000e+00
1.927940398086960982e+01 2.625000000000000000e+00
1.931750697590438293e+01 1.152343750000000000e+00
1.935569559327310429e+01 1.988281250000000000e+00
1.939451866653774914e+01 6.476562500000000000e+00
1.943381894666725174e+01 1.015625000000000000e+00
1.947230332257934293e+01 -3.515625000000000000e-01
1.951048506567859420e+01 3.906250000000000000e-02
1.954803456518316551e+01 -4.804687500000000000e-01
1.958678467607998641e+01 4.972656250000000000e+00
1.962556503551834908e+01 3.554687500000000000e-01
1.966437926312705997e+01 7.812500000000000000e-02
1.970299613169463271e+01 1.222656250000000000e+00
1.974122984234974609e+01 -3.109375000000000000e+00
1.977961601047573481e+01 3.203125000000000000e-01
1.981968030061873520e+01 -3.906250000000000000e-02
1.985702577759700205e+01 -1.972656250000000000e+00
1.989537742908629525e+01 1.773437500000000000e+00
1.993388038927923844e+01 6.718750000000000000e-01
1.997293075727660039e+01 1.562500000000000000e+00
2.001195279386127623e+01 7.656250000000000000e-01
2.004981577722702824e+01 1.070312500000000000e+00
2.008844859378266889e+01 6.250000000000000000e-01
2.012645383098960394e+01 -2.324218750000000000e+00
2.016493046442462500e+01 -7.382812500000000000e-01
2.020401288057389166e+01 2.109375000000000000e-01
2.024278836544004179e+01 1.144531250000000000e+00
2.028094714948089816e+01 -5.234375000000000000e-01
2.031867112829814914e+01 -4.218750000000000000e-01
2.035700041369912583e+01 -3.242187500000000000e+00
2.039599244617271978e+01 2.531250000000000000e+00
2.043537668910222393e+01 3.867187500000000000e-01
2.047356648522075062e+01 7.070312500000000000e-01
2.051134034767641978e+01 3.476562500000000000e-01
2.055128832540875550e+01 4.429687500000000000e+00
2.058996849672689677e+01 3.945312500000000000e+00
2.062748110849537397e+01 1.496093750000000000e+00
2.066531497921096516e+01 2.929687500000000000e-01
2.070433502411511739e+01 -1.636718750000000000e+00
2.074268633283719510e+01 -1.046875000000000000e+00
2.078190861809645895e+01 2.132812500000000000e+00
2.082013729096306065e+01 1.640625000000000000e-01
2.085788967697505569e+01 -1.546875000000000000e+00
2.089662821887810651e+01 -2.312500000000000000e+00
2.093563826747498524e+01 -7.812500000000000000e-01
2.097434410749323064e+01 -7.421875000000000000e-01
2.101299113187765499e+01 -1.531250000000000000e+00
2.105159885154698429e+01 -1.406250000000000000e-01
2.108979144426677266e+01 1.289062500000000000e+00
2.112787585282056568e+01 -9.921875000000000000e-01
2.116568214292808392e+01 -3.445312500000000000e+00
2.120540770985986967e+01 6.386718750000000000e+00
2.124391092710234830e+01 -2.917968750000000000e+00
2.128254870514183494e+01 2.679687500000000000e+00
2.132070768456771503e+01 -1.460937500000000000e+00
2.135977732882252411e+01 6.796875000000000000e-01
2.139839211192139956e+01 -1.230468750000000000e+00
2.143629655923921717e+01 -9.296875000000000000e-01
2.147488490407322104e+01 -2.101562500000000000e+00
2.151360140953454092e+01 1.687500000000000000e+00
2.155263421424667314e+01 2.187500000000000000e-01
2.159067203348821451e+01 -2.460937500000000000e-01
2.162921858421490384e+01 3.664062500000000000e+00
2.166744519283148662e+01 -2.039062500000000000e+00
2.170564656362606115e+01 -1.406250000000000000e-01
2.174418066910903491e+01 2.500000000000000000e-01
2.178342670613051268e+01 6.601562500000000000e-01
2.182215278145909565e+01 1.679687500000000000e+00
2.185947501543240179e+01 1.093750000000000000e-01
2.189777586869846004e+01 1.921875000000000000e+00
2.193719768884009724e+01 -1.113281250000000000e+00
2.197560301375400371e+01 8.828125000000000000e-01
2.201447532182181277e+01 -1.265625000000000000e+00
2.205283500001296204e+01 -1.226562500000000000e+00
2.209127337005776326e+01 3.562500000000000000e+00
2.212923722632985601e+01 9.062500000000000000e-01
2.216838299135166679e+01 1.562500000000000000e-01
2.220679533889749280e+01 3.222656250000000000e+00
2.224525050470452925e+01 -2.093750000000000000e+00
2.228383248854197518e+01 -1.554687500000000000e+00
2.232192407586928340e+01 -8.242187500000000000e-01
2.236133156166761538e+01 -6.679687500000000000e-01
2.240010584438796570e+01 1.437500000000000000e+00
2.243790440147359888e+01 -1.441406250000000000e+00
2.247614324281657616e+01 1.062500000000000000e+00
2.251488749542602008e+01 3.835937500000000000e+00
2.255411384066652403e+01 9.531250000000000000e-01
2.259262288888618286e+01 3.671875000000000000e-01
2.263121648328933588e+01 -1.320312500000000000e+00
2.266864566080663579e+01 2.617187500000000000e-01
2.270691342990815542e+01 4.890625000000000000e+00
2.274542245324438028e+01 1.382812500000000000e+00
2.278528177820636458e+01 -3.320312500000000000e-01
2.282351850023751183e+01 1.359375000000000000e+00
2.286164767196921588e+01 -2.351562500000000000e+00
2.290024316522960035e+01 2.929687500000000000e+00
2.293883723869659974e+01 2.531250000000000000e+00
2.297638579469023767e+01 -5.468750000000000000e-01
2.301547311689269293e+01 1.117187500000000000e+00
2.305407171551250656e+01 1.933593750000000000e+00
2.309248331073392890e+01 -8.476562500000000000e-01
2.313121721665708108e+01 1.511718750000000000e+00
2.316994381135972958e+01 -3.281250000000000000e-01
2.320800161782578641e+01 -1.355468750000000000e+00
2.324649982219176536e+01 0.000000000000000000e+00
2.328541189675974010e+01 1.585937500000000000e+00
2.332470419332133815e+01 -2.539062500000000000e-01
2.336311272475985135e+01 3.656250000000000000e+00
2.340143966554369115e+01 -2.484375000000000000e+00
2.343955846494474571e+01 4.921875000000000000e-01
2.347753648951210437e+01 -4.960937500000000000e-01
2.351557292312640257e+01 -5.937500000000000000e-01
2.355522631439977488e+01 -9.062500000000000000e-01
2.359373707098953332e+01 8.789062500000000000e-01
2.363249985260017638e+01 5.000000000000000000e-01
2.367109854074190167e+01 -4.140625000000000000e-01
2.370960026784277730e+01 -3.046875000000000000e-01
2.374794934811692215e+01 4.726562500000000000e-01
2.378653092927211077e+01 -1.335937500000000000e+00
2.382468963207671209e+01 -7.265625000000000000e-01
2.386355856490024152e+01 -1.585937500000000000e+00
2.390267365582663928e+01 6.953125000000000000e-01
2.394096106776555644e+01 2.656250000000000000e-01
2.397902976436765954e+01 -2.828125000000000000e+00
2.401727108089600193e+01 -1.773437500000000000e+00
2.405550018210166030e+01 -4.605468750000000000e+00
2.409346273233936131e+01 -3.031250000000000000e+00
2.413332214565593858e+01 1.683593750000000000e+00
2.417206862294429470e+01 8.046875000000000000e-01
2.420925168836664199e+01 -4.421875000000000000e+00
2.424783842896618324e+01 -2.875000000000000000e+00
2.428695163642273513e+01 -1.355468750000000000e+00
2.432594615510282665e+01 -2.734375000000000000e+00
2.436408184464876570e+01 -3.593750000000000000e-01
2.440281845950984518e+01 -1.593750000000000000e+00
2.444084840869876984e+01 1.343750000000000000e+00
2.447861902535917267e+01 8.203125000000000000e-01
2.451800062910036360e+01 9.375000000000000000e-02
2.455638663656925047e+01 1.960937500000000000e+00
2.459512008530197136e+01 1.093750000000000000e-01
2.463378290374794233e+01 3.804687500000000000e+00
2.467230191962992336e+01 1.250000000000000000e+00
2.471101300824607705e+01 3.312500000000000000e+00
2.475004545701430914e+01 9.453125000000000000e-01
2.478812091411065666e+01 -2.687500000000000000e+00
2.482603300168175053e+01 2.429687500000000000e+00
2.486430393657757065e+01 4.687500000000000000e-02
2.490381845267781102e+01 2.390625000000000000e+00
2.494179214831673264e+01 4.804687500000000000e-01
2.498025283741757363e+01 -7.265625000000000000e-01
2.501850244027210834e+01 2.140625000000000000e+00
2.505676301686295204e+01 3.890625000000000000e+00
2.509557792385106723e+01 1.562500000000000000e-01
2.513511803222004204e+01 -2.078125000000000000e+00
2.517333819261571648e+01 -7.109375000000000000e-01
2.521036799812687690e+01 1.437500000000000000e+00
2.524920542006616131e+01 1.343750000000000000e+00
2.528865705781908346e+01 1.082031250000000000e+00
2.532676063331367544e+01 2.093750000000000000e+00
2.536532092002512684e+01 2.734375000000000000e+00
2.540407908650549018e+01 8.359375000000000000e-01
2.544238908343247729e+01 1.445312500000000000e+00
2.548178835486698546e+01 3.171875000000000000e+00
2.552023572858581701e+01 7.539062500000000000e-01
2.555777212585933000e+01 -8.476562500000000000e-01
2.559647755610608755e+01 9.726562500000000000e-01
2.563518769684827703e+01 3.070312500000000000e+00
2.567413718248629806e+01 7.031250000000000000e-01
2.571249274528964079e+01 -3.593750000000000000e-01
2.575078289805779619e+01 4.308593750000000000e+00
2.578932663019633509e+01 1.335937500000000000e+00
2.582728928021587933e+01 1.484375000000000000e+00
2.586546567398176322e+01 9.921875000000000000e-01
2.590503098560665052e+01 7.500000000000000000e-01
2.594304118299477224e+01 -1.832031250000000000e+00
2.598147512465678943e+01 1.898437500000000000e+00
2.601984655455481743e+01 -6.328125000000000000e-01
2.605924007378929730e+01 -4.476562500000000000e+00
2.609731794775884595e+01 -7.812500000000000000e-03
2.613634233525240091e+01 1.613281250000000000e+00
2.617463597795833863e+01 3.636718750000000000e+00
2.621405677544965585e+01 -3.125000000000000000e-01
2.625242370592993524e+01 -7.890625000000000000e-01
2.628991782067504701e+01 1.710937500000000000e+00
2.632810193363039275e+01 -9.140625000000000000e-01
2.636710107284071825e+01 -2.421875000000000000e-01
2.640540293763884705e+01 1.261718750000000000e+00
2.644421482251431144e+01 1.277343750000000000e+00
2.648306590830845408e+01 -9.140625000000000000e-01
2.652198795595055003e+01 2.257812500000000000e+00
2.655892224067437013e+01 1.632812500000000000e+00
2.659761468764241954e+01 1.453125000000000000e+00
2.663711576122965141e+01 5.234375000000000000e-01
2.667547887255423689e+01 -5.625000000000000000e-01
2.671357895199849253e+01 1.921875000000000000e+00
2.675132567928988436e+01 -1.632812500000000000e+00
2.679053270294945577e+01 5.078125000000000000e-01
2.682849932678678329e+01 1.398437500000000000e+00
2.686795814719801712e+01 -1.296875000000000000e+00
2.690630187018913233e+01 -1.343750000000000000e+00
2.694478833141934615e+01 -3.906250000000000000e-02
2.698374345234944371e+01 -3.125000000000000000e-02
2.702206560882152786e+01 7.500000000000000000e-01
2.706070418083081464e+01 2.433593750000000000e+00
2.709856656327260538e+01 8.046875000000000000e-01
2.713756715020294763e+01 2.273437500000000000e+00
2.717535935892794896e+01 6.562500000000000000e-01
2.721426077756005668e+01 3.046875000000000000e-01
2.725366062192212979e+01 -1.472656250000000000e+00
2.729194905845065477e+01 -4.203125000000000000e+00
2.732975188173714542e+01 -3.367187500000000000e+00
2.736833415516358770e+01 4.554687500000000000e+00
2.740780257325390323e+01 1.070312500000000000e+00
2.744511991064383238e+01 2.820312500000000000e+00
2.748434301424214965e+01 -2.343750000000000000e-01
2.752325893972616200e+01 2.242187500000000000e+00
2.756019257205124262e+01 -2.585937500000000000e+00
2.759897484793514622e+01 -1.367187500000000000e-01
2.763855528892571911e+01 -1.050781250000000000e+00
2.767674175067659803e+01 -1.929687500000000000e+00
2.771516512580770097e+01 -4.875000000000000000e+00
2.775325950480138104e+01 -4.945312500000000000e+00
2.779209757127941316e+01 -4.140625000000000000e-01
2.783076223540188820e+01 6.250000000000000000e-02
2.786886463472647080e+01 -1.960937500000000000e+00
2.790758617856361923e+01 -3.285156250000000000e+00
2.794623201045811811e+01 5.703125000000000000e-01
2.798501323446225797e+01 3.554687500000000000e+00
2.802326936888241704e+01 -1.984375000000000000e+00
2.806238908249725128e+01 5.113281250000000000e+00
2.809990019793797700e+01 -2.085937500000000000e+00
2.813928962940233802e+01 1.437500000000000000e+00
2.817717372984388646e+01 -9.375000000000000000e-01
2.821608811331077149e+01 -3.808593750000000000e+00
2.825489341452254877e+01 -1.734375000000000000e+00
2.829315819099133478e+01 -3.265625000000000000e+00
2.833180243893638206e+01 -1.839843750000000000e+00
2.836968234506536035e+01 -1.742187500000000000e+00
2.840900768225550621e+01 2.734375000000000000e-01
2.844673597719969393e+01 -5.312500000000000000e-01
2.848561956499845138e+01 -5.156250000000000000e-01
2.852453041208960371e+01 -5.234375000000000000e-01
2.856253054855940121e+01 -2.062500000000000000e+00
2.860128311601511442e+01 -2.824218750000000000e+00
2.863958527362352413e+01 -1.546875000000000000e+00
2.867800476168704904e+01 -3.722656250000000000e+00
2.871693512290713812e+01 3.179687500000000000e+00
2.875636467283187869e+01 2.171875000000000000e+00
2.879372588087017704e+01 2.273437500000000000e+00
2.883113143864464689e+01 -5.281250000000000000e+00
2.887191047746333084e+01 -5.703125000000000000e-01
