#Time Flux
-9.359122269294207541e+00 -1.621093750000000000e+01
-9.320092188412964163e+00 -1.260937500000000000e+01
-9.284208756896887849e+00 -9.796875000000000000e+00
-9.244044744636070732e+00 -1.407812500000000000e+01
-9.208453039438786902e+00 -7.218750000000000000e+00
-9.170791478262174223e+00 -1.237500000000000000e+01
-9.133907452363224877e+00 -1.132812500000000000e+01
-9.094873077759281443e+00 -1.016406250000000000e+01
-9.059614849153188487e+00 -1.201562500000000000e+01
-9.021511904092509582e+00 -1.207812500000000000e+01
-8.983597118534554227e+00 -1.228906250000000000e+01
-8.945616331584638203e+00 -6.156250000000000000e+00
-8.908812799885389211e+00 -1.140625000000000000e+01
-8.869761426945082405e+00 -1.107812500000000000e+01
-8.834650750351912052e+00 -1.691406250000000000e+01
-8.794750325841754091e+00 -1.211718750000000000e+01
-8.758829853187954484e+00 -1.165625000000000000e+01
-8.720847531851354972e+00 -1.208593750000000000e+01
-8.683887333628135252e+00 -1.112500000000000000e+01
-8.645304272758686182e+00 -9.312500000000000000e+00
-8.609733758267886117e+00 -9.156250000000000000e+00
-8.569601392407658835e+00 -9.007812500000000000e+00
-8.533991303843528442e+00 -1.043750000000000000e+01
-8.495475836201229924e+00 -1.071093750000000000e+01
-8.458977392747392798e+00 -8.843750000000000000e+00
-8.420216636336739668e+00 -1.126562500000000000e+01
-8.384899826254596178e+00 -8.062500000000000000e+00
-8.344594969223994241e+00 -1.240625000000000000e+01
-8.308992032429721064e+00 -7.578125000000000000e+00
-8.270698186811650032e+00 -9.148437500000000000e+00
-8.234332082753880400e+00 -1.170312500000000000e+01
-8.195779725254134007e+00 -9.593750000000000000e+00
-8.159478337023379879e+00 -1.025000000000000000e+01
-8.119731100566610849e+00 -6.171875000000000000e+00
-8.084403484167893339e+00 -1.079687500000000000e+01
-8.045920468966222927e+00 -9.328125000000000000e+00
-8.008559904142352082e+00 -1.275781250000000000e+01
-7.970671801366883358e+00 -1.195312500000000000e+01
-7.934710321438238623e+00 -4.875000000000000000e+00
-7.894884380733895313e+00 -7.445312500000000000e+00
-7.859445364733453232e+00 -1.528125000000000000e+01
-7.820479553886009683e+00 -1.131250000000000000e+01
-7.783070443524636062e+00 -1.256250000000000000e+01
-7.745815320749578348e+00 -4.367187500000000000e+00
-7.709719739373028347e+00 -8.328125000000000000e+00
-7.670111786326781811e+00 -5.851562500000000000e+00
-7.634385697879814359e+00 -1.135937500000000000e+01
-7.594601404610152429e+00 -9.187500000000000000e+00
-7.558310605759331224e+00 -4.656250000000000000e+00
-7.520855416839239638e+00 -5.718750000000000000e+00
-7.483052551324401946e+00 -2.968750000000000000e-01
-7.445339173937139066e+00 -3.890625000000000000e+00
-7.409076564341440019e+00 -1.437500000000000000e+00
-7.369839612173386456e+00 -7.421875000000000000e+00
-7.332704260651262018e+00 -4.632812500000000000e+00
-7.296206146891684341e+00 -6.781250000000000000e+00
-7.260183337412669857e+00 -8.750000000000000000e-01
-7.220339092445389184e+00 -4.351562500000000000e+00
-7.182534031658466489e+00 -5.296875000000000000e+00
-7.145051222866904084e+00 -2.773437500000000000e+00
-7.108222519496365521e+00 -4.578125000000000000e+00
-7.070215131781893092e+00 -2.234375000000000000e+00
-7.031560431289840096e+00 -3.664062500000000000e+00
-6.995566023212919760e+00 -4.390625000000000000e+00
-6.957769967162054314e+00 -7.679687500000000000e+00
-6.920284108943896229e+00 -5.617187500000000000e+00
-6.882906260176142155e+00 -5.109375000000000000e+00
-6.845438169562854114e+00 -2.703125000000000000e+00
-6.806529065408554402e+00 -4.523437500000000000e+00
-6.770792921526041397e+00 -1.359375000000000000e+00
-6.734793755553319272e+00 -3.203125000000000000e+00
-6.695083699345737216e+00 9.375000000000000000e-01
-6.658424545593042865e+00 -3.882812500000000000e+00
-6.620490503009229144e+00 2.867187500000000000e+00
-6.581578327058842603e+00 -5.671875000000000000e+00
-6.545902174766425219e+00 2.070312500000000000e+00
-6.506014026525381411e+00 7.890625000000000000e-01
-6.470311069522900027e+00 -1.265625000000000000e+00
-6.433096515021226480e+00 -2.804687500000000000e+00
-6.395542492681158819e+00 3.000000000000000000e+00
-6.356794925507735172e+00 -3.203125000000000000e+00
-6.321143069248094548e+00 1.968750000000000000e+00
-6.281683214542283622e+00 3.437500000000000000e-01
-6.245509761512245461e+00 4.015625000000000000e+00
-6.207522576078368104e+00 -2.750000000000000000e+00
-6.170466451007868613e+00 2.687500000000000000e+00
-6.132027235998272374e+00 3.296875000000000000e+00
-6.096376120492962514e+00 5.718750000000000000e+00
-6.056679999722994978e+00 1.796875000000000000e-01
-6.020291407503584935e+00 -4.843750000000000000e-01
-5.982220471150938579e+00 7.406250000000000000e+00
-5.945689022654605083e+00 2.640625000000000000e+00
-5.907259640730650574e+00 2.515625000000000000e+00
-5.871596862349022672e+00 2.187500000000000000e+00
-5.831240577661681357e+00 1.296875000000000000e+00
-5.795802742893030768e+00 8.359375000000000000e-01
-5.757105553163000877e+00 1.843750000000000000e+00
-5.720911713634322382e+00 -1.609375000000000000e+00
-5.682453885862507548e+00 7.031250000000000000e-01
-5.646738001624818537e+00 3.234375000000000000e+00
-5.606439634689621698e+00 -1.406250000000000000e-01
-5.571033329287644165e+00 1.164062500000000000e+00
-5.533215775274761938e+00 1.171875000000000000e-01
-5.495865749001751510e+00 -2.656250000000000000e-01
-5.457304818574961303e+00 2.875000000000000000e+00
-5.419301749210752916e+00 -3.359375000000000000e-01
-5.381365782538232168e+00 2.218750000000000000e+00
-5.346073269911919112e+00 -8.750000000000000000e-01
-5.307060951252545067e+00 -1.031250000000000000e+00
-5.270467151797824101e+00 1.007812500000000000e+00
-5.232531998871458256e+00 2.031250000000000000e-01
-5.194536953782552757e+00 -5.390625000000000000e-01
-5.156901656431188030e+00 -9.375000000000000000e-01
-5.121487972547953405e+00 -7.734375000000000000e-01
-5.082128588053222984e+00 -5.937500000000000000e-01
-5.044802141381531158e+00 -1.804687500000000000e+00
-5.007716295766051928e+00 1.968750000000000000e+00
-4.969772186184890472e+00 7.500000000000000000e-01
-4.931966276804331528e+00 1.531250000000000000e+00
-4.896170725675837332e+00 -1.046875000000000000e+00
-4.857351447893364593e+00 -1.359375000000000000e+00
-4.819758159717338231e+00 4.140625000000000000e+00
-4.782781376547845298e+00 4.562500000000000000e+00
-4.745384090150942313e+00 6.289062500000000000e+00
-4.707187359415428318e+00 -1.539062500000000000e+00
-4.671078948522399799e+00 6.125000000000000000e+00
-4.632201836876511436e+00 5.695312500000000000e+00
-4.594720023193694658e+00 6.820312500000000000e+00
-4.557836293224305280e+00 5.890625000000000000e+00
-4.518112710953865019e+00 3.578125000000000000e+00
-4.482584233803969198e+00 1.953125000000000000e-01
-4.442676046574490556e+00 5.531250000000000000e+00
-4.406979343913270952e+00 7.453125000000000000e+00
-4.370238388151364006e+00 1.071875000000000000e+01
-4.332876182114482333e+00 3.843750000000000000e+00
-4.293480806031588770e+00 8.820312500000000000e+00
-4.257470692312089966e+00 5.406250000000000000e+00
-4.221556627693708208e+00 7.781250000000000000e+00
-4.182119223760103921e+00 4.578125000000000000e+00
-4.144921919283561351e+00 1.262500000000000000e+01
-4.108113613602249359e+00 1.209375000000000000e+01
-4.068564930101565835e+00 1.148437500000000000e+01
-4.032691761626374216e+00 1.079687500000000000e+01
-3.994968066691690467e+00 1.000000000000000000e+01
-3.957186664698838285e+00 1.742968750000000000e+01
-3.920440294955078286e+00 1.434375000000000000e+01
-3.882501956162755619e+00 1.526562500000000000e+01
-3.844099608600380691e+00 1.621875000000000000e+01
-3.807912733675657080e+00 1.717187500000000000e+01
-3.772034326255443659e+00 1.776562500000000000e+01
-3.732419759395725123e+00 2.144531250000000000e+01
-3.694822552223115508e+00 2.075000000000000000e+01
-3.657537583657564539e+00 2.121875000000000000e+01
-3.618911980793214411e+00 1.472656250000000000e+01
-3.583074659503793669e+00 2.025000000000000000e+01
-3.543604993780320456e+00 1.920312500000000000e+01
-3.507262439549705846e+00 2.285156250000000000e+01
-3.469428055519706788e+00 2.192187500000000000e+01
-3.432270727481281369e+00 3.168750000000000000e+01
-3.393479737894416814e+00 2.306250000000000000e+01
-3.358331502347319031e+00 2.979687500000000000e+01
-3.318371182665018182e+00 2.600000000000000000e+01
-3.282218307931664469e+00 2.621875000000000000e+01
-3.243514382949534536e+00 2.698437500000000000e+01
-3.207221417538022479e+00 2.953125000000000000e+01
-3.168752965384676656e+00 3.078125000000000000e+01
-3.133300148095351290e+00 3.271875000000000000e+01
-3.093148652867540704e+00 3.698437500000000000e+01
-3.057917548637952621e+00 3.505468750000000000e+01
-3.019069703919093683e+00 3.449218750000000000e+01
-2.982716468574707847e+00 3.589062500000000000e+01
-2.943990937032261002e+00 3.692187500000000000e+01
-2.908100056057797644e+00 3.965625000000000000e+01
-2.868306204175347318e+00 3.474218750000000000e+01
-2.832705022500356051e+00 3.900000000000000000e+01
-2.793958676796783891e+00 4.086718750000000000e+01
-2.757802990523551045e+00 4.054687500000000000e+01
-2.719459902904816317e+00 3.467968750000000000e+01
-2.683093067832302836e+00 3.968750000000000000e+01
-2.643466397496247566e+00 3.556250000000000000e+01
-2.607916767536273994e+00 4.369531250000000000e+01
-2.568862305675914115e+00 4.680468750000000000e+01
-2.532889211073126035e+00 4.490625000000000000e+01
-2.494426758015514167e+00 4.764062500000000000e+01
-2.456495256636152646e+00 4.329687500000000000e+01
-2.418375568473450699e+00 5.045312500000000000e+01
-2.382797015002360297e+00 4.318750000000000000e+01
-2.343340808682846443e+00 4.578125000000000000e+01
-2.307102199293737499e+00 4.292187500000000000e+01
-2.269613387351604672e+00 4.670312500000000000e+01
-2.231730774543429163e+00 4.296875000000000000e+01
-2.193607173845421698e+00 4.385937500000000000e+01
-2.158024011369924722e+00 4.678125000000000000e+01
-2.119154346591443527e+00 4.237500000000000000e+01
-2.082058126032514167e+00 4.417968750000000000e+01
-2.044470105774585988e+00 4.406250000000000000e+01
-2.005141960560003156e+00 4.548437500000000000e+01
-1.968840761994115951e+00 4.771875000000000000e+01
-1.933078885500499666e+00 4.529687500000000000e+01
-1.893815927655673192e+00 4.531250000000000000e+01
-1.856457497513375188e+00 4.573437500000000000e+01
-1.819697285147036325e+00 4.051562500000000000e+01
-1.780168207763203725e+00 4.449218750000000000e+01
-1.744076359233034168e+00 4.234375000000000000e+01
-1.708317482072807536e+00 4.467187500000000000e+01
-1.668762539875181972e+00 4.379687500000000000e+01
-1.631697565342520306e+00 4.189062500000000000e+01
-1.594364999198923272e+00 4.060156250000000000e+01
-1.555181693751656269e+00 4.637500000000000000e+01
-1.519441092985381658e+00 5.191406250000000000e+01
-1.483630523802780488e+00 4.590625000000000000e+01
-1.443777341347619370e+00 4.196875000000000000e+01
-1.407216064996354987e+00 4.328906250000000000e+01
-1.369092026157900932e+00 4.229687500000000000e+01
-1.330407339112134935e+00 3.867187500000000000e+01
-1.294543851248775468e+00 3.759375000000000000e+01
-1.255057548153274638e+00 3.976562500000000000e+01
-1.218914166376372066e+00 4.240625000000000000e+01
-1.181599084253605270e+00 3.929687500000000000e+01
-1.143937168459558507e+00 3.862500000000000000e+01
-1.105562422569811076e+00 3.589062500000000000e+01
-1.069775043349991961e+00 3.646875000000000000e+01
-1.030058770620392750e+00 3.464062500000000000e+01
-9.940412122270529949e-01 3.357812500000000000e+01
-9.568392471358606599e-01 3.795312500000000000e+01
-9.190077254476349822e-01 3.385937500000000000e+01
-8.806361344206621311e-01 3.730468750000000000e+01
-8.449616276586837671e-01 2.878906250000000000e+01
-8.050603217206884210e-01 3.210937500000000000e+01
-7.692694042891119466e-01 3.464062500000000000e+01
-7.304194824003289455e-01 2.992187500000000000e+01
-6.939400398769706158e-01 3.133593750000000000e+01
-6.555056271519177358e-01 3.418750000000000000e+01
-6.198624720337662097e-01 2.968750000000000000e+01
-5.798568365312632977e-01 2.853125000000000000e+01
-5.441787027827089673e-01 3.328125000000000000e+01
-5.056412175229425543e-01 2.968750000000000000e+01
-4.691629837107669232e-01 2.679687500000000000e+01
-4.308336401176688923e-01 2.790625000000000000e+01
-3.952215928510582899e-01 2.642187500000000000e+01
-3.555245688994403963e-01 3.007812500000000000e+01
-3.197257873800438688e-01 2.984375000000000000e+01
-2.805323270219659548e-01 2.756250000000000000e+01
-2.442474576194229030e-01 2.618750000000000000e+01
-2.060656514244669779e-01 2.903906250000000000e+01
-1.702882405368129071e-01 2.277343750000000000e+01
-1.302932319589729104e-01 2.757812500000000000e+01
-9.461166818631028264e-02 2.628125000000000000e+01
-5.558993871356676664e-02 2.198437500000000000e+01
-1.905381457360277864e-02 2.657812500000000000e+01
1.877963459434539573e-02 1.989062500000000000e+01
5.449473061128173867e-02 2.228125000000000000e+01
9.483427125987375916e-02 2.117187500000000000e+01
1.305726547861567610e-01 2.267187500000000000e+01
1.699133573594693303e-01 1.925000000000000000e+01
2.064065266038070945e-01 1.567187500000000000e+01
2.437634778205719499e-01 2.290625000000000000e+01
2.836047589694317139e-01 1.735156250000000000e+01
3.196902528944605137e-01 2.140625000000000000e+01
3.553454026541302824e-01 1.404687500000000000e+01
3.948618012097639962e-01 1.268750000000000000e+01
4.314503209120914562e-01 1.737500000000000000e+01
4.685371709809587060e-01 1.865625000000000000e+01
5.063065634348795641e-01 1.293750000000000000e+01
5.443791824162822479e-01 1.740625000000000000e+01
5.799328583472487253e-01 1.707812500000000000e+01
6.194388457326525099e-01 1.425000000000000000e+01
6.564883730018848951e-01 2.050781250000000000e+01
6.936739198030537068e-01 1.217187500000000000e+01
7.333953627242308926e-01 1.143750000000000000e+01
7.692177394183516981e-01 1.293750000000000000e+01
8.068249959675846128e-01 1.164843750000000000e+01
8.446508656666082970e-01 9.421875000000000000e+00
8.815264983169157631e-01 9.890625000000000000e+00
9.197293495788230189e-01 1.303125000000000000e+01
9.578886080812480941e-01 8.578125000000000000e+00
9.939895730204710844e-01 1.546093750000000000e+01
1.031818591421572506e+00 6.539062500000000000e+00
1.069417687936493166e+00 1.263281250000000000e+01
1.106575266568050608e+00 1.382031250000000000e+01
1.144505655219084872e+00 9.531250000000000000e+00
1.182980476434458694e+00 1.282812500000000000e+01
1.218756068163301620e+00 9.468750000000000000e+00
1.258262358960053007e+00 7.484375000000000000e+00
1.294184506833971682e+00 2.171875000000000000e+00
1.331624117008402663e+00 7.765625000000000000e+00
1.369472733525583408e+00 8.343750000000000000e+00
1.407946668092762366e+00 6.539062500000000000e+00
1.443529578895478949e+00 1.156250000000000000e+01
1.483258999635133080e+00 3.570312500000000000e+00
1.519157145114412799e+00 4.195312500000000000e+00
1.558066596511636703e+00 3.843750000000000000e+00
1.594698159467888843e+00 -6.406250000000000000e-01
1.632912508416900721e+00 3.859375000000000000e+00
1.668519445985403138e+00 8.562500000000000000e+00
1.708665482361965360e+00 -1.140625000000000000e+00
1.744197239387247578e+00 2.195312500000000000e+00
1.781994360950015732e+00 1.648437500000000000e+00
1.819475002830522214e+00 4.335937500000000000e+00
1.857686929289464217e+00 4.812500000000000000e+00
1.893181084695921612e+00 4.765625000000000000e+00
1.933023545417213995e+00 5.906250000000000000e+00
1.968857840361856404e+00 3.796875000000000000e+00
2.007954406176850171e+00 3.359375000000000000e+00
2.044251825001929035e+00 1.226562500000000000e+00
2.082480886163068590e+00 4.515625000000000000e+00
2.118258665184498568e+00 6.093750000000000000e-01
2.158223123692124545e+00 1.320312500000000000e+00
2.193832634648380520e+00 -2.281250000000000000e+00
2.232732758991460287e+00 6.718750000000000000e+00
2.268888060064583101e+00 8.343750000000000000e+00
2.307235766734500260e+00 -1.015625000000000000e+00
2.343078773196122455e+00 -3.046875000000000000e-01
2.383211908381024813e+00 1.718750000000000000e+00
2.418692980549046467e+00 1.445312500000000000e+00
2.458136637264630053e+00 1.187500000000000000e+00
2.494587774192908114e+00 -1.906250000000000000e+00
2.531819632310060797e+00 5.703125000000000000e-01
2.569862660064067938e+00 -5.101562500000000000e+00
2.608221575814340554e+00 -5.906250000000000000e+00
2.643723749052384164e+00 4.921875000000000000e-01
2.683042797475469143e+00 -4.843750000000000000e+00
2.719915096410232991e+00 1.437500000000000000e+00
2.756785075531176687e+00 -2.343750000000000000e+00
2.794632688761161887e+00 -7.031250000000000000e-02
2.832969963996124108e+00 -2.093750000000000000e+00
2.868490503135632252e+00 -4.062500000000000000e-01
2.907933984907863589e+00 -2.921875000000000000e+00
2.944391391270748670e+00 -6.593750000000000000e+00
2.981739008037081362e+00 1.992187500000000000e+00
3.021335862801343808e+00 -2.656250000000000000e-01
3.057742188952076390e+00 -2.656250000000000000e-01
3.093408201384526990e+00 -1.437500000000000000e+00
3.132932296479985723e+00 1.023437500000000000e+00
3.169151474985248740e+00 2.796875000000000000e+00
3.206692801070708754e+00 -3.125000000000000000e-02
3.246096510111520672e+00 1.359375000000000000e+00
3.282527506216826652e+00 4.687500000000000000e-01
3.320152175454676780e+00 1.601562500000000000e+00
3.358353259067193619e+00 -2.218750000000000000e+00
3.394472939456427696e+00 -5.781250000000000000e+00
3.431822880466292247e+00 -1.437500000000000000e+00
3.471496833943078286e+00 1.242187500000000000e+00
3.507286447524069928e+00 -3.054687500000000000e+00
3.543027666876660930e+00 -2.546875000000000000e+00
3.582729401675145198e+00 -3.500000000000000000e+00
3.619232821401347167e+00 4.515625000000000000e+00
3.657718811031358541e+00 8.750000000000000000e-01
3.696371987585443719e+00 -4.843750000000000000e-01
3.732073649749469979e+00 3.828125000000000000e-01
3.769693447351709636e+00 -6.218750000000000000e+00
3.807492362623428050e+00 -4.453125000000000000e+00
3.843714919234599847e+00 3.359375000000000000e+00
3.882494664045211152e+00 -3.625000000000000000e+00
3.921146970045519708e+00 -2.515625000000000000e+00
3.957176697803625132e+00 -1.281250000000000000e+00
3.996581620040366545e+00 -3.687500000000000000e+00
4.032461003211473383e+00 -4.070312500000000000e+00
4.069606873437521699e+00 -3.546875000000000000e+00
4.108110670029354594e+00 4.531250000000000000e-01
4.146219495983920922e+00 9.531250000000000000e-01
4.181955548402875422e+00 3.203125000000000000e+00
4.221350531270424256e+00 -3.328125000000000000e+00
4.257021320716582125e+00 -2.906250000000000000e+00
4.294366685060310829e+00 -1.187500000000000000e+00
4.332744898146430046e+00 -5.625000000000000000e-01
4.371028149949381714e+00 -4.757812500000000000e+00
4.406759935387047022e+00 -5.664062500000000000e+00
4.446529525391945015e+00 -3.882812500000000000e+00
4.482000489285397293e+00 -5.437500000000000000e+00
4.520255848554910472e+00 -5.093750000000000000e+00
4.557663845338474573e+00 -8.593750000000000000e-01
4.595796157447296082e+00 2.234375000000000000e+00
4.631670941806316222e+00 -4.203125000000000000e+00
4.671296418042167886e+00 -8.984375000000000000e-01
4.706980149243285894e+00 -4.843750000000000000e-01
4.746784803769202199e+00 4.062500000000000000e-01
4.783337023801998100e+00 4.156250000000000000e+00
4.820564220591734284e+00 -2.726562500000000000e+00
4.856317294652058081e+00 9.062500000000000000e-01
4.896333958888675397e+00 1.453125000000000000e+00
4.932258335097372992e+00 3.984375000000000000e-01
4.971414892841373501e+00 -6.484375000000000000e-01
5.007360020998675054e+00 1.281250000000000000e+00
5.045399779418637820e+00 2.031250000000000000e-01
5.081348029700983204e+00 1.000000000000000000e+00
5.121300128888215397e+00 1.890625000000000000e+00
5.157025097213278286e+00 -2.835937500000000000e+00
5.196340986613591895e+00 8.437500000000000000e-01
5.232857096621721382e+00 -2.789062500000000000e+00
5.270174576196275495e+00 -6.093750000000000000e-01
5.306347590457519914e+00 -4.156250000000000000e+00
5.346397999970342596e+00 -3.343750000000000000e+00
5.381894166108331490e+00 -3.437500000000000000e+00
5.421430260190792438e+00 -9.218750000000000000e-01
5.457900412011923663e+00 2.296875000000000000e+00
5.495328760090288256e+00 1.148437500000000000e+00
5.534841780677652423e+00 -1.453125000000000000e+00
5.571028552969480074e+00 -5.406250000000000000e+00
5.606558609974541696e+00 7.812500000000000000e-02
5.645897130422468990e+00 -1.187500000000000000e+00
5.682377196955478382e+00 -4.304687500000000000e+00
5.720078875160503173e+00 -2.328125000000000000e+00
5.759331918560484098e+00 -4.296875000000000000e+00
5.795955174382235953e+00 -2.875000000000000000e+00
5.833496903889862750e+00 -2.218750000000000000e+00
5.871253696640906128e+00 -3.062500000000000000e+00
5.907697918638696422e+00 -8.773437500000000000e+00
5.944876271361358988e+00 -3.593750000000000000e-01
5.984634424203512992e+00 -3.859375000000000000e+00
6.020673055787444383e+00 -5.593750000000000000e+00
6.058267519614854990e+00 -6.187500000000000000e+00
6.096020504478929070e+00 -5.109375000000000000e+00
6.132457852108309737e+00 -3.156250000000000000e+00
6.169976946749024194e+00 -4.375000000000000000e+00
6.209581313487419152e+00 -5.093750000000000000e+00
6.245645321336890987e+00 -2.054687500000000000e+00
6.284916796115282978e+00 -2.546875000000000000e+00
6.320751229807477500e+00 -2.687500000000000000e+00
6.357495294705685751e+00 -4.593750000000000000e+00
6.396425623539791161e+00 7.187500000000000000e-01
6.434349528433799037e+00 -1.789062500000000000e+00
6.470118789784564228e+00 -7.859375000000000000e+00
6.509686283663029371e+00 -2.078125000000000000e+00
6.545553962928806868e+00 -3.765625000000000000e+00
6.581700472796484291e+00 -3.937500000000000000e+00
6.620848904171701577e+00 -1.875000000000000000e+00
6.659318124816927309e+00 -4.171875000000000000e+00
6.695069707600616482e+00 -9.843750000000000000e-01
6.734678341412497105e+00 -2.898437500000000000e+00
6.770320713785167754e+00 -5.968750000000000000e+00
6.807302514233832369e+00 -4.906250000000000000e+00
6.846152090092019193e+00 -7.609375000000000000e+00
6.884220344918382750e+00 -4.093750000000000000e+00
6.919961476864667560e+00 -4.148437500000000000e+00
6.959669968548965358e+00 -9.218750000000000000e-01
6.995040751197642237e+00 -2.031250000000000000e+00
7.033583627803267291e+00 -1.203125000000000000e+00
7.070753486432614920e+00 3.601562500000000000e+00
7.109112090960081787e+00 -1.812500000000000000e+00
7.144840275482806646e+00 -5.828125000000000000e+00
7.184599140216725743e+00 1.000000000000000000e+00
7.220326586477135322e+00 1.562500000000000000e-02
7.259757871747105185e+00 -4.632812500000000000e+00
7.295704308470831734e+00 -2.109375000000000000e+00
7.333880318712147073e+00 -3.992187500000000000e+00
7.369726786753126646e+00 -2.234375000000000000e+00
7.409589264365905592e+00 -2.195312500000000000e+00
7.445097273444666541e+00 1.421875000000000000e+00
7.484697907156331098e+00 -3.234375000000000000e+00
7.521188673934034341e+00 -4.703125000000000000e+00
7.558648502226390065e+00 -3.406250000000000000e+00
7.594644712957332899e+00 -5.867187500000000000e+00
7.634534795100314852e+00 -1.960937500000000000e+00
7.670326012276433403e+00 -2.375000000000000000e+00
7.709577318812204538e+00 3.507812500000000000e+00
7.745547505354551276e+00 -3.515625000000000000e+00
7.783416591622483338e+00 -8.984375000000000000e-01
7.819641019618941868e+00 -1.625000000000000000e+00
7.859623150647323087e+00 -8.593750000000000000e-01
7.895092780533246923e+00 -1.351562500000000000e+00
7.934441900603992792e+00 4.687500000000000000e-02
7.970843774457300412e+00 1.406250000000000000e-01
8.008343515351278086e+00 -5.093750000000000000e+00
8.047804762106089527e+00 -3.843750000000000000e+00
8.084500652319508873e+00 -3.523437500000000000e+00
8.119859495530050708e+00 -1.890625000000000000e+00
8.159205702769391166e+00 -4.531250000000000000e+00
8.195603867135780263e+00 2.195312500000000000e+00
8.233412140615783414e+00 -3.632812500000000000e+00
8.270869043248200825e+00 -1.398437500000000000e+00
8.309117794015136838e+00 -3.515625000000000000e+00
8.344821270827601722e+00 -5.289062500000000000e+00
8.384036714131912760e+00 -7.937500000000000000e+00
8.420364068669861979e+00 -5.156250000000000000e+00
8.458243538729981026e+00 -5.500000000000000000e+00
8.497597951386978821e+00 -1.160156250000000000e+01
8.533927924656538266e+00 -6.453125000000000000e+00
8.569588257974324108e+00 -1.218750000000000000e+00
8.609243149917141125e+00 -5.187500000000000000e+00
8.645406731915983300e+00 -5.796875000000000000e+00
8.683018504193420029e+00 -8.281250000000000000e-01
8.722358658709254087e+00 -1.554687500000000000e+00
8.758696126389779124e+00 -2.031250000000000000e+00
8.796383258361128554e+00 8.593750000000000000e-01
8.833660539136559464e+00 -5.187500000000000000e+00
8.870720578776044363e+00 -2.328125000000000000e+00
8.909292327203715445e+00 -2.078125000000000000e+00
8.947663533993434726e+00 -6.992187500000000000e+00
8.983723978255277132e+00 -3.875000000000000000e+00
9.023241238379547724e+00 -1.281250000000000000e+00
9.058604422187013228e+00 -6.828125000000000000e+00
9.095480645581218937e+00 -2.828125000000000000e+00
9.134427773251047711e+00 -6.250000000000000000e+00
9.172424411343925499e+00 -5.054687500000000000e+00
9.208232845574613634e+00 -2.484375000000000000e+00
9.247791096827711499e+00 -5.859375000000000000e+00
9.283533688544387985e+00 -4.843750000000000000e+00
9.320813266601987834e+00 -2.484375000000000000e+00
9.359556254315194224e+00 -5.546875000000000000e+00
9.397493469601322147e+00 1.140625000000000000e+00
9.433359836853583147e+00 -3.781250000000000000e+00
9.473000547920506165e+00 3.750000000000000000e-01
9.508146277284790671e+00 -1.468750000000000000e+00
9.547916739336798742e+00 1.062500000000000000e+00
9.584479116332595083e+00 4.023437500000000000e+00
9.622269185245095002e+00 -3.015625000000000000e+00
9.658124944151154523e+00 -2.156250000000000000e+00
9.697550716790125591e+00 -2.328125000000000000e+00
9.733060834206092693e+00 -2.234375000000000000e+00
9.772862920780163165e+00 8.828125000000000000e-01
9.809078362594974010e+00 -2.476562500000000000e+00
9.847229832918372949e+00 -1.921875000000000000e+00
9.883025412672825638e+00 -2.835937500000000000e+00
9.922669491364779049e+00 -4.976562500000000000e+00
9.958225578781835452e+00 -4.328125000000000000e+00
9.997969692311279744e+00 -2.210937500000000000e+00
1.003417882974164854e+01 -4.890625000000000000e+00
1.007219016871500372e+01 -5.328125000000000000e+00
1.010793922611566842e+01 -5.015625000000000000e+00
1.014756330566567044e+01 -4.609375000000000000e+00
1.018320957363521728e+01 -5.078125000000000000e+00
1.022290899959359933e+01 -4.281250000000000000e+00
1.025899207943697178e+01 -2.734375000000000000e-01
1.029678116292822665e+01 -5.101562500000000000e+00
1.033293042720579535e+01 -5.812500000000000000e+00
1.037266374440452665e+01 -3.632812500000000000e+00
1.040858447014959154e+01 -3.046875000000000000e-01
1.044771115482871693e+01 -1.875000000000000000e-01
1.048378944624796816e+01 -8.750000000000000000e-01
1.052155686984448835e+01 6.250000000000000000e-02
1.055777617202047480e+01 5.156250000000000000e-01
1.059765021724170708e+01 5.781250000000000000e-01
1.063335543017289808e+01 -1.187500000000000000e+00
1.067261562838114131e+01 1.328125000000000000e-01
1.070883169940292845e+01 4.179687500000000000e+00
1.074651673380981975e+01 1.671875000000000000e+00
1.078579709712240486e+01 1.562500000000000000e-01
1.082241690703095571e+01 8.281250000000000000e-01
1.085812630620254993e+01 -1.679687500000000000e+00
1.089724484254573156e+01 1.437500000000000000e+00
1.093387373186354239e+01 -1.500000000000000000e+00
1.097135511639084626e+01 -4.531250000000000000e-01
1.101137638430471100e+01 -2.343750000000000000e-01
1.104724820523021833e+01 9.375000000000000000e-02
1.108309577370433630e+01 -1.406250000000000000e-01
1.112241099984541037e+01 -1.531250000000000000e+00
1.115807047814537611e+01 6.843750000000000000e+00
1.119611618128278252e+01 -4.453125000000000000e+00
1.123531793877801732e+01 1.062500000000000000e+00
1.127195009901343781e+01 -3.132812500000000000e+00
1.130972857766591844e+01 4.320312500000000000e+00
1.134718209116337206e+01 1.023437500000000000e+00
1.138423203124047944e+01 -3.250000000000000000e+00
1.142120097151558156e+01 -3.570312500000000000e+00
1.146062458460827571e+01 -1.484375000000000000e+00
1.149678571092424306e+01 -6.718750000000000000e-01
1.153636078721086733e+01 9.375000000000000000e-01
1.157215181743913490e+01 4.687500000000000000e-02
1.160870680938033672e+01 -1.390625000000000000e+00
1.164799388556489390e+01 -1.273437500000000000e+00
1.168565853637217344e+01 3.125000000000000000e+00
1.172171542522200838e+01 9.296875000000000000e-01
1.176113116917025536e+01 6.609375000000000000e+00
1.179691857899842944e+01 9.937500000000000000e+00
1.183530549297557144e+01 -2.421875000000000000e+00
1.187293817694730080e+01 -3.140625000000000000e+00
1.191069267067529580e+01 1.390625000000000000e+00
1.194664101782802845e+01 1.562500000000000000e+00
1.198404085632700955e+01 2.101562500000000000e+00
1.202180588928806770e+01 8.031250000000000000e+00
1.206135264948709107e+01 4.640625000000000000e+00
1.209771368548821613e+01 -2.031250000000000000e-01
1.213567302512790747e+01 2.953125000000000000e+00
1.217149033077088660e+01 3.984375000000000000e+00
1.221130668386146567e+01 -4.593750000000000000e+00
1.224657541838880803e+01 -1.484375000000000000e+00
1.228355699874890661e+01 1.312500000000000000e+00
1.232248916819220597e+01 -9.375000000000000000e-02
1.236033163267054391e+01 6.250000000000000000e-02
1.239626868473509802e+01 6.718750000000000000e-01
1.243597353904419123e+01 -6.679687500000000000e+00
1.247156094165895013e+01 -7.890625000000000000e-01
1.250978051236651822e+01 -3.625000000000000000e+00
1.254726462481188776e+01 2.343750000000000000e+00
1.258538642983108957e+01 2.828125000000000000e+00
1.262137154770545777e+01 -4.140625000000000000e+00
1.266094938340623344e+01 -6.335937500000000000e+00
1.269633061779224192e+01 4.273437500000000000e+00
1.273634290257639634e+01 -1.406250000000000000e+00
1.277225876301322671e+01 2.093750000000000000e+00
1.281015499681740266e+01 -2.578125000000000000e+00
1.284618280349628705e+01 -3.632812500000000000e+00
1.288583374427307149e+01 -1.484375000000000000e+00
1.292165760658092921e+01 4.687500000000000000e-01
1.296126550145515210e+01 5.125000000000000000e+00
1.299758149538914154e+01 -3.734375000000000000e+00
1.303477756222826400e+01 -7.812500000000000000e-02
1.307098086791047820e+01 -3.234375000000000000e+00
1.311073394176793983e+01 -6.406250000000000000e-01
1.314645996165077690e+01 3.421875000000000000e+00
1.318590030319781192e+01 -4.234375000000000000e+00
1.322206075139705916e+01 -2.890625000000000000e+00
1.325955371187563259e+01 1.250000000000000000e-01
1.329957456075525357e+01 -3.437500000000000000e+00
1.333571653593763529e+01 -2.242187500000000000e+00
1.337126937578921826e+01 -6.921875000000000000e+00
1.341096639110642741e+01 -4.062500000000000000e-01
1.344682109094514288e+01 -4.921875000000000000e+00
1.348446052397554240e+01 -2.070312500000000000e+00
1.352051096446776057e+01 -3.312500000000000000e+00
1.356048307811953180e+01 3.046875000000000000e-01
1.359599326165940170e+01 7.578125000000000000e-01
1.363576200587496245e+01 5.468750000000000000e-01
1.367186248504233959e+01 -3.250000000000000000e+00
1.370947023861777581e+01 1.031250000000000000e+00
1.374909553233036519e+01 -2.968750000000000000e-01
1.378524982483587280e+01 7.007812500000000000e+00
1.382121410107261994e+01 -2.296875000000000000e+00
1.386068564567494832e+01 9.437500000000000000e+00
1.389717385398772365e+01 1.484375000000000000e+00
1.393458177584292201e+01 2.226562500000000000e+00
1.397032409133762343e+01 -3.828125000000000000e+00
1.401011178840614946e+01 -7.093750000000000000e+00
1.404784490908623340e+01 -8.187500000000000000e+00
1.408559703314879386e+01 -4.562500000000000000e+00
1.412165858636155491e+01 -4.398437500000000000e+00
1.415969255206838540e+01 -4.421875000000000000e+00
1.419889080055970965e+01 -4.171875000000000000e+00
1.423501750757795747e+01 -1.445312500000000000e+00
1.427261575717257003e+01 4.320312500000000000e+00
1.431036624770261056e+01 -4.687500000000000000e-02
1.434669426263654657e+01 -3.750000000000000000e-01
1.438616495942037687e+01 4.718750000000000000e+00
1.442411468997740798e+01 5.015625000000000000e+00
1.445978432181882312e+01 1.015625000000000000e-01
1.449924684284400200e+01 -1.000000000000000000e+00
1.453513532755662396e+01 -5.312500000000000000e-01
1.457202195565849934e+01 -2.734375000000000000e+00
1.461115968020571643e+01 -2.617187500000000000e+00
1.464888322102412843e+01 -9.609375000000000000e-01
1.468480119480471657e+01 -3.156250000000000000e+00
1.472423227434976667e+01 -7.421875000000000000e+00
1.475990447341812484e+01 -3.421875000000000000e+00
1.479649828955088964e+01 2.562500000000000000e+00
1.483592762352604666e+01 -2.890625000000000000e+00
1.487344701040444050e+01 -3.890625000000000000e+00
1.490983254412228476e+01 -6.968750000000000000e+00
1.494927790797168399e+01 -7.203125000000000000e+00
1.498467348481992900e+01 -8.390625000000000000e+00
1.502154198720899103e+01 -5.421875000000000000e+00
1.506072931319154407e+01 -1.875000000000000000e+00
1.509863276333606308e+01 -4.515625000000000000e+00
1.513447603617327530e+01 7.656250000000000000e-01
1.517398777873223992e+01 7.500000000000000000e-01
1.520966126777695138e+01 1.351562500000000000e+00
1.524945901755882005e+01 2.656250000000000000e+00
1.528605066277899027e+01 2.656250000000000000e-01
1.532318864765399979e+01 4.531250000000000000e-01
1.535949691982496290e+01 -7.171875000000000000e+00
1.539901795665949180e+01 -5.750000000000000000e+00
1.543491930662269596e+01 -1.609375000000000000e+00
1.547455677526620832e+01 -2.937500000000000000e+00
1.551108602226970135e+01 -5.531250000000000000e+00
1.554824460626838345e+01 -3.179687500000000000e+00
1.558431038441655048e+01 -8.085937500000000000e+00
1.562394010798070099e+01 -5.500000000000000000e+00
1.565968275093467099e+01 -6.171875000000000000e+00
1.569957261747705601e+01 -1.101562500000000000e+00
1.573557152399237680e+01 -1.968750000000000000e+00
1.577296218741656020e+01 -6.984375000000000000e+00
1.580942065719946044e+01 -1.068750000000000000e+01
1.584871032043938044e+01 -9.140625000000000000e+00
1.588452645025486731e+01 -5.703125000000000000e-01
1.592428872767484194e+01 -5.984375000000000000e+00
1.596033192402913414e+01 -2.296875000000000000e+00
1.599773874538339413e+01 -7.187500000000000000e-01
1.603432471716740793e+01 2.171875000000000000e+00
1.607378331959999684e+01 -5.203125000000000000e+00
1.610937642366969413e+01 1.562500000000000000e-02
1.614911574601293509e+01 -8.125000000000000000e-01
1.618481486639833378e+01 -4.187500000000000000e+00
1.622255049538722460e+01 -1.515625000000000000e+00
1.625922880694495376e+01 4.390625000000000000e+00
1.629867316208598993e+01 -2.187500000000000000e+00
1.633435168179327945e+01 -1.250000000000000000e+00
1.637388736712975046e+01 -3.484375000000000000e+00
1.641012756716310861e+01 -3.242187500000000000e+00
1.644731903408825247e+01 -6.226562500000000000e+00
1.648653642302698330e+01 1.156250000000000000e+00
1.652366360259441080e+01 2.968750000000000000e-01
1.655932746646336540e+01 2.343750000000000000e-01
1.659914309010402178e+01 4.609375000000000000e-01
1.663516243971763231e+01 -3.000000000000000000e+00
1.667384946521905320e+01 1.437500000000000000e+00
1.671129666754742260e+01 -1.500000000000000000e+00
1.674821247372362620e+01 -2.781250000000000000e+00
1.678596161117293306e+01 1.406250000000000000e+00
1.682391208666287241e+01 2.453125000000000000e+00
1.685955272597895060e+01 -1.125000000000000000e+00
1.689862443505534273e+01 -2.984375000000000000e+00
1.693660699438286343e+01 7.656250000000000000e-01
1.697308702089221555e+01 -5.484375000000000000e+00
1.701302113618932310e+01 1.718750000000000000e+00
1.704868099887882238e+01 -3.343750000000000000e+00
1.708524772219033139e+01 1.562500000000000000e+00
1.712415868669773999e+01 -3.765625000000000000e+00
1.716136680704247652e+01 1.328125000000000000e+00
1.719785393780775706e+01 -4.687500000000000000e-01
1.723736821352707693e+01 -1.875000000000000000e+00
1.727322923993981618e+01 -5.468750000000000000e+00
1.730972567453218147e+01 -1.250000000000000000e+00
1.734920145257724755e+01 -4.421875000000000000e+00
1.738640246330858474e+01 -7.046875000000000000e+00
1.742312534241295197e+01 -4.578125000000000000e+00
1.746256296205594083e+01 -6.187500000000000000e+00
1.749799786787682621e+01 -5.328125000000000000e+00
1.753448594240116876e+01 -8.750000000000000000e-01
1.757396223633345755e+01 -3.921875000000000000e+00
1.761143836019788722e+01 -5.140625000000000000e+00
1.764795659254329863e+01 -2.289062500000000000e+00
1.768735013049603566e+01 -5.179687500000000000e+00
1.772269781033941527e+01 -5.695312500000000000e+00
1.775952798015140388e+01 4.843750000000000000e-01
1.779883013348002407e+01 -5.265625000000000000e+00
1.783677529537403217e+01 -4.625000000000000000e+00
1.787284562953439604e+01 -1.414062500000000000e+00
1.791230792509650627e+01 -5.304687500000000000e+00
1.794775650502471365e+01 -1.804687500000000000e+00
1.798767493116929472e+01 3.593750000000000000e-01
1.802360502676596354e+01 -4.312500000000000000e+00
1.806153575828233926e+01 4.687500000000000000e-02
1.809793069573434821e+01 -1.703125000000000000e+00
1.813734213166328146e+01 5.046875000000000000e+00
1.817305941516193002e+01 -3.203125000000000000e+00
1.821277185767856110e+01 1.593750000000000000e+00
1.824824448414524625e+01 -1.031250000000000000e+00
1.828634735192434135e+01 -4.812500000000000000e+00
1.832270896512646630e+01 4.757812500000000000e+00
1.836210927058284170e+01 -8.156250000000000000e+00
1.839771236714289415e+01 2.343750000000000000e-01
1.843755860511457811e+01 -2.085937500000000000e+00
1.847307998462751755e+01 -2.750000000000000000e+00
1.851147562746451314e+01 9.531250000000000000e-01
1.854775643235706184e+01 -2.148437500000000000e+00
1.858692990047534011e+01 -4.625000000000000000e+00
1.862270905451203618e+01 6.250000000000000000e-01
1.866233053845728662e+01 -5.601562500000000000e+00
1.869800985007062621e+01 -1.062500000000000000e+00
1.873625208810813803e+01 -3.203125000000000000e+00
1.877500352939269845e+01 -1.734375000000000000e+00
1.881193181171587270e+01 -6.242187500000000000e+00
1.884768712116253653e+01 1.585937500000000000e+00
1.888739156169199873e+01 -8.390625000000000000e+00
1.892252697981253107e+01 -2.718750000000000000e+00
1.896102867343257259e+01 -8.281250000000000000e-01
1.900003889571553373e+01 5.953125000000000000e+00
1.903693398221332700e+01 -6.609375000000000000e+00
1.907266581319614573e+01 -9.375000000000000000e-01
1.911220759671090619e+01 -9.117187500000000000e+00
1.914781266108514046e+01 -2.117187500000000000e+00
1.918615550037323914e+01 -3.687500000000000000e+00
1.922535057081502430e+01 -3.875000000000000000e+00
1.926169789520611175e+01 -1.500000000000000000e+00
1.929930765312583318e+01 -2.257812500000000000e+00
1.933701302705797076e+01 -3.718750000000000000e+00
1.937258195342522527e+01 -5.265625000000000000e+00
1.941182979918285056e+01 -2.375000000000000000e+00
1.944928377318020551e+01 -1.796875000000000000e+00
1.948622282118488869e+01 1.125000000000000000e+00
1.952595135011273442e+01 -8.218750000000000000e+00
1.956189297234082147e+01 -2.312500000000000000e+00
1.959791328446964087e+01 -3.281250000000000000e-01
1.963735650000742083e+01 -3.468750000000000000e+00
1.967459484314193929e+01 -7.187500000000000000e-01
1.971149035716045006e+01 -3.054687500000000000e+00
1.974884922066321380e+01 -1.664062500000000000e+00
1.978665762724845223e+01 2.515625000000000000e+00
1.982267383236840885e+01 1.671875000000000000e+00
1.986231926187025465e+01 -4.062500000000000000e+00
1.989935507020008032e+01 -1.281250000000000000e+00
1.993653517316076673e+01 -1.078125000000000000e+00
1.997587369736151430e+01 -2.710937500000000000e+00
2.001137014021905003e+01 1.718750000000000000e-01
2.004949441157423706e+01 -8.593750000000000000e-02
2.008719705915514453e+01 -6.046875000000000000e+00
2.012524542249179405e+01 1.859375000000000000e+00
2.016132866610654872e+01 -6.640625000000000000e+00
2.020064095368592660e+01 -2.648437500000000000e+00
2.023618693823514292e+01 -3.625000000000000000e+00
2.027454582075424128e+01 1.609375000000000000e+00
2.031195794753234907e+01 -4.703125000000000000e+00
2.035000584442190785e+01 -3.031250000000000000e+00
2.038643732493012095e+01 1.875000000000000000e-01
2.042545617117777113e+01 -2.921875000000000000e+00
2.046112681687834822e+01 -2.937500000000000000e+00
2.049931541227542198e+01 -2.632812500000000000e+00
2.053728685724820480e+01 2.421875000000000000e+00
2.057498479101894162e+01 -5.421875000000000000e+00
2.061104972501064481e+01 8.046875000000000000e-01
2.065022768469408732e+01 -2.265625000000000000e+00
2.068607061196581043e+01 -9.843750000000000000e-01
2.072598740542174411e+01 -1.203125000000000000e+00
2.076189031393263207e+01 -1.976562500000000000e+00
2.079964414966303821e+01 -3.039062500000000000e+00
2.083597135997781180e+01 -8.046875000000000000e-01
2.087519888472507290e+01 -1.562500000000000000e-02
2.091091087860137776e+01 -1.671875000000000000e+00
2.095084870299321977e+01 -3.546875000000000000e+00
2.098665793993389883e+01 -8.164062500000000000e+00
2.102453883129026480e+01 -4.578125000000000000e+00
2.106118672483142973e+01 2.343750000000000000e-01
2.109977072313542124e+01 -6.328125000000000000e+00
2.113574682891333367e+01 -4.484375000000000000e+00
2.117589629982071742e+01 2.414062500000000000e+00
2.121131778481061758e+01 8.750000000000000000e-01
2.124931583454570472e+01 -2.593750000000000000e+00
2.128583711281762447e+01 -4.750000000000000000e+00
2.132495648965236512e+01 -3.875000000000000000e+00
2.136101800595695011e+01 -2.929687500000000000e+00
2.140068644398876785e+01 -1.687500000000000000e+00
2.143642262577915858e+01 -1.562500000000000000e-02
2.147461435379049988e+01 -1.718750000000000000e-01
2.151087108349972965e+01 -3.406250000000000000e+00
2.154971963628308629e+01 -1.671875000000000000e+00
2.158578724692976891e+01 -6.125000000000000000e+00
2.162560631731926719e+01 -5.500000000000000000e+00
2.166105517565532068e+01 4.859375000000000000e+00
2.169939097584396848e+01 -2.820312500000000000e+00
2.173830163409756011e+01 -1.687500000000000000e+00
2.177523136298297146e+01 9.375000000000000000e-01
2.181055650344767116e+01 -7.968750000000000000e-01
2.185021674334316444e+01 1.929687500000000000e+00
2.188589415478020328e+01 4.039062500000000000e+00
2.192466955516685090e+01 -1.406250000000000000e-01
2.196306178268449827e+01 -4.546875000000000000e+00
2.200026216335500351e+01 -5.078125000000000000e+00
2.203755234446154176e+01 -5.820312500000000000e+00
2.207513500792291694e+01 -3.320312500000000000e+00
2.211114525513777096e+01 -4.171875000000000000e+00
2.214999595059834903e+01 -2.601562500000000000e+00
2.218866472847972204e+01 -2.195312500000000000e+00
2.222475877151047285e+01 -2.601562500000000000e+00
2.226432904132931867e+01 -7.984375000000000000e+00
2.230012692728367085e+01 -3.570312500000000000e+00
2.233646630398806110e+01 -8.078125000000000000e+00
2.237567300621681454e+01 -5.328125000000000000e+00
2.241313572957175637e+01 -7.968750000000000000e+00
2.244988222652634491e+01 -3.742187500000000000e+00
2.248885508468578109e+01 -2.078125000000000000e+00
2.252463388428643754e+01 -5.156250000000000000e+00
2.256122667949756533e+01 -6.265625000000000000e+00
2.260045468211797726e+01 -1.186718750000000000e+01
2.263818521896851621e+01 -7.601562500000000000e+00
2.267508488528921617e+01 -6.062500000000000000e+00
2.271394735004445664e+01 -7.468750000000000000e+00
2.274943435854974183e+01 -9.578125000000000000e+00
2.278598696823399905e+01 -8.671875000000000000e+00
2.282522211145010971e+01 -9.796875000000000000e+00
2.286362454129965016e+01 -1.162500000000000000e+01
2.289952962296751338e+01 -7.765625000000000000e+00
2.293861718750528667e+01 -3.671875000000000000e+00
2.297425406858610941e+01 -4.062500000000000000e+00
2.301411554448277030e+01 -8.750000000000000000e+00
2.305020149857805478e+01 -8.960937500000000000e+00
2.308819832456498489e+01 -4.843750000000000000e+00
2.312419425978757559e+01 -8.109375000000000000e+00
2.316348195239856267e+01 -4.453125000000000000e+00
2.319902603830860599e+01 -1.156250000000000000e+01
2.323910542892130948e+01 -1.145312500000000000e+01
2.327520078543860649e+01 -9.359375000000000000e+00
2.331317912116326596e+01 -6.500000000000000000e+00
2.334925152197550347e+01 -3.195312500000000000e+00
2.338866012865587152e+01 -1.023437500000000000e+01
2.342399598638915492e+01 -1.235156250000000000e+01
2.346410837654866555e+01 -1.162500000000000000e+01
2.349992864000081738e+01 -9.125000000000000000e+00
2.353773588994368993e+01 -1.611718750000000000e+01
2.357419600871009635e+01 -9.984375000000000000e+00
2.361342313011668637e+01 -5.187500000000000000e+00
2.364902156619057649e+01 -1.360937500000000000e+01
2.368890087594333949e+01 -7.796875000000000000e+00
2.372476908741603552e+01 -4.437500000000000000e+00
2.376273368448863010e+01 -1.306250000000000000e+01
2.379926424903614901e+01 -8.406250000000000000e+00
2.383818600504132235e+01 -1.131250000000000000e+01
2.387395804281064216e+01 -9.210937500000000000e+00
2.391398314972055061e+01 -1.273437500000000000e+01
2.394950344477805260e+01 -8.968750000000000000e+00
2.398768339185377840e+01 -1.542968750000000000e+01
2.402417148931425572e+01 -8.445312500000000000e+00
2.406306439621457116e+01 -1.239062500000000000e+01
2.410101392624838823e+01 -1.448437500000000000e+01
2.413889989134649028e+01 -1.199218750000000000e+01
2.417429111987669899e+01 -9.484375000000000000e+00
2.421263286440922258e+01 -9.093750000000000000e+00
2.424907893773568190e+01 -1.064062500000000000e+01
2.428822746133630517e+01 -7.593750000000000000e+00
2.432388250310593492e+01 -1.180468750000000000e+01
2.436366631175068420e+01 -9.195312500000000000e+00
2.439920710282569871e+01 -7.890625000000000000e+00
2.443791497611130126e+01 -8.593750000000000000e+00
2.447656513356294283e+01 -1.104687500000000000e+01
2.451299061844440530e+01 -1.104687500000000000e+01
2.455077074693162942e+01 -9.085937500000000000e+00
2.458845522171609588e+01 -5.843750000000000000e+00
2.462413663843901190e+01 -5.406250000000000000e+00
2.466392078691568202e+01 -4.515625000000000000e+00
2.470132524251046391e+01 -7.890625000000000000e+00
2.473775384807925093e+01 -8.812500000000000000e+00
2.477363608767969794e+01 -3.203125000000000000e+00
2.481322064846458630e+01 -5.218750000000000000e+00
2.484913971426804835e+01 -7.171875000000000000e+00
2.488816181391139182e+01 -1.093750000000000000e+01
2.492608524441773454e+01 -8.781250000000000000e+00
2.496254982621955776e+01 -8.156250000000000000e+00
2.500228296815562601e+01 -8.429687500000000000e+00
2.503807047127566321e+01 -1.075000000000000000e+01
2.507616740597626759e+01 -7.609375000000000000e+00
2.511357027219170845e+01 -5.445312500000000000e+00
2.515056775242582177e+01 -1.193750000000000000e+01
2.518757061339573511e+01 -8.312500000000000000e+00
2.522705056854552197e+01 -9.968750000000000000e+00
2.526275140776701988e+01 -1.064062500000000000e+01
2.529921741495280685e+01 -6.062500000000000000e+00
2.533853093089533814e+01 -1.031250000000000000e+01
2.537588295737247535e+01 -1.131250000000000000e+01
2.541209208211709836e+01 -8.828125000000000000e+00
2.545181807435160692e+01 -9.804687500000000000e+00
2.548751694068628382e+01 -7.265625000000000000e+00
2.552741062684362561e+01 -1.246875000000000000e+01
2.556356182741187411e+01 -6.414062500000000000e+00
2.560152182385132846e+01 -9.851562500000000000e+00
2.563734712363766732e+01 -1.185937500000000000e+01
2.567663369126645989e+01 -7.171875000000000000e+00
2.571238713373395868e+01 -8.039062500000000000e+00
2.575217702356457750e+01 -6.640625000000000000e+00
2.578848452956529513e+01 -1.550000000000000000e+01
2.582677037329673908e+01 -7.226562500000000000e+00
2.586267319366609740e+01 -1.410156250000000000e+01
2.590165658170486296e+01 -1.436718750000000000e+01
2.593737196947152412e+01 -9.312500000000000000e+00
2.597694355729908722e+01 -1.001562500000000000e+01
2.601327787901285404e+01 -1.107031250000000000e+01
2.605137644847825840e+01 -1.143750000000000000e+01
2.608745058603975053e+01 -1.140625000000000000e+01
2.612667975642948193e+01 -1.354687500000000000e+01
2.616224080400916563e+01 -8.828125000000000000e+00
2.619998489094399829e+01 -1.152343750000000000e+01
2.623804537055806207e+01 -7.554687500000000000e+00
2.627615391449187854e+01 -1.171875000000000000e+01
2.631254295677727839e+01 -1.007031250000000000e+01
2.635144234333533575e+01 -1.067187500000000000e+01
2.638725730664251046e+01 -1.655468750000000000e+01
2.642741670194866543e+01 -1.254687500000000000e+01
2.646285763402842406e+01 -1.176562500000000000e+01
2.650093149982392760e+01 -1.321875000000000000e+01
2.653759802879147855e+01 -1.232031250000000000e+01
2.657620500509624151e+01 -1.218750000000000000e+01
2.661202395405658194e+01 -1.361718750000000000e+01
2.665220018720454220e+01 -1.404687500000000000e+01
2.668758033781235639e+01 -1.842187500000000000e+01
2.672570900436374330e+01 -1.625000000000000000e+01
2.676250674218542969e+01 -1.345312500000000000e+01
2.680119363226603468e+01 -1.346875000000000000e+01
2.683742307621920276e+01 -9.312500000000000000e+00
2.687711735466461249e+01 -6.492187500000000000e+00
2.691257664995639942e+01 -1.094531250000000000e+01
2.695082826790281416e+01 -1.204687500000000000e+01
2.698839889453791585e+01 -1.110156250000000000e+01
2.702596571191733688e+01 -9.265625000000000000e+00
2.706219170124582973e+01 -1.070312500000000000e+01
2.710189629877083206e+01 -1.458593750000000000e+01
2.713735051616816207e+01 -1.078125000000000000e+01
2.717577545709177400e+01 -1.106250000000000000e+01
2.721427310576863334e+01 -7.109375000000000000e+00
2.725087530213578191e+01 -7.804687500000000000e+00
2.728888797981762693e+01 -8.812500000000000000e+00
2.732681343372556171e+01 -1.228125000000000000e+01
2.736233617930376028e+01 -7.851562500000000000e+00
2.740215397010702247e+01 -7.062500000000000000e+00
2.743958866170748223e+01 -1.296875000000000000e+01
2.747577568215604060e+01 -1.265625000000000000e+01
2.751365878698397793e+01 -1.165625000000000000e+01
2.755131621315838686e+01 -1.114062500000000000e+01
2.758713690335945046e+01 -1.406250000000000000e+01
2.762687626554949816e+01 -1.107812500000000000e+01
2.766379299933786484e+01 -6.656250000000000000e+00
2.770060581401858002e+01 -1.228906250000000000e+01
2.774036001973988164e+01 -1.070312500000000000e+01
2.777637141076289140e+01 -7.703125000000000000e+00
2.781244994180968888e+01 -1.353125000000000000e+01
2.785183903250914028e+01 -7.046875000000000000e+00
2.788910867680703376e+01 -1.332812500000000000e+01
2.792530131569913010e+01 -1.160937500000000000e+01
2.796512843867181175e+01 -1.364062500000000000e+01
2.800087423011889598e+01 -1.640625000000000000e+01
2.803721058181480430e+01 -1.337500000000000000e+01
2.807660634637182540e+01 -8.992187500000000000e+00
2.811444848106788896e+01 -9.250000000000000000e+00
