#Time Flux
-9.160134002431381539e-01 5.666796875000000000e+01
-9.123540084860342070e-01 3.146875000000000000e+01
-9.086648514287949396e-01 6.986718750000000000e+01
-9.050434249135173026e-01 3.153906250000000000e+01
-9.014566712559664019e-01 2.958593750000000000e+01
-8.978952951627365842e-01 5.286718750000000000e+01
-8.941968115111911253e-01 5.548046875000000000e+01
-8.904581494965686517e-01 6.242578125000000000e+01
-8.867520363610812417e-01 3.668750000000000000e+01
-8.829393108466190299e-01 4.384375000000000000e+01
-8.791576871602253540e-01 3.558984375000000000e+01
-8.755513033756590069e-01 5.548046875000000000e+01
-8.720024776279076129e-01 3.197265625000000000e+01
-8.683172165407495591e-01 5.765234375000000000e+01
-8.647895588216036877e-01 5.679687500000000000e+01
-8.611785577215047560e-01 3.028125000000000000e+01
-8.573320294335387004e-01 5.575781250000000000e+01
-8.536174463362091736e-01 6.230078125000000000e+01
-8.499187446041638339e-01 6.172656250000000000e+01
-8.461141197643766709e-01 5.760546875000000000e+01
-8.424614719209375657e-01 5.459375000000000000e+01
-8.390328747796576003e-01 1.878906250000000000e+01
-8.353955127127332680e-01 7.572656250000000000e+01
-8.317392326243999712e-01 4.952343750000000000e+01
-8.278621573598905492e-01 5.817187500000000000e+01
-8.243092101911244640e-01 4.864062500000000000e+01
-8.205410586656802785e-01 4.202343750000000000e+01
-8.168568920646155362e-01 3.658593750000000000e+01
-8.132074407417730910e-01 7.244531250000000000e+01
-8.096670792656124327e-01 4.432421875000000000e+01
-8.059980010658573946e-01 6.511328125000000000e+01
-8.022938477971472970e-01 6.324609375000000000e+01
-7.985934538961214635e-01 1.283593750000000000e+01
-7.949572854115527498e-01 7.155859375000000000e+01
-7.912278124566287651e-01 4.635546875000000000e+01
-7.874527246063651731e-01 4.772656250000000000e+01
-7.839295558007450815e-01 4.361328125000000000e+01
-7.803679008190429478e-01 3.425000000000000000e+01
-7.765426047935850562e-01 3.556250000000000000e+01
-7.729568314678569863e-01 5.864843750000000000e+01
-7.691997551291054336e-01 3.296093750000000000e+01
-7.655266724507461262e-01 4.935156250000000000e+01
-7.618118715122386142e-01 4.342968750000000000e+01
-7.582214843323078490e-01 2.925000000000000000e+01
-7.545625354592710998e-01 6.487109375000000000e+01
-7.510435882916404182e-01 5.225000000000000000e+01
-7.473752180112507304e-01 4.569921875000000000e+01
-7.436930462519404372e-01 1.660937500000000000e+01
-7.398120334328495140e-01 4.242968750000000000e+01
-7.359649078259642430e-01 4.162109375000000000e+01
-7.323216454590300017e-01 4.842968750000000000e+01
-7.287642311688542485e-01 4.765625000000000000e+01
-7.249280222013978481e-01 2.000000000000000000e+01
-7.216339232507023027e-01 3.488281250000000000e+01
-7.180339173085026339e-01 3.507421875000000000e+01
-7.141520428359209305e-01 2.489843750000000000e+01
-7.104751978880967656e-01 4.814843750000000000e+01
-7.067682710688645287e-01 4.375781250000000000e+01
-7.030388617540608287e-01 1.925781250000000000e+01
-6.991719590333276280e-01 2.121484375000000000e+01
-6.956221264955724237e-01 1.673437500000000000e+01
-6.921729483398300076e-01 6.120312500000000000e+01
-6.886032772306309724e-01 3.864453125000000000e+01
-6.847562104437829866e-01 1.983984375000000000e+01
-6.811522777714347221e-01 -2.031250000000000000e+00
-6.774205226693408299e-01 4.250781250000000000e+01
-6.736500101970301913e-01 3.957031250000000000e+01
-6.698627198673041683e-01 5.786718750000000000e+01
-6.664466756890909949e-01 1.718750000000000000e+01
-6.628688879331741113e-01 3.070312500000000000e+01
-6.591974394133495174e-01 1.855468750000000000e+01
-6.555015442057281483e-01 1.235546875000000000e+01
-6.518233844793415166e-01 4.537109375000000000e+01
-6.480567593431350026e-01 4.698437500000000000e+01
-6.441723488525945562e-01 1.030468750000000000e+01
-6.406644358728859068e-01 1.374609375000000000e+01
-6.371956240793466009e-01 4.912109375000000000e+01
-6.332096710306398535e-01 5.808593750000000000e+00
-6.297300638337239853e-01 5.101562500000000000e+01
-6.261003773119102611e-01 1.606250000000000000e+01
-6.223726000661744528e-01 1.464453125000000000e+01
-6.185040977428184483e-01 3.163281250000000000e+01
-6.149533244371969687e-01 1.772656250000000000e+01
-6.114280719157041410e-01 2.748046875000000000e+01
-6.077613864561901558e-01 4.232812500000000000e+01
-6.039763959455273223e-01 4.781250000000000000e+00
-6.003403123859967216e-01 1.531250000000000000e+00
-5.966293918827960674e-01 2.673828125000000000e+01
-5.929142262760769277e-01 7.445312500000000000e+00
-5.892496548275878432e-01 3.744531250000000000e+01
-5.854984365038116145e-01 1.778125000000000000e+01
-5.817989000344687689e-01 7.425781250000000000e+00
-5.784585073575789771e-01 1.775390625000000000e+01
-5.748429807931856317e-01 2.104687500000000000e+01
-5.710368186243952593e-01 2.125781250000000000e+01
-5.673299109383695971e-01 3.392187500000000000e+01
-5.635417717976221041e-01 -1.253125000000000000e+01
-5.598394225916272227e-01 1.418750000000000000e+01
-5.560501696934432303e-01 1.987500000000000000e+01
-5.525115826178015332e-01 -3.492187500000000000e+00
-5.488998298667824294e-01 3.311718750000000000e+01
-5.452951366643437048e-01 1.022265625000000000e+01
-5.416997734248329976e-01 3.089843750000000000e+00
-5.379874258312011825e-01 -7.656250000000000000e+00
-5.343136944756898821e-01 -3.593750000000000000e-01
-5.304229183347421994e-01 -4.597656250000000000e+00
-5.268271693382833298e-01 2.276562500000000000e+01
-5.232169944353324276e-01 -2.405859375000000000e+01
-5.196283933091567775e-01 9.140625000000000000e-01
-5.159593636698502905e-01 -7.054687500000000000e+00
-5.123459636319243060e-01 -9.820312500000000000e+00
-5.085854905801512338e-01 2.617187500000000000e+01
-5.049549446288379428e-01 -5.078125000000000000e-01
-5.010612970130812194e-01 -1.290234375000000000e+01
-4.973931500943842288e-01 -4.285937500000000000e+01
-4.936665672512847713e-01 3.734375000000000000e+00
-4.900081142697354508e-01 -1.224218750000000000e+01
-4.863971975110579216e-01 5.839843750000000000e+00
-4.828801605964336829e-01 -2.316406250000000000e+01
-4.793061960232138929e-01 -7.250000000000000000e+00
-4.754592721955579471e-01 -2.161718750000000000e+01
-4.717974566834044481e-01 -1.534375000000000000e+01
-4.680833367592525107e-01 6.031250000000000000e+00
-4.643713782142229185e-01 6.980468750000000000e+00
-4.607281593356460370e-01 -2.867968750000000000e+01
-4.571136428098001581e-01 -3.168359375000000000e+01
-4.535551256289886979e-01 -3.367187500000000000e+00
-4.496306215805572215e-01 -3.202343750000000000e+01
-4.460664038972637080e-01 -1.522265625000000000e+01
-4.424622779375648740e-01 -4.821093750000000000e+01
-4.387573537268396606e-01 -2.650000000000000000e+01
-4.350606190592931632e-01 -4.703906250000000000e+01
-4.316447578515081318e-01 -1.953125000000000000e-01
-4.279641443182686800e-01 -1.089062500000000000e+01
-4.242251493959110498e-01 -3.468750000000000000e+00
-4.204780132147600824e-01 -3.695312500000000000e+01
-4.166886878810713846e-01 -4.421875000000000000e+01
-4.129941041771352239e-01 -2.655468750000000000e+01
-4.092268617602852210e-01 -4.757031250000000000e+01
-4.057664198992578797e-01 -1.478125000000000000e+01
-4.021314272575087223e-01 -2.722656250000000000e+01
-3.984713871624259163e-01 -4.596875000000000000e+01
-3.948007166935019185e-01 -3.522656250000000000e+01
-3.912483541005875587e-01 -2.099218750000000000e+01
-3.873530217051408542e-01 -4.094531250000000000e+01
-3.837165748504260954e-01 -2.303515625000000000e+01
-3.799915040599946003e-01 -5.100781250000000000e+01
-3.761737244053930951e-01 -2.013281250000000000e+01
-3.726818687935424812e-01 -3.806640625000000000e+01
-3.691662640084154567e-01 -4.772656250000000000e+01
-3.654788631008414335e-01 -3.803906250000000000e+01
-3.617435888419593404e-01 -5.271484375000000000e+01
-3.578763896265848565e-01 -6.626562500000000000e+01
-3.542854798833068308e-01 -4.378125000000000000e+01
-3.505556381694590051e-01 -4.158984375000000000e+01
-3.468155480846748517e-01 -5.170703125000000000e+01
-3.431399180535019688e-01 -4.050000000000000000e+01
-3.397162914091045316e-01 -9.708593750000000000e+01
-3.360775413418553015e-01 -3.905468750000000000e+01
-3.323058365004833981e-01 -6.292968750000000000e+01
-3.286397806687468837e-01 -5.357031250000000000e+01
-3.249822400884969653e-01 -5.603906250000000000e+01
-3.212105361237469481e-01 -4.284375000000000000e+01
-3.175210629686500141e-01 -9.225781250000000000e+01
-3.139394402886712676e-01 -6.130078125000000000e+01
-3.104620125874797409e-01 -8.007812500000000000e+01
-3.065723512599940470e-01 -7.337109375000000000e+01
-3.029948923314473852e-01 -5.360937500000000000e+01
-2.992476397205985350e-01 -8.178125000000000000e+01
-2.955973108263858506e-01 -6.583593750000000000e+01
-2.918334051078113056e-01 -1.084843750000000000e+02
-2.882233638947435672e-01 -6.793750000000000000e+01
-2.846328619413700523e-01 -6.993750000000000000e+01
-2.810504575511636460e-01 -6.432812500000000000e+01
-2.774055323756110525e-01 -1.183007812500000000e+02
-2.737285430385374418e-01 -7.298437500000000000e+01
-2.699413529484315788e-01 -8.622656250000000000e+01
-2.660006817848068472e-01 -9.581250000000000000e+01
-2.623801005069417158e-01 -9.709375000000000000e+01
-2.589839354165799357e-01 -8.338281250000000000e+01
-2.551113580503905354e-01 -1.082851562500000000e+02
-2.515842017998459745e-01 -9.982031250000000000e+01
-2.480108496759316772e-01 -1.013671875000000000e+02
-2.441885484799559691e-01 -1.043125000000000000e+02
-2.405122290177810207e-01 -9.058593750000000000e+01
-2.367260906631019068e-01 -1.233515625000000000e+02
-2.330266306779846808e-01 -1.025585937500000000e+02
-2.294288928620509260e-01 -1.152578125000000000e+02
-2.256992084782081243e-01 -1.013359375000000000e+02
-2.223850514015279778e-01 -1.091210937500000000e+02
-2.185800040705019320e-01 -1.201484375000000000e+02
-2.148196086635416613e-01 -9.796484375000000000e+01
-2.110687716680126336e-01 -1.288906250000000000e+02
-2.074903777136407612e-01 -1.207656250000000000e+02
-2.036854802044856250e-01 -1.273281250000000000e+02
-1.999768934424572819e-01 -9.744531250000000000e+01
-1.966295113739291445e-01 -1.462031250000000000e+02
-1.928258736452748145e-01 -1.106484375000000000e+02
-1.892509529684738290e-01 -1.308359375000000000e+02
-1.854624908233519776e-01 -1.060273437500000000e+02
-1.818599961301265999e-01 -1.195000000000000000e+02
-1.780652327766891752e-01 -1.199765625000000000e+02
-1.742045799697629072e-01 -1.378789062500000000e+02
-1.706889228742416442e-01 -1.089960937500000000e+02
-1.673058207800477426e-01 -1.358828125000000000e+02
-1.632988165435080852e-01 -1.135390625000000000e+02
-1.598305502323706939e-01 -1.146171875000000000e+02
-1.561518793093585877e-01 -1.626093750000000000e+02
-1.524318208124211260e-01 -1.502773437500000000e+02
-1.486718129985535874e-01 -1.425117187500000000e+02
-1.449769430920770930e-01 -9.602343750000000000e+01
-1.414741288238139383e-01 -1.476093750000000000e+02
-1.377927690700500030e-01 -1.247656250000000000e+02
-1.340565338314259058e-01 -1.653320312500000000e+02
-1.304039448535365686e-01 -1.340390625000000000e+02
-1.267421182833317062e-01 -1.433281250000000000e+02
-1.229636185311000496e-01 -1.199062500000000000e+02
-1.192775170071875834e-01 -1.404218750000000000e+02
-1.156127915398736938e-01 -1.626640625000000000e+02
-1.118351094370964027e-01 -1.543203125000000000e+02
-1.082946455400555230e-01 -1.490546875000000000e+02
-1.047489408963651059e-01 -1.051250000000000000e+02
-1.010512460031689486e-01 -1.674843750000000000e+02
-9.737045666939581068e-02 -1.894218750000000000e+02
-9.357424837781103122e-02 -2.205156250000000000e+02
-8.988595017385270225e-02 -2.965703125000000000e+02
-8.630996935269452663e-02 -5.241093750000000000e+02
-8.253955103453991526e-02 -7.469453125000000000e+02
-7.894803899288982407e-02 -1.242312500000000000e+03
-7.547317625663296781e-02 -1.734093750000000000e+03
-7.175395373529225296e-02 -2.332507812500000000e+03
-6.799733365786631012e-02 -3.044695312500000000e+03
-6.434800890068137491e-02 -3.831566406250000000e+03
-6.045106194135652089e-02 -4.685414062500000000e+03
-5.681182595247102896e-02 -5.470546875000000000e+03
-5.322893355301738794e-02 -6.323976562500000000e+03
-4.970361963731129151e-02 -7.203156250000000000e+03
-4.599488319097133626e-02 -8.022429687500000000e+03
-4.238124935338083432e-02 -8.869820312500000000e+03
-3.866428840830149483e-02 -9.754382812500000000e+03
-3.499829012084942903e-02 -1.053040625000000000e+04
-3.109411700394604239e-02 -1.136960156250000000e+04
-2.753225000447256932e-02 -1.212482421875000000e+04
-2.385920221663573315e-02 -1.274969140625000000e+04
-2.005578236803762238e-02 -1.330176562500000000e+04
-1.656252559734028296e-02 -1.380156250000000000e+04
-1.301766306981155807e-02 -1.428315234375000000e+04
-9.400142348041207185e-03 -1.450129687500000000e+04
-5.508735324231128772e-03 -1.487025781250000000e+04
-1.815223319269421154e-03 -1.488854687500000000e+04
1.982011279773931989e-03 -1.502385937500000000e+04
5.700236284644999429e-03 -1.488129296875000000e+04
9.421626450975217892e-03 -1.477008593750000000e+04
1.307014942256845558e-02 -1.444333593750000000e+04
1.646628792634796667e-02 -1.416680468750000000e+04
2.038953374001462038e-02 -1.354534375000000000e+04
2.394451499381311521e-02 -1.308312500000000000e+04
2.764873136310752599e-02 -1.246764062500000000e+04
3.132513049377627645e-02 -1.177952734375000000e+04
3.510804357801822206e-02 -1.103246875000000000e+04
3.871661715952479099e-02 -1.019752343750000000e+04
4.229393102630174539e-02 -9.477328125000000000e+03
4.590117602013421561e-02 -8.545945312500000000e+03
4.957896662726213322e-02 -7.774664062500000000e+03
5.325013635396036449e-02 -6.860250000000000000e+03
5.697266578922111080e-02 -6.036281250000000000e+03
6.086026902481189715e-02 -5.111648437500000000e+03
6.455811306162217988e-02 -4.360128906250000000e+03
6.797441029505946197e-02 -3.551425781250000000e+03
7.159825618202697584e-02 -2.784371093750000000e+03
7.541919317521239563e-02 -2.107539062500000000e+03
7.887520608142084555e-02 -1.552597656250000000e+03
8.263160342168607286e-02 -1.083109375000000000e+03
8.643034985838271567e-02 -6.881914062500000000e+02
9.016968494919508359e-02 -4.382187500000000000e+02
9.391385048010514325e-02 -2.546796875000000000e+02
9.751348220666589128e-02 -2.023125000000000000e+02
1.012325298304821430e-01 -1.531640625000000000e+02
1.045778816604721051e-01 -1.808007812500000000e+02
1.083483633784980693e-01 -1.900781250000000000e+02
1.121097201524947629e-01 -1.477890625000000000e+02
1.159079918592502700e-01 -1.145273437500000000e+02
1.194366529026731349e-01 -1.813984375000000000e+02
1.232609631061039046e-01 -1.630390625000000000e+02
1.269395475975041432e-01 -1.338125000000000000e+02
1.304410439290073498e-01 -1.631328125000000000e+02
1.339509767821045472e-01 -1.202812500000000000e+02
1.376877860818399579e-01 -1.638203125000000000e+02
1.414746743679868857e-01 -1.489765625000000000e+02
1.450734919668570377e-01 -1.621562500000000000e+02
1.489067552652143522e-01 -1.403320312500000000e+02
1.527334179463912811e-01 -1.492578125000000000e+02
1.562761886862560345e-01 -1.358046875000000000e+02
1.596457146895136070e-01 -1.813906250000000000e+02
1.636429835825565782e-01 -1.183046875000000000e+02
1.669971551062521264e-01 -1.508515625000000000e+02
1.707141354005932143e-01 -1.460703125000000000e+02
1.744020878666916463e-01 -1.330039062500000000e+02
1.783762736573630825e-01 -1.400078125000000000e+02
1.819613035079949981e-01 -1.610781250000000000e+02
1.854748522945504074e-01 -1.432578125000000000e+02
1.892071196320890270e-01 -1.271289062500000000e+02
1.928975137886039803e-01 -1.466406250000000000e+02
1.964569238928490780e-01 -1.039296875000000000e+02
2.000287925122217203e-01 -1.446875000000000000e+02
2.039619080810117779e-01 -1.036093750000000000e+02
2.076637588852516814e-01 -1.224140625000000000e+02
2.113004255274566479e-01 -1.288281250000000000e+02
2.150793857353192617e-01 -1.034296875000000000e+02
2.187843934738262774e-01 -9.555468750000000000e+01
2.221734104234434071e-01 -1.450781250000000000e+02
2.258665094225817960e-01 -1.070078125000000000e+02
2.295578487265994561e-01 -1.026328125000000000e+02
2.333620286108502029e-01 -1.174921875000000000e+02
2.369726635053468478e-01 -6.269531250000000000e+01
2.405809405530432432e-01 -1.034921875000000000e+02
2.444173848848563146e-01 -8.835937500000000000e+01
2.480143728223394017e-01 -1.042031250000000000e+02
2.516417327325086717e-01 -1.143476562500000000e+02
2.552036898520646524e-01 -9.821875000000000000e+01
2.589942463400092265e-01 -2.582812500000000000e+01
2.625730004610877799e-01 -9.541015625000000000e+01
2.664284164355941176e-01 -9.765625000000000000e+01
2.700857880665732402e-01 -6.415625000000000000e+01
2.737363919036028825e-01 -7.710156250000000000e+01
2.772570133572833662e-01 -1.909375000000000000e+01
2.809436631367674408e-01 -5.889062500000000000e+01
2.845776191458693205e-01 -6.460937500000000000e+01
2.882637274409605155e-01 -8.651562500000000000e+01
2.919648800067138339e-01 -4.376562500000000000e+01
2.958066840544817389e-01 -5.244921875000000000e+01
2.995201678138190715e-01 -3.203125000000000000e-01
3.030664621813683457e-01 -7.815625000000000000e+01
3.068554973166883748e-01 -3.867187500000000000e+01
3.103979199135302736e-01 -4.167578125000000000e+01
3.138610641180288319e-01 -2.358203125000000000e+01
3.175789634520578275e-01 -8.734375000000000000e+00
3.214595224903606940e-01 -9.117187500000000000e+00
3.251289540325643657e-01 -1.591406250000000000e+01
3.288191477773145799e-01 -2.321484375000000000e+01
3.325586270576381676e-01 9.785156250000000000e+00
3.362052725468955838e-01 -3.026171875000000000e+01
3.396328316052832363e-01 3.656640625000000000e+01
3.432678447044343883e-01 -2.228906250000000000e+01
3.472506153797945139e-01 -4.515625000000000000e+00
3.508464741580792357e-01 -1.477343750000000000e+01
3.544109878974528449e-01 1.248046875000000000e+01
3.581752166402223381e-01 1.189843750000000000e+01
3.618990021873753626e-01 3.894921875000000000e+01
3.654819425081019535e-01 2.973437500000000000e+01
3.689821993783493070e-01 1.513281250000000000e+01
3.727442031173469061e-01 5.632812500000000000e+01
3.764138861790531365e-01 1.939843750000000000e+01
3.802012606446050214e-01 7.895312500000000000e+01
3.837316943004200898e-01 4.439062500000000000e+01
3.876466021878237633e-01 5.496484375000000000e+01
3.912867114426230586e-01 1.344531250000000000e+01
3.947827677402382385e-01 8.853125000000000000e+01
3.983157572359079523e-01 5.035156250000000000e+01
4.021494410486063931e-01 1.242070312500000000e+02
4.056528613810237438e-01 5.916015625000000000e+01
4.093988949351088369e-01 6.801953125000000000e+01
4.131818745535058568e-01 9.892968750000000000e+01
4.169232108283686955e-01 6.833984375000000000e+01
4.206556579258629025e-01 1.122109375000000000e+02
4.241777977944798383e-01 8.551562500000000000e+01
4.278085610312944986e-01 1.059218750000000000e+02
4.315942767375908762e-01 5.805078125000000000e+01
4.351188831794452483e-01 1.222500000000000000e+02
4.389363838309865429e-01 1.058671875000000000e+02
4.426857023798738133e-01 1.782890625000000000e+02
4.462640254195773259e-01 1.166484375000000000e+02
4.499376125479082056e-01 9.927343750000000000e+01
4.536547335628202671e-01 1.250429687500000000e+02
4.571566319380049315e-01 1.275078125000000000e+02
4.607532035998240794e-01 1.671875000000000000e+02
4.646204019152864184e-01 1.602500000000000000e+02
4.682575684209575595e-01 1.579296875000000000e+02
4.718542781598009661e-01 1.251171875000000000e+02
4.757045265768296005e-01 1.746796875000000000e+02
4.794774025349857194e-01 1.458398437500000000e+02
4.830640052849810573e-01 2.207656250000000000e+02
4.863585061781958707e-01 1.385546875000000000e+02
4.903035972176814639e-01 1.793007812500000000e+02
4.939408581613300431e-01 1.584414062500000000e+02
4.975590056131080630e-01 1.834531250000000000e+02
5.012619352407350348e-01 2.001406250000000000e+02
5.051287166780571436e-01 1.928945312500000000e+02
5.088003438599317807e-01 1.829882812500000000e+02
5.120281844626597412e-01 1.753906250000000000e+02
5.158608463870442140e-01 2.044335937500000000e+02
5.195514176506641491e-01 1.795507812500000000e+02
5.232423440664542014e-01 2.352031250000000000e+02
5.269197236250937610e-01 1.920898437500000000e+02
5.307874627572379822e-01 2.096015625000000000e+02
5.345397967717708809e-01 1.705234375000000000e+02
5.379336203706945874e-01 2.117890625000000000e+02
5.415329181668102621e-01 2.217578125000000000e+02
5.453899111002040723e-01 2.599296875000000000e+02
5.488471313926770456e-01 1.895742187500000000e+02
5.525548537020918971e-01 2.028125000000000000e+02
5.563584046393770244e-01 2.476015625000000000e+02
5.601178180480077540e-01 2.203398437500000000e+02
5.638421712330248248e-01 2.674257812500000000e+02
5.673893191181287321e-01 2.368359375000000000e+02
5.712734467022897444e-01 2.490585937500000000e+02
5.746577176250586838e-01 1.965468750000000000e+02
5.783078886571801913e-01 2.608906250000000000e+02
5.820783278506003189e-01 2.665234375000000000e+02
5.858411235020080099e-01 2.964218750000000000e+02
5.894244974591376085e-01 2.338398437500000000e+02
5.931397561436013710e-01 2.178359375000000000e+02
5.968706209772500770e-01 2.317304687500000000e+02
6.002037762488812156e-01 2.910859375000000000e+02
6.038457462538147080e-01 2.842148437500000000e+02
6.076706161746991963e-01 2.832382812500000000e+02
6.114770526712001164e-01 2.719843750000000000e+02
6.151399198262850199e-01 2.215625000000000000e+02
6.188304353549125558e-01 2.803867187500000000e+02
6.227115783944205951e-01 2.872500000000000000e+02
6.262512022644810550e-01 3.199921875000000000e+02
6.296127720545925399e-01 2.474140625000000000e+02
6.334074589313183345e-01 2.666406250000000000e+02
6.370427354865317859e-01 2.553125000000000000e+02
6.406967779875811786e-01 2.925859375000000000e+02
6.443887052899655021e-01 2.887500000000000000e+02
6.483469089704381183e-01 2.824492187500000000e+02
6.520046820511424812e-01 2.671484375000000000e+02
6.553294142102230602e-01 2.457734375000000000e+02
6.590771041463976410e-01 2.849375000000000000e+02
6.629253476352590102e-01 3.024335937500000000e+02
6.663530157704333767e-01 3.331250000000000000e+02
6.699796898520142818e-01 2.670937500000000000e+02
6.738907680815742207e-01 3.119726562500000000e+02
6.776474161251879735e-01 2.586015625000000000e+02
6.812626800643961644e-01 3.091875000000000000e+02
6.850357425345492413e-01 2.927812500000000000e+02
6.886029402737685601e-01 2.987656250000000000e+02
6.921242255768680351e-01 2.921171875000000000e+02
6.958037585512730772e-01 2.697265625000000000e+02
6.995126534450939459e-01 2.899609375000000000e+02
7.033376553705448231e-01 3.117695312500000000e+02
7.070085337565203965e-01 3.200312500000000000e+02
7.105742888737565099e-01 2.768437500000000000e+02
7.143967572677234479e-01 3.081875000000000000e+02
7.180284225068733761e-01 2.575781250000000000e+02
7.215171381491352065e-01 2.977265625000000000e+02
7.251515773781469498e-01 3.112500000000000000e+02
7.289939622325585233e-01 3.154218750000000000e+02
7.325932083723685206e-01 2.783632812500000000e+02
7.362292429151748863e-01 2.626718750000000000e+02
7.400031220727179004e-01 2.894531250000000000e+02
7.437644244012222572e-01 3.024140625000000000e+02
7.472112903180647692e-01 3.167226562500000000e+02
7.508456732243564691e-01 2.633046875000000000e+02
7.545629368180777341e-01 2.934531250000000000e+02
7.582976288655796093e-01 2.254609375000000000e+02
7.619071447517571372e-01 2.994218750000000000e+02
7.657803813912154034e-01 2.758671875000000000e+02
7.694926444965020096e-01 3.351171875000000000e+02
7.729173079108297983e-01 2.450078125000000000e+02
7.766264848647213004e-01 2.696757812500000000e+02
7.803182814122222588e-01 2.436718750000000000e+02
7.839484265360836535e-01 3.094296875000000000e+02
7.875212233403390272e-01 2.818867187500000000e+02
7.914079510183635868e-01 2.577539062500000000e+02
7.951380807157286679e-01 2.580781250000000000e+02
7.987787782338708897e-01 2.376914062500000000e+02
8.024157628672468068e-01 2.860781250000000000e+02
8.061986615693157443e-01 2.966835937500000000e+02
8.096506754535279793e-01 2.987304687500000000e+02
8.132438597030531291e-01 2.283085937500000000e+02
8.171462505896278650e-01 2.722695312500000000e+02
8.208397579448085679e-01 2.301328125000000000e+02
8.244865193921908642e-01 2.813789062500000000e+02
8.281608027656259807e-01 2.726406250000000000e+02
8.318632489768345017e-01 2.367109375000000000e+02
8.354726500951161761e-01 2.290156250000000000e+02
8.389172889371243613e-01 2.395078125000000000e+02
8.425452729431819332e-01 2.373007812500000000e+02
8.463838109908419227e-01 2.653828125000000000e+02
8.501104460976640631e-01 2.867265625000000000e+02
8.537511395958250482e-01 2.016640625000000000e+02
8.575570604379603168e-01 2.560078125000000000e+02
8.612041233650977734e-01 2.015195312500000000e+02
8.647961664986354435e-01 2.697773437500000000e+02
8.683084225188242300e-01 2.499453125000000000e+02
8.721330632075130485e-01 2.363046875000000000e+02
8.756663360058061230e-01 2.200625000000000000e+02
8.793847828556997648e-01 1.991289062500000000e+02
8.830959749286573235e-01 1.991406250000000000e+02
8.868973629760610322e-01 2.486171875000000000e+02
8.906632237454110701e-01 1.849453125000000000e+02
8.939970830236281252e-01 2.086523437500000000e+02
8.977807734845799637e-01 2.155937500000000000e+02
9.013860085989811033e-01 1.793828125000000000e+02
9.051563452246282893e-01 2.231796875000000000e+02
9.088881742246659456e-01 2.220781250000000000e+02
9.126586055834713385e-01 2.377812500000000000e+02
9.161408388622649390e-01 1.470000000000000000e+02
9.198971738924377473e-01 1.853515625000000000e+02
9.234074664349343209e-01 1.742343750000000000e+02
9.272663161803431642e-01 2.220468750000000000e+02
9.306390527555847836e-01 1.895585937500000000e+02
9.345332330997095927e-01 1.845273437500000000e+02
9.382225714443472864e-01 1.770468750000000000e+02
9.419049964667447483e-01 1.556328125000000000e+02
9.456047072351176919e-01 1.851210937500000000e+02
9.494054488842937900e-01 1.985937500000000000e+02
9.531137905538944466e-01 2.054843750000000000e+02
9.563479967570782669e-01 1.170078125000000000e+02
9.601813313209794920e-01 1.733281250000000000e+02
9.639029086286661219e-01 1.437500000000000000e+02
9.676212065874660873e-01 1.812265625000000000e+02
9.712317869333495501e-01 1.681484375000000000e+02
9.750632595746622222e-01 1.514921875000000000e+02
9.786952345194088743e-01 1.104296875000000000e+02
9.820004166906921572e-01 1.577265625000000000e+02
9.857272090972601930e-01 1.428281250000000000e+02
9.894189788590619372e-01 1.795546875000000000e+02
9.931522669814731863e-01 1.595703125000000000e+02
9.968176582748067283e-01 8.795703125000000000e+01
1.000716361911290431e+00 1.580468750000000000e+02
1.004579471806370528e+00 1.243906250000000000e+02
1.007981646402231313e+00 1.472187500000000000e+02
1.011444436740365438e+00 1.456132812500000000e+02
1.015366391946136870e+00 1.491718750000000000e+02
1.018786094788805219e+00 1.047500000000000000e+02
1.022533326398192388e+00 1.311562500000000000e+02
1.026325053035418655e+00 1.221484375000000000e+02
1.030167000712824965e+00 1.415976562500000000e+02
1.033819620625924696e+00 1.220820312500000000e+02
1.037350757678987101e+00 1.047500000000000000e+02
1.041182412720521144e+00 1.008164062500000000e+02
1.044622595224203865e+00 1.101250000000000000e+02
1.048294459173597648e+00 1.161953125000000000e+02
1.052012165804103283e+00 9.239843750000000000e+01
1.055909387607251837e+00 1.393515625000000000e+02
1.059470732040639351e+00 5.190625000000000000e+01
1.063103273273912741e+00 9.959765625000000000e+01
1.066802516921838473e+00 7.802343750000000000e+01
1.070359288659513908e+00 1.159218750000000000e+02
1.073756956200818236e+00 9.160156250000000000e+01
1.077640643416192034e+00 4.202343750000000000e+01
1.081395671013686943e+00 7.501562500000000000e+01
1.085131912029212220e+00 7.335156250000000000e+01
1.088884252252324991e+00 9.007812500000000000e+01
1.092609237848920056e+00 9.156250000000000000e+01
1.096225573234782757e+00 6.632031250000000000e+01
1.099445335608399965e+00 1.474218750000000000e+01
1.103330350802267601e+00 8.406250000000000000e+01
1.106964395194189210e+00 5.083593750000000000e+01
1.110732361289520131e+00 8.662890625000000000e+01
1.114374497160367294e+00 7.062109375000000000e+01
1.118143638586538202e+00 4.250000000000000000e+01
1.121948077574162816e+00 2.789062500000000000e+00
1.125374781048537276e+00 6.421093750000000000e+01
1.128862560332998033e+00 5.445312500000000000e+01
1.132843859675254361e+00 6.694531250000000000e+01
1.136324691840123524e+00 4.159765625000000000e+01
1.139964465431313023e+00 -3.196875000000000000e+01
1.143806466550269185e+00 5.907812500000000000e+01
1.147630835070236444e+00 2.529687500000000000e+01
1.151367876616305796e+00 6.314062500000000000e+01
1.154989705138627976e+00 1.676562500000000000e+01
1.158596380824520544e+00 4.260937500000000000e+01
1.162152968266878306e+00 -1.737109375000000000e+01
1.165770281145620313e+00 4.324218750000000000e+01
1.169424228156410006e+00 3.908593750000000000e+01
1.173300474077246136e+00 5.178906250000000000e+01
1.177006978437115325e+00 2.582031250000000000e+00
1.180567620256040451e+00 3.210156250000000000e+01
1.184279430680217571e+00 -8.125000000000000000e+00
1.187917107923728288e+00 3.653906250000000000e+01
1.191585840058081658e+00 2.083203125000000000e+01
1.195120590094189250e+00 1.447656250000000000e+01
1.198950916295879132e+00 5.515625000000000000e+00
1.202610418022242111e+00 -1.814453125000000000e+01
1.206140489094621238e+00 2.668750000000000000e+01
1.209919384945047138e+00 7.421875000000000000e+00
1.213733645093514113e+00 3.514062500000000000e+01
1.217158053142397112e+00 -1.060156250000000000e+01
1.220796779048649805e+00 -1.135156250000000000e+01
1.224494791342015887e+00 -2.239843750000000000e+01
1.228245434737417430e+00 1.007812500000000000e+00
1.231938235555078087e+00 1.676171875000000000e+01
1.235649862458538362e+00 -9.648437500000000000e-01
1.239333584295279733e+00 1.455468750000000000e+01
1.242928765988853268e+00 -4.075000000000000000e+01
1.246598276563929852e+00 1.419140625000000000e+01
1.250110557616824991e+00 -2.018750000000000000e+01
1.254002150136451110e+00 2.057812500000000000e+01
1.257471142774719830e+00 -1.192968750000000000e+01
1.261378285202251259e+00 -2.720703125000000000e+01
1.265106257981128968e+00 -4.517578125000000000e+01
1.268828895193562900e+00 -1.860937500000000000e+01
1.272384093443306607e+00 1.972656250000000000e+00
1.275933466584698195e+00 -5.000000000000000000e-01
1.279540461572578725e+00 -5.471093750000000000e+01
1.283239106636878013e+00 -4.472656250000000000e+01
1.286953636639973642e+00 1.157421875000000000e+01
1.290760447852081327e+00 -2.183984375000000000e+01
1.294471405289179256e+00 -1.090625000000000000e+01
1.298138787294024432e+00 -5.578906250000000000e+01
1.301820894998162892e+00 -4.921093750000000000e+01
1.305428835014218247e+00 -6.207812500000000000e+01
1.308900030531253478e+00 1.010937500000000000e+01
1.312508719982488525e+00 -3.396875000000000000e+01
1.316336475033152098e+00 -9.902343750000000000e+00
1.320104538341387634e+00 -5.331250000000000000e+01
1.323767163127345992e+00 -4.037500000000000000e+01
1.327432458985031705e+00 -2.708593750000000000e+01
1.331145772491915569e+00 -3.372656250000000000e+01
1.334761579499569972e+00 -1.715625000000000000e+01
1.338269219366209573e+00 -3.571093750000000000e+01
1.341996526129079825e+00 -2.971093750000000000e+01
1.345653083670445893e+00 -4.516406250000000000e+01
1.349249989648767301e+00 -1.592578125000000000e+01
1.353052263814669365e+00 -5.687109375000000000e+01
1.356876305286323969e+00 -9.515625000000000000e+00
1.360344859533952233e+00 -5.920312500000000000e+01
1.364053328595837389e+00 -6.151562500000000000e+01
1.367615216138643008e+00 -3.683203125000000000e+01
1.371355586241373548e+00 -1.329296875000000000e+01
1.375061079140056819e+00 -2.684375000000000000e+01
1.378839932022055237e+00 -8.090625000000000000e+01
1.382493988676294805e+00 -5.333593750000000000e+01
1.386194070356350228e+00 -1.200703125000000000e+02
1.389717101521094289e+00 -1.457500000000000000e+02
1.393357864046659955e+00 -2.687187500000000000e+02
1.397078888812647079e+00 -4.089140625000000000e+02
1.400594400171345733e+00 -5.663359375000000000e+02
1.404435542358871469e+00 -7.375234375000000000e+02
1.408162181884360376e+00 -9.439609375000000000e+02
1.411916843036594482e+00 -1.135257812500000000e+03
1.415645445628707755e+00 -1.410132812500000000e+03
1.419263659027556468e+00 -1.644656250000000000e+03
1.423051964981717710e+00 -1.877492187500000000e+03
1.426366313912079686e+00 -2.173789062500000000e+03
1.430144634953074867e+00 -2.366320312500000000e+03
1.433887834230736402e+00 -2.590531250000000000e+03
1.437628969564738624e+00 -2.841160156250000000e+03
1.441215298216414364e+00 -3.111976562500000000e+03
1.445026355635965043e+00 -3.318242187500000000e+03
1.448596830326642770e+00 -3.494027343750000000e+03
1.452153764893549859e+00 -3.668707031250000000e+03
1.455551634316053944e+00 -3.833894531250000000e+03
1.459370324633910698e+00 -4.006343750000000000e+03
1.463174539541430397e+00 -4.129726562500000000e+03
1.466870436035649483e+00 -4.217460937500000000e+03
1.470618862155794293e+00 -4.330113281250000000e+03
1.474471545562238362e+00 -4.333277343750000000e+03
1.478081206940270231e+00 -4.412988281250000000e+03
1.481362546385644574e+00 -4.424140625000000000e+03
1.485171987483754563e+00 -4.371882812500000000e+03
1.488731696073583910e+00 -4.359726562500000000e+03
1.492524119797816740e+00 -4.265453125000000000e+03
1.496121437221489048e+00 -4.139277343750000000e+03
1.500069723923521225e+00 -4.064816406250000000e+03
1.503741966540357300e+00 -3.923847656250000000e+03
1.507311945604933534e+00 -3.770093750000000000e+03
1.510867350067468307e+00 -3.632101562500000000e+03
1.514801167447517027e+00 -3.351976562500000000e+03
1.518217851200447388e+00 -3.193179687500000000e+03
1.521944391880905245e+00 -2.975148437500000000e+03
1.525743413956404337e+00 -2.706820312500000000e+03
1.529433222879591714e+00 -2.498421875000000000e+03
1.533070959124386512e+00 -2.194703125000000000e+03
1.536835882087026039e+00 -1.981640625000000000e+03
1.540442024270944454e+00 -1.752113281250000000e+03
1.543800312270054986e+00 -1.529929687500000000e+03
1.547650374074923452e+00 -1.282320312500000000e+03
1.551314639258118522e+00 -1.102933593750000000e+03
1.555187435752190650e+00 -7.969179687500000000e+02
1.558793172231835333e+00 -6.298164062500000000e+02
1.562434746951270270e+00 -4.595625000000000000e+02
1.566130466502540841e+00 -2.902929687500000000e+02
1.569600149791135379e+00 -2.308515625000000000e+02
1.573290861750208158e+00 -1.084843750000000000e+02
1.576902970493333278e+00 -5.896093750000000000e+01
1.580750284505818559e+00 -2.259375000000000000e+01
1.584370527633612413e+00 -2.897265625000000000e+01
1.588189537119583994e+00 -4.416015625000000000e+01
1.591919306081510221e+00 -7.998046875000000000e+01
1.595439498336322037e+00 -3.039062500000000000e+00
1.598856167357660230e+00 -1.782812500000000000e+01
1.602452606571540983e+00 -4.428125000000000000e+01
1.606254336171549557e+00 -3.373437500000000000e+01
1.609950845138020004e+00 -4.802343750000000000e+01
1.613677757069189589e+00 -3.671875000000000000e+01
1.617614215241706788e+00 -1.357031250000000000e+01
1.621343063019040631e+00 -1.656250000000000000e+01
1.624948218300144687e+00 -7.832421875000000000e+01
1.628480092959335934e+00 -2.944921875000000000e+01
1.632056284827264392e+00 -5.885937500000000000e+01
1.635833027326706546e+00 -3.131250000000000000e+01
1.639377733760214451e+00 -2.500781250000000000e+01
1.643227178876604411e+00 -3.098828125000000000e+01
1.646883065424097570e+00 -5.850781250000000000e+01
1.650572994996511778e+00 -2.835937500000000000e+01
1.654250462041855441e+00 -4.719921875000000000e+01
1.657910541329489895e+00 -1.225781250000000000e+01
1.661496893353653359e+00 -2.085937500000000000e+01
1.665099372326662941e+00 -8.154687500000000000e+01
1.668827965305185401e+00 -2.745312500000000000e+01
1.672566338388062235e+00 -5.371875000000000000e+01
1.676176537772682273e+00 -1.698046875000000000e+01
1.679972209140280226e+00 -4.592968750000000000e+01
1.683607498567854854e+00 -2.035156250000000000e+01
1.687108920593144656e+00 -4.832031250000000000e+01
1.690707211071793559e+00 -8.117187500000000000e+00
1.694478064052119315e+00 -8.653125000000000000e+01
1.698275473538669811e+00 -1.403515625000000000e+01
1.701898868251743302e+00 -1.442187500000000000e+01
1.705711002059641768e+00 -7.135937500000000000e+01
1.709272695412888954e+00 -8.640625000000000000e+00
1.712666347682652468e+00 -6.406250000000000000e+01
1.716345880767440768e+00 -2.674609375000000000e+01
1.719994331341926586e+00 -1.510937500000000000e+01
1.723783979716579484e+00 -3.057031250000000000e+01
1.727451135621852707e+00 -3.587109375000000000e+01
1.731353128754587356e+00 -1.488281250000000000e+01
1.735073538831254591e+00 -9.330468750000000000e+01
1.738786633830383233e+00 -8.726562500000000000e+00
1.742184882285295222e+00 -2.835937500000000000e+01
1.745874147617541006e+00 -9.777343750000000000e+00
1.749524767356371413e+00 -3.303906250000000000e+01
1.753154457877599270e+00 -2.900000000000000000e+01
1.756838571650990222e+00 -4.019531250000000000e+01
1.760703523037407958e+00 -2.078125000000000000e+01
1.764384653009584358e+00 -1.912500000000000000e+01
1.768085246136899213e+00 -4.500781250000000000e+01
1.771775131714311335e+00 -2.891015625000000000e+01
1.775484173092066520e+00 -5.560937500000000000e+01
1.778928264665009973e+00 -2.307421875000000000e+01
1.782447544886348823e+00 -2.575781250000000000e+01
1.786300751007930288e+00 -1.491406250000000000e+01
1.790113330872916242e+00 -6.283203125000000000e+01
1.793719569256214452e+00 -5.015625000000000000e+00
1.797401351787005108e+00 -5.575781250000000000e+01
1.801134145018047139e+00 -2.728125000000000000e+01
1.804736315471274555e+00 -2.698437500000000000e+01
1.808262985763447350e+00 -6.141406250000000000e+01
1.811978832252790994e+00 4.296875000000000000e+00
1.815649611149992460e+00 -4.622656250000000000e+01
1.819434611023689197e+00 -2.467968750000000000e+01
1.823042358979241051e+00 -3.379687500000000000e+01
1.826742021634295110e+00 -3.451562500000000000e+01
1.830250332216726061e+00 -1.507812500000000000e+01
1.834107227399756290e+00 -1.981250000000000000e+01
1.837601930353564228e+00 -5.566406250000000000e+01
1.841342329170020609e+00 -2.252343750000000000e+01
1.844942819824964442e+00 -2.302343750000000000e+01
1.848791858701696711e+00 -6.085156250000000000e+01
1.852480377449283289e+00 5.785156250000000000e+00
1.856016499745901882e+00 -4.462890625000000000e+01
1.859638839426047907e+00 -2.181640625000000000e+01
1.863318892328284182e+00 -3.310156250000000000e+01
1.867013022793920118e+00 -2.049218750000000000e+01
1.870537402587973297e+00 -4.443750000000000000e+01
1.874406536638591358e+00 7.851562500000000000e+00
1.878183265109162781e+00 -5.696875000000000000e+01
1.881908430852101688e+00 1.645703125000000000e+01
1.885616009529922366e+00 -2.715625000000000000e+01
1.889233722770783386e+00 -1.199218750000000000e+01
1.892924431441632915e+00 -8.625000000000000000e+00
1.896305357602002140e+00 -2.432031250000000000e+01
1.899990386016051414e+00 -1.752343750000000000e+01
1.903864877566993741e+00 -2.917187500000000000e+01
1.907434118788184030e+00 -1.971875000000000000e+01
1.911200474967338803e+00 -5.591796875000000000e+01
1.914939470342386318e+00 -7.046875000000000000e+00
1.918744529734269344e+00 -5.100000000000000000e+01
1.922124245442323520e+00 1.781250000000000000e+00
1.925634238841323231e+00 -2.208593750000000000e+01
1.929384550408498544e+00 -1.295312500000000000e+01
1.933157813543376236e+00 -5.866406250000000000e+01
1.936771354394859923e+00 4.335937500000000000e+00
1.940509327108786763e+00 -2.538281250000000000e+01
1.944357242407223962e+00 9.011718750000000000e+00
1.947927957828719192e+00 -1.545312500000000000e+01
1.951335065153473991e+00 -4.564843750000000000e+01
1.955131383601422801e+00 -2.937500000000000000e+00
1.958742580555548063e+00 -3.006250000000000000e+01
1.962418310526920839e+00 -2.460937500000000000e+00
1.966131043712885162e+00 -8.078125000000000000e+00
1.969930774653278149e+00 -1.433984375000000000e+01
1.973650639524263006e+00 -4.908203125000000000e+01
1.977218586337460504e+00 1.523437500000000000e+01
1.980912880274972920e+00 -1.521093750000000000e+01
1.984599313562788625e+00 7.324218750000000000e+00
1.987984229229868172e+00 -1.903125000000000000e+01
1.991912562623409544e+00 -5.613281250000000000e+00
1.995668662677983374e+00 7.367187500000000000e+00
1.999366539976329848e+00 -1.060937500000000000e+01
2.002954953514908709e+00 2.027343750000000000e+00
2.006841256936575668e+00 -2.178125000000000000e+01
2.010277074597237146e+00 1.652343750000000000e+01
2.013753325922389870e+00 3.179687500000000000e+00
2.017620294513197354e+00 8.968750000000000000e+00
2.021381635167648128e+00 -1.717968750000000000e+01
2.025097401240529837e+00 4.494531250000000000e+01
2.028676342002736277e+00 -1.903906250000000000e+01
2.032284181241912346e+00 8.960937500000000000e+00
2.036084845496046736e+00 1.412109375000000000e+01
2.039357466248937101e+00 2.296875000000000000e+00
2.043162047496350109e+00 9.031250000000000000e+00
2.046945281275042383e+00 -1.609375000000000000e+01
2.050647973119306577e+00 -2.753906250000000000e+00
2.054349431744266319e+00 7.683593750000000000e+00
2.058244348176838212e+00 1.918750000000000000e+01
2.061902310599283084e+00 -4.506250000000000000e+01
2.065302793338792853e+00 5.017187500000000000e+01
2.068816297283849082e+00 -8.539062500000000000e+00
2.072483921314943522e+00 6.769531250000000000e+00
2.076318279785621446e+00 -7.546875000000000000e+00
2.079895463508556475e+00 1.878515625000000000e+01
2.083651347750380189e+00 3.203515625000000000e+01
2.087571029511470222e+00 9.121093750000000000e+00
2.091241065271464805e+00 5.945312500000000000e+00
2.094771832722083005e+00 -2.933593750000000000e+00
2.098383285758010253e+00 2.221875000000000000e+01
2.102011732062465832e+00 -1.232812500000000000e+01
2.105717115360102198e+00 2.780859375000000000e+01
2.109354687512325022e+00 6.605468750000000000e+00
2.113204254809152083e+00 1.111718750000000000e+01
2.116852864125738254e+00 -3.811718750000000000e+01
2.120505913512502616e+00 2.038281250000000000e+01
2.124201812337455753e+00 1.596093750000000000e+01
2.127880908094053503e+00 2.269531250000000000e+01
2.131379076005463169e+00 -2.468750000000000000e+00
2.135078946651792986e+00 -3.098437500000000000e+01
2.138820120359019139e+00 2.925781250000000000e+01
2.142427386442570025e+00 -1.508593750000000000e+01
2.145993131537743182e+00 4.473437500000000000e+01
2.149943877222955102e+00 -4.421875000000000000e+00
2.153594203488797376e+00 3.250781250000000000e+01
2.157059555491995351e+00 -1.578125000000000000e+00
2.160680412965416686e+00 1.067968750000000000e+01
2.164471866072445572e+00 1.924218750000000000e+01
2.168204799063620403e+00 4.254687500000000000e+01
2.171838954781098341e+00 5.113281250000000000e+00
2.175689336453121570e+00 1.124609375000000000e+01
2.179237527512464467e+00 1.911328125000000000e+01
2.182737940359196216e+00 5.574218750000000000e+00
2.186290292058449047e+00 5.210937500000000000e+01
2.190011563573077247e+00 1.223437500000000000e+01
2.193751828454303610e+00 1.128906250000000000e+01
2.197408122445865253e+00 2.379687500000000000e+01
2.201312977837534657e+00 1.649218750000000000e+01
2.205027546951366713e+00 -1.702343750000000000e+01
2.208660442223485010e+00 6.387500000000000000e+01
2.212104196650050092e+00 -1.562500000000000000e-02
2.215843428463812437e+00 3.235156250000000000e+01
2.219436506279859334e+00 -1.484375000000000000e-01
2.223127380474139159e+00 3.145312500000000000e+01
2.226748498355991313e+00 3.912500000000000000e+01
2.230774184303871976e+00 3.264062500000000000e+01
2.234354059084026733e+00 3.826562500000000000e+01
2.238062909342732887e+00 1.557031250000000000e+01
2.241756291566663339e+00 4.090625000000000000e+01
2.245427360173832376e+00 6.468750000000000000e+00
2.248817380341032734e+00 4.810937500000000000e+01
2.252501425613066210e+00 2.160156250000000000e+01
2.256274094975220024e+00 4.790625000000000000e+01
2.260031620579005196e+00 -4.984375000000000000e+00
2.263577348404983258e+00 4.185156250000000000e+01
2.267320728999628443e+00 4.491796875000000000e+01
2.270945582287983378e+00 3.969531250000000000e+01
2.274491835615922497e+00 1.865625000000000000e+01
2.278161098047521094e+00 -1.469140625000000000e+01
2.282031336240630814e+00 3.902343750000000000e+01
2.285615004899332448e+00 2.402734375000000000e+01
2.289370054700050616e+00 4.016406250000000000e+01
2.293020627945444812e+00 2.496875000000000000e+01
2.296735443053971260e+00 4.344921875000000000e+01
2.300140025916711295e+00 7.816406250000000000e+00
2.303973470008102709e+00 6.646875000000000000e+01
2.307570247546543385e+00 3.147656250000000000e+01
2.311280534746911197e+00 4.919921875000000000e+01
2.314913314626761753e+00 2.025781250000000000e+01
2.318750734185172302e+00 3.815625000000000000e+01
2.322479009730807675e+00 2.738281250000000000e+01
2.325992769701332730e+00 3.329687500000000000e+01
2.329608338358235109e+00 3.671484375000000000e+01
2.333363353798983297e+00 2.403125000000000000e+01
2.336987683581476904e+00 3.920312500000000000e+01
2.340515837053072978e+00 8.808593750000000000e+00
2.344363881802589145e+00 4.385937500000000000e+01
2.348176233319918538e+00 -4.664062500000000000e+00
2.351863496443783674e+00 6.301953125000000000e+01
2.355569979311050943e+00 1.949609375000000000e+01
2.359228312493278690e+00 3.949218750000000000e+01
2.362795264665727757e+00 3.104296875000000000e+01
2.366195760271814663e+00 5.334375000000000000e+01
2.369929988680758548e+00 4.869531250000000000e+01
2.373841660947837440e+00 2.713281250000000000e+01
2.377463598746882845e+00 3.499609375000000000e+01
2.381185742347591283e+00 1.087890625000000000e+01
2.384888590954706622e+00 3.625000000000000000e+01
2.388726242492722918e+00 2.678515625000000000e+01
2.392043210442627910e+00 3.806250000000000000e+01
2.395726693453112954e+00 4.134375000000000000e+01
2.399379072313823968e+00 4.141406250000000000e+01
2.403142551649790626e+00 -4.761718750000000000e+00
2.406701121907250052e+00 4.903906250000000000e+01
2.410553772989323384e+00 5.906250000000000000e+01
2.414315084491337693e+00 4.004296875000000000e+01
2.417756539828914697e+00 4.038281250000000000e+01
2.421289415551081348e+00 3.049609375000000000e+01
2.425121913155236619e+00 6.296875000000000000e+00
2.428720587461424163e+00 2.084375000000000000e+01
2.432411518072406409e+00 5.436718750000000000e+01
2.436157287886960177e+00 4.383203125000000000e+01
2.439934125852300184e+00 5.418750000000000000e+01
2.443544486810912186e+00 4.671875000000000000e+00
2.447129631451338660e+00 4.671093750000000000e+01
2.450844014505759283e+00 4.783984375000000000e+01
2.454338857061289847e+00 4.758593750000000000e+01
2.457949234295171870e+00 3.771875000000000000e+01
2.461880710781341186e+00 4.941015625000000000e+01
2.465621752514036924e+00 3.615625000000000000e+01
2.469348526112614461e+00 3.894140625000000000e+01
2.472937676063502010e+00 5.123437500000000000e+01
2.476782150981548192e+00 4.078125000000000000e+01
2.480194044852347623e+00 4.987109375000000000e+01
2.483719134714429622e+00 3.348437500000000000e+01
2.487538715507502385e+00 3.200781250000000000e+01
2.491231328039641202e+00 1.113281250000000000e+01
2.494905300565394501e+00 5.008593750000000000e+01
2.498638313598857685e+00 3.882031250000000000e+01
2.502413252261407095e+00 3.366406250000000000e+01
2.506061777371909383e+00 2.468750000000000000e+01
2.509356005432611614e+00 3.799218750000000000e+01
2.513221998535347446e+00 4.560937500000000000e+01
2.516930138378287829e+00 5.068359375000000000e+01
2.520631826984721435e+00 3.557031250000000000e+01
2.524343833961737893e+00 4.016406250000000000e+01
2.528021134809097070e+00 6.062109375000000000e+01
2.531867404620099293e+00 3.484375000000000000e+01
2.535279720958220295e+00 3.792968750000000000e+01
2.538908734308943593e+00 4.621093750000000000e+01
2.542467055319345803e+00 5.128125000000000000e+01
2.546297787517826539e+00 2.125781250000000000e+01
2.549866099517422491e+00 4.143750000000000000e+01
2.553667432921176594e+00 5.044531250000000000e+01
2.557504544079133524e+00 3.402343750000000000e+01
2.561049707279933418e+00 5.071093750000000000e+01
2.564370375108298461e+00 3.631250000000000000e+01
2.568348663077200111e+00 2.524218750000000000e+01
2.571971356348741189e+00 3.524218750000000000e+01
2.575594210848218601e+00 4.347265625000000000e+01
2.579345635746855603e+00 3.815625000000000000e+01
2.583189144925911229e+00 5.027734375000000000e+01
2.586842743333369388e+00 -4.046875000000000000e+00
2.590458171732422876e+00 5.533593750000000000e+01
2.594056422096737702e+00 2.196875000000000000e+01
2.597831767325229357e+00 6.214062500000000000e+01
2.601349974708203838e+00 3.339843750000000000e+01
2.605017536531673450e+00 3.624218750000000000e+01
2.608758134866377532e+00 3.034375000000000000e+01
2.612418653053602213e+00 3.642968750000000000e+01
2.616135077396740449e+00 3.903515625000000000e+01
2.619900760219439739e+00 4.460156250000000000e+01
2.623298644790560630e+00 5.464843750000000000e+01
2.626956435295068282e+00 1.296093750000000000e+01
2.630619025384437037e+00 4.564453125000000000e+01
2.634371705694951160e+00 5.008593750000000000e+01
2.638125089326282868e+00 5.780859375000000000e+01
2.641850868860871948e+00 2.863281250000000000e+01
2.645637181872002142e+00 2.201562500000000000e+01
2.649168600150333397e+00 2.817968750000000000e+01
2.652809231635508525e+00 3.387500000000000000e+01
2.656391130026717562e+00 5.955468750000000000e+01
2.659999254520549972e+00 6.119531250000000000e+01
2.663670456462535974e+00 4.928515625000000000e+01
2.667385276171068575e+00 2.425000000000000000e+01
2.671155562998667410e+00 5.575000000000000000e+01
2.674908976742911726e+00 4.730078125000000000e+01
2.678512178862828996e+00 4.469531250000000000e+01
2.682094616431943024e+00 5.109375000000000000e+01
2.685809059730330794e+00 4.633593750000000000e+01
2.689421908512561910e+00 2.537109375000000000e+01
2.693101422972645764e+00 5.173046875000000000e+01
2.696776417789997549e+00 2.487890625000000000e+01
2.700627622154831542e+00 3.836718750000000000e+01
2.704297119182150322e+00 5.178125000000000000e+01
2.708014029971123282e+00 3.440234375000000000e+01
2.711645088581845719e+00 5.244140625000000000e+01
2.715331952249194991e+00 5.420312500000000000e+01
2.718806207343786419e+00 3.130859375000000000e+01
2.722490533534785762e+00 4.830468750000000000e+01
2.726235094669958059e+00 5.781250000000000000e+01
2.730007892430924787e+00 2.325781250000000000e+01
2.733588881597240672e+00 5.819921875000000000e+01
2.737305009643613118e+00 4.543750000000000000e+01
2.740927380464621699e+00 5.666015625000000000e+01
2.744442893538948880e+00 3.217187500000000000e+01
2.748140333061476870e+00 2.403906250000000000e+01
2.751994646388496779e+00 3.452734375000000000e+01
