#Time Flux
-4.903745474490406764e+00 3.906250000000000000e-01
-4.885348427910775726e+00 5.296875000000000000e+00
-4.865411376133952359e+00 1.156250000000000000e+00
-4.846004802015505319e+00 4.093750000000000000e+00
-4.826518422001518260e+00 2.968750000000000000e+00
-4.806407417374821023e+00 4.343750000000000000e+00
-4.786909301701800956e+00 5.687500000000000000e+00
-4.768473819620888676e+00 5.765625000000000000e+00
-4.748977784163415095e+00 7.093750000000000000e+00
-4.728574644922897363e+00 -1.468750000000000000e+00
-4.708773967724015463e+00 6.875000000000000000e+00
-4.689381401450702924e+00 7.187500000000000000e-01
-4.669953942572941941e+00 4.265625000000000000e+00
-4.649593469629746068e+00 6.718750000000000000e+00
-4.629970021109020450e+00 2.171875000000000000e+00
-4.610758327544880686e+00 3.750000000000000000e-01
-4.590613780566762614e+00 -1.375000000000000000e+00
-4.570404441874893919e+00 2.656250000000000000e-01
-4.551596223442594180e+00 9.187500000000000000e+00
-4.531445550440096781e+00 6.875000000000000000e+00
-4.511636404495467545e+00 8.156250000000000000e+00
-4.492744262850447257e+00 2.500000000000000000e-01
-4.472310003828152247e+00 5.421875000000000000e+00
-4.452548507442303460e+00 4.687500000000000000e-02
-4.432925570555857675e+00 4.468750000000000000e+00
-4.413184584902754892e+00 2.187500000000000000e-01
-4.393359311208868689e+00 5.343750000000000000e+00
-4.374546195209532584e+00 6.250000000000000000e-01
-4.354567541090464289e+00 1.203125000000000000e+00
-4.334432308524945654e+00 -1.218750000000000000e+00
-4.315448575819299748e+00 5.812500000000000000e+00
-4.295014444031675538e+00 -3.437500000000000000e-01
-4.275712333587705416e+00 2.031250000000000000e-01
-4.256279055995937810e+00 -2.656250000000000000e+00
-4.235866982973046646e+00 8.312500000000000000e+00
-4.216766352800371820e+00 8.750000000000000000e-01
-4.197587116235414584e+00 2.218750000000000000e+00
-4.177500739527646445e+00 7.156250000000000000e+00
-4.158675626560267347e+00 9.093750000000000000e+00
-4.138703013476433767e+00 4.343750000000000000e+00
-4.118298797003500766e+00 8.562500000000000000e+00
-4.098787243953829318e+00 6.218750000000000000e+00
-4.079646500027283906e+00 7.468750000000000000e+00
-4.060441918492184499e+00 1.029687500000000000e+01
-4.040901554006891772e+00 1.718750000000000000e-01
-4.020690704293937046e+00 5.625000000000000000e+00
-4.000877386262100543e+00 4.093750000000000000e+00
-3.981821094826720753e+00 3.812500000000000000e+00
-3.961688281774589981e+00 2.796875000000000000e+00
-3.941469189865266287e+00 4.875000000000000000e+00
-3.922106085550140619e+00 1.968750000000000000e+00
-3.902356919609111685e+00 2.343750000000000000e+00
-3.881907253519207401e+00 2.390625000000000000e+00
-3.863339024268768185e+00 4.375000000000000000e+00
-3.843281059886194839e+00 4.687500000000000000e-02
-3.823514275264793483e+00 5.234375000000000000e+00
-3.804084879082989090e+00 1.562500000000000000e+00
-3.784601920092228511e+00 4.062500000000000000e+00
-3.764878108264509748e+00 2.359375000000000000e+00
-3.745141169702211670e+00 2.656250000000000000e-01
-3.725427646011416627e+00 4.640625000000000000e+00
-3.705054769769585477e+00 1.437500000000000000e+00
-3.686561035145114573e+00 7.000000000000000000e+00
-3.666701859312407663e+00 5.562500000000000000e+00
-3.647821764868837136e+00 5.562500000000000000e+00
-3.627850455636608018e+00 5.718750000000000000e+00
-3.607438614367548979e+00 3.281250000000000000e+00
-3.587951784032320290e+00 2.218750000000000000e+00
-3.568557770300518683e+00 4.375000000000000000e+00
-3.548470832896690297e+00 4.437500000000000000e+00
-3.529165668968968106e+00 7.406250000000000000e+00
-3.509696946821158292e+00 6.000000000000000000e+00
-3.489384711991423416e+00 1.765625000000000000e+00
-3.469502467364026899e+00 -6.093750000000000000e-01
-3.449902395457652204e+00 2.015625000000000000e+00
-3.430399095918875929e+00 5.421875000000000000e+00
-3.411258202179784149e+00 5.156250000000000000e+00
-3.391772382974433953e+00 -6.250000000000000000e-01
-3.371099700469450511e+00 -1.312500000000000000e+00
-3.352509138778529518e+00 8.437500000000000000e-01
-3.332609438605327767e+00 -5.734375000000000000e+00
-3.312749151822629301e+00 -3.968750000000000000e+00
-3.292744431774291769e+00 -3.437500000000000000e+00
-3.273752265068452516e+00 4.187500000000000000e+00
-3.253392211845884674e+00 6.875000000000000000e-01
-3.233970960022109153e+00 -1.875000000000000000e+00
-3.214573954057161842e+00 4.046875000000000000e+00
-3.195085992496938587e+00 3.187500000000000000e+00
-3.175567105859496309e+00 5.781250000000000000e+00
-3.155606509659076409e+00 -1.375000000000000000e+00
-3.135454265745398317e+00 1.562500000000000000e+00
-3.116937679513046788e+00 6.812500000000000000e+00
-3.096563961972524481e+00 3.687500000000000000e+00
-3.076355748120594313e+00 4.203125000000000000e+00
-3.057292467568810679e+00 1.875000000000000000e+00
-3.037498042343631965e+00 2.125000000000000000e+00
-3.017181921199060923e+00 1.065625000000000000e+01
-2.997889437981253735e+00 -1.687500000000000000e+00
-2.978539644069368109e+00 9.906250000000000000e+00
-2.958543018222655974e+00 3.156250000000000000e+00
-2.938389308653960086e+00 5.906250000000000000e+00
-2.917956137973042985e+00 -4.921875000000000000e+00
-2.898931120116884586e+00 -5.093750000000000000e+00
-2.880003875399225421e+00 -2.750000000000000000e+00
-2.860491141940567417e+00 2.406250000000000000e+00
-2.840358858877252146e+00 9.156250000000000000e+00
-2.821465730945909911e+00 -2.500000000000000000e-01
-2.801570435308715190e+00 8.281250000000000000e-01
-2.781914480509396270e+00 6.437500000000000000e+00
-2.762966401104158365e+00 -5.625000000000000000e-01
-2.742531996388088089e+00 5.937500000000000000e+00
-2.723139269709481169e+00 8.703125000000000000e+00
-2.703670614212441592e+00 3.687500000000000000e+00
-2.685143761725608869e+00 -3.437500000000000000e+00
-2.664709457301338347e+00 -2.968750000000000000e+00
-2.644624999527483311e+00 5.515625000000000000e+00
-2.624628293609813312e+00 3.312500000000000000e+00
-2.605140424951571276e+00 -3.125000000000000000e-02
-2.585654527754503107e+00 -1.031250000000000000e+00
-2.565277482714837021e+00 4.843750000000000000e+00
-2.545533221123957190e+00 4.687500000000000000e-01
-2.526426908585396092e+00 3.593750000000000000e+00
-2.506085999293119926e+00 -2.500000000000000000e-01
-2.486194563614947839e+00 3.437500000000000000e-01
-2.467389607461502266e+00 7.500000000000000000e-01
-2.447293355938143122e+00 5.625000000000000000e-01
-2.427488032696810905e+00 1.562500000000000000e+00
-2.407196671329248971e+00 -1.875000000000000000e+00
-2.388015798165707082e+00 1.375000000000000000e+00
-2.369139401129778832e+00 6.843750000000000000e+00
-2.349547477611967139e+00 -1.171875000000000000e+00
-2.329356656552594274e+00 1.968750000000000000e+00
-2.310416536726094705e+00 3.906250000000000000e+00
-2.290656890899800402e+00 1.250000000000000000e+00
-2.270426862913399901e+00 -2.187500000000000000e-01
-2.251827173602340082e+00 -3.453125000000000000e+00
-2.231671676032810581e+00 -1.875000000000000000e+00
-2.211237371142878771e+00 3.125000000000000000e-02
-2.192217301888550907e+00 -4.468750000000000000e+00
-2.172476393080241763e+00 5.718750000000000000e+00
-2.153902319042224178e+00 -1.812500000000000000e+00
-2.133782436408697691e+00 1.046875000000000000e+00
-2.113599490507080958e+00 7.578125000000000000e+00
-2.093578664039998927e+00 2.546875000000000000e+00
-2.074392520080124314e+00 6.718750000000000000e+00
-2.054398261906793977e+00 1.250000000000000000e-01
-2.034698280040071694e+00 -1.562500000000000000e-01
-2.015401880784320809e+00 2.296875000000000000e+00
-1.995472396296371187e+00 4.718750000000000000e+00
-1.975204431343691169e+00 8.468750000000000000e+00
-1.955770876392531221e+00 6.078125000000000000e+00
-1.936388391031922396e+00 1.750000000000000000e+00
-1.916240682328538725e+00 2.734375000000000000e+00
-1.896294900963503949e+00 -2.656250000000000000e-01
-1.875861684262154938e+00 8.015625000000000000e+00
-1.857716882321380325e+00 7.500000000000000000e+00
-1.838212518244002780e+00 8.171875000000000000e+00
-1.818505324740730345e+00 -1.328125000000000000e+00
-1.799587208981662911e+00 5.937500000000000000e-01
-1.779577385430147984e+00 1.125000000000000000e+00
-1.759567823112110574e+00 6.406250000000000000e+00
-1.740284954887652447e+00 5.781250000000000000e+00
-1.720811452076695502e+00 8.093750000000000000e+00
-1.700913076677284863e+00 -6.250000000000000000e-02
-1.681102423065354401e+00 3.906250000000000000e-01
-1.663428903138534309e+00 2.250000000000000000e+00
-1.642994605342661174e+00 -1.593750000000000000e+00
-1.622623160075434612e+00 1.625000000000000000e+00
-1.602497974753305243e+00 -2.062500000000000000e+00
-1.582418808155178880e+00 2.390625000000000000e+00
-1.563023405949536482e+00 3.281250000000000000e+00
-1.543568239320926239e+00 -3.593750000000000000e-01
-1.523128877016699079e+00 4.937500000000000000e+00
-1.503744810036714341e+00 -6.875000000000000000e-01
-1.484331855067122063e+00 1.687500000000000000e+00
-1.464057933153217306e+00 5.953125000000000000e+00
-1.444057904973409023e+00 8.578125000000000000e+00
-1.425236896121042207e+00 -3.234375000000000000e+00
-1.405157967699320665e+00 7.500000000000000000e+00
-1.384815620956921123e+00 6.187500000000000000e+00
-1.364662385716030713e+00 1.015625000000000000e+01
-1.345821703883977705e+00 -3.125000000000000000e-01
-1.327113926447093917e+00 1.984375000000000000e+00
-1.307653964239765543e+00 -1.437500000000000000e+00
-1.287219916358484539e+00 9.062500000000000000e-01
-1.268688035110372425e+00 9.531250000000000000e-01
-1.248736736991538976e+00 1.937500000000000000e+00
-1.228816909914559830e+00 4.687500000000000000e+00
-1.209934581622842842e+00 6.171875000000000000e+00
-1.189987802059892630e+00 -1.812500000000000000e+00
-1.170199726557459741e+00 3.093750000000000000e+00
-1.150489350354572338e+00 -7.500000000000000000e-01
-1.132214058774096088e+00 5.500000000000000000e+00
-1.111741674134950841e+00 6.875000000000000000e-01
-1.091395549149289934e+00 2.625000000000000000e+00
-1.071253218148179087e+00 5.531250000000000000e+00
-1.051302077894316511e+00 2.187500000000000000e+00
-1.031748103490429003e+00 7.343750000000000000e-01
-1.011817547455990507e+00 2.718750000000000000e+00
-9.918436555481875416e-01 3.453125000000000000e+00
-9.728485665394508430e-01 3.437500000000000000e+00
-9.532006956211809268e-01 6.203125000000000000e+00
-9.333355081536431896e-01 -7.187500000000000000e-01
-9.145063394203738483e-01 3.546875000000000000e+00
-8.942366573738205204e-01 3.062500000000000000e+00
-8.743856170188060162e-01 2.234375000000000000e+00
-8.543012372740044214e-01 3.875000000000000000e+00
-8.349695232297946745e-01 9.968750000000000000e+00
-8.161965974909080046e-01 5.968750000000000000e+00
-7.966068786719269212e-01 2.843750000000000000e+00
-7.765013016979622762e-01 5.000000000000000000e-01
-7.575495158320499911e-01 2.953125000000000000e+00
-7.377946443747624983e-01 1.203125000000000000e+00
-7.174746707253305544e-01 1.812500000000000000e+00
-6.977264481015588160e-01 -1.156250000000000000e+00
-6.786564943108075454e-01 5.468750000000000000e+00
-6.584764689382076597e-01 2.703125000000000000e+00
-6.390270679792280362e-01 5.156250000000000000e-01
-6.194641983425661635e-01 3.218750000000000000e+00
-6.008915642183048078e-01 6.875000000000000000e-01
-5.805035031022072189e-01 1.875000000000000000e-01
-5.603512162931565399e-01 3.687500000000000000e+00
-5.401872902283066935e-01 -1.718750000000000000e+00
-5.216104115085720139e-01 4.718750000000000000e+00
-5.009644382732005852e-01 1.687500000000000000e+00
-4.809876654099625171e-01 2.750000000000000000e+00
-4.616861112834733660e-01 1.718750000000000000e-01
-4.423434239248855704e-01 2.171875000000000000e+00
-4.219090843686537085e-01 5.406250000000000000e+00
-4.016045255065350261e-01 1.093750000000000000e+00
-3.832364006844422022e-01 -2.031250000000000000e-01
-3.631492385755521468e-01 -1.921875000000000000e+00
-3.432602942823272940e-01 -2.250000000000000000e+00
-3.228267075512398776e-01 -4.937500000000000000e+00
-3.031881191929706176e-01 -3.843750000000000000e+00
-2.850382934703183935e-01 -5.687500000000000000e+00
-2.653377567058932129e-01 1.234375000000000000e+00
-2.452110011073358464e-01 -5.312500000000000000e+00
-2.264973685165578843e-01 9.687500000000000000e-01
-2.065558961369511337e-01 -1.750000000000000000e+00
-1.873264879710454522e-01 5.468750000000000000e-01
-1.680613395079681993e-01 3.312500000000000000e+00
-1.482075102257454091e-01 -2.359375000000000000e+00
-1.282313959543088799e-01 -9.062500000000000000e-01
-1.104229580337197092e-01 3.000000000000000000e+00
-9.014078079880860628e-02 1.968750000000000000e+00
-6.970750385253055015e-02 -1.250000000000000000e+00
-4.949496029507827188e-02 1.843750000000000000e+00
-2.932376190252838910e-02 2.734375000000000000e+00
-9.410982441952597810e-03 -4.062500000000000000e-01
9.675145157691744657e-03 -4.156250000000000000e+00
2.989097987710920279e-02 3.640625000000000000e+00
5.028436489655163655e-02 2.187500000000000000e-01
6.928475674514089633e-02 -3.531250000000000000e+00
8.924254801606501530e-02 -1.406250000000000000e-01
1.091494962916073064e-01 1.484375000000000000e+00
1.293638634487148664e-01 3.937500000000000000e+00
1.479472909924979263e-01 6.250000000000000000e-02
1.680089839346621261e-01 -4.703125000000000000e+00
1.877735698452021040e-01 -1.093750000000000000e+00
2.082064084041199692e-01 -1.250000000000000000e-01
2.264547635606337650e-01 -6.406250000000000000e-01
2.458545481146039435e-01 -7.187500000000000000e-01
2.658905690751431905e-01 1.031250000000000000e+00
2.853375202283103818e-01 -4.906250000000000000e+00
3.046752802473378097e-01 3.437500000000000000e-01
3.247378367193327620e-01 -6.656250000000000000e+00
3.432985420315706193e-01 1.500000000000000000e+00
3.629168851071362667e-01 1.812500000000000000e+00
3.830556325911516069e-01 -4.781250000000000000e+00
4.025778383559810436e-01 -1.968750000000000000e+00
4.208684691079760398e-01 -1.359375000000000000e+01
4.413027527011799123e-01 8.125000000000000000e-01
4.616769798353406173e-01 -4.421875000000000000e+00
4.818633430725789424e-01 -6.796875000000000000e+00
5.019367947181017087e-01 -3.593750000000000000e+00
5.212108537638755479e-01 -3.328125000000000000e+00
5.411755186217703795e-01 -5.468750000000000000e+00
5.611804891345855140e-01 -3.687500000000000000e+00
5.804441482796587337e-01 9.484375000000000000e+00
6.001951774704679110e-01 -1.200000000000000000e+01
6.203844452387610175e-01 3.546875000000000000e+00
6.406740932619321427e-01 -3.468750000000000000e+00
6.597422630154632373e-01 -7.031250000000000000e+00
6.789240370891818088e-01 -8.546875000000000000e+00
6.975322043456415599e-01 3.406250000000000000e+00
7.179661690772789484e-01 -4.281250000000000000e+00
7.378592458561090695e-01 -7.343750000000000000e+00
7.570377040901412613e-01 -2.562500000000000000e+00
7.769728057861673420e-01 -2.343750000000000000e-01
7.952960434726445982e-01 -5.640625000000000000e+00
8.156251023241374298e-01 -2.187500000000000000e+00
8.357159402088605304e-01 -3.453125000000000000e+00
8.543811315551472774e-01 2.031250000000000000e+00
8.737587856329813718e-01 -5.343750000000000000e+00
8.941925339485354840e-01 -3.578125000000000000e+00
9.136543792041891265e-01 -3.812500000000000000e+00
9.335540049035220278e-01 -7.562500000000000000e+00
9.520932742647918445e-01 -3.375000000000000000e+00
9.723186996119537184e-01 -3.968750000000000000e+00
9.925714894711141767e-01 -6.718750000000000000e+00
1.012549814849062813e+00 -5.312500000000000000e+00
1.031594233500385371e+00 -4.593750000000000000e+00
1.051596149025737503e+00 -3.000000000000000000e+00
1.072035722223972698e+00 -5.203125000000000000e+00
1.092199915696300039e+00 -6.718750000000000000e-01
1.111019783234823421e+00 -8.343750000000000000e+00
1.131237691496954412e+00 3.281250000000000000e-01
1.151531513333193146e+00 -1.093750000000000000e-01
1.171607242852523711e+00 -2.156250000000000000e+00
1.190209241038846955e+00 -3.968750000000000000e+00
1.210177012741205260e+00 -6.406250000000000000e-01
1.229987102137137356e+00 -2.671875000000000000e+00
1.250281641632508212e+00 -4.781250000000000000e+00
1.268018894970317945e+00 -4.375000000000000000e+00
1.287815126644668240e+00 -7.593750000000000000e+00
1.307891868239488886e+00 -5.921875000000000000e+00
1.326691486615764859e+00 -2.687500000000000000e+00
1.346549773372348824e+00 1.406250000000000000e-01
1.366326593678287793e+00 1.250000000000000000e+00
1.385204173365508495e+00 -8.218750000000000000e+00
1.404402157362508063e+00 -1.103125000000000000e+01
1.424772841183747474e+00 -7.890625000000000000e+00
1.444500684145797464e+00 -7.656250000000000000e+00
1.463803262244056214e+00 -7.078125000000000000e+00
1.483221729139497569e+00 -3.718750000000000000e+00
1.503738216101211833e+00 -1.687500000000000000e+00
1.523972941882053789e+00 -1.437500000000000000e+00
1.544061625180955133e+00 -7.406250000000000000e+00
1.563775446630216948e+00 -8.156250000000000000e+00
1.582901507971417487e+00 -4.625000000000000000e+00
1.603293558239489158e+00 -3.562500000000000000e+00
1.622428375264878042e+00 -1.200000000000000000e+01
1.642146104828469788e+00 -2.718750000000000000e+00
1.662552485693844062e+00 -1.054687500000000000e+01
1.682686059843128135e+00 -1.265625000000000000e+01
1.701198870038222566e+00 -1.046875000000000000e+01
1.721049222625463671e+00 -4.359375000000000000e+00
1.740964585561204814e+00 -5.812500000000000000e+00
1.761398145276661609e+00 -7.031250000000000000e+00
1.779982561146480791e+00 -1.040625000000000000e+01
1.799113979122882512e+00 -1.765625000000000000e+00
1.818881241951793015e+00 -1.237500000000000000e+01
1.837547760083417359e+00 -1.109375000000000000e+01
1.857847859442282257e+00 -5.468750000000000000e+00
1.877895971469424552e+00 -9.125000000000000000e+00
1.897580629484629355e+00 -8.500000000000000000e+00
1.915271337975884336e+00 -1.009375000000000000e+01
1.935686708355369490e+00 -1.028125000000000000e+01
1.955770155763701723e+00 -1.085937500000000000e+01
1.975686976945453921e+00 -1.268750000000000000e+01
1.994133370322691334e+00 -8.437500000000000000e+00
2.014377415965387996e+00 -1.168750000000000000e+01
2.034579697692258549e+00 -1.078125000000000000e+01
2.054663596457412922e+00 -7.843750000000000000e+00
2.073327428550999940e+00 -1.018750000000000000e+01
2.093731304603590360e+00 -1.175000000000000000e+01
2.113923924672812760e+00 -9.046875000000000000e+00
2.133251200158571947e+00 -6.562500000000000000e+00
2.153034034869882873e+00 -1.331250000000000000e+01
2.173370942710047160e+00 -1.221875000000000000e+01
2.193673350521878618e+00 -1.064062500000000000e+01
2.213853977790236627e+00 -8.921875000000000000e+00
2.232297970652016517e+00 -1.634375000000000000e+01
2.252235281352959362e+00 -1.071875000000000000e+01
2.272237150510381554e+00 -5.781250000000000000e+00
2.291873051051910082e+00 -1.287500000000000000e+01
2.310095829471787710e+00 -1.598437500000000000e+01
2.329934337736503380e+00 -1.217187500000000000e+01
2.350140919372163850e+00 -1.062500000000000000e+01
2.368838380932594134e+00 -9.000000000000000000e+00
2.388662977862654913e+00 -1.754687500000000000e+01
2.408531550955917311e+00 -1.345312500000000000e+01
2.427357380447023871e+00 -1.365625000000000000e+01
2.447158354700968985e+00 -1.564062500000000000e+01
2.466764909340085410e+00 -1.400000000000000000e+01
2.486571442063041815e+00 -1.631250000000000000e+01
2.505950648008166581e+00 -1.692187500000000000e+01
2.525101534775913592e+00 -1.551562500000000000e+01
2.545535173504632098e+00 -1.484375000000000000e+01
2.565849979428328709e+00 -1.790625000000000000e+01
2.585733844823220551e+00 -1.371875000000000000e+01
2.604622054145455223e+00 -1.150000000000000000e+01
2.625036250345601729e+00 -1.134375000000000000e+01
2.645188719801852884e+00 -1.909375000000000000e+01
2.664013958045066133e+00 -1.867187500000000000e+01
2.684244011844000966e+00 -1.837500000000000000e+01
2.704397710838840396e+00 -1.496875000000000000e+01
2.724397910846935389e+00 -1.206250000000000000e+01
2.743102213849216042e+00 -1.943750000000000000e+01
2.763070432975034407e+00 -1.820312500000000000e+01
2.782288033238542013e+00 -1.521875000000000000e+01
2.802252460958715830e+00 -1.870312500000000000e+01
2.821400880184683047e+00 -1.228125000000000000e+01
2.840786622229515501e+00 -1.337500000000000000e+01
2.860868476159129870e+00 -2.101562500000000000e+01
2.879649029646845548e+00 -2.218750000000000000e+01
2.899872307475906297e+00 -1.675000000000000000e+01
2.919707937512244555e+00 -1.900000000000000000e+01
2.938233997403195019e+00 -1.703125000000000000e+01
2.958259621339839995e+00 -1.620312500000000000e+01
2.978069039984859501e+00 -2.303125000000000000e+01
2.997885691576328782e+00 -2.017187500000000000e+01
3.017812896480918994e+00 -2.396875000000000000e+01
3.038027746063615808e+00 -2.331250000000000000e+01
3.056889380019587321e+00 -2.175000000000000000e+01
3.076808428964014297e+00 -2.117187500000000000e+01
3.096776687017136709e+00 -2.678125000000000000e+01
3.115872047157921543e+00 -2.400000000000000000e+01
3.135867103492511632e+00 -2.496875000000000000e+01
3.156259345031767083e+00 -2.071875000000000000e+01
3.175329455535990775e+00 -2.743750000000000000e+01
3.195102933294563741e+00 -2.112500000000000000e+01
3.215503736006461111e+00 -1.887500000000000000e+01
3.235555088891956643e+00 -2.428125000000000000e+01
3.253937969029667698e+00 -2.331250000000000000e+01
3.273887938748131887e+00 -2.334375000000000000e+01
3.292443028079246048e+00 -2.303125000000000000e+01
3.313091222599048535e+00 -2.025000000000000000e+01
3.332730036076060998e+00 -2.076562500000000000e+01
3.352117509512714477e+00 -2.987500000000000000e+01
3.371832926966906285e+00 -2.575000000000000000e+01
3.390550527741162057e+00 -3.065625000000000000e+01
3.410356114080368428e+00 -2.706250000000000000e+01
3.430763441366917021e+00 -2.446875000000000000e+01
3.450834523210087212e+00 -3.240625000000000000e+01
3.469528679924742676e+00 -2.793750000000000000e+01
3.489963082843651421e+00 -2.706250000000000000e+01
3.509964062300587884e+00 -2.934375000000000000e+01
3.529061446083368025e+00 -2.940625000000000000e+01
3.549101514127588786e+00 -3.021875000000000000e+01
3.569422462804231699e+00 -2.562500000000000000e+01
3.588180218798246557e+00 -3.315625000000000000e+01
3.607927324979407047e+00 -3.156250000000000000e+01
3.627670425670908472e+00 -2.968750000000000000e+01
3.646967241278199268e+00 -3.115625000000000000e+01
3.667152165400931807e+00 -3.225000000000000000e+01
3.686327499378258210e+00 -3.778125000000000000e+01
3.706297929006412417e+00 -3.279687500000000000e+01
3.726199719394603704e+00 -2.789062500000000000e+01
3.745444481288972227e+00 -3.085937500000000000e+01
3.764788891397348181e+00 -3.162500000000000000e+01
3.785166857051272871e+00 -3.125000000000000000e+01
3.804753171784586385e+00 -3.196875000000000000e+01
3.823985059314310320e+00 -2.837500000000000000e+01
3.843572999019631453e+00 -3.718750000000000000e+01
3.863075742850504923e+00 -3.493750000000000000e+01
3.883187812090287849e+00 -2.937500000000000000e+01
3.903081246944450911e+00 -4.092187500000000000e+01
3.921840733336885876e+00 -3.218750000000000000e+01
3.941623045978968065e+00 -3.712500000000000000e+01
3.961726383981606148e+00 -3.512500000000000000e+01
3.980591135394602631e+00 -3.634375000000000000e+01
4.000823249232389855e+00 -3.228125000000000000e+01
4.021198451929393514e+00 -3.878125000000000000e+01
4.040093082986672357e+00 -2.989062500000000000e+01
4.059927261344174809e+00 -3.981250000000000000e+01
4.078410735148169763e+00 -3.381250000000000000e+01
4.098537542572906034e+00 -3.909375000000000000e+01
4.118813472005292908e+00 -3.532812500000000000e+01
4.138628559312682142e+00 -4.168750000000000000e+01
4.157823457207578954e+00 -3.753125000000000000e+01
4.177743443175176097e+00 -3.656250000000000000e+01
4.197960492504542174e+00 -3.603125000000000000e+01
4.217228871170767945e+00 -3.975000000000000000e+01
4.237109024956197345e+00 -3.950000000000000000e+01
4.257255995164555884e+00 -4.109375000000000000e+01
4.277384352536362400e+00 -3.925000000000000000e+01
4.296090917219718364e+00 -3.650000000000000000e+01
4.316095669830872339e+00 -5.046875000000000000e+01
4.335834339947076899e+00 -4.067187500000000000e+01
4.355279791021331448e+00 -4.578125000000000000e+01
4.375235656229097714e+00 -3.934375000000000000e+01
4.394259657956908427e+00 -3.940625000000000000e+01
4.414460583443830188e+00 -4.173437500000000000e+01
4.434260282038639644e+00 -4.992187500000000000e+01
4.453041975847174427e+00 -4.117187500000000000e+01
4.472917175091179587e+00 -4.687500000000000000e+01
4.492884220091525549e+00 -4.475000000000000000e+01
4.511683501826674103e+00 -3.934375000000000000e+01
4.531639026579233231e+00 -4.537500000000000000e+01
4.550924612569524186e+00 -4.321875000000000000e+01
4.570783640844766182e+00 -4.056250000000000000e+01
4.590245427536302714e+00 -4.698437500000000000e+01
4.609357403423366861e+00 -4.481250000000000000e+01
4.629580950860706423e+00 -4.896875000000000000e+01
4.649588644173945795e+00 -4.817187500000000000e+01
4.668420799791658027e+00 -5.046875000000000000e+01
4.688832911588793451e+00 -4.610937500000000000e+01
4.709266995413305068e+00 -5.359375000000000000e+01
4.728353017857463314e+00 -5.167187500000000000e+01
4.748065865540430863e+00 -4.887500000000000000e+01
4.768256857909456414e+00 -4.878125000000000000e+01
4.788389879205105615e+00 -4.206250000000000000e+01
4.807938798184871132e+00 -4.865625000000000000e+01
4.827292982292611612e+00 -5.256250000000000000e+01
4.847038117410166436e+00 -5.009375000000000000e+01
4.866519098788371522e+00 -4.537500000000000000e+01
4.886543070169881986e+00 -5.210937500000000000e+01
4.905372102442942861e+00 -5.114062500000000000e+01
4.925324242927327845e+00 -4.781250000000000000e+01
4.945185908489177606e+00 -5.020312500000000000e+01
4.963986588996213811e+00 -5.109375000000000000e+01
4.983776863384019151e+00 -5.303125000000000000e+01
5.003722752446208233e+00 -5.221875000000000000e+01
5.022468523940204932e+00 -5.456250000000000000e+01
5.041823389688090629e+00 -5.450000000000000000e+01
5.061964429374508967e+00 -5.793750000000000000e+01
5.081745920201896638e+00 -5.089062500000000000e+01
5.102012213047320444e+00 -5.421875000000000000e+01
5.120556406343782285e+00 -5.659375000000000000e+01
5.140610009547692982e+00 -5.421875000000000000e+01
5.160853375805498189e+00 -4.903125000000000000e+01
5.180701926136929814e+00 -4.993750000000000000e+01
5.199969558095782318e+00 -5.329687500000000000e+01
5.220140397208762550e+00 -6.043750000000000000e+01
5.240100364525467569e+00 -4.662500000000000000e+01
5.259323746930853360e+00 -5.615625000000000000e+01
5.279316612042915580e+00 -5.390625000000000000e+01
5.299580652188556229e+00 -5.873437500000000000e+01
5.319667892747865778e+00 -5.450000000000000000e+01
5.338367499949690398e+00 -5.818750000000000000e+01
5.358141130202902502e+00 -5.993750000000000000e+01
5.377927392392201966e+00 -5.893750000000000000e+01
5.397793729447398547e+00 -6.112500000000000000e+01
5.416380072875199403e+00 -5.037500000000000000e+01
5.436138893382409520e+00 -5.156250000000000000e+01
5.455943862364410535e+00 -5.403125000000000000e+01
5.474842250926904796e+00 -5.343750000000000000e+01
5.494968542268342304e+00 -5.400000000000000000e+01
5.515002599442627940e+00 -5.478125000000000000e+01
5.533362287123413381e+00 -5.481250000000000000e+01
5.552398943011375820e+00 -5.040625000000000000e+01
5.572796521866418828e+00 -5.465625000000000000e+01
5.592932511514526084e+00 -5.575000000000000000e+01
5.612873204464372989e+00 -5.935937500000000000e+01
5.631605249913722133e+00 -5.578125000000000000e+01
5.651798556200830603e+00 -5.093750000000000000e+01
5.671862562935878316e+00 -5.734375000000000000e+01
5.692100052039329228e+00 -5.437500000000000000e+01
5.711729932846111524e+00 -4.990625000000000000e+01
5.731086603859456119e+00 -5.575000000000000000e+01
5.751166336227514719e+00 -5.350000000000000000e+01
5.770350845904633985e+00 -4.975000000000000000e+01
5.790171003514862136e+00 -5.051562500000000000e+01
5.810604436257582606e+00 -5.678125000000000000e+01
5.830948083164072315e+00 -4.860937500000000000e+01
5.850825137335821324e+00 -5.362500000000000000e+01
5.869115207852114935e+00 -4.984375000000000000e+01
5.888757390146828641e+00 -5.610937500000000000e+01
5.908294730890503388e+00 -4.843750000000000000e+01
5.928437350244307069e+00 -4.885937500000000000e+01
5.947243224208317969e+00 -4.945312500000000000e+01
5.967347261726001051e+00 -4.909375000000000000e+01
5.987216511115448725e+00 -5.181250000000000000e+01
6.005868516432840920e+00 -5.053125000000000000e+01
6.025930842286225442e+00 -4.856250000000000000e+01
6.045641993286512417e+00 -4.598437500000000000e+01
6.063484294604734259e+00 -4.618750000000000000e+01
6.083706401159890476e+00 -4.796875000000000000e+01
6.103938774079304963e+00 -4.739062500000000000e+01
6.123872016457799106e+00 -4.718750000000000000e+01
6.143249329141127646e+00 -4.698437500000000000e+01
6.162769776835796520e+00 -4.675000000000000000e+01
6.182714035681001974e+00 -4.357812500000000000e+01
6.203115065457843968e+00 -4.134375000000000000e+01
6.222667543749894392e+00 -4.354687500000000000e+01
6.241795305223686086e+00 -4.050000000000000000e+01
6.262229195675072191e+00 -4.168750000000000000e+01
6.281170057739675627e+00 -3.693750000000000000e+01
6.301123939857077971e+00 -4.584375000000000000e+01
6.321349598999386643e+00 -4.193750000000000000e+01
6.341694986118547206e+00 -4.484375000000000000e+01
6.361900568328026750e+00 -4.200000000000000000e+01
6.380397121954903383e+00 -4.137500000000000000e+01
6.400104970162985296e+00 -4.512500000000000000e+01
6.419154823129957776e+00 -4.137500000000000000e+01
6.439543209053244510e+00 -3.725000000000000000e+01
6.458137552577262852e+00 -3.840625000000000000e+01
6.477967959218908334e+00 -3.601562500000000000e+01
6.498401232134305872e+00 -3.796875000000000000e+01
6.518482387136508294e+00 -3.815625000000000000e+01
6.537275177992871278e+00 -3.254687500000000000e+01
6.557006420698908045e+00 -2.953125000000000000e+01
6.575558545867870919e+00 -3.403125000000000000e+01
6.594544821406618240e+00 -3.690625000000000000e+01
6.614978366104498519e+00 -3.265625000000000000e+01
6.635062289963784110e+00 -3.228125000000000000e+01
6.654977879542380848e+00 -3.551562500000000000e+01
6.674409272919310965e+00 -3.567187500000000000e+01
6.693860133282974800e+00 -2.892187500000000000e+01
6.714135474544558946e+00 -2.823437500000000000e+01
6.733950188704493911e+00 -2.806250000000000000e+01
6.752670557440684007e+00 -2.671875000000000000e+01
6.773130100280706500e+00 -2.875000000000000000e+01
6.793094134799510186e+00 -2.228125000000000000e+01
6.811982412759405747e+00 -2.700000000000000000e+01
6.832117484320498590e+00 -2.621875000000000000e+01
6.852505301538229787e+00 -3.325000000000000000e+01
6.872587109879431111e+00 -2.475000000000000000e+01
6.891490674488903068e+00 -3.056250000000000000e+01
6.910816185125836952e+00 -2.460937500000000000e+01
6.929964148861490258e+00 -2.403125000000000000e+01
6.950140505133417079e+00 -2.432812500000000000e+01
6.969279837187514204e+00 -1.471875000000000000e+01
6.989170165847337302e+00 -2.243750000000000000e+01
7.009499561481749907e+00 -2.489062500000000000e+01
7.029365745518489916e+00 -1.884375000000000000e+01
7.047948656039389803e+00 -1.840625000000000000e+01
7.068375546724727343e+00 -1.021875000000000000e+01
7.087977449115296480e+00 -1.498437500000000000e+01
7.106746856686385172e+00 -1.115625000000000000e+01
7.126693369845616743e+00 -1.626562500000000000e+01
7.146051173563330750e+00 -1.168750000000000000e+01
7.166057051087017626e+00 -1.334375000000000000e+01
7.186186132697056195e+00 -1.262500000000000000e+01
7.205041372410509126e+00 -1.237500000000000000e+01
7.225085687575528937e+00 -1.534375000000000000e+01
7.245110298260595272e+00 -6.218750000000000000e+00
7.264164368552551210e+00 -9.171875000000000000e+00
7.283928827021636465e+00 -7.062500000000000000e+00
7.304155148685866905e+00 -9.187500000000000000e+00
7.323223468829691996e+00 -4.328125000000000000e+00
7.342933316957019230e+00 -8.125000000000000000e+00
7.363324968586283603e+00 -2.812500000000000000e-01
7.383617669007843887e+00 -9.375000000000000000e-01
7.403832451688547422e+00 2.125000000000000000e+00
7.422071841727323260e+00 -1.021875000000000000e+01
7.441680058886312565e+00 -4.234375000000000000e+00
7.461309572446936045e+00 -3.843750000000000000e+00
7.481631141056148238e+00 -2.718750000000000000e+00
7.500250376087514326e+00 -9.375000000000000000e-02
7.520064944988511968e+00 4.593750000000000000e+00
7.540179882841375303e+00 4.796875000000000000e+00
7.558960277844034792e+00 9.687500000000000000e-01
7.579215506935454982e+00 1.053125000000000000e+01
7.598844539736766990e+00 9.062500000000000000e+00
7.617097441193783069e+00 6.281250000000000000e+00
7.637028049920939310e+00 1.471875000000000000e+01
7.657039736801543484e+00 8.000000000000000000e+00
7.677032303477798081e+00 5.671875000000000000e+00
7.697098990805988805e+00 4.171875000000000000e+00
7.715756248214768576e+00 9.343750000000000000e+00
7.735940117257314341e+00 9.968750000000000000e+00
7.755982392249530122e+00 1.485937500000000000e+01
7.775677389043284649e+00 1.778125000000000000e+01
7.794898083608586603e+00 1.351562500000000000e+01
7.815240390441136498e+00 1.996875000000000000e+01
7.834750078219180125e+00 1.850000000000000000e+01
7.854229636072314946e+00 1.531250000000000000e+01
7.874350400972488728e+00 2.271875000000000000e+01
7.894449285299241836e+00 1.803125000000000000e+01
7.914690260783434184e+00 2.371875000000000000e+01
7.933634534091122958e+00 2.387500000000000000e+01
7.953180243766421853e+00 2.256250000000000000e+01
7.972433167713274926e+00 2.235937500000000000e+01
7.992866914715518689e+00 2.995312500000000000e+01
8.011475518469689305e+00 2.282812500000000000e+01
8.031144759690466373e+00 2.151562500000000000e+01
8.051491143251961802e+00 2.084375000000000000e+01
8.070691998918441357e+00 2.612500000000000000e+01
8.090069235884019605e+00 2.312500000000000000e+01
8.109898191120318955e+00 2.290625000000000000e+01
8.128573060646495207e+00 2.712500000000000000e+01
8.147387882306954765e+00 3.468750000000000000e+01
8.167741296113684157e+00 2.389062500000000000e+01
8.187956864368274523e+00 3.073437500000000000e+01
8.207998638657173274e+00 3.240625000000000000e+01
8.226752614555611132e+00 3.737500000000000000e+01
8.246619295331491628e+00 3.175000000000000000e+01
8.266940116406786387e+00 3.193750000000000000e+01
8.286898150357028925e+00 3.075000000000000000e+01
8.305821652588509352e+00 3.459375000000000000e+01
8.326091296754999149e+00 3.385937500000000000e+01
8.345592750357276657e+00 2.748437500000000000e+01
8.365176172931491294e+00 3.237500000000000000e+01
8.385256836158244909e+00 3.343750000000000000e+01
8.405503654867892749e+00 3.571875000000000000e+01
8.425689169303412385e+00 3.967187500000000000e+01
8.445982565754864169e+00 3.740625000000000000e+01
8.464284308713414973e+00 3.353125000000000000e+01
8.483772725079951726e+00 3.331250000000000000e+01
8.503708161246136044e+00 3.798437500000000000e+01
8.523630466644059211e+00 3.792187500000000000e+01
8.542287038170865543e+00 3.875000000000000000e+01
8.562489993909277786e+00 3.646875000000000000e+01
8.582298605334262476e+00 3.806250000000000000e+01
8.601096485521720680e+00 3.551562500000000000e+01
8.621099167957918752e+00 3.646875000000000000e+01
8.640915056505345859e+00 3.959375000000000000e+01
8.659740104248356829e+00 3.734375000000000000e+01
8.679105200516954000e+00 4.153125000000000000e+01
8.699020066872629187e+00 4.007812500000000000e+01
8.719031603420635435e+00 4.434375000000000000e+01
8.738353086545064485e+00 3.551562500000000000e+01
8.757892181094087292e+00 3.637500000000000000e+01
8.777783740386469802e+00 3.768750000000000000e+01
8.797922212966675204e+00 3.271875000000000000e+01
8.817138459507654957e+00 4.004687500000000000e+01
8.836942249864183196e+00 3.596875000000000000e+01
8.856435460504975765e+00 3.339062500000000000e+01
8.876361262566952348e+00 4.212500000000000000e+01
8.896314351768046080e+00 3.895312500000000000e+01
8.916326945957656847e+00 3.665625000000000000e+01
8.936545636769050560e+00 3.903125000000000000e+01
8.955343749212641313e+00 3.546875000000000000e+01
8.975371731037931511e+00 3.062500000000000000e+01
8.994905654144258023e+00 3.446875000000000000e+01
9.014774822879015659e+00 3.606250000000000000e+01
9.034686494203942431e+00 3.707812500000000000e+01
9.053691935648988220e+00 3.775000000000000000e+01
9.073130708039581549e+00 4.315625000000000000e+01
9.093260404230926852e+00 3.884375000000000000e+01
9.112131317172917022e+00 3.665625000000000000e+01
9.132197609454468790e+00 3.384375000000000000e+01
9.151970027589722889e+00 3.709375000000000000e+01
9.170660500932530823e+00 3.681250000000000000e+01
9.190477456267563738e+00 3.457812500000000000e+01
9.209978757411754202e+00 3.601562500000000000e+01
9.230247604974145759e+00 3.490625000000000000e+01
9.250323253647701804e+00 3.543750000000000000e+01
9.269628023107177484e+00 3.454687500000000000e+01
9.288979801319179330e+00 2.992187500000000000e+01
9.309208043198758276e+00 3.656250000000000000e+01
9.328576184227149071e+00 3.293750000000000000e+01
9.347901308723976399e+00 3.787500000000000000e+01
9.368193965262516798e+00 3.553125000000000000e+01
9.388231262620145401e+00 3.390625000000000000e+01
9.407142466314851958e+00 2.712500000000000000e+01
9.427271050241852635e+00 3.960937500000000000e+01
9.447469695833177639e+00 3.709375000000000000e+01
9.466198285523585554e+00 4.100000000000000000e+01
9.486632456426757898e+00 3.678125000000000000e+01
9.505913640378878426e+00 2.928125000000000000e+01
9.525597485729857539e+00 3.050000000000000000e+01
9.545541128019994659e+00 3.814062500000000000e+01
9.565013817602409318e+00 3.629687500000000000e+01
9.584354398809974640e+00 3.884375000000000000e+01
9.604479205096101424e+00 3.793750000000000000e+01
9.624523204351035588e+00 3.003125000000000000e+01
9.643420277124697293e+00 3.650000000000000000e+01
9.663433263427160469e+00 3.834375000000000000e+01
9.683017855372181515e+00 3.440625000000000000e+01
9.701881051837716541e+00 3.262500000000000000e+01
9.721031326519607774e+00 3.307812500000000000e+01
9.741106178459311593e+00 2.937500000000000000e+01
9.761163994201822902e+00 3.100000000000000000e+01
9.781264128390716905e+00 3.589062500000000000e+01
9.799869105247509538e+00 3.518750000000000000e+01
9.820225392664042374e+00 3.059375000000000000e+01
9.839925354864407225e+00 3.653125000000000000e+01
9.858836324527818107e+00 3.571875000000000000e+01
9.878120943664647768e+00 3.081250000000000000e+01
9.898023805971043032e+00 3.115625000000000000e+01
9.918202841191689600e+00 3.765625000000000000e+01
9.938329849267921290e+00 2.848437500000000000e+01
9.958429871096118546e+00 2.731250000000000000e+01
9.978558873433838627e+00 2.954687500000000000e+01
9.997486772603604521e+00 3.112500000000000000e+01
1.001713128660778551e+01 2.643750000000000000e+01
1.003669503717745926e+01 3.120312500000000000e+01
1.005639577871263057e+01 2.903125000000000000e+01
1.007585664276844639e+01 3.117187500000000000e+01
1.009517384459842582e+01 2.870312500000000000e+01
1.011520291238140246e+01 2.940625000000000000e+01
1.013526077470557496e+01 2.909375000000000000e+01
1.015427493486409816e+01 3.050000000000000000e+01
1.017451785679297238e+01 2.714062500000000000e+01
1.019390822981640277e+01 3.503125000000000000e+01
1.021300484056376767e+01 2.501562500000000000e+01
1.023258636324624682e+01 2.903125000000000000e+01
1.025229539862544925e+01 2.770312500000000000e+01
1.027210452228358406e+01 3.132812500000000000e+01
1.029222113425030294e+01 2.904687500000000000e+01
1.031183862402556883e+01 3.060937500000000000e+01
1.033111468495084040e+01 2.400000000000000000e+01
1.035121464201259478e+01 2.454687500000000000e+01
1.037088456899482480e+01 2.743750000000000000e+01
1.039096331956582731e+01 2.662500000000000000e+01
1.041040045079195053e+01 2.253125000000000000e+01
1.042928813268083132e+01 2.771875000000000000e+01
1.044936772632801336e+01 2.418750000000000000e+01
1.046942740852509957e+01 2.446875000000000000e+01
1.048947870658904158e+01 2.621875000000000000e+01
1.050908919484452220e+01 2.101562500000000000e+01
1.052857752581798323e+01 2.862500000000000000e+01
1.054797467863692617e+01 2.182812500000000000e+01
1.056767603872304662e+01 2.700000000000000000e+01
1.058810895204242897e+01 2.781250000000000000e+01
1.060764590861440482e+01 2.250000000000000000e+01
1.062612536668162377e+01 2.790625000000000000e+01
1.064625331995020829e+01 2.478125000000000000e+01
1.066576547364234528e+01 3.043750000000000000e+01
1.068510708800344311e+01 2.365625000000000000e+01
1.070486152001134528e+01 2.487500000000000000e+01
1.072385947897094916e+01 2.387500000000000000e+01
1.074342412199201213e+01 2.318750000000000000e+01
1.076312623638938248e+01 2.640625000000000000e+01
1.078292668526254516e+01 1.865625000000000000e+01
1.080307188441847721e+01 3.032812500000000000e+01
1.082189747161146798e+01 2.740625000000000000e+01
1.084199697217847813e+01 2.046875000000000000e+01
1.086222231458204845e+01 2.709375000000000000e+01
1.088208973847360284e+01 1.900000000000000000e+01
1.090183831381485113e+01 1.962500000000000000e+01
1.092153602772263277e+01 1.968750000000000000e+01
1.094197027708609404e+01 1.684375000000000000e+01
1.096041332150345760e+01 2.278125000000000000e+01
1.098046175927472845e+01 1.990625000000000000e+01
1.100054078094584398e+01 1.882812500000000000e+01
1.101993750166245611e+01 1.934375000000000000e+01
1.104037142704207675e+01 2.181250000000000000e+01
1.105924051545300557e+01 1.981250000000000000e+01
1.107878738535718099e+01 2.187500000000000000e+01
1.109893204062410277e+01 2.362500000000000000e+01
1.111887882153155971e+01 2.250000000000000000e+01
1.113739887130812356e+01 1.951562500000000000e+01
1.115738159403186458e+01 1.639062500000000000e+01
1.117660676241717255e+01 1.743750000000000000e+01
1.119602247906675885e+01 1.362500000000000000e+01
1.121628334680437256e+01 1.167187500000000000e+01
1.123599911218534153e+01 1.818750000000000000e+01
1.125495621730933138e+01 1.867187500000000000e+01
1.127408008014348795e+01 1.584375000000000000e+01
1.129418662106052551e+01 1.750000000000000000e+01
1.131414949345048981e+01 1.534375000000000000e+01
1.133342718805269911e+01 1.470312500000000000e+01
1.135281561258201322e+01 2.092187500000000000e+01
1.137308242783446843e+01 1.559375000000000000e+01
1.139311994203333178e+01 2.175000000000000000e+01
1.141269832442242560e+01 1.646875000000000000e+01
1.143249699330803537e+01 1.628125000000000000e+01
1.145271943966394090e+01 1.728125000000000000e+01
1.147138296548366299e+01 1.771875000000000000e+01
1.149143062180835351e+01 1.671875000000000000e+01
1.151173840929939374e+01 1.803125000000000000e+01
1.153161523944251599e+01 1.434375000000000000e+01
1.155200045253227259e+01 1.534375000000000000e+01
1.157082439102685356e+01 2.039062500000000000e+01
1.159003099848739282e+01 1.293750000000000000e+01
1.160975523793041120e+01 1.550000000000000000e+01
1.162954100671700353e+01 1.921875000000000000e+01
1.164834138837615640e+01 1.671875000000000000e+01
1.166820489169545638e+01 1.517187500000000000e+01
1.168683812098375796e+01 1.659375000000000000e+01
1.170669391119347935e+01 1.500000000000000000e+01
1.172712418990677463e+01 1.743750000000000000e+01
1.174685137467390561e+01 1.468750000000000000e+01
1.176446875439755146e+01 1.781250000000000000e+01
1.178478821465893134e+01 1.320312500000000000e+01
1.180504114345023758e+01 7.765625000000000000e+00
1.182520777660155886e+01 8.031250000000000000e+00
1.184542833759422109e+01 1.521875000000000000e+01
1.186536309403590295e+01 1.812500000000000000e+01
1.188412565774198981e+01 1.406250000000000000e+01
1.190444283068161369e+01 1.407812500000000000e+01
1.192423306040700481e+01 1.398437500000000000e+01
1.194362344319637259e+01 1.889062500000000000e+01
1.196378091376422503e+01 1.618750000000000000e+01
1.198382875634184686e+01 9.687500000000000000e+00
1.200230059925031867e+01 9.593750000000000000e+00
1.202258125809410316e+01 8.218750000000000000e+00
1.204288571840983657e+01 7.828125000000000000e+00
1.206282854605514210e+01 9.171875000000000000e+00
1.208168134111127046e+01 7.062500000000000000e+00
1.210088849392838029e+01 7.812500000000000000e+00
1.212120803230909516e+01 1.056250000000000000e+01
1.214089938867600260e+01 7.359375000000000000e+00
1.216064308776190117e+01 1.265625000000000000e+01
1.217914121902404290e+01 1.343750000000000000e+01
1.219905090345298326e+01 1.090625000000000000e+01
1.221763662449080101e+01 1.107812500000000000e+01
1.223794988548588947e+01 1.200000000000000000e+01
1.225765706673027644e+01 1.434375000000000000e+01
1.227685733012225278e+01 9.875000000000000000e+00
1.229572317160231520e+01 6.031250000000000000e+00
1.231594897003613553e+01 8.218750000000000000e+00
1.233605153646621488e+01 9.109375000000000000e+00
1.235615426173371212e+01 7.515625000000000000e+00
1.237554370751658794e+01 1.343750000000000000e+01
1.239495071274617288e+01 1.257812500000000000e+01
1.241529958437338266e+01 1.165625000000000000e+01
1.243533075723204817e+01 1.443750000000000000e+01
1.245506975678335948e+01 1.165625000000000000e+01
1.247516835315084904e+01 1.171875000000000000e+01
1.249533316178388986e+01 8.906250000000000000e+00
1.251511639043952684e+01 1.243750000000000000e+01
1.253359542658190584e+01 1.495312500000000000e+01
1.255373640168285654e+01 6.234375000000000000e+00
1.257368821491942867e+01 1.278125000000000000e+01
1.259407390820609152e+01 8.875000000000000000e+00
1.261237172642965909e+01 5.343750000000000000e+00
1.263172212603672406e+01 6.296875000000000000e+00
1.265174102536165712e+01 6.000000000000000000e+00
1.267185863069813223e+01 1.500000000000000000e+01
1.269015090219782849e+01 6.875000000000000000e+00
1.271008225716559004e+01 9.656250000000000000e+00
1.272956445382947521e+01 3.890625000000000000e+00
1.274881199425155209e+01 4.000000000000000000e+00
1.276920837373445750e+01 7.375000000000000000e+00
1.278889329773695849e+01 1.106250000000000000e+01
1.280796139461871874e+01 6.828125000000000000e+00
1.282697739857716712e+01 1.043750000000000000e+01
1.284717411117310171e+01 8.406250000000000000e+00
1.286714008903833850e+01 8.875000000000000000e+00
1.288735944086425533e+01 7.281250000000000000e+00
1.290600303568631979e+01 -1.109375000000000000e+00
1.292592162840631609e+01 7.953125000000000000e+00
1.294618012249081218e+01 1.050000000000000000e+01
1.296563270224580222e+01 1.168750000000000000e+01
1.298538960885302096e+01 9.718750000000000000e+00
1.300553586452066313e+01 1.243750000000000000e+01
1.302551556328854332e+01 4.906250000000000000e+00
1.304439184979938915e+01 1.089062500000000000e+01
1.306458714427312096e+01 9.859375000000000000e+00
1.308454233145622148e+01 7.078125000000000000e+00
1.310419721901659962e+01 3.562500000000000000e+00
1.312346149174137366e+01 5.906250000000000000e+00
1.314292203095935463e+01 1.256250000000000000e+01
1.316258275400813993e+01 1.146875000000000000e+01
1.318309106815450704e+01 6.375000000000000000e+00
1.320278644810973745e+01 9.968750000000000000e+00
1.322166338918179562e+01 2.406250000000000000e+00
1.324139967252985173e+01 3.562500000000000000e+00
1.326026866042726482e+01 1.256250000000000000e+01
1.328008844244115316e+01 1.060937500000000000e+01
1.330014536987075324e+01 5.781250000000000000e-01
1.331931063401988879e+01 8.906250000000000000e+00
1.333848007740323816e+01 8.156250000000000000e+00
1.335814799576388623e+01 6.593750000000000000e+00
1.337817249082635840e+01 1.089062500000000000e+01
1.339832097343258255e+01 1.762500000000000000e+01
1.341703938789988015e+01 5.218750000000000000e+00
1.343677649029089771e+01 4.484375000000000000e+00
1.345683824978313403e+01 8.343750000000000000e+00
1.347672905732224535e+01 8.015625000000000000e+00
1.349658405931444349e+01 5.421875000000000000e+00
1.351649149165359631e+01 6.500000000000000000e+00
1.353659732289419004e+01 4.515625000000000000e+00
1.355543925418505680e+01 1.750000000000000000e+00
1.357565430905776438e+01 7.406250000000000000e+00
1.359538176652077546e+01 7.593750000000000000e+00
1.361425165893904676e+01 7.734375000000000000e+00
1.363468592416773362e+01 6.312500000000000000e+00
1.365378817733204642e+01 3.562500000000000000e+00
1.367348168351764670e+01 1.090625000000000000e+01
1.369380165713462816e+01 8.031250000000000000e+00
1.371364132599051189e+01 8.000000000000000000e+00
1.373273219502169162e+01 6.765625000000000000e+00
1.375246718403218438e+01 1.100000000000000000e+01
1.377260927861616224e+01 1.568750000000000000e+01
1.379134475850007213e+01 4.687500000000000000e+00
1.381156703097019900e+01 8.968750000000000000e+00
1.383098642595899719e+01 5.218750000000000000e+00
1.385058469116945723e+01 8.328125000000000000e+00
1.386975148670115310e+01 6.625000000000000000e+00
1.388927522627697186e+01 9.656250000000000000e+00
1.390914575407917653e+01 7.859375000000000000e+00
1.392910997598363920e+01 4.718750000000000000e+00
1.394784387438000905e+01 1.067187500000000000e+01
1.396825173373044748e+01 3.500000000000000000e+00
1.398790429165966742e+01 2.843750000000000000e+00
1.400717874874712265e+01 2.375000000000000000e+00
1.402701764805864038e+01 7.937500000000000000e+00
1.404659682298453305e+01 8.156250000000000000e+00
1.406611413166999647e+01 1.859375000000000000e+00
1.408648492648748274e+01 4.312500000000000000e+00
1.410650176782520759e+01 8.265625000000000000e+00
1.412659900218471165e+01 1.187500000000000000e+01
1.414702367870127020e+01 8.640625000000000000e+00
1.416589984240448885e+01 1.050000000000000000e+01
1.418504348360062295e+01 7.750000000000000000e+00
1.420540148965049809e+01 8.953125000000000000e+00
1.422582273109835072e+01 9.875000000000000000e+00
1.424510079817187425e+01 5.718750000000000000e+00
1.426365839993155049e+01 6.015625000000000000e+00
1.428349428800448706e+01 8.250000000000000000e+00
1.430241024469201960e+01 8.093750000000000000e+00
1.432263020730753844e+01 2.140625000000000000e+00
1.434184018967675200e+01 8.968750000000000000e+00
1.435944111060556949e+01 7.343750000000000000e+00
1.437974706285111282e+01 5.593750000000000000e+00
1.440006575128443700e+01 2.265625000000000000e+00
1.442020186287428274e+01 4.406250000000000000e+00
1.444015384910915145e+01 6.421875000000000000e+00
1.445870041830955799e+01 7.750000000000000000e+00
1.447855941063269292e+01 2.906250000000000000e+00
1.449916327987117981e+01 3.687500000000000000e+00
1.451916150900216707e+01 4.718750000000000000e+00
1.453846190690850904e+01 9.875000000000000000e+00
1.455853197590682768e+01 1.059375000000000000e+01
1.457851525647584623e+01 8.687500000000000000e+00
1.459733977882967437e+01 -1.125000000000000000e+00
1.461757299259365261e+01 1.012500000000000000e+01
1.463751357052741575e+01 5.859375000000000000e+00
1.465715389032829385e+01 7.890625000000000000e+00
1.467683344580307647e+01 3.343750000000000000e+00
1.469613319839076482e+01 9.796875000000000000e+00
1.471623496990830127e+01 7.453125000000000000e+00
1.473599513488607826e+01 3.500000000000000000e+00
