#Time Flux
-1.263777492241615619e+00 9.273437500000000000e+00
-1.258666867402482126e+00 1.058789062500000000e+01
-1.253696469248296808e+00 8.949218750000000000e+00
-1.248604360048119588e+00 5.062500000000000000e+00
-1.243379406204837778e+00 7.230468750000000000e+00
-1.238532875976375180e+00 6.187500000000000000e+00
-1.233454536900211451e+00 7.339843750000000000e+00
-1.228421586891045081e+00 2.945312500000000000e+00
-1.223221846440424088e+00 7.724609375000000000e+00
-1.218457987883198257e+00 6.925781250000000000e+00
-1.213152450831728402e+00 1.020703125000000000e+01
-1.208076726013814550e+00 6.189453125000000000e+00
-1.202896694435708014e+00 7.175781250000000000e+00
-1.198134716405320432e+00 7.546875000000000000e+00
-1.192971131011745456e+00 6.517578125000000000e+00
-1.187957934278571770e+00 3.269531250000000000e+00
-1.182690518141271241e+00 4.910156250000000000e+00
-1.177776840633555366e+00 4.253906250000000000e+00
-1.172771735325227382e+00 8.898437500000000000e+00
-1.167682903766035452e+00 6.875000000000000000e+00
-1.162400312939979585e+00 7.648437500000000000e+00
-1.157664808192066630e+00 1.068750000000000000e+01
-1.152365567547860792e+00 4.099609375000000000e+00
-1.147291017143288627e+00 -6.582031250000000000e-01
-1.141989620835687447e+00 4.972656250000000000e+00
-1.137439342028969236e+00 8.244140625000000000e+00
-1.132038534802802587e+00 1.392578125000000000e+00
-1.127180413592782315e+00 7.207031250000000000e+00
-1.121815053914133387e+00 8.886718750000000000e+00
-1.117191410062773116e+00 5.751953125000000000e+00
-1.111922905011510920e+00 5.746093750000000000e+00
-1.106903809324080612e+00 8.046875000000000000e+00
-1.101485691837751801e+00 6.720703125000000000e+00
-1.096812549669039072e+00 4.351562500000000000e+00
-1.091489122007828882e+00 3.611328125000000000e+00
-1.086646933447980246e+00 8.722656250000000000e+00
-1.081254228884972690e+00 2.933593750000000000e+00
-1.076537294326428196e+00 1.031250000000000000e+00
-1.071549784865666766e+00 6.371093750000000000e+00
-1.066360540638456200e+00 8.396484375000000000e+00
-1.061127025979260452e+00 6.328125000000000000e-01
-1.056332045240651496e+00 3.664062500000000000e+00
-1.051116081722895501e+00 5.144531250000000000e+00
-1.046003564064335478e+00 8.765625000000000000e+00
-1.040932138831507814e+00 -3.554687500000000000e-01
-1.036090933925152058e+00 -1.312500000000000000e+00
-1.030719538282028225e+00 4.847656250000000000e+00
-1.025820691170679311e+00 5.226562500000000000e+00
-1.020733296182982031e+00 1.240234375000000000e+00
-1.015720677576723574e+00 -4.253906250000000000e+00
-1.010624760918403808e+00 5.468750000000000000e-02
-1.005454379017237443e+00 2.730468750000000000e+00
-1.000408967952921557e+00 2.687500000000000000e+00
-9.954175069798338882e-01 2.480468750000000000e-01
-9.903661848711635685e-01 -1.273437500000000000e+00
-9.852991928129313237e-01 -2.925781250000000000e+00
-9.801653703337933621e-01 1.628906250000000000e+00
-9.751898090410122677e-01 -1.117187500000000000e+00
-9.701919274437358354e-01 2.218750000000000000e+00
-9.650752836241736077e-01 -1.753906250000000000e+00
-9.598652231533151280e-01 -6.726562500000000000e+00
-9.549721405130071616e-01 -3.089843750000000000e+00
-9.497840264730257331e-01 6.054687500000000000e-01
-9.448428435499636180e-01 -5.714843750000000000e+00
-9.395379061932089826e-01 -2.710937500000000000e+00
-9.347010365271444243e-01 -8.933593750000000000e+00
-9.294836882475578932e-01 4.882812500000000000e-02
-9.245414733709083066e-01 -2.187500000000000000e+00
-9.192543950622820148e-01 -6.085937500000000000e+00
-9.144406638504278817e-01 -6.904296875000000000e+00
-9.092106786497424764e-01 -4.921875000000000000e-01
-9.042050771213183680e-01 -8.476562500000000000e-01
-8.990741122175336386e-01 -5.445312500000000000e+00
-8.941353013231605473e-01 -9.521484375000000000e+00
-8.888740351508204185e-01 -3.753906250000000000e+00
-8.839058932833694371e-01 -1.047851562500000000e+01
-8.786948281807553940e-01 -8.238281250000000000e+00
-8.738643997772896910e-01 -8.734375000000000000e+00
-8.686392684460315650e-01 -8.128906250000000000e+00
-8.635123690566501864e-01 -9.771484375000000000e+00
-8.585605901777171312e-01 -2.417968750000000000e+00
-8.536333773064370689e-01 -9.320312500000000000e+00
-8.482476279791626439e-01 -5.988281250000000000e+00
-8.434754187956059468e-01 -1.533984375000000000e+01
-8.383741989943018780e-01 -1.438867187500000000e+01
-8.332085728058586938e-01 -9.787109375000000000e+00
-8.279382705218267802e-01 -4.943359375000000000e+00
-8.230611635442528495e-01 -1.885937500000000000e+01
-8.179525780267908885e-01 -1.101171875000000000e+01
-8.129357005060739993e-01 -8.232421875000000000e+00
-8.078443886325885614e-01 -5.292968750000000000e+00
-8.027806831364614482e-01 -1.122851562500000000e+01
-7.978741492361223209e-01 -1.504492187500000000e+01
-7.928357666283432081e-01 -1.080468750000000000e+01
-7.876210080100349842e-01 -1.018750000000000000e+01
-7.824574062139504349e-01 -1.310742187500000000e+01
-7.774450282164480086e-01 -1.757031250000000000e+01
-7.724582392312413504e-01 -1.864453125000000000e+01
-7.672794668916083083e-01 -1.840625000000000000e+01
-7.622626987033527257e-01 -1.592382812500000000e+01
-7.573402433955465085e-01 -1.514648437500000000e+01
-7.522187013854590987e-01 -1.926171875000000000e+01
-7.470642557080964252e-01 -1.452343750000000000e+01
-7.422284703444574916e-01 -1.809375000000000000e+01
-7.369439028689015458e-01 -1.035937500000000000e+01
-7.318810597093943215e-01 -2.257421875000000000e+01
-7.268481162159332598e-01 -1.481250000000000000e+01
-7.219055563236196349e-01 -1.916601562500000000e+01
-7.166300615388081496e-01 -1.176171875000000000e+01
-7.116193620309445578e-01 -1.762500000000000000e+01
-7.065272122191572635e-01 -1.795312500000000000e+01
-7.016150012884736498e-01 -2.067382812500000000e+01
-6.965561683477261568e-01 -1.358203125000000000e+01
-6.913665698435806917e-01 -2.039453125000000000e+01
-6.862841894846809510e-01 -1.703710937500000000e+01
-6.812516326702962033e-01 -2.644921875000000000e+01
-6.762420011414178589e-01 -1.828906250000000000e+01
-6.711786053349158010e-01 -2.441796875000000000e+01
-6.659520622986292437e-01 -1.870312500000000000e+01
-6.609601850561261926e-01 -2.170312500000000000e+01
-6.559992505909661986e-01 -2.116796875000000000e+01
-6.507527737273761659e-01 -2.850000000000000000e+01
-6.458166545298240635e-01 -2.371093750000000000e+01
-6.407337905141474721e-01 -2.396679687500000000e+01
-6.355905232164502650e-01 -1.822265625000000000e+01
-6.305053357206702458e-01 -2.724804687500000000e+01
-6.255249695144584621e-01 -2.025781250000000000e+01
-6.205225649191561388e-01 -2.998828125000000000e+01
-6.154497888398964278e-01 -2.208203125000000000e+01
-6.102554372518511627e-01 -3.116015625000000000e+01
-6.051193764882327741e-01 -2.516406250000000000e+01
-6.002541672505685710e-01 -2.795117187500000000e+01
-5.951782576553767967e-01 -2.462109375000000000e+01
-5.901946948952172534e-01 -3.496875000000000000e+01
-5.849999925522979538e-01 -2.180468750000000000e+01
-5.800246580916876837e-01 -3.133984375000000000e+01
-5.750884956163417883e-01 -2.360546875000000000e+01
-5.698244608865650207e-01 -3.092968750000000000e+01
-5.648284760748083499e-01 -3.234179687500000000e+01
-5.597717958040107078e-01 -2.353515625000000000e+01
-5.547106873870006893e-01 -2.677148437500000000e+01
-5.494516463487997271e-01 -3.242578125000000000e+01
-5.445451868685609043e-01 -2.715820312500000000e+01
-5.395824928897354766e-01 -3.049609375000000000e+01
-5.342956450306246552e-01 -2.763671875000000000e+01
-5.292828760400425381e-01 -2.575390625000000000e+01
-5.244522885774074439e-01 -2.985937500000000000e+01
-5.193097790760248245e-01 -2.826953125000000000e+01
-5.141523797962008757e-01 -3.046484375000000000e+01
-5.089776980096303305e-01 -2.957812500000000000e+01
-5.040636424182594055e-01 -3.102343750000000000e+01
-4.990909901690088191e-01 -2.943164062500000000e+01
-4.938197937373729474e-01 -3.673242187500000000e+01
-4.886234880885353959e-01 -3.343945312500000000e+01
-4.838280423971355049e-01 -3.455468750000000000e+01
-4.789495129697058928e-01 -3.358593750000000000e+01
-4.736490119262839471e-01 -3.756054687500000000e+01
-4.685727993254431567e-01 -3.312109375000000000e+01
-4.636319590997430851e-01 -3.587109375000000000e+01
-4.585357251568638048e-01 -2.866210937500000000e+01
-4.533524017874555057e-01 -3.475390625000000000e+01
-4.482637172872045994e-01 -3.196093750000000000e+01
-4.433136951761298405e-01 -3.960742187500000000e+01
-4.381513730374990701e-01 -2.968750000000000000e+01
-4.331130500543167727e-01 -4.086523437500000000e+01
-4.280304102890966078e-01 -4.137500000000000000e+01
-4.230780747189442081e-01 -3.168164062500000000e+01
-4.177505048402281318e-01 -3.047656250000000000e+01
-4.127904490918581359e-01 -4.503125000000000000e+01
-4.077592592662995230e-01 -3.972265625000000000e+01
-4.027725056757276434e-01 -3.888476562500000000e+01
-3.976276868791472907e-01 -3.370117187500000000e+01
-3.927450928749749437e-01 -4.291796875000000000e+01
-3.875710940543513061e-01 -3.539453125000000000e+01
-3.824974309134177020e-01 -3.646093750000000000e+01
-3.775321514895608743e-01 -3.319921875000000000e+01
-3.723189231751575790e-01 -4.109375000000000000e+01
-3.671686198596120221e-01 -3.263671875000000000e+01
-3.623004759485866089e-01 -3.444531250000000000e+01
-3.571796412227001838e-01 -3.319140625000000000e+01
-3.521934633530463543e-01 -3.762890625000000000e+01
-3.469156381136713208e-01 -3.332617187500000000e+01
-3.419968351594206979e-01 -3.788671875000000000e+01
-3.368452389613310061e-01 -3.283984375000000000e+01
-3.319448291990454436e-01 -3.253906250000000000e+01
-3.266757206430810356e-01 -3.674414062500000000e+01
-3.217737704564314072e-01 -3.685156250000000000e+01
-3.166128834723167529e-01 -3.403125000000000000e+01
-3.116261110192226624e-01 -3.803906250000000000e+01
-3.064096615219966679e-01 -3.816406250000000000e+01
-3.014264131001453961e-01 -3.456835937500000000e+01
-2.963060933611814107e-01 -3.926562500000000000e+01
-2.913735743162391145e-01 -3.258398437500000000e+01
-2.860719196971786005e-01 -3.778320312500000000e+01
-2.812243577078561430e-01 -3.313476562500000000e+01
-2.760598903614663868e-01 -3.787109375000000000e+01
-2.709560565460833459e-01 -2.475000000000000000e+01
-2.656849935843297317e-01 -3.752148437500000000e+01
-2.610628202448879165e-01 -3.235546875000000000e+01
-2.559682549663193640e-01 -3.001367187500000000e+01
-2.509044949887311304e-01 -3.023828125000000000e+01
-2.455754227443094351e-01 -3.542968750000000000e+01
-2.406648799895805269e-01 -3.317968750000000000e+01
-2.355917266123128684e-01 -3.628320312500000000e+01
-2.304702507439060355e-01 -4.062109375000000000e+01
-2.253373061248566955e-01 -3.818750000000000000e+01
-2.202487373338897214e-01 -3.641406250000000000e+01
-2.151676269803601826e-01 -3.580078125000000000e+01
-2.102193394080131839e-01 -3.105273437500000000e+01
-2.051389801662253376e-01 -3.260156250000000000e+01
-2.000757812502200750e-01 -3.929492187500000000e+01
-1.950020499130005192e-01 -2.575390625000000000e+01
-1.899656659053334806e-01 -3.672656250000000000e+01
-1.848428548694300844e-01 -2.345703125000000000e+01
-1.797707087564504036e-01 -3.543359375000000000e+01
-1.746825250883148328e-01 -3.142968750000000000e+01
-1.696777453655613499e-01 -3.610742187500000000e+01
-1.644623865986147848e-01 -3.080078125000000000e+01
-1.596429105750303279e-01 -3.111523437500000000e+01
-1.543896706848926215e-01 -2.608789062500000000e+01
-1.494423482439515283e-01 -3.026171875000000000e+01
-1.442180511617152661e-01 -2.613281250000000000e+01
-1.392320865330702873e-01 -3.665625000000000000e+01
-1.342661830709630522e-01 -3.546875000000000000e+01
-1.292793741463071910e-01 -3.739843750000000000e+01
-1.239050075145087249e-01 -2.788281250000000000e+01
-1.190251379649680530e-01 -3.862109375000000000e+01
-1.139278157780836409e-01 -3.555859375000000000e+01
-1.090264545880472724e-01 -3.442187500000000000e+01
-1.036843925726316229e-01 -7.492382812500000000e+01
-9.876955134261322655e-02 -1.701386718750000000e+02
-9.362761949657283367e-02 -3.091132812500000000e+02
-8.881687451662401145e-02 -5.587968750000000000e+02
-8.347910996724294819e-02 -8.758515625000000000e+02
-7.846204077839047386e-02 -1.212117187500000000e+03
-7.337243277282823328e-02 -1.592982421875000000e+03
-6.840105010149954978e-02 -2.012197265625000000e+03
-6.333961475456817425e-02 -2.423589843750000000e+03
-5.820093477143473137e-02 -2.862750000000000000e+03
-5.317750772178442276e-02 -3.300832031250000000e+03
-4.815128768977672280e-02 -3.682097656250000000e+03
-4.317068844682125928e-02 -4.097906250000000000e+03
-3.809490281474836593e-02 -4.472144531250000000e+03
-3.293622929197681515e-02 -4.790550781250000000e+03
-2.801577275243971599e-02 -5.081292968750000000e+03
-2.287485095962438209e-02 -5.385316406250000000e+03
-1.768657972479559248e-02 -5.585601562500000000e+03
-1.255289238304158062e-02 -5.707855468750000000e+03
-7.762186660102088354e-03 -5.809201171875000000e+03
-2.565806187135422078e-03 -5.887454101562500000e+03
2.463220541585542378e-03 -5.902487304687500000e+03
7.598097614277321554e-03 -5.815923828125000000e+03
1.257414419842461939e-02 -5.665445312500000000e+03
1.763358247990254313e-02 -5.556699218750000000e+03
2.279506767037275949e-02 -5.333787109375000000e+03
2.781557309788240673e-02 -5.074176757812500000e+03
3.280649292980797327e-02 -4.741156250000000000e+03
3.785693962561254011e-02 -4.430945312500000000e+03
4.310608512540170523e-02 -4.040000000000000000e+03
4.818915117914457369e-02 -3.643246093750000000e+03
5.324012541211686766e-02 -3.176996093750000000e+03
5.821729479853843259e-02 -2.783480468750000000e+03
6.325500354364521627e-02 -2.348527343750000000e+03
6.849116516617925754e-02 -1.936740234375000000e+03
7.329232239891325662e-02 -1.528666015625000000e+03
7.841112651904325048e-02 -1.156421875000000000e+03
8.353609628301228440e-02 -7.936230468750000000e+02
8.857127230967876130e-02 -5.014609375000000000e+02
9.368107043258078193e-02 -2.829882812500000000e+02
9.868235705891947873e-02 -1.432421875000000000e+02
1.038676891830618843e-01 -6.010156250000000000e+01
1.088474885312962215e-01 -2.989257812500000000e+01
1.137488054642403768e-01 -2.561132812500000000e+01
1.188938687090512758e-01 -2.653906250000000000e+01
1.239917756495856338e-01 -2.432812500000000000e+01
1.291376559641150834e-01 -2.623828125000000000e+01
1.340338008553771942e-01 -1.875390625000000000e+01
1.391039975680001817e-01 -1.671289062500000000e+01
1.443165406132038697e-01 -2.117968750000000000e+01
1.495024707320453672e-01 -3.362109375000000000e+01
1.544604495347812190e-01 -1.614648437500000000e+01
1.593734113248501671e-01 -1.810546875000000000e+01
1.645376921292296402e-01 -2.412695312500000000e+01
1.696695679097501852e-01 -3.582421875000000000e+01
1.747141031319898730e-01 -1.540625000000000000e+01
1.797329303591936878e-01 -1.866992187500000000e+01
1.848123793600962017e-01 -2.072656250000000000e+01
1.898766520789649803e-01 -2.366406250000000000e+01
1.950089361300797464e-01 -1.627734375000000000e+01
2.000455028687753156e-01 -2.025585937500000000e+01
2.051147197697673619e-01 -1.598828125000000000e+01
2.102365247468469533e-01 -2.312890625000000000e+01
2.152134015216944363e-01 -1.399218750000000000e+01
2.202591231434212204e-01 -1.569140625000000000e+01
2.254612560056443726e-01 -1.654492187500000000e+01
2.305490730860952908e-01 -2.793359375000000000e+01
2.354292672276869780e-01 -1.110546875000000000e+01
2.404730402122368105e-01 -1.890625000000000000e+01
2.458116466124522503e-01 -2.248046875000000000e+01
2.506660090172090349e-01 -2.794921875000000000e+01
2.556973213005591106e-01 -1.255664062500000000e+01
2.607920857188901209e-01 -4.652343750000000000e+00
2.660873092251563321e-01 -2.004296875000000000e+01
2.709562787456434307e-01 -1.429296875000000000e+01
2.760347882597784519e-01 -9.214843750000000000e+00
2.810459122898265605e-01 -1.644335937500000000e+01
2.863366452809970042e-01 -1.716992187500000000e+01
2.912715649231358839e-01 -2.215625000000000000e+01
2.964690857027676429e-01 -5.736328125000000000e+00
3.013221813655775350e-01 -9.957031250000000000e+00
3.065017137930681201e-01 -1.499804687500000000e+01
3.114532685087283426e-01 -1.593164062500000000e+01
3.166976083525696595e-01 -1.171093750000000000e+01
3.216857154042145339e-01 -7.476562500000000000e+00
3.269163869081239682e-01 -9.300781250000000000e+00
3.317670610134655362e-01 -1.700781250000000000e+01
3.369438485711953035e-01 -1.095312500000000000e+01
3.420566477489330737e-01 -1.222656250000000000e+01
3.471632526127734764e-01 -7.933593750000000000e+00
3.519130365292681972e-01 -1.660546875000000000e+01
3.570095058946662903e-01 -9.574218750000000000e+00
3.620952546773423819e-01 -6.511718750000000000e+00
3.674167650211757064e-01 -1.078906250000000000e+01
3.723381949984059247e-01 -1.929687500000000000e+01
3.774290623606475492e-01 -3.253906250000000000e+00
3.825042766384285642e-01 -7.937500000000000000e+00
3.875908293891825451e-01 -8.261718750000000000e+00
3.926507864301527206e-01 -2.291406250000000000e+01
3.976324396905397407e-01 -6.289062500000000000e+00
4.027213271381526738e-01 -8.828125000000000000e+00
4.078094110176948561e-01 -5.832031250000000000e+00
4.127598437148094490e-01 -1.447851562500000000e+01
4.178901904962231129e-01 -3.378906250000000000e+00
4.230627928071726274e-01 -6.917968750000000000e+00
4.281823971683138552e-01 -6.750000000000000000e+00
4.330640022686793600e-01 -1.032031250000000000e+01
4.382643086722453063e-01 -2.435546875000000000e+00
4.432766137231283210e-01 -7.171875000000000000e+00
4.482949471755546256e-01 -1.117187500000000000e+00
4.533716400717366923e-01 -1.358398437500000000e+01
4.584868926541645351e-01 -5.156250000000000000e+00
4.635027082570104540e-01 -5.429687500000000000e+00
4.686939884168168646e-01 -1.554687500000000000e+00
4.736381021313604833e-01 -1.242578125000000000e+01
4.787189683851238442e-01 -6.277343750000000000e+00
4.838404699020202315e-01 3.554687500000000000e-01
4.889642872723243272e-01 -1.552734375000000000e+00
4.939310077984373493e-01 -1.308007812500000000e+01
4.989514476095848750e-01 4.023437500000000000e-01
5.040406234122656315e-01 2.537109375000000000e+00
5.090333514077229893e-01 -5.582031250000000000e+00
5.141025739295628227e-01 -6.828125000000000000e+00
5.191894048756466873e-01 2.867187500000000000e+00
5.242913418932744207e-01 -3.671875000000000000e-01
5.292855810353103152e-01 1.085937500000000000e+00
5.343987266527392421e-01 -4.492187500000000000e+00
5.396059422498638014e-01 -6.019531250000000000e+00
5.445926778095326881e-01 6.207031250000000000e+00
5.495705753918542769e-01 9.589843750000000000e-01
5.546447595447148160e-01 3.177734375000000000e+00
5.597532419970434603e-01 -1.445312500000000000e-01
5.648650703485174063e-01 4.425781250000000000e+00
5.699239534973941090e-01 4.462890625000000000e+00
5.749128806930343671e-01 1.205078125000000000e+00
5.800881223923397556e-01 4.546875000000000000e+00
5.851402172807667057e-01 4.498046875000000000e+00
5.901154096738991939e-01 2.363281250000000000e+00
5.950762833667795348e-01 -1.277343750000000000e+00
6.002988114883009985e-01 2.078125000000000000e+00
6.053451895101602531e-01 9.277343750000000000e-01
6.104221237494584784e-01 7.121093750000000000e+00
6.152326328586070758e-01 3.355468750000000000e+00
6.205491215276879302e-01 3.593750000000000000e+00
6.254919607798683501e-01 6.445312500000000000e+00
6.304248619951522414e-01 6.324218750000000000e+00
6.357223583385120946e-01 -7.031250000000000000e-02
6.407445383163121733e-01 3.708984375000000000e+00
6.458503640973844995e-01 9.933593750000000000e+00
6.508573928167606937e-01 1.007031250000000000e+01
6.559342185727956576e-01 -7.382812500000000000e-01
6.611779286511136888e-01 7.814453125000000000e+00
6.661106928760318624e-01 1.258593750000000000e+01
6.711227857375661188e-01 1.165625000000000000e+01
6.761373188583092997e-01 2.429687500000000000e+00
6.814426402020501428e-01 7.269531250000000000e+00
6.863206512501278667e-01 8.941406250000000000e+00
6.914563973961662668e-01 5.757812500000000000e+00
6.965569112020375542e-01 9.691406250000000000e+00
7.016870244393231815e-01 8.492187500000000000e+00
7.066533253990883168e-01 1.362109375000000000e+01
7.116918230773308096e-01 2.102734375000000000e+01
7.165888700772597986e-01 5.984375000000000000e+00
7.217922405584573653e-01 5.912109375000000000e+00
7.266558993107139486e-01 1.090234375000000000e+01
7.319557373051566174e-01 1.568359375000000000e+01
7.369876361474894111e-01 8.179687500000000000e+00
7.421185278110726813e-01 8.542968750000000000e+00
7.469762019306926959e-01 1.502148437500000000e+01
7.520876540221621553e-01 1.516015625000000000e+01
7.571903380364801706e-01 1.078515625000000000e+01
7.623384580861056747e-01 8.156250000000000000e+00
7.673564068417704220e-01 2.215625000000000000e+01
7.724015945974542774e-01 1.826562500000000000e+01
7.776235254557377630e-01 1.214062500000000000e+01
7.826156246825917151e-01 1.320117187500000000e+01
7.875624070692310852e-01 1.958203125000000000e+01
7.927459611893823421e-01 1.239648437500000000e+01
7.977166792458092459e-01 1.581250000000000000e+01
8.028166025867449207e-01 -2.699218750000000000e+00
8.076252016205671680e-01 2.158593750000000000e+01
8.129216575948277068e-01 1.579882812500000000e+01
8.180603203356326958e-01 1.583789062500000000e+01
8.231279526651746892e-01 7.759765625000000000e+00
8.280308127075386437e-01 2.699218750000000000e+01
8.333244733003084548e-01 1.573828125000000000e+01
8.383588902408121157e-01 1.900000000000000000e+01
8.431659101438526704e-01 5.828125000000000000e+00
8.483716688409117523e-01 2.121093750000000000e+01
8.533244074297527959e-01 2.530664062500000000e+01
8.586683970180502001e-01 1.486718750000000000e+01
8.635057842000151140e-01 7.867187500000000000e+00
8.686806074252473309e-01 1.914062500000000000e+01
8.735155506726073327e-01 1.763867187500000000e+01
8.789154581216536144e-01 1.672656250000000000e+01
8.837540699406929434e-01 1.785937500000000000e+01
8.888727748012570373e-01 1.800000000000000000e+01
8.938576768189960831e-01 2.365820312500000000e+01
8.992023004186933122e-01 1.425195312500000000e+01
9.040309617832349431e-01 1.839453125000000000e+01
9.091412701508261307e-01 2.141796875000000000e+01
9.142497061491781096e-01 2.089453125000000000e+01
9.195196878975480104e-01 1.566992187500000000e+01
9.243865222628073752e-01 1.767578125000000000e+01
9.295612492733766885e-01 1.791992187500000000e+01
9.346370427525840796e-01 2.571679687500000000e+01
9.399116453904525770e-01 1.467187500000000000e+01
9.445082476476187594e-01 1.357031250000000000e+01
9.496006752867742762e-01 2.009375000000000000e+01
9.547165765494582956e-01 3.058984375000000000e+01
9.601131488332868003e-01 1.989648437500000000e+01
9.648976648626614860e-01 1.750781250000000000e+01
9.700620966532369494e-01 2.026953125000000000e+01
9.751068047628450586e-01 2.721093750000000000e+01
9.802826012601144612e-01 1.844921875000000000e+01
9.853235706121949988e-01 9.160156250000000000e+00
9.900809377313635196e-01 2.467187500000000000e+01
9.952893043571293674e-01 2.503515625000000000e+01
1.000577833420493334e+00 2.655078125000000000e+01
1.005446503725181628e+00 1.177148437500000000e+01
1.010444951910315581e+00 2.341601562500000000e+01
1.015656913094858282e+00 3.398046875000000000e+01
1.020894084018493686e+00 1.916406250000000000e+01
1.025705437025067113e+00 1.980468750000000000e+01
1.030878699872985749e+00 2.329101562500000000e+01
1.036059194377685344e+00 3.512109375000000000e+01
1.041122200781174456e+00 2.458398437500000000e+01
1.045890179054310920e+00 1.517968750000000000e+01
1.051167463026217774e+00 2.778515625000000000e+01
1.056269725251468117e+00 2.932812500000000000e+01
1.061288819070568934e+00 2.700585937500000000e+01
1.066115702715137559e+00 1.204687500000000000e+01
1.071271355467956710e+00 2.982421875000000000e+01
1.076440407696168222e+00 2.898046875000000000e+01
1.081697703927829934e+00 2.321875000000000000e+01
1.086422494488630264e+00 1.704687500000000000e+01
1.091518026134878028e+00 2.381640625000000000e+01
1.096621910318276605e+00 3.741406250000000000e+01
1.101768111266835604e+00 2.186718750000000000e+01
1.106770793016380594e+00 1.383203125000000000e+01
1.111846516880135027e+00 2.818750000000000000e+01
1.116781360766481157e+00 3.917968750000000000e+01
1.122045130394852208e+00 2.546289062500000000e+01
1.126956220210786341e+00 1.506640625000000000e+01
1.132157076806507234e+00 2.294335937500000000e+01
1.137316616443001749e+00 3.842578125000000000e+01
1.142265418412023337e+00 2.482226562500000000e+01
1.147352602245319986e+00 1.873437500000000000e+01
1.152308081136766305e+00 2.792187500000000000e+01
1.157485820467172744e+00 3.750000000000000000e+01
1.162581675281472826e+00 2.416015625000000000e+01
1.167492199314494883e+00 2.153515625000000000e+01
1.172658787618047427e+00 2.300390625000000000e+01
1.177803925865333667e+00 3.494921875000000000e+01
1.182927929274285361e+00 3.075585937500000000e+01
1.187867707777741089e+00 1.578125000000000000e+01
1.193012640664733226e+00 3.451171875000000000e+01
1.198088557232040330e+00 3.316015625000000000e+01
1.203105807444671882e+00 3.238671875000000000e+01
1.208037065275675559e+00 1.769921875000000000e+01
1.213118682722665653e+00 2.891015625000000000e+01
1.218071883753395923e+00 3.870703125000000000e+01
1.223217077829758637e+00 3.787695312500000000e+01
1.228308929092577273e+00 2.526953125000000000e+01
1.233361056844159975e+00 2.622265625000000000e+01
1.238477910107945945e+00 4.093359375000000000e+01
1.243435111139433502e+00 3.361718750000000000e+01
1.248658828087428674e+00 1.941406250000000000e+01
1.253747938379774496e+00 2.861523437500000000e+01
1.258819323872444329e+00 4.102343750000000000e+01
1.263848886754203704e+00 4.055468750000000000e+01
1.268801518635200409e+00 1.659375000000000000e+01
1.274074241711915079e+00 2.665625000000000000e+01
1.278843880701401758e+00 3.943945312500000000e+01
1.284078695163543671e+00 3.795117187500000000e+01
1.289158198329630522e+00 1.486718750000000000e+01
1.294288156987420280e+00 3.279296875000000000e+01
1.299219035400369648e+00 3.639062500000000000e+01
1.304420614857647820e+00 3.498828125000000000e+01
1.309502883742140966e+00 2.038671875000000000e+01
1.314536404136291026e+00 3.555664062500000000e+01
1.319305425697180567e+00 3.943554687500000000e+01
1.324517207477242664e+00 3.704687500000000000e+01
1.329575355287943239e+00 1.995703125000000000e+01
1.334691852989863037e+00 2.641406250000000000e+01
1.339537949212854073e+00 3.959960937500000000e+01
1.344947960468175552e+00 3.633984375000000000e+01
1.349940643259344597e+00 2.144335937500000000e+01
1.355105833701330198e+00 3.028125000000000000e+01
1.360036819360630034e+00 4.150781250000000000e+01
1.365025064466294680e+00 4.786718750000000000e+01
1.370265847477355692e+00 2.215429687500000000e+01
1.375371978369457793e+00 2.939062500000000000e+01
1.380146356033833399e+00 4.217968750000000000e+01
1.385400896273040416e+00 4.108203125000000000e+01
1.390505755419695788e+00 2.105859375000000000e+01
1.395579668321147437e+00 2.720312500000000000e+01
1.400580377801702525e+00 4.862890625000000000e+01
1.405618570199763440e+00 4.095703125000000000e+01
1.410661011182128277e+00 2.180859375000000000e+01
1.415795570726018582e+00 2.758984375000000000e+01
1.420613646602546964e+00 3.886328125000000000e+01
1.425968533680958217e+00 4.036328125000000000e+01
1.431084564683374083e+00 3.094140625000000000e+01
1.436022322165399601e+00 3.041015625000000000e+01
1.441028996810587159e+00 3.871093750000000000e+01
1.446213859776946720e+00 4.089843750000000000e+01
1.451283694056385798e+00 3.416210937500000000e+01
1.456266122246802297e+00 3.130078125000000000e+01
1.461258145645558670e+00 3.573828125000000000e+01
1.466278397968864056e+00 4.498046875000000000e+01
1.471647552910269496e+00 3.039648437500000000e+01
1.476478531326051780e+00 3.434375000000000000e+01
1.481405378719955479e+00 3.098437500000000000e+01
1.486500492057245992e+00 4.633007812500000000e+01
1.491729981176050046e+00 2.990820312500000000e+01
1.496718392978053203e+00 3.832226562500000000e+01
1.501731725218519387e+00 3.439062500000000000e+01
1.506843308722068286e+00 4.941406250000000000e+01
1.512055870633446375e+00 2.771484375000000000e+01
1.516954924201286303e+00 3.911328125000000000e+01
1.522143874315815992e+00 2.832031250000000000e+01
1.527277048182781982e+00 5.241406250000000000e+01
1.532395065584637450e+00 2.928515625000000000e+01
1.537215482039414383e+00 3.053906250000000000e+01
1.542385774847161883e+00 2.807812500000000000e+01
1.547572854751493310e+00 5.490625000000000000e+01
1.552697771031333218e+00 3.736132812500000000e+01
1.557459629335568252e+00 3.152148437500000000e+01
1.562626225828125826e+00 3.214843750000000000e+01
1.567758550917289995e+00 4.979101562500000000e+01
1.572968712517308632e+00 3.209765625000000000e+01
1.577881608502053723e+00 3.476953125000000000e+01
1.582948712991765206e+00 3.561523437500000000e+01
1.588059474217516254e+00 4.700390625000000000e+01
1.593131565740577571e+00 3.791406250000000000e+01
1.598040022029238116e+00 2.929687500000000000e+01
1.603085935822036845e+00 3.289843750000000000e+01
1.608269745707502807e+00 4.909765625000000000e+01
1.613413080076725237e+00 3.925195312500000000e+01
1.618354423200287329e+00 2.768945312500000000e+01
1.623458905506552696e+00 3.180078125000000000e+01
1.628688868219185792e+00 5.324414062500000000e+01
1.633768162385422329e+00 3.974414062500000000e+01
1.638600462918134326e+00 3.117187500000000000e+01
1.643789185115480223e+00 3.503906250000000000e+01
1.649087877422516613e+00 4.726171875000000000e+01
1.653969620264561513e+00 3.348828125000000000e+01
1.658686956489361819e+00 2.806445312500000000e+01
1.663923429769070594e+00 3.434765625000000000e+01
1.669127075221922496e+00 4.425390625000000000e+01
1.674292606849007825e+00 3.508398437500000000e+01
1.679120630586510288e+00 3.027148437500000000e+01
1.684281127698909586e+00 2.914257812500000000e+01
1.689339109658732241e+00 4.569921875000000000e+01
1.694578738594273659e+00 4.508007812500000000e+01
1.699358139569426385e+00 3.209765625000000000e+01
1.704604064022888110e+00 3.318359375000000000e+01
1.709633649229431285e+00 4.648437500000000000e+01
1.714860085124655598e+00 4.045312500000000000e+01
1.719597893038894654e+00 2.854296875000000000e+01
1.724846748602388402e+00 2.984765625000000000e+01
1.730018075749853779e+00 4.235546875000000000e+01
1.735057016396766016e+00 3.866796875000000000e+01
1.739914758484488289e+00 2.558007812500000000e+01
1.745173869481405404e+00 3.280859375000000000e+01
1.750118131950614497e+00 4.959179687500000000e+01
1.755063825627132701e+00 3.045898437500000000e+01
1.760138443983237266e+00 2.968750000000000000e+01
1.765451976625399766e+00 3.611718750000000000e+01
1.770403671466311835e+00 4.101367187500000000e+01
1.775443886706511876e+00 3.423437500000000000e+01
1.780454227806160361e+00 2.958984375000000000e+01
1.785579002875579135e+00 3.315234375000000000e+01
1.790733774935532097e+00 4.142968750000000000e+01
1.795628624584992394e+00 3.934179687500000000e+01
1.800651822303976246e+00 2.967187500000000000e+01
1.805868104521948680e+00 3.771289062500000000e+01
1.810974269138114323e+00 4.077734375000000000e+01
1.816027430565554823e+00 3.337890625000000000e+01
1.820895634888415771e+00 3.238281250000000000e+01
1.826121860683883824e+00 3.571875000000000000e+01
1.831085135015996457e+00 4.076953125000000000e+01
1.836142531477378270e+00 3.277734375000000000e+01
1.841277254731281232e+00 2.734570312500000000e+01
1.846362671155816315e+00 4.449609375000000000e+01
1.851472727672273777e+00 3.273046875000000000e+01
1.856407669636610080e+00 3.301171875000000000e+01
1.861352036597281767e+00 3.490625000000000000e+01
1.866626384327290111e+00 3.731250000000000000e+01
1.871495515661194986e+00 3.982421875000000000e+01
1.876708898336687525e+00 3.657031250000000000e+01
1.881757609186820446e+00 2.956640625000000000e+01
1.886921116090661599e+00 3.604687500000000000e+01
1.891861605280951153e+00 3.583593750000000000e+01
1.897068268616749265e+00 3.409765625000000000e+01
1.901985395982592308e+00 2.576953125000000000e+01
1.907228824429026304e+00 3.158007812500000000e+01
1.911963414306114828e+00 3.596484375000000000e+01
1.917123937920791832e+00 3.898046875000000000e+01
1.922185050331620459e+00 2.613867187500000000e+01
1.927435916257991266e+00 3.493750000000000000e+01
1.932260388192077016e+00 3.439062500000000000e+01
1.937549637307597550e+00 3.776562500000000000e+01
1.942501266892463718e+00 2.481250000000000000e+01
1.947675853273040047e+00 3.194140625000000000e+01
1.952532921814736255e+00 3.521875000000000000e+01
1.957645066948458634e+00 3.106250000000000000e+01
1.962716647978609785e+00 2.124414062500000000e+01
1.967996129985536413e+00 3.508203125000000000e+01
1.972730175661013163e+00 2.844531250000000000e+01
1.977980581108454317e+00 3.698046875000000000e+01
1.983088067019437517e+00 2.021679687500000000e+01
1.988034494925500439e+00 3.573828125000000000e+01
1.993050115824672730e+00 2.787890625000000000e+01
1.998188041063727383e+00 3.181445312500000000e+01
2.003369113012354319e+00 1.430859375000000000e+01
2.008392926428328451e+00 3.529101562500000000e+01
2.013195339362212621e+00 2.290039062500000000e+01
2.018455119701343392e+00 3.181445312500000000e+01
2.023690676732599059e+00 1.864062500000000000e+01
2.028711225742995339e+00 3.583203125000000000e+01
2.033600981730842250e+00 2.836132812500000000e+01
2.038664509869590802e+00 3.076367187500000000e+01
2.043812397864030572e+00 2.397656250000000000e+01
2.048849356537743915e+00 2.671875000000000000e+01
2.053840147087214518e+00 2.889453125000000000e+01
2.058934325099542662e+00 3.486523437500000000e+01
2.064225108403604736e+00 2.191992187500000000e+01
2.069113082743456289e+00 2.941015625000000000e+01
2.074211620840742398e+00 2.091015625000000000e+01
2.079008630562640292e+00 3.360546875000000000e+01
2.084337438152289224e+00 1.910156250000000000e+01
2.089435037578482479e+00 3.000390625000000000e+01
2.094322286231431463e+00 2.410546875000000000e+01
2.099435385923257513e+00 3.110937500000000000e+01
2.104766852998778859e+00 1.950390625000000000e+01
2.109726152261060861e+00 2.997656250000000000e+01
2.114684901385430749e+00 1.660351562500000000e+01
2.119859653644425634e+00 3.522656250000000000e+01
2.125104011120129144e+00 1.706640625000000000e+01
2.129996195553189864e+00 2.535937500000000000e+01
2.135016347238774870e+00 2.412109375000000000e+01
2.140282203361152824e+00 3.373242187500000000e+01
2.145095363751011064e+00 2.010937500000000000e+01
2.150101109998630022e+00 2.046875000000000000e+01
2.155094066695994570e+00 1.654296875000000000e+01
2.160338369746227727e+00 2.909765625000000000e+01
2.165574108928012720e+00 1.778515625000000000e+01
2.170452968863315846e+00 1.981445312500000000e+01
2.175527802376848285e+00 1.522851562500000000e+01
2.180734028142467196e+00 2.780078125000000000e+01
2.185711565497172160e+00 2.125781250000000000e+01
2.190631172149736017e+00 1.734570312500000000e+01
2.195652804483472664e+00 2.050195312500000000e+01
2.200969776514511977e+00 2.422265625000000000e+01
2.206072224719662245e+00 1.738476562500000000e+01
2.211064821395851254e+00 2.014648437500000000e+01
2.216070770803071355e+00 1.960937500000000000e+01
2.221264533869828028e+00 2.956054687500000000e+01
2.226353368580930692e+00 1.996875000000000000e+01
2.231244144320157829e+00 1.438671875000000000e+01
2.236366059115539429e+00 2.291015625000000000e+01
2.241389074971948503e+00 2.471484375000000000e+01
2.246676458987806768e+00 1.735742187500000000e+01
2.251496095083439286e+00 1.412109375000000000e+01
2.256515814487556781e+00 2.716796875000000000e+01
2.261819065255053829e+00 2.800585937500000000e+01
2.266857100024594729e+00 1.827734375000000000e+01
2.271703861928017432e+00 9.361328125000000000e+00
2.276927407093523925e+00 2.114257812500000000e+01
2.282074945256567844e+00 2.399218750000000000e+01
2.287075685151208404e+00 1.861523437500000000e+01
2.292056542377082451e+00 6.421875000000000000e+00
2.297085353957669440e+00 2.392187500000000000e+01
2.302355949307212768e+00 1.913281250000000000e+01
2.307362006346693306e+00 1.987109375000000000e+01
2.312242166453302161e+00 4.757812500000000000e+00
2.317405946982944442e+00 2.256054687500000000e+01
2.322599070810269950e+00 1.778906250000000000e+01
2.327545789760009143e+00 1.515820312500000000e+01
2.332614017194885037e+00 6.503906250000000000e+00
2.337756325887681896e+00 2.259765625000000000e+01
2.343012941635265634e+00 1.976953125000000000e+01
2.347899730028416343e+00 7.406250000000000000e+00
2.352615694535984403e+00 1.120703125000000000e+01
2.357890736271770038e+00 2.078125000000000000e+01
2.363100865718877230e+00 2.026953125000000000e+01
2.368225962406086182e+00 6.972656250000000000e+00
2.373049693144480443e+00 7.062500000000000000e+00
2.378273167655720499e+00 2.083593750000000000e+01
2.383298236153521543e+00 1.993750000000000000e+01
2.388460512267215563e+00 9.089843750000000000e+00
2.393234834801660327e+00 2.679687500000000000e+00
2.398569592997318978e+00 2.423632812500000000e+01
2.403624449499375260e+00 1.303515625000000000e+01
2.408744987575346386e+00 1.066601562500000000e+01
2.413625718013932442e+00 5.511718750000000000e+00
2.418775169423383886e+00 1.563281250000000000e+01
2.423649318762954863e+00 1.438281250000000000e+01
2.428750504562799506e+00 1.144921875000000000e+01
2.433816573432210362e+00 6.921875000000000000e+00
2.438939865122790707e+00 1.851953125000000000e+01
2.444053852748993449e+00 1.088671875000000000e+01
2.449170866233032484e+00 1.497851562500000000e+01
2.454231679811499589e+00 4.046875000000000000e+00
2.459360379804365948e+00 2.178515625000000000e+01
2.464465053638718928e+00 1.603125000000000000e+01
2.469285689970888598e+00 1.061328125000000000e+01
2.474337164028156621e+00 5.519531250000000000e+00
2.479530837121757259e+00 1.178515625000000000e+01
2.484551386078692303e+00 1.516796875000000000e+01
2.489663642348205030e+00 4.843750000000000000e+00
2.494655692910498601e+00 2.117187500000000000e+00
2.499841789135757608e+00 1.682031250000000000e+01
2.504957283570661275e+00 1.131250000000000000e+01
2.509895526782571551e+00 9.378906250000000000e+00
2.514765813303540654e+00 1.996093750000000000e+00
2.519852947501135532e+00 1.720312500000000000e+01
2.524867070900199906e+00 1.852734375000000000e+01
2.530140751243607156e+00 3.431640625000000000e+00
2.535073959090937024e+00 -1.246093750000000000e+00
2.540226720379223480e+00 1.510156250000000000e+01
2.545001005894846458e+00 1.504296875000000000e+01
2.550498463366579927e+00 7.320312500000000000e+00
2.555343750766212452e+00 2.644531250000000000e+00
2.560570157524580281e+00 9.230468750000000000e+00
2.565419835972420515e+00 1.301953125000000000e+01
2.570625347489681189e+00 4.332031250000000000e+00
2.575710848155395638e+00 -3.628906250000000000e+00
2.580812749813503615e+00 1.044140625000000000e+01
2.585747470493402034e+00 7.273437500000000000e+00
2.590817968870510413e+00 6.378906250000000000e+00
2.595957935454748622e+00 -4.478515625000000000e+00
2.600948975854180389e+00 1.149609375000000000e+01
2.605910703884660506e+00 2.718750000000000000e+00
2.611127776101469067e+00 2.257812500000000000e+00
2.616234530823874138e+00 -6.308593750000000000e-01
2.621373326118714431e+00 1.341796875000000000e+01
2.626219645307358519e+00 7.064453125000000000e+00
2.631238370195092102e+00 5.482421875000000000e+00
2.636403146808106612e+00 -7.238281250000000000e+00
2.641627120354996805e+00 1.232421875000000000e+01
2.646514272470483320e+00 6.574218750000000000e+00
2.651573609495812889e+00 8.308593750000000000e+00
2.656653154293010743e+00 -1.486914062500000000e+01
2.661866645374743712e+00 9.447265625000000000e+00
2.666815774174438047e+00 1.820312500000000000e+00
2.671785078649534739e+00 3.316406250000000000e+00
2.676902638039450721e+00 -1.523828125000000000e+01
2.682095769163311161e+00 4.070312500000000000e+00
2.687127529096201783e+00 6.191406250000000000e+00
2.692059727172306793e+00 2.125000000000000000e+00
2.697333298031395543e+00 -6.804687500000000000e+00
2.702306729662268481e+00 2.730468750000000000e+00
2.707264876396607178e+00 5.365234375000000000e+00
2.712433837781304646e+00 2.128906250000000000e-01
2.717621697920947099e+00 -7.011718750000000000e+00
2.722618992701214324e+00 3.298828125000000000e+00
2.727771751144473455e+00 7.195312500000000000e+00
2.732854640318748807e+00 4.712890625000000000e+00
2.737936641057672205e+00 -7.261718750000000000e+00
2.742748778025656975e+00 -2.917968750000000000e+00
2.747807910035589885e+00 4.769531250000000000e+00
2.753113871373017219e+00 6.433593750000000000e+00
2.758088546285421216e+00 -8.046875000000000000e+00
2.763181545251086391e+00 -1.984375000000000000e+00
2.768239990604570266e+00 4.808593750000000000e+00
2.773319658027901369e+00 9.214843750000000000e+00
2.778490210886786826e+00 -3.285156250000000000e+00
2.783413528772030077e+00 -1.003515625000000000e+01
2.788271950875696348e+00 -2.194531250000000000e+01
2.793438214003685971e+00 -4.681640625000000000e+01
2.798671683810198374e+00 -9.758984375000000000e+01
2.803691637068382647e+00 -1.535429687500000000e+02
2.808623045428703335e+00 -2.061875000000000000e+02
2.813820820694800773e+00 -2.627753906250000000e+02
2.818984076184051446e+00 -3.671484375000000000e+02
2.823828752624763183e+00 -4.410253906250000000e+02
2.829008069461110608e+00 -5.046796875000000000e+02
2.834231211401643691e+00 -5.803417968750000000e+02
2.839277224291777202e+00 -6.654687500000000000e+02
2.844136415414709518e+00 -7.442148437500000000e+02
2.849217322828764054e+00 -7.862500000000000000e+02
2.854381593356947633e+00 -8.366640625000000000e+02
2.859468298952776877e+00 -8.969199218750000000e+02
2.864377457567286456e+00 -9.432656250000000000e+02
2.869504901544928543e+00 -9.588398437500000000e+02
2.874752176418269300e+00 -9.677890625000000000e+02
2.879788924480862988e+00 -9.887539062500000000e+02
2.884691926237678672e+00 -9.955507812500000000e+02
2.889724054751582116e+00 -9.811308593750000000e+02
2.894935546928081749e+00 -9.739492187500000000e+02
2.900039253454679056e+00 -9.501796875000000000e+02
2.904912879016535499e+00 -9.338378906250000000e+02
2.910005478705670612e+00 -8.869687500000000000e+02
2.915178408389351716e+00 -8.442246093750000000e+02
2.920371213395526411e+00 -7.877089843750000000e+02
2.925226927143057765e+00 -7.363144531250000000e+02
2.930354939573959427e+00 -6.652851562500000000e+02
2.935393890611749157e+00 -5.821718750000000000e+02
2.940499813108885974e+00 -5.052773437500000000e+02
2.945554014270101106e+00 -4.417050781250000000e+02
2.950488834703833163e+00 -3.532617187500000000e+02
2.955628613800740823e+00 -2.788203125000000000e+02
2.960752107868103167e+00 -2.080429687500000000e+02
2.965703624037701047e+00 -1.488789062500000000e+02
2.970881328268774269e+00 -8.537890625000000000e+01
2.975895428516793118e+00 -5.337890625000000000e+01
2.981069548246580325e+00 -2.527734375000000000e+01
2.986011452893762907e+00 -1.483593750000000000e+01
2.991127410505669104e+00 1.542968750000000000e+00
2.996153732097639022e+00 2.501953125000000000e+00
3.001324031962440131e+00 -3.371093750000000000e+00
3.006176154659911504e+00 -4.484375000000000000e+00
3.011455928430109452e+00 3.886718750000000000e+00
3.016265760831402076e+00 1.343750000000000000e+00
3.021440627295589820e+00 -7.384765625000000000e+00
3.026498206901308663e+00 -8.810546875000000000e+00
3.031619490215803125e+00 -1.197265625000000000e+00
3.036655218912017062e+00 4.087890625000000000e+00
3.041778365831873998e+00 -3.937500000000000000e+00
3.046807970226808493e+00 -8.750000000000000000e+00
3.051945594906783299e+00 3.660156250000000000e+00
3.056993483986957472e+00 6.710937500000000000e+00
3.061910683886651441e+00 -1.153515625000000000e+01
3.066939522488780767e+00 -3.451171875000000000e+00
3.072161582132437729e+00 -1.601562500000000000e-01
3.077131288752127602e+00 5.941406250000000000e+00
3.082296249711248493e+00 -6.320312500000000000e+00
3.087318803634161668e+00 -2.902343750000000000e+00
3.092465155911156671e+00 -3.388671875000000000e+00
3.097550646693093768e+00 1.371093750000000000e+00
3.102648385880058868e+00 -5.171875000000000000e+00
3.107441469035563841e+00 -3.166015625000000000e+00
3.112725513295188762e+00 -3.179687500000000000e+00
3.117652768754396675e+00 2.578125000000000000e+00
3.122800816541484892e+00 -2.460937500000000000e-01
3.127836073452385790e+00 -1.154296875000000000e+01
3.132999875332998840e+00 -3.878906250000000000e+00
3.137846519417237801e+00 -1.757812500000000000e+00
3.143146864106483918e+00 -2.451171875000000000e+00
3.148068096574093033e+00 -6.046875000000000000e+00
3.153210434047878152e+00 -6.148437500000000000e+00
3.158008978777843367e+00 -6.964843750000000000e+00
3.163338875474678957e+00 -1.738281250000000000e+00
3.168309164108677578e+00 -4.539062500000000000e+00
3.173482787108028447e+00 -4.283203125000000000e+00
3.178406488080213421e+00 -3.621093750000000000e+00
3.183615830567077865e+00 -2.875000000000000000e+00
3.188535095909514894e+00 -4.339843750000000000e+00
3.193668053003761997e+00 -3.753906250000000000e+00
3.198643059270949607e+00 -2.464843750000000000e+00
3.203718225144669418e+00 -2.972656250000000000e+00
3.208895042041149281e+00 -5.757812500000000000e+00
3.213943466615717170e+00 -4.816406250000000000e+00
3.218843088389604645e+00 5.156250000000000000e+00
3.223980923713725133e+00 -9.769531250000000000e+00
3.229002749216988377e+00 -1.199218750000000000e+00
3.234211144315395359e+00 -7.623046875000000000e+00
3.239158430611269068e+00 -3.275390625000000000e+00
3.244351738139698682e+00 -5.804687500000000000e+00
3.249413785732670590e+00 -3.658203125000000000e+00
3.254450128736266379e+00 -8.164062500000000000e-01
3.259435838341516956e+00 -1.144531250000000000e+00
3.264571616091700434e+00 -1.158593750000000000e+01
3.269800429429906785e+00 -4.474609375000000000e+00
3.274672115955297613e+00 -5.804687500000000000e+00
3.279802312937249553e+00 -4.082031250000000000e-01
3.284795271972669184e+00 -5.792968750000000000e+00
3.289936436489938387e+00 -2.707031250000000000e+00
3.294831902452784789e+00 -5.191406250000000000e+00
3.299962321972259360e+00 -2.541015625000000000e+00
3.305004764809680751e+00 -4.599609375000000000e+00
3.310299869088751734e+00 -3.148437500000000000e+00
3.315296873793684540e+00 -5.783203125000000000e+00
3.320370415580384815e+00 -3.707031250000000000e+00
3.325410223212216465e+00 -7.806640625000000000e+00
3.330549743945610430e+00 -6.933593750000000000e+00
3.335433298396367263e+00 -7.189453125000000000e+00
3.340410267350421236e+00 5.082031250000000000e+00
3.345608608801299511e+00 1.503906250000000000e+00
3.350650372655138653e+00 -1.613281250000000000e+00
3.355715007365077440e+00 3.738281250000000000e+00
3.360812925631989856e+00 -3.125000000000000000e+00
3.365905197487734313e+00 2.460937500000000000e+00
3.371082190118272592e+00 -2.968750000000000000e-01
3.376054241753450924e+00 -2.609375000000000000e+00
3.380912899850216036e+00 -7.367187500000000000e+00
3.386076827006093026e+00 -4.787109375000000000e+00
3.391168766671626145e+00 -3.222656250000000000e-01
3.396234190485898807e+00 -1.173828125000000000e+01
3.401202392761845772e+00 -1.820312500000000000e+00
3.406408864732227926e+00 3.318359375000000000e+00
3.411586689707803544e+00 5.859375000000000000e-02
3.416527798529784832e+00 -5.978515625000000000e+00
3.421608322787960788e+00 3.250000000000000000e+00
3.426657877230695703e+00 3.294921875000000000e+00
3.431795149739357953e+00 2.119140625000000000e+00
3.436763185391896513e+00 -6.062500000000000000e+00
3.441936189625280917e+00 2.289062500000000000e+00
3.446913368136165445e+00 3.234375000000000000e+00
3.452135529733951103e+00 -3.654296875000000000e+00
3.457018555121408099e+00 -7.539062500000000000e+00
3.462108768118937974e+00 3.525390625000000000e+00
3.467275190667237439e+00 -3.433593750000000000e+00
3.472426126773825672e+00 5.921875000000000000e+00
3.477306891886655649e+00 -4.484375000000000000e+00
3.482443865771188030e+00 2.003906250000000000e+00
3.487483000969859859e+00 -8.167968750000000000e+00
3.492618162086287725e+00 -1.933593750000000000e-01
3.497690321113310574e+00 -3.449218750000000000e+00
3.502589974156762764e+00 1.253906250000000000e+00
3.507749683948759412e+00 -4.316406250000000000e-01
3.512997273012842925e+00 7.222656250000000000e+00
3.517795940869405058e+00 -1.558593750000000000e+00
3.522974886416264440e+00 3.414062500000000000e+00
3.527974986011258807e+00 -5.382812500000000000e+00
3.533383242239040101e+00 1.556640625000000000e+00
3.538130821271124660e+00 -6.470703125000000000e+00
3.543215173787530148e+00 4.417968750000000000e+00
3.548213186498472282e+00 -4.921875000000000000e-01
3.553459546050845574e+00 -8.007812500000000000e-01
3.558436186263662648e+00 -4.148437500000000000e+00
3.563585245843512439e+00 1.906250000000000000e+00
3.568530196160196510e+00 -2.390625000000000000e+00
3.573638958450885639e+00 -5.996093750000000000e-01
3.578617441362268892e+00 -3.503906250000000000e+00
3.583878620883865551e+00 2.683593750000000000e+00
3.588795912946125100e+00 3.617187500000000000e+00
3.593903019189610859e+00 6.515625000000000000e+00
3.598804666128913254e+00 1.636718750000000000e+00
3.604140671812842811e+00 3.015625000000000000e+00
3.609169655266498467e+00 4.517578125000000000e+00
3.614192504314814869e+00 8.179687500000000000e+00
3.619159346744268646e+00 5.351562500000000000e-01
3.624377506414816708e+00 4.667968750000000000e+00
3.629283186349880452e+00 6.859375000000000000e+00
3.634371901714644082e+00 2.839843750000000000e+00
3.639500174649612063e+00 7.753906250000000000e+00
3.644700299349892703e+00 4.882812500000000000e+00
3.649673455351376106e+00 1.021875000000000000e+01
3.654562436683022497e+00 4.863281250000000000e+00
3.659767458163770470e+00 7.843750000000000000e+00
3.664856896930643870e+00 1.791015625000000000e+00
3.669740932484728546e+00 5.273437500000000000e+00
3.674868004554241452e+00 4.140625000000000000e+00
3.679967610564006009e+00 8.726562500000000000e+00
3.685147069250831464e+00 9.140625000000000000e-01
3.690144284904931737e+00 1.341406250000000000e+01
3.695302225050340894e+00 1.824218750000000000e+00
3.700304270750393698e+00 7.050781250000000000e+00
3.705458087063675521e+00 3.605468750000000000e+00
3.710450423007387144e+00 8.503906250000000000e+00
3.715509001531586364e+00 4.947265625000000000e+00
3.720525982055164604e+00 8.105468750000000000e+00
3.725526768537747557e+00 5.027343750000000000e+00
3.730501410059787304e+00 1.131640625000000000e+01
3.735855682003972333e+00 -4.843750000000000000e-01
3.740859574967657863e+00 3.687500000000000000e+00
3.745959586287426646e+00 5.953125000000000000e+00
3.750852243032298361e+00 1.257421875000000000e+01
3.756149931531354014e+00 5.558593750000000000e+00
3.761068340981978508e+00 1.242578125000000000e+01
3.766154531611533685e+00 3.417968750000000000e+00
3.771002702705231968e+00 8.835937500000000000e+00
3.776481112931264761e+00 6.257812500000000000e+00
3.781353055620712666e+00 1.525781250000000000e+01
3.786382784874604113e+00 5.941406250000000000e+00
3.791394460410629108e+00 6.191406250000000000e+00
3.796453028295331933e+00 7.144531250000000000e+00
