#Time Flux
-5.322604597503740820e+00 -2.230468750000000000e+00
-5.300786230320568393e+00 -2.800781250000000000e+00
-5.278606101481116752e+00 -3.574218750000000000e+00
-5.258127837664304138e+00 -2.066406250000000000e+00
-5.236611308995051672e+00 -2.250000000000000000e+00
-5.215104608613202686e+00 -7.304687500000000000e-01
-5.193609556828803875e+00 -9.179687500000000000e-01
-5.172440343940579055e+00 -1.605468750000000000e+00
-5.151086198489394974e+00 -8.125000000000000000e-01
-5.128931654056927414e+00 -1.613281250000000000e+00
-5.108288782083022284e+00 -3.835937500000000000e+00
-5.086400876723118358e+00 -3.292968750000000000e+00
-5.065609158631460218e+00 -1.642578125000000000e+00
-5.044125655444510414e+00 -2.039062500000000000e+00
-5.023000797567689801e+00 2.187500000000000000e-01
-5.001788268610624755e+00 -3.035156250000000000e+00
-4.980727793351405808e+00 -1.800781250000000000e+00
-4.959472488050252537e+00 -3.175781250000000000e+00
-4.937767217076071802e+00 -3.451171875000000000e+00
-4.916876789518482838e+00 -1.523437500000000000e+00
-4.895944646212896600e+00 -2.191406250000000000e+00
-4.874661377633216830e+00 -2.554687500000000000e+00
-4.853802032212570339e+00 -3.324218750000000000e+00
-4.832247221270520754e+00 -4.226562500000000000e+00
-4.810382830007597477e+00 -3.171875000000000000e+00
-4.789080821745201888e+00 -4.250000000000000000e+00
-4.767742319546030672e+00 -4.609375000000000000e-01
-4.746017941509222737e+00 -2.070312500000000000e+00
-4.724921758175383957e+00 -1.191406250000000000e+00
-4.703221664878427077e+00 -4.472656250000000000e+00
-4.681710179273522954e+00 -2.062500000000000000e+00
-4.660587596232957708e+00 -3.390625000000000000e+00
-4.638515218706729115e+00 -3.132812500000000000e+00
-4.617549045149097253e+00 -2.517578125000000000e+00
-4.595931833286968526e+00 -1.492187500000000000e+00
-4.575221924638654514e+00 -4.029296875000000000e+00
-4.554069697128582561e+00 -3.099609375000000000e+00
-4.532614219517014931e+00 -3.457031250000000000e+00
-4.510781237316287218e+00 -2.611328125000000000e+00
-4.489652972578625167e+00 -2.671875000000000000e+00
-4.468307898270424516e+00 -3.617187500000000000e+00
-4.447019699203593746e+00 -3.089843750000000000e+00
-4.426147523483649593e+00 -3.335937500000000000e+00
-4.404685244431945534e+00 -3.636718750000000000e+00
-4.383205958271261693e+00 -1.960937500000000000e+00
-4.362592017814449719e+00 -1.996093750000000000e+00
-4.341433129665460910e+00 -3.062500000000000000e+00
-4.319567018862905172e+00 -2.904296875000000000e+00
-4.297772577651088000e+00 -3.003906250000000000e+00
-4.276241845508920392e+00 -6.566406250000000000e+00
-4.255403391033226512e+00 -3.667968750000000000e+00
-4.234219261376154009e+00 -2.363281250000000000e+00
-4.213068969622014492e+00 -2.677734375000000000e+00
-4.191882969583673457e+00 -7.031250000000000000e-02
-4.170196760156279936e+00 -3.779296875000000000e+00
-4.148099020028880091e+00 -3.210937500000000000e+00
-4.127521333075321763e+00 -4.734375000000000000e+00
-4.105828167477952206e+00 -3.464843750000000000e+00
-4.084874767729814948e+00 -4.460937500000000000e+00
-4.063395450442897072e+00 -4.679687500000000000e+00
-4.042725637542609718e+00 -3.275390625000000000e+00
-4.020672403878023715e+00 -3.441406250000000000e+00
-3.999238440153277452e+00 -5.861328125000000000e+00
-3.977783776495343204e+00 -2.751953125000000000e+00
-3.956603290337881162e+00 -5.775390625000000000e+00
-3.935378156518027026e+00 -1.355468750000000000e+00
-3.914048999067198054e+00 -4.273437500000000000e+00
-3.892588077670254165e+00 -4.136718750000000000e+00
-3.871254903257273838e+00 -2.820312500000000000e+00
-3.849586831672262122e+00 -5.216796875000000000e+00
-3.828235417143645236e+00 -4.812500000000000000e+00
-3.806837366426684355e+00 -2.923828125000000000e+00
-3.785780082107116584e+00 -2.183593750000000000e+00
-3.764980666461681835e+00 -4.042968750000000000e+00
-3.743855578001259232e+00 -1.736328125000000000e+00
-3.722445337339948424e+00 -4.285156250000000000e+00
-3.701473364436822067e+00 -1.722656250000000000e+00
-3.679850092783496507e+00 -5.472656250000000000e+00
-3.658716596796026010e+00 -3.773437500000000000e+00
-3.636763136749685543e+00 -4.384765625000000000e+00
-3.615403749936589861e+00 -2.826171875000000000e+00
-3.594447257350012137e+00 -4.892578125000000000e+00
-3.573481483734525455e+00 -5.031250000000000000e+00
-3.552317786370842612e+00 -5.003906250000000000e+00
-3.529945974039193857e+00 -7.175781250000000000e+00
-3.508628345115013758e+00 -3.414062500000000000e+00
-3.487378052191488109e+00 -3.054687500000000000e+00
-3.465788595118482363e+00 -4.500000000000000000e+00
-3.444298435062862040e+00 -3.687500000000000000e+00
-3.422858046520829589e+00 -5.902343750000000000e+00
-3.402171897706168124e+00 -4.027343750000000000e+00
-3.380656143797139634e+00 -4.574218750000000000e+00
-3.359178705814905186e+00 -5.318359375000000000e+00
-3.337451093179495842e+00 -4.128906250000000000e+00
-3.316776325662083025e+00 -3.527343750000000000e+00
-3.295438191911088666e+00 -5.011718750000000000e+00
-3.274467196545224112e+00 -6.351562500000000000e+00
-3.253497851489242976e+00 -4.281250000000000000e+00
-3.232057299062788047e+00 -5.617187500000000000e+00
-3.211100033490843941e+00 -7.683593750000000000e+00
-3.189781617321770568e+00 -2.738281250000000000e+00
-3.167779632008318913e+00 -5.824218750000000000e+00
-3.146744230290991595e+00 -4.824218750000000000e+00
-3.124986640195061227e+00 -5.998046875000000000e+00
-3.103489555185973359e+00 -3.781250000000000000e+00
-3.082519447795199596e+00 -5.871093750000000000e+00
-3.061790423862106536e+00 -4.921875000000000000e+00
-3.039523823744431752e+00 -3.828125000000000000e+00
-3.017465296484871828e+00 -6.859375000000000000e+00
-2.996148627943554743e+00 -4.863281250000000000e+00
-2.975185502148391947e+00 -4.796875000000000000e+00
-2.953887945392395409e+00 -7.472656250000000000e+00
-2.932405649637225054e+00 -5.285156250000000000e+00
-2.911746819981772205e+00 -7.125000000000000000e+00
-2.889980443120158782e+00 -4.646484375000000000e+00
-2.868358339993008599e+00 -4.605468750000000000e+00
-2.846677173132235339e+00 -4.859375000000000000e+00
-2.825418669497189228e+00 -6.224609375000000000e+00
-2.804934755898784715e+00 -6.312500000000000000e+00
-2.784062043123917363e+00 -5.966796875000000000e+00
-2.762961346063264045e+00 -4.886718750000000000e+00
-2.741500586085628299e+00 -7.103515625000000000e+00
-2.719806904736671527e+00 -5.552734375000000000e+00
-2.698948148981465067e+00 -5.632812500000000000e+00
-2.677269934643298654e+00 -4.111328125000000000e+00
-2.655977554244053351e+00 -5.621093750000000000e+00
-2.634836671758748139e+00 -5.898437500000000000e+00
-2.613344536341358548e+00 -5.474609375000000000e+00
-2.592118181885304296e+00 -4.904296875000000000e+00
-2.570359366465147843e+00 -6.140625000000000000e+00
-2.548061512091699399e+00 -6.009765625000000000e+00
-2.527039567801395492e+00 -7.203125000000000000e+00
-2.505716935536383971e+00 -5.972656250000000000e+00
-2.484561361637361188e+00 -7.484375000000000000e+00
-2.463477182262337806e+00 -6.859375000000000000e+00
-2.442314811926188156e+00 -6.400390625000000000e+00
-2.421320192586563280e+00 -4.664062500000000000e+00
-2.399328580575797787e+00 -3.671875000000000000e+00
-2.378008577093780218e+00 -5.015625000000000000e+00
-2.357037833692942286e+00 -6.570312500000000000e+00
-2.335700088905028338e+00 -5.664062500000000000e+00
-2.314910040911129840e+00 -3.937500000000000000e+00
-2.293712202349027507e+00 -6.203125000000000000e+00
-2.272606722714428429e+00 -5.550781250000000000e+00
-2.250731451850775500e+00 -6.976562500000000000e+00
-2.229081474140137686e+00 -5.302734375000000000e+00
-2.208509103762963832e+00 -5.644531250000000000e+00
-2.186411717231422358e+00 -8.253906250000000000e+00
-2.165197848172113027e+00 -7.878906250000000000e+00
-2.143848522303514414e+00 -4.093750000000000000e+00
-2.122936473930352008e+00 -4.488281250000000000e+00
-2.101379754183284376e+00 -7.277343750000000000e+00
-2.078896938358099078e+00 -6.513671875000000000e+00
-2.057646884267633425e+00 -6.267578125000000000e+00
-2.036238724738979045e+00 -5.785156250000000000e+00
-2.015307854738281890e+00 -7.031250000000000000e+00
-1.994038874694695096e+00 -5.900390625000000000e+00
-1.972120405677102895e+00 -5.062500000000000000e+00
-1.951211388582308359e+00 -6.644531250000000000e+00
-1.929616823741390874e+00 -6.509765625000000000e+00
-1.908176501388403778e+00 -7.669921875000000000e+00
-1.887416334144390362e+00 -6.472656250000000000e+00
-1.865870624518180421e+00 -5.660156250000000000e+00
-1.845177671350306525e+00 -6.417968750000000000e+00
-1.824231527053925106e+00 -5.472656250000000000e+00
-1.803213964560796967e+00 -5.238281250000000000e+00
-1.782122085442267689e+00 -4.339843750000000000e+00
-1.759631636075283723e+00 -5.882812500000000000e+00
-1.738623217833556112e+00 -6.437500000000000000e+00
-1.718116156292701646e+00 -6.376953125000000000e+00
-1.696455306223832338e+00 -5.269531250000000000e+00
-1.675585500359360935e+00 -8.027343750000000000e+00
-1.654178053638212020e+00 -7.089843750000000000e+00
-1.632968588411507938e+00 -4.910156250000000000e+00
-1.611562412875358064e+00 -6.166015625000000000e+00
-1.588874938425732353e+00 -6.542968750000000000e+00
-1.567232284612437354e+00 -5.164062500000000000e+00
-1.546187873165465021e+00 -6.371093750000000000e+00
-1.524983164017370996e+00 -7.474609375000000000e+00
-1.503547034551161232e+00 -7.035156250000000000e+00
-1.481488138282486489e+00 -7.289062500000000000e+00
-1.460505319672996905e+00 -6.503906250000000000e+00
-1.438868546013850391e+00 -6.753906250000000000e+00
-1.417486250058885844e+00 -6.724609375000000000e+00
-1.396341602947885008e+00 -8.984375000000000000e+00
-1.374925913373957087e+00 -5.515625000000000000e+00
-1.354376884281265347e+00 -8.439453125000000000e+00
-1.333529099304634258e+00 -5.183593750000000000e+00
-1.312136424927473399e+00 -6.121093750000000000e+00
-1.291148620440850436e+00 -7.109375000000000000e+00
-1.269531289930782236e+00 -7.527343750000000000e+00
-1.247778054460830788e+00 -4.150390625000000000e+00
-1.227343624551757273e+00 -6.947265625000000000e+00
-1.205617978889662822e+00 -7.593750000000000000e+00
-1.184753678200799243e+00 -3.933593750000000000e+00
-1.163042139176468481e+00 -9.152343750000000000e+00
-1.141914954444530395e+00 -7.814453125000000000e+00
-1.120737022934761740e+00 -8.695312500000000000e+00
-1.098378830515748916e+00 -6.552734375000000000e+00
-1.076932493501246313e+00 -4.113281250000000000e+00
-1.055782805498310495e+00 -8.257812500000000000e+00
-1.034511687432271287e+00 -8.304687500000000000e+00
-1.012150620834745496e+00 -6.257812500000000000e+00
-9.910108467407496846e-01 -6.019531250000000000e+00
-9.700982250080087965e-01 -5.509765625000000000e+00
-9.488205044252495668e-01 -6.181640625000000000e+00
-9.272469750664384947e-01 -5.593750000000000000e+00
-9.058029894442398700e-01 -7.435546875000000000e+00
-8.844992985588788770e-01 -6.621093750000000000e+00
-8.639622517423788395e-01 -8.111328125000000000e+00
-8.428742703004488135e-01 -5.732421875000000000e+00
-8.217165812858979734e-01 -5.812500000000000000e+00
-8.000482852882981888e-01 -5.527343750000000000e+00
-7.791131226698411183e-01 -5.712890625000000000e+00
-7.578922761785236162e-01 -7.042968750000000000e+00
-7.365658426320251806e-01 -6.105468750000000000e+00
-7.151887135987493593e-01 -7.003906250000000000e+00
-6.935792011803272317e-01 -6.105468750000000000e+00
-6.725731085963246869e-01 -6.707031250000000000e+00
-6.509316177643000856e-01 -4.609375000000000000e+00
-6.303048790962222370e-01 -5.179687500000000000e+00
-6.077201251323671727e-01 -6.246093750000000000e+00
-5.865065069796600028e-01 -6.566406250000000000e+00
-5.650013045402317857e-01 -1.041210937500000000e+01
-5.440796351590506674e-01 -6.472656250000000000e+00
-5.230951230438876109e-01 -8.039062500000000000e+00
-5.011219989413788767e-01 -7.619140625000000000e+00
-4.801104950681036598e-01 -7.419921875000000000e+00
-4.587669750692171533e-01 -7.410156250000000000e+00
-4.373009047493070511e-01 -7.359375000000000000e+00
-4.158730192042128238e-01 -7.953125000000000000e+00
-3.943674702334689641e-01 -6.667968750000000000e+00
-3.734565104890492648e-01 -7.660156250000000000e+00
-3.524836867242413518e-01 -6.687500000000000000e+00
-3.311480935452308927e-01 -7.050781250000000000e+00
-3.091289309089546578e-01 -7.841796875000000000e+00
-2.879394222581197482e-01 -6.117187500000000000e+00
-2.673024894662674456e-01 -5.880859375000000000e+00
-2.452949985798227317e-01 -9.310546875000000000e+00
-2.238132082012143087e-01 -5.597656250000000000e+00
-2.026577547364638576e-01 -8.417968750000000000e+00
-1.817372430852657317e-01 -5.904296875000000000e+00
-1.603308286523699167e-01 -8.187500000000000000e+00
-1.381438951875395560e-01 -5.289062500000000000e+00
-1.170723387950971528e-01 -7.207031250000000000e+00
-9.589515922218083688e-02 -7.343750000000000000e+00
-7.458252455271008330e-02 -7.978515625000000000e+00
-5.313755277136067434e-02 -7.572265625000000000e+00
-3.157967828101249097e-02 -7.685546875000000000e+00
-1.027185128424434879e-02 -9.781250000000000000e+00
1.036244361196025920e-02 -8.439453125000000000e+00
3.250610610814419488e-02 -7.925781250000000000e+00
5.363429757005633292e-02 -8.699218750000000000e+00
7.452672207242017066e-02 -4.623046875000000000e+00
9.612668149622294322e-02 -9.724609375000000000e+00
1.172282811010489922e-01 -7.882812500000000000e+00
1.385233942413321984e-01 -6.722656250000000000e+00
1.597912250964981240e-01 -8.855468750000000000e+00
1.808393936561643045e-01 -5.470703125000000000e+00
2.023444226765036547e-01 -6.171875000000000000e+00
2.230396365641951206e-01 -5.742187500000000000e+00
2.450914319144317233e-01 -8.171875000000000000e+00
2.665972351359542358e-01 -7.972656250000000000e+00
2.877851197013967521e-01 -5.775390625000000000e+00
3.090607747723481680e-01 -7.398437500000000000e+00
3.300768068636514840e-01 -6.765625000000000000e+00
3.508218406879706208e-01 -7.925781250000000000e+00
3.736200561713474144e-01 -7.544921875000000000e+00
3.953216259594398707e-01 -6.746093750000000000e+00
4.163062144275500032e-01 -6.623046875000000000e+00
4.375652511179168869e-01 -6.765625000000000000e+00
4.593953709915723493e-01 -7.671875000000000000e+00
4.803037896461290757e-01 -6.546875000000000000e+00
5.019400792626456109e-01 -5.281250000000000000e+00
5.235131972643358722e-01 -5.257812500000000000e+00
5.441781395853979575e-01 -7.642578125000000000e+00
5.654124253958769941e-01 -6.400390625000000000e+00
5.868483592728068743e-01 -8.394531250000000000e+00
6.076181030210108247e-01 -6.248046875000000000e+00
6.289355194306551766e-01 -5.207031250000000000e+00
6.497916096436853195e-01 -4.953125000000000000e+00
6.708708416778961237e-01 -9.644531250000000000e+00
6.926158257925436601e-01 -7.150390625000000000e+00
7.134449550660661998e-01 -7.757812500000000000e+00
7.350774133807149724e-01 -7.808593750000000000e+00
7.572544932469469359e-01 -9.695312500000000000e+00
7.782388910054010012e-01 -6.386718750000000000e+00
7.994872783016546691e-01 -8.144531250000000000e+00
8.207237125083395313e-01 -4.683593750000000000e+00
8.428059066254078857e-01 -8.240234375000000000e+00
8.644795282851021057e-01 -7.785156250000000000e+00
8.853062892967074049e-01 -8.097656250000000000e+00
9.068427097066589226e-01 -7.666015625000000000e+00
9.285347176462011021e-01 -8.261718750000000000e+00
9.499794662825067348e-01 -7.273437500000000000e+00
9.715015485861613342e-01 -6.941406250000000000e+00
9.920506405249156501e-01 -1.126367187500000000e+01
1.013630815904178917e+00 -8.539062500000000000e+00
1.034893146842165379e+00 -5.810546875000000000e+00
1.056079839391152575e+00 -7.589843750000000000e+00
1.077206952929188333e+00 -7.203125000000000000e+00
1.098247422899788717e+00 -7.902343750000000000e+00
1.119438871400760149e+00 -7.683593750000000000e+00
1.140376465728280664e+00 -7.736328125000000000e+00
1.161763990809561164e+00 -7.781250000000000000e+00
1.183217352354489549e+00 -9.531250000000000000e+00
1.204245089136044555e+00 -6.308593750000000000e+00
1.225952608855564563e+00 -7.251953125000000000e+00
1.247417952076752101e+00 -6.550781250000000000e+00
1.268573622820916569e+00 -8.189453125000000000e+00
1.290219631725925353e+00 -9.529296875000000000e+00
1.311163698325074733e+00 -6.914062500000000000e+00
1.333401227001402845e+00 -7.757812500000000000e+00
1.354883836651225693e+00 -8.167968750000000000e+00
1.376545137095021687e+00 -7.000000000000000000e+00
1.397250707707250683e+00 -7.166015625000000000e+00
1.418642449622247170e+00 -1.109375000000000000e+01
1.440069270547247982e+00 -8.375000000000000000e+00
1.461083895218322937e+00 -7.269531250000000000e+00
1.482574438536786943e+00 -8.917968750000000000e+00
1.504167534704286879e+00 -8.152343750000000000e+00
1.525293157311040204e+00 -8.347656250000000000e+00
1.546493039555919324e+00 -9.246093750000000000e+00
1.567725297988040722e+00 -7.892578125000000000e+00
1.588635540484887088e+00 -1.003906250000000000e+01
1.610049941488945535e+00 -7.039062500000000000e+00
1.631483499069204868e+00 -8.683593750000000000e+00
1.653081154549397525e+00 -8.335937500000000000e+00
1.674234666784741421e+00 -8.166015625000000000e+00
1.695814228251364852e+00 -8.414062500000000000e+00
1.716254666700493203e+00 -7.804687500000000000e+00
1.738492092717123683e+00 -8.386718750000000000e+00
1.759068647778278205e+00 -1.001171875000000000e+01
1.780619575448803005e+00 -7.519531250000000000e+00
1.801570181275025107e+00 -9.753906250000000000e+00
1.823879255610769690e+00 -7.671875000000000000e+00
1.845238320895695949e+00 -7.734375000000000000e+00
1.866956141670456759e+00 -8.347656250000000000e+00
1.887658495407201542e+00 -9.013671875000000000e+00
1.908749391532865047e+00 -9.042968750000000000e+00
1.930563264424293379e+00 -8.898437500000000000e+00
1.952351917404371306e+00 -9.609375000000000000e+00
1.973282629930963594e+00 -9.535156250000000000e+00
1.994302032420065984e+00 -7.312500000000000000e+00
2.015461084587414575e+00 -1.058984375000000000e+01
2.036627516193945553e+00 -1.049023437500000000e+01
2.057704429813107083e+00 -9.888671875000000000e+00
2.079126864085488080e+00 -8.738281250000000000e+00
2.100457900635923636e+00 -8.285156250000000000e+00
2.122063738829027102e+00 -1.136718750000000000e+01
2.143513293773381179e+00 -5.953125000000000000e+00
2.164226019057664985e+00 -8.417968750000000000e+00
2.186208616445597386e+00 -8.339843750000000000e+00
2.207962624250043859e+00 -1.113867187500000000e+01
2.228977964572493420e+00 -9.191406250000000000e+00
2.250555310919580165e+00 -1.092187500000000000e+01
2.271559395134687520e+00 -7.355468750000000000e+00
2.293585236145126771e+00 -7.843750000000000000e+00
2.314839782625057296e+00 -8.226562500000000000e+00
2.335861635247390211e+00 -9.255859375000000000e+00
2.357390312325392756e+00 -9.490234375000000000e+00
2.378678218107665998e+00 -6.816406250000000000e+00
2.400375693894147844e+00 -1.048046875000000000e+01
2.421386326958241852e+00 -1.212890625000000000e+01
2.442426386232511959e+00 -9.888671875000000000e+00
2.463392219599583655e+00 -8.617187500000000000e+00
2.484819580050242394e+00 -1.124609375000000000e+01
2.505875749376983208e+00 -9.238281250000000000e+00
2.527319239716582899e+00 -8.265625000000000000e+00
2.548498139634396864e+00 -9.447265625000000000e+00
2.570253330582616513e+00 -1.039257812500000000e+01
2.591117076621543447e+00 -8.828125000000000000e+00
2.612479591462331996e+00 -1.010742187500000000e+01
2.633900822442470258e+00 -1.186132812500000000e+01
2.655019366459988817e+00 -9.519531250000000000e+00
2.676721055594512677e+00 -7.724609375000000000e+00
2.698354154724924570e+00 -1.061718750000000000e+01
2.719450651639292005e+00 -9.929687500000000000e+00
2.740985628082420078e+00 -8.173828125000000000e+00
2.762545978422821236e+00 -1.175390625000000000e+01
2.784229878084104826e+00 -1.012109375000000000e+01
2.805252897752069430e+00 -7.248046875000000000e+00
2.826415724638493998e+00 -8.910156250000000000e+00
2.847795379137338045e+00 -8.744140625000000000e+00
2.869064760542528347e+00 -9.457031250000000000e+00
2.890798186915617407e+00 -1.044531250000000000e+01
2.911565753811423463e+00 -1.031054687500000000e+01
2.933202425149715964e+00 -1.015234375000000000e+01
2.954054846728013217e+00 -1.159765625000000000e+01
2.975824977441931196e+00 -1.057812500000000000e+01
2.996991061625529085e+00 -9.007812500000000000e+00
3.018467617737996989e+00 -1.123828125000000000e+01
3.039367687456746125e+00 -8.906250000000000000e+00
3.060730553600414794e+00 -9.820312500000000000e+00
3.081956437924162628e+00 -1.180273437500000000e+01
3.103755916589506114e+00 -9.750000000000000000e+00
3.124988564163892590e+00 -1.000390625000000000e+01
3.146539879248265947e+00 -1.096093750000000000e+01
3.167121624129336510e+00 -1.037695312500000000e+01
3.189037863528447758e+00 -1.016015625000000000e+01
3.209759944365885076e+00 -9.859375000000000000e+00
3.231431894842842212e+00 -1.103906250000000000e+01
3.252343885022405345e+00 -1.011132812500000000e+01
3.274136272607421461e+00 -1.177343750000000000e+01
3.296030994185983332e+00 -1.185156250000000000e+01
3.316801361325772746e+00 -1.173046875000000000e+01
3.338188126161625746e+00 -9.949218750000000000e+00
3.359170930519134401e+00 -1.188867187500000000e+01
3.380908692267077242e+00 -1.004687500000000000e+01
3.402193654034277870e+00 -1.045703125000000000e+01
3.423701619925644479e+00 -1.015234375000000000e+01
3.445004256361812622e+00 -9.691406250000000000e+00
3.466271595027038188e+00 -8.914062500000000000e+00
3.487710808438698962e+00 -1.169531250000000000e+01
3.508905407815106514e+00 -7.753906250000000000e+00
3.529911702258182515e+00 -9.972656250000000000e+00
3.551465956190753559e+00 -9.558593750000000000e+00
3.572799925028533607e+00 -9.808593750000000000e+00
3.594206280821197197e+00 -1.032812500000000000e+01
3.615005671397071296e+00 -7.562500000000000000e+00
3.636925886078060444e+00 -1.029687500000000000e+01
3.657369267069967123e+00 -8.968750000000000000e+00
3.679323408045675592e+00 -1.046484375000000000e+01
3.700150970849733767e+00 -1.145312500000000000e+01
3.721611882996199938e+00 -1.042968750000000000e+01
3.743385542825961920e+00 -1.030273437500000000e+01
3.765170820646737582e+00 -1.007421875000000000e+01
3.786456492468985857e+00 -7.589843750000000000e+00
3.807630186602480649e+00 -7.882812500000000000e+00
3.828723631131573768e+00 -1.058203125000000000e+01
3.849575152556020896e+00 -5.601562500000000000e+00
3.871326323377253686e+00 -9.775390625000000000e+00
3.892597076945463641e+00 -9.625000000000000000e+00
3.914053261470030520e+00 -9.222656250000000000e+00
3.935423667171221496e+00 -9.089843750000000000e+00
3.957035856790227513e+00 -9.527343750000000000e+00
3.978087814336134898e+00 -7.875000000000000000e+00
3.999332069611043039e+00 -1.034375000000000000e+01
4.020318117272331904e+00 -8.138671875000000000e+00
4.041690356544236806e+00 -9.511718750000000000e+00
4.063219647016097724e+00 -7.792968750000000000e+00
4.084635861065549989e+00 -8.517578125000000000e+00
4.106608735919550668e+00 -1.060156250000000000e+01
4.127323459919367110e+00 -6.753906250000000000e+00
4.148678323191404615e+00 -1.187890625000000000e+01
4.170105399405223068e+00 -9.947265625000000000e+00
4.191646194360494349e+00 -7.412109375000000000e+00
4.212964579095689999e+00 -9.976562500000000000e+00
4.234288600164802574e+00 -7.457031250000000000e+00
4.254910752874849322e+00 -6.839843750000000000e+00
4.276882141393414827e+00 -8.160156250000000000e+00
4.298575085822889719e+00 -7.757812500000000000e+00
4.319299935878873953e+00 -9.269531250000000000e+00
4.340307924805358653e+00 -8.777343750000000000e+00
4.362065294615149469e+00 -8.343750000000000000e+00
4.382945166990054986e+00 -8.644531250000000000e+00
4.404478812096272122e+00 -6.460937500000000000e+00
4.425527972013298950e+00 -7.240234375000000000e+00
4.446867406715568904e+00 -8.332031250000000000e+00
4.468218754827645967e+00 -6.898437500000000000e+00
4.489758629077911678e+00 -4.882812500000000000e+00
4.510915629021425843e+00 -7.535156250000000000e+00
4.532042403607022152e+00 -6.093750000000000000e+00
4.553709569623904940e+00 -7.785156250000000000e+00
4.575050676339827760e+00 -6.347656250000000000e+00
4.596288588927109231e+00 -7.017578125000000000e+00
4.617889593590930986e+00 -5.380859375000000000e+00
4.639897965346136743e+00 -5.125000000000000000e+00
4.660653249562535905e+00 -4.712890625000000000e+00
4.682219605683656027e+00 -5.484375000000000000e+00
4.702832663269937541e+00 -9.089843750000000000e+00
4.724819184948529482e+00 -5.761718750000000000e+00
4.745963912700965182e+00 -6.300781250000000000e+00
4.767416419589849852e+00 -6.312500000000000000e+00
4.788979523682471040e+00 -4.039062500000000000e+00
4.809672007925080095e+00 -5.884765625000000000e+00
4.831401992870908657e+00 -5.906250000000000000e+00
4.852675945397763257e+00 -4.439453125000000000e+00
4.873588052563107453e+00 -5.607421875000000000e+00
4.895000051807684827e+00 -1.453125000000000000e+00
4.916317113688975837e+00 -5.607421875000000000e+00
4.937517365195063235e+00 -3.808593750000000000e+00
4.959634377385050641e+00 -2.701171875000000000e+00
4.980185284878459129e+00 -3.664062500000000000e+00
5.002029446495555476e+00 -1.015625000000000000e+00
5.023374142633898032e+00 -2.929687500000000000e+00
5.044566620009845792e+00 -3.531250000000000000e+00
5.065457089568297988e+00 -1.867187500000000000e+00
5.087084481241127776e+00 -1.537109375000000000e+00
5.108482188275971225e+00 -1.476562500000000000e+00
5.130283618156937564e+00 1.562500000000000000e-01
5.150919768736557103e+00 -1.097656250000000000e+00
5.172796898057704595e+00 -9.980468750000000000e-01
5.193786488944290625e+00 6.562500000000000000e-01
5.215189830513764946e+00 5.859375000000000000e-01
5.236467857921397240e+00 8.593750000000000000e-01
5.257732986153840216e+00 -7.812500000000000000e-02
5.279144529674510977e+00 -1.169921875000000000e+00
5.300354859767061555e+00 2.294921875000000000e+00
5.322117478789280653e+00 2.359375000000000000e+00
5.342880990754203197e+00 2.101562500000000000e+00
5.363806382924309446e+00 1.414062500000000000e+00
5.385479852262584188e+00 2.175781250000000000e+00
5.407445619346091803e+00 6.679687500000000000e-01
5.428857249135575103e+00 -1.484375000000000000e-01
5.450075913272158346e+00 1.046875000000000000e+00
5.471538308429849451e+00 7.812500000000000000e-01
5.492445593993728892e+00 -4.687500000000000000e-02
5.513906296319582623e+00 2.123046875000000000e+00
5.535359349815067276e+00 1.638671875000000000e+00
5.557064102983950704e+00 5.664062500000000000e-01
5.578036818295331045e+00 3.148437500000000000e+00
5.599165840170464037e+00 3.718750000000000000e+00
5.620760040823469694e+00 3.257812500000000000e+00
5.642449087783148798e+00 5.226562500000000000e+00
5.663033102313363543e+00 4.441406250000000000e+00
5.684091512265155188e+00 4.066406250000000000e+00
5.705572083187504973e+00 3.234375000000000000e+00
5.727663847271998065e+00 2.644531250000000000e+00
5.748598578131932868e+00 3.515625000000000000e+00
5.769792680883497837e+00 3.156250000000000000e+00
5.790759467862621079e+00 3.916015625000000000e+00
5.812228855718515774e+00 3.765625000000000000e+00
5.833286239752489166e+00 3.994140625000000000e+00
5.854417158217373185e+00 5.605468750000000000e+00
5.875876488276922771e+00 3.394531250000000000e+00
5.897653542278817440e+00 4.941406250000000000e+00
5.919339018152079746e+00 3.972656250000000000e+00
5.940604045422148261e+00 5.136718750000000000e+00
5.961955714611072210e+00 3.740234375000000000e+00
5.982834293203737275e+00 5.316406250000000000e+00
6.004523832122075078e+00 5.486328125000000000e+00
6.025823767108164475e+00 3.964843750000000000e+00
6.047350676003759418e+00 3.609375000000000000e+00
6.068430987661656673e+00 3.417968750000000000e+00
6.090197941063628662e+00 5.201171875000000000e+00
6.111054600871540288e+00 3.937500000000000000e+00
6.132068939318656930e+00 4.093750000000000000e+00
6.153374853009879075e+00 6.714843750000000000e+00
6.174515705270465560e+00 5.589843750000000000e+00
6.196026017473769798e+00 5.496093750000000000e+00
6.218149335328760685e+00 7.960937500000000000e+00
6.239327393807187150e+00 5.882812500000000000e+00
6.260369032291947633e+00 4.117187500000000000e+00
6.281615168711823571e+00 5.343750000000000000e+00
6.303257902201586660e+00 7.072265625000000000e+00
6.324178351202505155e+00 6.042968750000000000e+00
6.345768084425593258e+00 8.343750000000000000e+00
6.367109783415045854e+00 8.947265625000000000e+00
6.388330631527324499e+00 6.855468750000000000e+00
6.410090116735055688e+00 5.238281250000000000e+00
6.430958532587936816e+00 5.792968750000000000e+00
6.452567565719931508e+00 4.777343750000000000e+00
6.473294208717391029e+00 6.214843750000000000e+00
6.494882442375541132e+00 5.679687500000000000e+00
6.516160060568012113e+00 7.265625000000000000e+00
6.536863348442231825e+00 6.859375000000000000e+00
6.558636424031689671e+00 6.539062500000000000e+00
6.579722120564852617e+00 6.410156250000000000e+00
6.601418830816911054e+00 7.257812500000000000e+00
6.622320862339627467e+00 8.703125000000000000e+00
6.643933982665593874e+00 7.664062500000000000e+00
6.665020315154954744e+00 8.083984375000000000e+00
6.686440201058786670e+00 9.007812500000000000e+00
6.707666503283562065e+00 7.320312500000000000e+00
6.730169458515106840e+00 6.525390625000000000e+00
6.750977007722170242e+00 7.648437500000000000e+00
6.771568886598210213e+00 7.167968750000000000e+00
6.793662966452394869e+00 1.097851562500000000e+01
6.815390515724686793e+00 9.007812500000000000e+00
6.836675599468946984e+00 9.179687500000000000e+00
6.857803176155655933e+00 1.075000000000000000e+01
6.878918750643990165e+00 9.929687500000000000e+00
6.900726740998152309e+00 9.378906250000000000e+00
6.921534904282516720e+00 9.980468750000000000e+00
6.943188862280763374e+00 8.460937500000000000e+00
6.963910734326574925e+00 1.043359375000000000e+01
6.985410655363523347e+00 7.582031250000000000e+00
7.006722965332954800e+00 8.718750000000000000e+00
7.028154699336653266e+00 8.437500000000000000e+00
7.049457681826439170e+00 9.730468750000000000e+00
7.071009243087004847e+00 1.027539062500000000e+01
7.092124984435130841e+00 9.949218750000000000e+00
7.113664923336166623e+00 1.152539062500000000e+01
7.134724777173964583e+00 8.884765625000000000e+00
7.156359332060489464e+00 1.089257812500000000e+01
7.176857353760198066e+00 1.018750000000000000e+01
7.198941257384539938e+00 9.826171875000000000e+00
7.220574660485240770e+00 1.115625000000000000e+01
7.241680918678753187e+00 1.168359375000000000e+01
7.263540212894170622e+00 1.232812500000000000e+01
7.284473540275911319e+00 9.695312500000000000e+00
7.306167087342849698e+00 9.835937500000000000e+00
7.327077943777211999e+00 1.117968750000000000e+01
7.348198821824851734e+00 8.925781250000000000e+00
7.369304804127224884e+00 1.077343750000000000e+01
7.391116862294666134e+00 8.757812500000000000e+00
7.411883630857843741e+00 9.359375000000000000e+00
7.433387680327854241e+00 1.008984375000000000e+01
7.454217551424328292e+00 1.105859375000000000e+01
7.475824056348358226e+00 1.019531250000000000e+01
7.497147749873619205e+00 1.099609375000000000e+01
7.518557127944575313e+00 1.212500000000000000e+01
7.539923320310890631e+00 9.710937500000000000e+00
7.561802867857714716e+00 1.439648437500000000e+01
7.582906702817950872e+00 1.170312500000000000e+01
7.604224590542742135e+00 9.179687500000000000e+00
7.625354211019299555e+00 1.029296875000000000e+01
7.646767321625304703e+00 9.253906250000000000e+00
7.668443611368111590e+00 1.007812500000000000e+01
7.689289393830932795e+00 1.011328125000000000e+01
7.711084939202720534e+00 1.081640625000000000e+01
7.732245627113854880e+00 1.007226562500000000e+01
7.753689539355676175e+00 9.371093750000000000e+00
7.774733445335854753e+00 9.564453125000000000e+00
7.795895122372030528e+00 1.108593750000000000e+01
7.817891875106141697e+00 1.215625000000000000e+01
7.839119767529751925e+00 9.513671875000000000e+00
7.860552574430023753e+00 1.181445312500000000e+01
7.881670455499843797e+00 9.656250000000000000e+00
7.903190927569490043e+00 1.141210937500000000e+01
7.924250992351673517e+00 1.101953125000000000e+01
7.945507387374782127e+00 9.361328125000000000e+00
7.966538935419066547e+00 1.075390625000000000e+01
7.988526297646956209e+00 9.613281250000000000e+00
8.009306159297679528e+00 8.855468750000000000e+00
8.030526954004031381e+00 1.098437500000000000e+01
8.051417756814032600e+00 1.078125000000000000e+01
8.072945401017122435e+00 1.321093750000000000e+01
8.094606191608178847e+00 1.139843750000000000e+01
8.115537755140671550e+00 1.207031250000000000e+01
8.137182772218295668e+00 1.125390625000000000e+01
8.158846580954396188e+00 1.119140625000000000e+01
8.179850038455313666e+00 1.173828125000000000e+01
8.201225325517413012e+00 1.263476562500000000e+01
8.222350099477729657e+00 1.199414062500000000e+01
8.243865038426250180e+00 9.914062500000000000e+00
8.265291953124659585e+00 1.170312500000000000e+01
8.287000941295900702e+00 1.116796875000000000e+01
8.308446237394470302e+00 1.040625000000000000e+01
8.329644385284538544e+00 1.314062500000000000e+01
8.351283475882347318e+00 1.006445312500000000e+01
8.372325163862178954e+00 1.289257812500000000e+01
8.393773337767328258e+00 1.235156250000000000e+01
8.414954594759109341e+00 1.070507812500000000e+01
8.436217546669070089e+00 1.237500000000000000e+01
8.457738746599048341e+00 9.480468750000000000e+00
8.479113180429941110e+00 1.182617187500000000e+01
8.500224767073646603e+00 1.173632812500000000e+01
8.521085124474197414e+00 1.040625000000000000e+01
8.541813604463811771e+00 1.102734375000000000e+01
8.563555131926484876e+00 1.307226562500000000e+01
8.585022222764379762e+00 1.266992187500000000e+01
8.606678828306435491e+00 1.053320312500000000e+01
8.627909649451410701e+00 1.116601562500000000e+01
8.649249363348481268e+00 1.048242187500000000e+01
8.670225884158995200e+00 1.065429687500000000e+01
8.691848352729842020e+00 1.137695312500000000e+01
8.713046618926284737e+00 1.072851562500000000e+01
8.734704402806258372e+00 1.378125000000000000e+01
8.756953983518087625e+00 1.253515625000000000e+01
8.777441490835258264e+00 8.218750000000000000e+00
8.798756678086306238e+00 1.139062500000000000e+01
8.819952448938835232e+00 1.047070312500000000e+01
8.841526175292685252e+00 1.059765625000000000e+01
8.862605896718122267e+00 8.683593750000000000e+00
8.883867701000369266e+00 1.033203125000000000e+01
8.905023818357378218e+00 1.087890625000000000e+01
8.926631332406543606e+00 7.601562500000000000e+00
8.948064461233109057e+00 9.435546875000000000e+00
8.969331932277043506e+00 1.120312500000000000e+01
8.990624887307617996e+00 1.051953125000000000e+01
9.011640800221208281e+00 1.071484375000000000e+01
9.033012880477564011e+00 1.166210937500000000e+01
9.054178220911950348e+00 9.679687500000000000e+00
9.075541590851635476e+00 9.019531250000000000e+00
9.096662904435888208e+00 1.055468750000000000e+01
9.118315709868127783e+00 1.148437500000000000e+01
9.140076731327809512e+00 1.056250000000000000e+01
9.161587122874323086e+00 1.075195312500000000e+01
9.182262735744899373e+00 9.242187500000000000e+00
9.203230079855416079e+00 1.087109375000000000e+01
9.225092201733517072e+00 9.097656250000000000e+00
9.246447951048438085e+00 9.095703125000000000e+00
9.267796758961296177e+00 8.523437500000000000e+00
9.289346761759887272e+00 1.130859375000000000e+01
9.310368747442822723e+00 8.988281250000000000e+00
9.331949389849043541e+00 1.108984375000000000e+01
9.353127306208392611e+00 1.108984375000000000e+01
9.374592206731307442e+00 8.898437500000000000e+00
9.395401264980129952e+00 9.662109375000000000e+00
9.417308851537654846e+00 1.046875000000000000e+01
9.438478001683499485e+00 9.552734375000000000e+00
9.460148475247237343e+00 8.898437500000000000e+00
9.481024923115015213e+00 8.748046875000000000e+00
9.502530324889207236e+00 1.278710937500000000e+01
9.523743746281169820e+00 1.009375000000000000e+01
9.545119819403325323e+00 7.925781250000000000e+00
9.566324260908281474e+00 8.957031250000000000e+00
9.587867377783396705e+00 1.117187500000000000e+01
9.608932912702698559e+00 9.832031250000000000e+00
9.630484171731751530e+00 1.065234375000000000e+01
9.651878121527559529e+00 9.476562500000000000e+00
9.672649299613233609e+00 9.042968750000000000e+00
9.694077068522119589e+00 9.136718750000000000e+00
9.715294588436066192e+00 1.057226562500000000e+01
9.736539845851609698e+00 8.142578125000000000e+00
9.758180510889438608e+00 9.931640625000000000e+00
9.779614180376050570e+00 9.308593750000000000e+00
9.800780710386263195e+00 1.002734375000000000e+01
9.822502653931415750e+00 9.148437500000000000e+00
9.843581800766330048e+00 7.230468750000000000e+00
9.865239660945320566e+00 8.474609375000000000e+00
9.886136784972713087e+00 7.570312500000000000e+00
9.907710055281768291e+00 9.914062500000000000e+00
9.929922276445232399e+00 9.480468750000000000e+00
9.950642490466961476e+00 6.000000000000000000e+00
9.972023086625846133e+00 1.029687500000000000e+01
9.993496840964589012e+00 1.050781250000000000e+01
1.001459111802333268e+01 7.925781250000000000e+00
1.003585344485296105e+01 1.033203125000000000e+01
1.005702901446225894e+01 1.098437500000000000e+01
1.007845213484942803e+01 6.341796875000000000e+00
1.009962187600407901e+01 1.011718750000000000e+01
1.012090057855034786e+01 8.203125000000000000e+00
1.014257043230637834e+01 9.886718750000000000e+00
1.016350247668647455e+01 9.390625000000000000e+00
1.018449004785793477e+01 1.057031250000000000e+01
1.020606212823040693e+01 8.814453125000000000e+00
1.022696015732472574e+01 8.164062500000000000e+00
1.024860941914691637e+01 9.554687500000000000e+00
1.027001113094458873e+01 6.820312500000000000e+00
1.029122904669374350e+01 7.289062500000000000e+00
1.031314600793161418e+01 1.006640625000000000e+01
1.033435821647996988e+01 7.908203125000000000e+00
1.035550846717752904e+01 9.316406250000000000e+00
1.037654601013995403e+01 1.039843750000000000e+01
1.039834842970270756e+01 9.363281250000000000e+00
1.042033682423740260e+01 1.024218750000000000e+01
1.044104529101804246e+01 6.884765625000000000e+00
1.046233265073941254e+01 8.933593750000000000e+00
1.048413208406701358e+01 6.812500000000000000e+00
1.050524077272621781e+01 8.007812500000000000e+00
1.052627985874246974e+01 6.433593750000000000e+00
1.054746743704745882e+01 7.941406250000000000e+00
1.056891280498987840e+01 7.082031250000000000e+00
1.059046239908811060e+01 8.445312500000000000e+00
1.061154032716292761e+01 7.652343750000000000e+00
1.063296770569460392e+01 7.636718750000000000e+00
1.065394285141966435e+01 8.087890625000000000e+00
1.067494905954325901e+01 5.283203125000000000e+00
1.069725498124110175e+01 9.480468750000000000e+00
1.071825633417563495e+01 7.644531250000000000e+00
1.073949866490856664e+01 5.525390625000000000e+00
1.076115526869891426e+01 6.312500000000000000e+00
1.078238861471672294e+01 8.375000000000000000e+00
1.080354422207205545e+01 8.662109375000000000e+00
1.082513324772439489e+01 8.859375000000000000e+00
1.084601864066493704e+01 8.453125000000000000e+00
1.086751594822515443e+01 7.871093750000000000e+00
1.088876526936300593e+01 9.312500000000000000e+00
1.091011984617691866e+01 6.736328125000000000e+00
1.093142570721623485e+01 5.535156250000000000e+00
1.095283909418488832e+01 7.394531250000000000e+00
1.097335806284098680e+01 4.589843750000000000e+00
1.099543811211415800e+01 5.863281250000000000e+00
1.101673571392250750e+01 8.035156250000000000e+00
1.103859399409614639e+01 8.554687500000000000e+00
1.105981941895151266e+01 7.896484375000000000e+00
1.108123909727233070e+01 7.824218750000000000e+00
1.110272342761921038e+01 6.667968750000000000e+00
1.112339838164714934e+01 6.625000000000000000e+00
1.114488208823308923e+01 9.394531250000000000e+00
1.116677391228380145e+01 7.779296875000000000e+00
1.118800754585595314e+01 7.933593750000000000e+00
1.120906251018075039e+01 7.238281250000000000e+00
1.122991146887925140e+01 6.804687500000000000e+00
1.125122761847603670e+01 6.589843750000000000e+00
1.127278748043372048e+01 7.828125000000000000e+00
1.129372117156363942e+01 6.625000000000000000e+00
1.131520980088878048e+01 4.552734375000000000e+00
1.133637520783009478e+01 5.250000000000000000e+00
1.135823413182181696e+01 6.089843750000000000e+00
1.137967585515863789e+01 7.031250000000000000e+00
1.140114084117137594e+01 7.365234375000000000e+00
1.142219776732133596e+01 5.757812500000000000e+00
1.144331993749364074e+01 8.113281250000000000e+00
1.146475810569849330e+01 5.875000000000000000e+00
1.148664920843002335e+01 6.740234375000000000e+00
1.150783946592503781e+01 8.296875000000000000e+00
1.152926760777590687e+01 6.269531250000000000e+00
1.155041359258333955e+01 7.089843750000000000e+00
1.157165322207071512e+01 5.937500000000000000e+00
1.159314986205602338e+01 6.906250000000000000e+00
1.161407251803273510e+01 6.833984375000000000e+00
1.163529472122604602e+01 6.359375000000000000e+00
1.165684130885492920e+01 7.470703125000000000e+00
1.167808169921711681e+01 7.873046875000000000e+00
1.169939356861748081e+01 6.718750000000000000e+00
1.172082276419644131e+01 6.335937500000000000e+00
1.174195080915562528e+01 7.996093750000000000e+00
1.176318619016146272e+01 6.460937500000000000e+00
1.178449114759918359e+01 7.742187500000000000e+00
1.180574512091431671e+01 8.125000000000000000e+00
1.182707104577622204e+01 5.203125000000000000e+00
1.184888175349942685e+01 6.390625000000000000e+00
1.187010023247123058e+01 8.429687500000000000e+00
1.189179427446471493e+01 4.523437500000000000e+00
1.191295544584137645e+01 5.710937500000000000e+00
1.193469030662826214e+01 4.693359375000000000e+00
1.195602671406141582e+01 5.373046875000000000e+00
1.197712488614311610e+01 7.410156250000000000e+00
1.199862083975196470e+01 7.378906250000000000e+00
1.201973378289861216e+01 6.414062500000000000e+00
1.204061251484016992e+01 6.919921875000000000e+00
1.206166906054376398e+01 5.361328125000000000e+00
1.208357650499267777e+01 3.425781250000000000e+00
1.210447036761859607e+01 4.916015625000000000e+00
1.212519597812838867e+01 5.550781250000000000e+00
1.214686838993539197e+01 4.228515625000000000e+00
1.216813465979265629e+01 6.132812500000000000e+00
1.218965329940101583e+01 5.578125000000000000e+00
1.221114748316465182e+01 7.802734375000000000e+00
1.223243283706293028e+01 5.166015625000000000e+00
1.225409936899287544e+01 5.484375000000000000e+00
1.227527944051216480e+01 8.027343750000000000e+00
1.229705977518079862e+01 8.214843750000000000e+00
1.231866542980657186e+01 6.593750000000000000e+00
1.234007796431887272e+01 4.910156250000000000e+00
1.236129003841159602e+01 8.355468750000000000e+00
1.238222580090030078e+01 7.525390625000000000e+00
1.240367651066043209e+01 7.335937500000000000e+00
1.242516409915573661e+01 3.511718750000000000e+00
1.244659266648987739e+01 8.785156250000000000e+00
1.246750045698190945e+01 6.500000000000000000e+00
1.248859708814585190e+01 9.648437500000000000e+00
1.251015237938284486e+01 6.355468750000000000e+00
1.253122977630786750e+01 6.484375000000000000e+00
1.255244720884581255e+01 8.207031250000000000e+00
1.257405483598921592e+01 5.300781250000000000e+00
1.259461558755732113e+01 4.474609375000000000e+00
1.261561952790994212e+01 6.878906250000000000e+00
1.263726993908376528e+01 7.751953125000000000e+00
1.265853134454337692e+01 4.871093750000000000e+00
1.268041569436252303e+01 7.843750000000000000e+00
1.270167528080339991e+01 5.863281250000000000e+00
1.272379510137614744e+01 7.173828125000000000e+00
1.274493273911047453e+01 2.757812500000000000e+00
1.276614589284606183e+01 5.707031250000000000e+00
1.278772658197116385e+01 4.597656250000000000e+00
1.280904905724703724e+01 6.982421875000000000e+00
1.283046698143995457e+01 6.800781250000000000e+00
1.285189213200626313e+01 7.492187500000000000e+00
1.287257109837629798e+01 4.144531250000000000e+00
1.289389072665494496e+01 4.878906250000000000e+00
1.291542355382256346e+01 4.460937500000000000e+00
1.293644368529022159e+01 6.587890625000000000e+00
1.295781320882264254e+01 6.808593750000000000e+00
1.297870499065607675e+01 6.164062500000000000e+00
1.300035501389541537e+01 5.304687500000000000e+00
1.302173040964665063e+01 4.886718750000000000e+00
1.304284437542298036e+01 5.898437500000000000e+00
1.306452098113178550e+01 8.203125000000000000e+00
1.308546672304771619e+01 9.050781250000000000e+00
1.310684052824328916e+01 6.228515625000000000e+00
1.312852675539031111e+01 3.980468750000000000e+00
1.314999165944891502e+01 7.261718750000000000e+00
1.317112968922428706e+01 3.943359375000000000e+00
1.319283144739861768e+01 6.443359375000000000e+00
1.321489874973757850e+01 4.957031250000000000e+00
1.323538328217304638e+01 5.988281250000000000e+00
1.325699391500469915e+01 5.742187500000000000e+00
1.327790578969489843e+01 7.042968750000000000e+00
1.329980919266057526e+01 4.992187500000000000e+00
1.332093818921268280e+01 6.484375000000000000e+00
1.334200633818916515e+01 6.648437500000000000e+00
1.336304029134214488e+01 4.339843750000000000e+00
1.338446574843254666e+01 4.664062500000000000e+00
1.340591073934709954e+01 7.623046875000000000e+00
1.342686125953151333e+01 6.562500000000000000e+00
1.344821742230300288e+01 7.281250000000000000e+00
1.346958307775494745e+01 5.605468750000000000e+00
1.349099008062060534e+01 5.597656250000000000e+00
1.351194219333034141e+01 4.695312500000000000e+00
1.353365320819428064e+01 6.851562500000000000e+00
1.355488471967618125e+01 3.544921875000000000e+00
1.357594371584574588e+01 1.691406250000000000e+00
1.359756537955190936e+01 5.777343750000000000e+00
1.361970139582467709e+01 5.343750000000000000e+00
1.364070759077346651e+01 5.068359375000000000e+00
1.366192391077358792e+01 4.287109375000000000e+00
1.368324785696282220e+01 5.855468750000000000e+00
1.370488270896222360e+01 4.511718750000000000e+00
1.372612402512713459e+01 6.152343750000000000e+00
1.374764836894753728e+01 3.759765625000000000e+00
1.376909133294127940e+01 5.044921875000000000e+00
1.379021438574645231e+01 4.992187500000000000e+00
1.381198756835154029e+01 6.195312500000000000e+00
1.383301394864781741e+01 4.339843750000000000e+00
1.385416629358952889e+01 4.609375000000000000e+00
1.387518015773979130e+01 3.140625000000000000e+00
1.389642357163269537e+01 4.304687500000000000e+00
1.391776047937047167e+01 3.683593750000000000e+00
1.393883039559992199e+01 4.441406250000000000e+00
1.396000838028558633e+01 1.390625000000000000e+00
1.398134981554430567e+01 3.750000000000000000e+00
1.400233922515677421e+01 4.332031250000000000e+00
1.402363900818306064e+01 2.769531250000000000e+00
1.404528293598589528e+01 2.488281250000000000e+00
1.406581482793650650e+01 5.734375000000000000e+00
1.408798146286217445e+01 4.328125000000000000e+00
1.410934922903831534e+01 2.125000000000000000e+00
1.413098618010432972e+01 2.843750000000000000e+00
1.415242367260209733e+01 3.820312500000000000e+00
1.417370271629796719e+01 4.378906250000000000e+00
1.419526925186823973e+01 4.339843750000000000e+00
1.421635766871265361e+01 6.687500000000000000e+00
1.423780963190742455e+01 2.671875000000000000e+00
1.425983518765687563e+01 5.429687500000000000e+00
1.428123643148980193e+01 1.960937500000000000e+00
1.430264402976515470e+01 2.476562500000000000e+00
1.432327501232629174e+01 3.675781250000000000e+00
1.434427507185580453e+01 9.335937500000000000e-01
1.436588644676547233e+01 4.566406250000000000e+00
1.438726245690669003e+01 1.984375000000000000e+00
1.440862688290708604e+01 1.839843750000000000e+00
1.442988367470764643e+01 2.277343750000000000e+00
1.445106740490500385e+01 4.228515625000000000e+00
1.447216211900740035e+01 2.216796875000000000e+00
1.449324540787155513e+01 4.527343750000000000e+00
1.451450179158707954e+01 2.390625000000000000e+00
1.453572053909560680e+01 3.148437500000000000e+00
1.455688036149417997e+01 2.460937500000000000e+00
1.457839789739018954e+01 1.351562500000000000e+00
1.460055240962014977e+01 -1.050781250000000000e+00
1.462139092875320046e+01 -3.398437500000000000e-01
1.464271817407509246e+01 2.789062500000000000e+00
1.466403985220442507e+01 2.761718750000000000e+00
1.468539997768350247e+01 2.318359375000000000e+00
1.470676626680512555e+01 1.275390625000000000e+00
1.472847924612285908e+01 1.687500000000000000e+00
1.474990570128527878e+01 1.037109375000000000e+00
1.477097874654306509e+01 1.289062500000000000e+00
1.479275665334623113e+01 -1.355468750000000000e+00
1.481363131286921941e+01 3.710937500000000000e-01
1.483510146578337441e+01 8.867187500000000000e-01
1.485690058814805070e+01 2.462890625000000000e+00
1.487833373577770857e+01 2.582031250000000000e+00
1.489900608778959423e+01 1.167968750000000000e+00
1.492081774048622833e+01 1.718750000000000000e+00
1.494174872372859397e+01 5.957031250000000000e-01
1.496283417868048105e+01 2.078125000000000000e+00
1.498410952835163812e+01 2.753906250000000000e+00
1.500569099379758597e+01 2.144531250000000000e+00
1.502625947636487069e+01 -4.375000000000000000e-01
1.504806281322564843e+01 7.578125000000000000e-01
1.506957352289055052e+01 2.148437500000000000e-01
1.509017248848974191e+01 1.253906250000000000e+00
1.511166468483869352e+01 -1.621093750000000000e+00
1.513294429365146243e+01 2.125000000000000000e+00
1.515449676813264546e+01 1.519531250000000000e+00
1.517604644763218857e+01 3.710937500000000000e-01
1.519694693460527901e+01 1.121093750000000000e+00
1.521889480588431809e+01 2.070312500000000000e-01
1.524066899503495165e+01 -1.003906250000000000e+00
1.526169810964606910e+01 2.480468750000000000e-01
1.528318218864930600e+01 3.554687500000000000e-01
1.530496432173823962e+01 6.054687500000000000e-01
1.532595153738873961e+01 1.699218750000000000e+00
1.534731661190824070e+01 1.654296875000000000e+00
1.536872993756289674e+01 1.384765625000000000e+00
1.538990642795102559e+01 -1.041015625000000000e+00
1.541120382345164330e+01 6.250000000000000000e-02
1.543238084596316639e+01 -7.695312500000000000e-01
1.545361552737621480e+01 -1.451171875000000000e+00
1.547507056648899493e+01 -5.253906250000000000e-01
1.549609512346619056e+01 1.207031250000000000e+00
1.551713486687086885e+01 -1.406250000000000000e+00
1.553847683429305704e+01 -1.580078125000000000e+00
1.556002904206248161e+01 -7.558593750000000000e-01
1.558058437421274789e+01 1.734375000000000000e+00
1.560205970465911918e+01 -1.539062500000000000e+00
1.562319722541705858e+01 -8.906250000000000000e-01
1.564495823124333640e+01 -1.343750000000000000e+00
1.566657317477454114e+01 -2.773437500000000000e+00
1.568852237391776328e+01 -1.589843750000000000e+00
1.570992113111357469e+01 -3.671875000000000000e-01
1.573218877286555539e+01 1.414062500000000000e+00
1.575317347644792676e+01 1.195312500000000000e+00
1.577382989505328936e+01 -1.097656250000000000e+00
1.579509403091185504e+01 -1.160156250000000000e+00
1.581609858537966318e+01 -1.765625000000000000e+00
1.583766704454923513e+01 9.218750000000000000e-01
1.585884125128996658e+01 -3.750000000000000000e-01
1.588010123368408699e+01 -1.000000000000000000e+00
1.590158966951187836e+01 -3.250000000000000000e+00
1.592271495522489033e+01 -3.281250000000000000e-01
1.594349309075538201e+01 -3.125000000000000000e-02
1.596466339141711899e+01 -2.613281250000000000e+00
1.598644580320049613e+01 -1.097656250000000000e+00
