#Time Flux
-1.881365807240372057e+00 -5.367187500000000000e+00
-1.871646057486461068e+00 -1.672656250000000000e+01
-1.861771263771909268e+00 -9.050781250000000000e+00
-1.855865634036358180e+00 -9.480468750000000000e+00
-1.850983124949276970e+00 -8.906250000000000000e+00
-1.841088654385244716e+00 1.968750000000000000e+00
-1.831209751487672399e+00 -5.281250000000000000e+00
-1.827844383791570770e+00 -5.671875000000000000e+00
-1.820483412037723348e+00 6.640625000000000000e-01
-1.810501802885760014e+00 -4.007812500000000000e+00
-1.800859790169682562e+00 -3.808593750000000000e+00
-1.798387786942138966e+00 2.726562500000000000e+00
-1.789885801153388023e+00 3.566406250000000000e+00
-1.779789409001146794e+00 4.453125000000000000e+00
-1.770628280586588055e+00 -6.257812500000000000e+00
-1.768744749043552389e+00 4.218750000000000000e-01
-1.759244015201012701e+00 8.343750000000000000e+00
-1.749226623872629283e+00 3.191406250000000000e+00
-1.740727960275601838e+00 -3.800781250000000000e+00
-1.738328947337874020e+00 1.901171875000000000e+01
-1.728604825525937194e+00 1.349609375000000000e+01
-1.718704610679901990e+00 6.218750000000000000e+00
-1.713024857010370106e+00 2.329687500000000000e+01
-1.707941714014747703e+00 2.281250000000000000e+01
-1.698047491793700736e+00 2.103125000000000000e+01
-1.688016966664877216e+00 1.667968750000000000e+01
-1.684815035587134524e+00 2.412500000000000000e+01
-1.677433023375589194e+00 2.279687500000000000e+01
-1.667399932132694218e+00 1.566406250000000000e+01
-1.657812460432953827e+00 1.847656250000000000e+01
-1.655276467437193588e+00 2.130859375000000000e+01
-1.646802719467575393e+00 2.606640625000000000e+01
-1.636820094864479991e+00 2.676562500000000000e+01
-1.627595088755678709e+00 1.107031250000000000e+01
-1.625667264409424106e+00 3.680468750000000000e+01
-1.616180393138980875e+00 3.034375000000000000e+01
-1.606199646129296887e+00 2.846093750000000000e+01
-1.597892427848379704e+00 2.249218750000000000e+01
-1.595293287385726622e+00 4.746484375000000000e+01
-1.585603004825634876e+00 4.039453125000000000e+01
-1.575638783733597670e+00 3.421875000000000000e+01
-1.569620358933651261e+00 2.875781250000000000e+01
-1.565003281426231574e+00 3.821093750000000000e+01
-1.554976827748376422e+00 4.160937500000000000e+01
-1.544977072803890294e+00 3.864062500000000000e+01
-1.541042091343172160e+00 2.250781250000000000e+01
-1.534380346919549609e+00 4.962500000000000000e+01
-1.524436051701108852e+00 5.090625000000000000e+01
-1.514681652616758356e+00 4.043359375000000000e+01
-1.512174787586556768e+00 5.164062500000000000e+01
-1.503820810387265894e+00 5.689062500000000000e+01
-1.493705086477521427e+00 4.793359375000000000e+01
-1.484561118205807162e+00 3.632031250000000000e+01
-1.482667092180353308e+00 5.589062500000000000e+01
-1.473139699846703010e+00 6.974218750000000000e+01
-1.463160463386935284e+00 6.310937500000000000e+01
-1.454861505472323735e+00 4.803906250000000000e+01
-1.452255559009217656e+00 7.846093750000000000e+01
-1.442600393513279400e+00 6.992968750000000000e+01
-1.432610494115897914e+00 5.457031250000000000e+01
-1.426591609744253475e+00 7.889843750000000000e+01
-1.421964096643693942e+00 6.881250000000000000e+01
-1.411939669989422441e+00 6.850781250000000000e+01
-1.401937268459009900e+00 6.533593750000000000e+01
-1.398013493253586148e+00 6.157812500000000000e+01
-1.391341792649670950e+00 7.617187500000000000e+01
-1.381398243172739626e+00 7.574218750000000000e+01
-1.371642052307919357e+00 6.350000000000000000e+01
-1.369204333778885285e+00 9.082421875000000000e+01
-1.360754512314358955e+00 9.314062500000000000e+01
-1.350665650888309699e+00 8.285937500000000000e+01
-1.341389832631302959e+00 7.344140625000000000e+01
-1.339614042498438629e+00 9.510937500000000000e+01
-1.330141559345840108e+00 1.079531250000000000e+02
-1.320123001757071535e+00 9.455468750000000000e+01
-1.311830595199823257e+00 7.686328125000000000e+01
-1.309221913923107827e+00 1.070234375000000000e+02
-1.299563248101625490e+00 1.059375000000000000e+02
-1.289570134855558159e+00 9.963671875000000000e+01
-1.282839520650360221e+00 1.028437500000000000e+02
-1.278816980465204978e+00 1.131328125000000000e+02
-1.268902726201829978e+00 1.108203125000000000e+02
-1.258897353519573770e+00 1.095703125000000000e+02
-1.254984792718516928e+00 9.961718750000000000e+01
-1.248303450714063345e+00 1.153750000000000000e+02
-1.238363816291926156e+00 1.118593750000000000e+02
-1.228602643240350289e+00 1.012851562500000000e+02
-1.226168186217524436e+00 1.270625000000000000e+02
-1.217727463979200841e+00 1.264804687500000000e+02
-1.207622694988631729e+00 1.206171875000000000e+02
-1.198215391619499748e+00 1.139453125000000000e+02
-1.196566148378190420e+00 1.238281250000000000e+02
-1.187082922166495358e+00 1.349218750000000000e+02
-1.177073938485755811e+00 1.308945312500000000e+02
-1.168594163212412163e+00 1.025625000000000000e+02
-1.166182131747491191e+00 1.382890625000000000e+02
-1.156526087432288463e+00 1.343828125000000000e+02
-1.146529720116041595e+00 1.279882812500000000e+02
-1.139622776643858693e+00 1.274023437500000000e+02
-1.135775369238114507e+00 1.446640625000000000e+02
-1.125874341632253639e+00 1.402421875000000000e+02
-1.115857528227211404e+00 1.426250000000000000e+02
-1.111956189601244205e+00 1.287578125000000000e+02
-1.105283539030016193e+00 1.475117187500000000e+02
-1.095289523769031881e+00 1.457226562500000000e+02
-1.085463888354038176e+00 1.372421875000000000e+02
-1.083009642452918975e+00 1.560937500000000000e+02
-1.074678905874223211e+00 1.561640625000000000e+02
-1.064656923042012870e+00 1.547226562500000000e+02
-1.055313858489735246e+00 1.491562500000000000e+02
-1.053532477258125155e+00 1.514609375000000000e+02
-1.044045502942366532e+00 1.569492187500000000e+02
-1.034037274576171228e+00 1.494062500000000000e+02
-1.025563467551557473e+00 1.423046875000000000e+02
-1.023145339532647746e+00 1.628906250000000000e+02
-1.013446824732773699e+00 1.593007812500000000e+02
-1.003489299875901075e+00 1.600859375000000000e+02
-9.965934089980637012e-01 1.604531250000000000e+02
-9.927338325389474250e-01 1.656523437500000000e+02
-9.828352887992073406e-01 1.553242187500000000e+02
-9.728140206697615255e-01 1.627617187500000000e+02
-9.689275839155584436e-01 1.451250000000000000e+02
-9.622731491529981085e-01 1.680625000000000000e+02
-9.522519208997328732e-01 1.657343750000000000e+02
-9.424223719545032907e-01 1.592890625000000000e+02
-9.399792853278201576e-01 1.623867187500000000e+02
-9.316554264081116088e-01 1.656875000000000000e+02
-9.215420321246128310e-01 1.612890625000000000e+02
-9.122758262807293406e-01 1.799335937500000000e+02
-9.104987898471907926e-01 1.589296875000000000e+02
-9.009773025972176441e-01 1.776093750000000000e+02
-8.910043213966716280e-01 1.781093750000000000e+02
-8.825326837715801176e-01 1.572578125000000000e+02
-8.800205064387478515e-01 1.760859375000000000e+02
-8.704078181857317631e-01 1.706718750000000000e+02
-8.604488242293433231e-01 1.709023437500000000e+02
-8.541141991223186736e-01 1.805703125000000000e+02
-8.496953165078640069e-01 1.713632812500000000e+02
-8.397914791344902596e-01 1.752265625000000000e+02
-8.297777464351430154e-01 1.760234375000000000e+02
-8.258988756461462799e-01 1.484218750000000000e+02
-8.191678788894298791e-01 1.654843750000000000e+02
-8.091936363605878313e-01 1.658906250000000000e+02
-7.993809530455244783e-01 1.648359375000000000e+02
-7.966921842312659763e-01 1.608085937500000000e+02
-7.886087246181991972e-01 1.651679687500000000e+02
-7.785007348696453278e-01 1.553359375000000000e+02
-7.690092785963988931e-01 1.684921875000000000e+02
-7.668732098032844391e-01 1.514218750000000000e+02
-7.579706013970044509e-01 1.536367187500000000e+02
-7.479623200462635069e-01 1.493593750000000000e+02
-7.390941936894339648e-01 1.513750000000000000e+02
-7.369622733626863820e-01 1.607890625000000000e+02
-7.273228003747282955e-01 1.474062500000000000e+02
-7.174139414298910111e-01 1.444453125000000000e+02
-7.110851623288683143e-01 1.431445312500000000e+02
-7.066508356246110623e-01 1.410859375000000000e+02
-6.967293353738703843e-01 1.404804687500000000e+02
-6.868052890868687754e-01 1.383046875000000000e+02
-6.832400719049251947e-01 1.201132812500000000e+02
-6.761714200046400336e-01 1.351796875000000000e+02
-6.661362074532437560e-01 1.274375000000000000e+02
-6.563358169950328502e-01 1.276679687500000000e+02
-6.534752231101901288e-01 1.323750000000000000e+02
-6.455299289261686724e-01 1.267617187500000000e+02
-6.354579064083649698e-01 1.142148437500000000e+02
-6.259581795517261682e-01 1.188359375000000000e+02
-6.238364611459612519e-01 9.700781250000000000e+01
-6.148960996069003926e-01 1.099531250000000000e+02
-6.049014697863741574e-01 1.011562500000000000e+02
-5.960617626253768009e-01 1.039843750000000000e+02
-5.939867446939830486e-01 8.642187500000000000e+01
-5.842666047968227971e-01 9.036328125000000000e+01
-5.743637637223626413e-01 8.382812500000000000e+01
-5.684195801236349155e-01 8.203906250000000000e+01
-5.635972656960541727e-01 7.207812500000000000e+01
-5.536700549645061642e-01 6.362500000000000000e+01
-5.436978903514217976e-01 6.292187500000000000e+01
-5.398415510026666198e-01 4.552343750000000000e+01
-5.331044550805694726e-01 5.377343750000000000e+01
-5.230759637325572697e-01 5.089062500000000000e+01
-5.132721798452744011e-01 5.259765625000000000e+01
-5.104454348485614190e-01 3.253906250000000000e+01
-5.024405537428329183e-01 3.418750000000000000e+01
-4.924170582221059078e-01 2.936718750000000000e+01
-4.829128831705613578e-01 2.892968750000000000e+01
-4.807996537534702242e-01 -4.445312500000000000e+00
-4.718555466504801288e-01 1.375000000000000000e+01
-4.618603344687572942e-01 4.457031250000000000e+00
-4.529670074205816022e-01 8.429687500000000000e+00
-4.507923654367997912e-01 -8.460937500000000000e+00
-4.412278949606172063e-01 -5.835937500000000000e+00
-4.313308596709024556e-01 -1.303125000000000000e+01
-4.250270548505570289e-01 -1.693750000000000000e+01
-4.205636828188028531e-01 -3.489843750000000000e+01
-4.106773844023754449e-01 -3.631250000000000000e+01
-4.006581459791096478e-01 -4.572656250000000000e+01
-3.968129345849433776e-01 -5.629687500000000000e+01
-3.900954863442684939e-01 -5.128515625000000000e+01
-3.801015987094507054e-01 -5.893359375000000000e+01
-3.702565815112528469e-01 -6.151562500000000000e+01
-3.670688211962049863e-01 -8.089062500000000000e+01
-3.594010583060089914e-01 -8.135156250000000000e+01
-3.495286988731871602e-01 -8.346093750000000000e+01
-3.398873251538807594e-01 -7.497656250000000000e+01
-3.376745077388498828e-01 -1.099140625000000000e+02
-3.289018555595717430e-01 -9.425000000000000000e+01
-3.188192971728414093e-01 -1.055234375000000000e+02
-3.098725860501030382e-01 -9.245312500000000000e+01
-3.077541997612653901e-01 -1.201562500000000000e+02
-2.981884150852218696e-01 -1.162890625000000000e+02
-2.884080521054226409e-01 -1.217890625000000000e+02
-2.823623274903077629e-01 -1.289531250000000000e+02
-2.775302838850359777e-01 -1.301328125000000000e+02
-2.676413833200577130e-01 -1.350898437500000000e+02
-2.576854933016425875e-01 -1.429687500000000000e+02
-2.536089747488370350e-01 -1.337500000000000000e+02
-2.470309763050630991e-01 -1.440429687500000000e+02
-2.370718583749891195e-01 -1.506640625000000000e+02
-2.271945781592998870e-01 -1.507070312500000000e+02
-2.240394535067542492e-01 -1.581601562500000000e+02
-2.164111398058148339e-01 -1.652304687500000000e+02
-2.063389305134997187e-01 -1.572226562500000000e+02
-1.968450055415997824e-01 -1.690546875000000000e+02
-1.946422964669203282e-01 -1.757109375000000000e+02
-1.858829872944154360e-01 -1.637070312500000000e+02
-1.758122302330384912e-01 -1.813632812500000000e+02
-1.667443040501410678e-01 -1.688593750000000000e+02
-1.648148022198174800e-01 -1.797031250000000000e+02
-1.551506545277314686e-01 -1.865468750000000000e+02
-1.452467658840310705e-01 -1.842968750000000000e+02
-1.382309861209503055e-01 -1.882734375000000000e+02
-1.344968687622634107e-01 -1.868515625000000000e+02
-1.245979765711453524e-01 -1.835156250000000000e+02
-1.145852702369554166e-01 -1.930625000000000000e+02
-1.105802636927331051e-01 -1.922148437500000000e+02
-1.039961650722194264e-01 -1.906796875000000000e+02
-9.403095373069447760e-02 -1.952500000000000000e+02
-8.411575867353437985e-02 -1.940781250000000000e+02
-8.066434649421605485e-02 -1.919140625000000000e+02
-7.340729488380581813e-02 -1.867343750000000000e+02
-6.330504495379329910e-02 -1.918046875000000000e+02
-5.380605102652591398e-02 -1.985781250000000000e+02
-5.160088613028435134e-02 -1.843359375000000000e+02
-4.283310702962950245e-02 -1.866171875000000000e+02
-3.277346064938413406e-02 -1.847421875000000000e+02
-2.367396132895560612e-02 -1.986171875000000000e+02
-2.177387229924310219e-02 -1.825000000000000000e+02
-1.217098039905106788e-02 -1.902031250000000000e+02
-2.003410139494121722e-03 -1.785156250000000000e+02
6.072533121865841821e-03 -2.092890625000000000e+02
8.791789586579668025e-03 -1.742421875000000000e+02
1.845664229772525644e-02 -1.776171875000000000e+02
2.846108780984213382e-02 -1.813828125000000000e+02
3.301489437270399563e-02 -1.629453125000000000e+02
3.905180828198595577e-02 -1.731054687500000000e+02
4.904250974009549680e-02 -1.702851562500000000e+02
5.896379982537958142e-02 -1.724453125000000000e+02
6.272101952471587083e-02 -1.562890625000000000e+02
6.970649937177153532e-02 -1.623593750000000000e+02
7.974942127562290040e-02 -1.648671875000000000e+02
8.938513919254642559e-02 -1.593671875000000000e+02
9.160263908900656560e-02 -1.436757812500000000e+02
1.002455789941198994e-01 -1.594843750000000000e+02
1.102951885877194727e-01 -1.483750000000000000e+02
1.195964174063206542e-01 -1.625859375000000000e+02
1.213671349506979524e-01 -1.371367187500000000e+02
1.308084446008397350e-01 -1.388437500000000000e+02
1.409646109659372648e-01 -1.416367187500000000e+02
1.493501337676752527e-01 -1.556328125000000000e+02
1.518281772545417851e-01 -1.218671875000000000e+02
1.615015107737676203e-01 -1.283515625000000000e+02
1.715268839558987679e-01 -1.494296875000000000e+02
1.766207259660084183e-01 -1.147304687500000000e+02
1.820869603788914937e-01 -1.227070312500000000e+02
1.920507762135770236e-01 -1.220625000000000000e+02
2.020673786664413107e-01 -1.248476562500000000e+02
2.057500942259054000e-01 -1.022890625000000000e+02
2.127571698270394052e-01 -1.069843750000000000e+02
2.227891866476139349e-01 -1.246171875000000000e+02
2.324198065949358849e-01 -1.140234375000000000e+02
2.346439759797531721e-01 -8.537890625000000000e+01
2.433368919752409987e-01 -1.083710937500000000e+02
2.533364575537637720e-01 -1.005625000000000000e+02
2.625637913073193275e-01 -1.017500000000000000e+02
2.644147645175616290e-01 -7.439843750000000000e+01
2.739706467843352478e-01 -7.544140625000000000e+01
2.840704854683480107e-01 -7.797656250000000000e+01
2.923816634206195531e-01 -1.005859375000000000e+02
2.948669297004524736e-01 -5.921875000000000000e+01
3.045321906393394507e-01 -7.310546875000000000e+01
3.145600707809492746e-01 -7.478125000000000000e+01
3.196492667210484306e-01 -4.739843750000000000e+01
3.251256096218417824e-01 -5.410156250000000000e+01
3.350916014553462219e-01 -5.400000000000000000e+01
3.451047797916255711e-01 -5.968359375000000000e+01
3.487789751028600449e-01 -3.085937500000000000e+01
3.557865995597451203e-01 -5.129687500000000000e+01
3.658317940143698266e-01 -5.111718750000000000e+01
3.754629400172637688e-01 -5.012500000000000000e+01
3.776853098473393899e-01 -2.191406250000000000e+01
3.863877186086970283e-01 -4.276562500000000000e+01
3.963810201559585522e-01 -1.393750000000000000e+01
4.055957030426258214e-01 -4.532812500000000000e+01
4.074455521260018642e-01 -1.492968750000000000e+01
4.170204061153288677e-01 -2.317187500000000000e+01
4.271197967987454547e-01 -2.062890625000000000e+01
4.354132798102545721e-01 -2.500781250000000000e+01
4.379009680773418012e-01 2.328125000000000000e+00
4.476641905450344794e-01 -1.766406250000000000e+01
4.576011648791049602e-01 -1.146875000000000000e+01
4.628639353079337937e-01 -1.038281250000000000e+01
4.681787534175412269e-01 -2.457031250000000000e+00
4.781846590721361423e-01 -5.000000000000000000e-01
4.881421792833573470e-01 -1.168750000000000000e+01
4.918080621586256029e-01 1.566406250000000000e+01
4.988361462579113947e-01 1.123437500000000000e+01
5.088708078466410711e-01 2.828125000000000000e+00
5.184889964553631714e-01 1.271875000000000000e+01
5.209307787277337454e-01 2.948437500000000000e+01
5.294283043259415678e-01 1.667968750000000000e+01
5.394172965821479870e-01 2.372265625000000000e+01
5.485515005069112604e-01 1.003515625000000000e+01
5.504847946469011433e-01 3.372656250000000000e+01
5.600497067286487329e-01 2.478906250000000000e+01
5.701442244903063283e-01 2.587500000000000000e+01
5.786563043427705999e-01 2.196875000000000000e+01
5.809374712293031706e-01 4.551562500000000000e+01
5.906556792779840137e-01 3.344140625000000000e+01
6.006451555068830217e-01 4.468750000000000000e+01
6.070176682913297483e-01 4.828125000000000000e+01
6.112172868781842183e-01 4.174609375000000000e+01
6.211733723268793028e-01 5.341406250000000000e+01
6.311052520958231327e-01 3.909375000000000000e+01
6.348370554782292174e-01 6.689062500000000000e+01
6.418332264358910244e-01 5.837500000000000000e+01
6.519112849079320426e-01 4.874218750000000000e+01
6.615343730881653173e-01 5.976953125000000000e+01
6.638724098448172128e-01 7.645312500000000000e+01
6.724687821334587312e-01 5.178125000000000000e+01
6.824607459311158308e-01 7.025781250000000000e+01
6.917316839522769101e-01 4.489843750000000000e+01
6.935357565950761582e-01 7.032812500000000000e+01
7.030891289038554426e-01 6.491015625000000000e+01
7.132056161055047028e-01 6.609375000000000000e+01
7.218991152531710753e-01 5.439062500000000000e+01
7.239739295031579758e-01 8.006250000000000000e+01
7.337371690256953016e-01 7.370312500000000000e+01
7.436714393679433321e-01 7.115625000000000000e+01
7.500465649789402889e-01 8.482031250000000000e+01
7.542786152239777664e-01 6.614062500000000000e+01
7.642591730708918618e-01 7.354687500000000000e+01
7.741405526811480087e-01 7.372656250000000000e+01
7.778661550704697447e-01 7.414843750000000000e+01
7.848739686189660780e-01 8.409765625000000000e+01
7.949525308237426202e-01 6.974218750000000000e+01
8.046003277506192930e-01 7.817968750000000000e+01
8.069526869974654737e-01 9.289843750000000000e+01
8.155093520182195022e-01 7.071875000000000000e+01
8.254929190293904817e-01 8.150390625000000000e+01
8.348864819714232333e-01 6.449609375000000000e+01
8.366002420565852304e-01 9.658984375000000000e+01
8.461286459066177379e-01 8.180468750000000000e+01
8.562290541811172773e-01 7.641406250000000000e+01
8.649301923997594344e-01 8.110156250000000000e+01
8.670103929029249201e-01 8.630078125000000000e+01
8.767737320114941113e-01 7.361718750000000000e+01
8.867016070842463904e-01 8.484375000000000000e+01
8.934219399468070755e-01 9.991796875000000000e+01
8.973181007072916771e-01 7.767187500000000000e+01
9.072682858595091382e-01 8.830078125000000000e+01
9.172543174590539472e-01 7.980468750000000000e+01
9.208951609993079046e-01 8.826562500000000000e+01
9.278825265425201252e-01 8.670312500000000000e+01
9.379936719584875959e-01 7.640625000000000000e+01
9.476059069710975891e-01 8.861718750000000000e+01
9.499884539971392705e-01 9.538281250000000000e+01
9.585497137596608042e-01 7.893750000000000000e+01
9.685306664283115374e-01 9.151171875000000000e+01
9.779955067182379835e-01 7.505468750000000000e+01
9.799443105041159008e-01 8.513671875000000000e+01
9.891860716740428217e-01 9.264062500000000000e+01
9.992646651878978048e-01 8.962890625000000000e+01
1.008060513936882785e+00 8.528125000000000000e+01
1.010147720022642304e+00 9.930468750000000000e+01
1.019732935701366916e+00 7.910156250000000000e+01
1.029741585586448238e+00 8.914062500000000000e+01
1.036451275229142599e+00 9.435156250000000000e+01
1.040334044879512199e+00 8.062890625000000000e+01
1.050383928106066289e+00 9.200000000000000000e+01
1.060291660081901011e+00 8.319531250000000000e+01
1.063924273295370426e+00 6.799218750000000000e+01
1.070962679337724932e+00 8.156640625000000000e+01
1.081034908211826462e+00 8.096875000000000000e+01
1.090641624086805983e+00 7.819531250000000000e+01
1.093024324490034171e+00 8.486328125000000000e+01
1.101566157382954714e+00 7.930078125000000000e+01
1.111561948484931062e+00 8.504296875000000000e+01
1.121000749993346091e+00 6.849218750000000000e+01
1.122979506606689437e+00 9.168359375000000000e+01
1.132207664192435903e+00 8.242578125000000000e+01
1.142300277238778250e+00 7.909375000000000000e+01
1.151046357407504495e+00 8.167187500000000000e+01
1.153147506270608247e+00 7.355859375000000000e+01
1.162811089243473539e+00 8.158203125000000000e+01
1.172781674093853255e+00 7.712500000000000000e+01
1.179480403648727194e+00 8.094531250000000000e+01
1.183411363695966667e+00 7.622656250000000000e+01
1.193474840083021071e+00 8.658593750000000000e+01
1.203329001078571547e+00 8.277343750000000000e+01
1.206953291993514199e+00 7.600781250000000000e+01
1.214040330542286661e+00 8.459375000000000000e+01
1.224075939450507633e+00 8.145312500000000000e+01
1.233677341435345021e+00 7.646093750000000000e+01
1.236083392517275392e+00 8.371093750000000000e+01
1.244621317498715740e+00 7.781640625000000000e+01
1.254606184221817688e+00 8.212890625000000000e+01
1.264149121267934106e+00 6.154687500000000000e+01
1.266287204151257839e+00 8.147656250000000000e+01
1.275305861805434926e+00 8.925000000000000000e+01
1.285361368639229340e+00 7.735546875000000000e+01
1.294081678711118677e+00 7.490625000000000000e+01
1.296186791112114989e+00 7.336718750000000000e+01
1.305919024142872864e+00 7.285937500000000000e+01
1.315821672619490457e+00 7.610156250000000000e+01
1.322509725143123038e+00 9.080078125000000000e+01
1.326451885333852498e+00 7.410937500000000000e+01
1.336408681863682446e+00 6.808593750000000000e+01
1.346366340150751295e+00 7.173437500000000000e+01
1.351310674689100821e+00 6.900390625000000000e+01
1.357042972225797950e+00 7.285156250000000000e+01
1.367097296647358462e+00 7.412500000000000000e+01
1.376783583954479973e+00 7.000000000000000000e+01
1.379323205463928392e+00 8.087500000000000000e+01
1.387618471398305964e+00 6.807812500000000000e+01
1.397674347840701881e+00 7.083203125000000000e+01
1.407234931713416515e+00 6.047656250000000000e+01
1.409206085324277602e+00 7.240625000000000000e+01
1.418253375538719219e+00 7.117187500000000000e+01
1.428371604662775241e+00 7.184375000000000000e+01
1.437179123349281440e+00 8.509375000000000000e+01
1.439226066986003971e+00 6.875000000000000000e+01
1.448857920652657505e+00 7.021875000000000000e+01
1.458854986612321714e+00 6.953125000000000000e+01
1.465538989935981196e+00 8.146093750000000000e+01
1.469425158817996291e+00 6.320312500000000000e+01
1.479432333517320508e+00 6.375390625000000000e+01
1.489490523459676474e+00 6.616406250000000000e+01
1.494339224841040092e+00 6.444921875000000000e+01
1.500048236229917009e+00 6.140625000000000000e+01
1.510135137706043906e+00 6.779687500000000000e+01
1.519796202837993881e+00 6.753125000000000000e+01
1.522762880196184554e+00 7.312500000000000000e+01
1.530669610098890132e+00 6.230468750000000000e+01
1.540681665340859485e+00 6.147265625000000000e+01
1.550274025510104181e+00 5.292968750000000000e+01
1.552728020573435508e+00 6.428515625000000000e+01
1.561297403704468678e+00 6.217968750000000000e+01
1.571402063455408893e+00 6.372656250000000000e+01
1.580218748996642830e+00 6.870312500000000000e+01
1.582336990522593467e+00 5.503906250000000000e+01
1.591899201529444419e+00 5.642187500000000000e+01
1.601899719242254161e+00 6.099609375000000000e+01
1.608568247984026645e+00 5.463671875000000000e+01
1.612489458373841167e+00 5.564453125000000000e+01
1.622540435209566478e+00 5.058593750000000000e+01
1.632541918026299665e+00 5.144921875000000000e+01
1.637367923859072150e+00 4.735937500000000000e+01
1.643147807426477147e+00 5.870703125000000000e+01
1.653172934519631099e+00 5.659765625000000000e+01
1.662804435148525606e+00 5.088281250000000000e+01
1.665792228262377606e+00 6.562500000000000000e+01
1.673704192048795392e+00 4.630078125000000000e+01
1.683750273154095645e+00 5.337500000000000000e+01
1.693387336834518031e+00 4.849218750000000000e+01
1.695815553556601962e+00 5.196875000000000000e+01
1.704338102166459201e+00 5.219531250000000000e+01
1.714442986332674224e+00 5.293750000000000000e+01
1.723187738548186410e+00 5.352343750000000000e+01
1.725372516833589387e+00 4.888671875000000000e+01
1.734992940920343507e+00 4.653125000000000000e+01
1.744965299141760795e+00 4.985546875000000000e+01
1.752137086837124880e+00 5.916796875000000000e+01
1.755554890075966767e+00 4.670312500000000000e+01
1.765638298690995533e+00 5.177343750000000000e+01
1.775569555537072297e+00 4.533593750000000000e+01
1.780962633980178289e+00 4.673437500000000000e+01
1.786241713338724946e+00 3.980078125000000000e+01
1.796210736928429696e+00 4.848046875000000000e+01
1.805907710398119370e+00 4.117187500000000000e+01
1.809005026327889620e+00 6.310546875000000000e+01
1.816749155269440585e+00 4.228906250000000000e+01
1.826803763610072906e+00 3.796875000000000000e+01
1.836385061491115245e+00 3.807031250000000000e+01
1.838892106367733703e+00 4.604296875000000000e+01
1.847434561801195585e+00 4.307031250000000000e+01
1.857478503857951324e+00 4.018359375000000000e+01
1.866223157120439957e+00 4.723046875000000000e+01
1.868445455357720775e+00 3.250000000000000000e+01
1.878005645883672692e+00 3.850390625000000000e+01
1.887981965429203157e+00 4.182812500000000000e+01
1.894626644048644781e+00 4.781250000000000000e+01
1.898594400814129557e+00 3.296093750000000000e+01
1.908677342240209462e+00 3.535156250000000000e+01
1.918609038575664449e+00 3.693750000000000000e+01
1.924178387932574896e+00 3.961718750000000000e+01
1.929279638101867533e+00 4.081250000000000000e+01
1.939213242854552988e+00 3.751171875000000000e+01
1.948949026577852628e+00 2.965625000000000000e+01
1.952218025624561371e+00 3.557031250000000000e+01
1.959773252517230446e+00 2.926953125000000000e+01
1.969838900578078533e+00 2.876562500000000000e+01
1.979431703484831218e+00 3.085156250000000000e+01
1.981928338508463838e+00 4.039062500000000000e+01
1.990476053738960971e+00 2.997656250000000000e+01
2.000422218781308992e+00 3.750781250000000000e+01
2.009258425105836743e+00 3.776562500000000000e+01
2.011479575950067655e+00 1.537500000000000000e+01
2.021021233163818653e+00 2.733593750000000000e+01
2.031021913197760043e+00 2.574218750000000000e+01
2.038005933947369286e+00 3.358593750000000000e+01
2.041605870156002034e+00 2.984375000000000000e+01
2.051595530263435663e+00 3.030468750000000000e+01
2.061648532906542819e+00 2.946093750000000000e+01
2.067020130969265956e+00 2.263281250000000000e+01
2.072315291425617545e+00 2.873437500000000000e+01
2.082248862068613704e+00 3.075781250000000000e+01
2.092238341448926953e+00 2.027343750000000000e+01
2.095610050053459350e+00 3.731250000000000000e+01
2.102807781032502987e+00 2.283203125000000000e+01
2.112880117579233552e+00 2.113281250000000000e+01
2.122505755005646755e+00 2.085156250000000000e+01
2.124964524312257907e+00 3.273046875000000000e+01
2.133517448535416250e+00 1.850781250000000000e+01
2.143447687065486384e+00 2.774218750000000000e+01
2.152377063211545760e+00 2.748437500000000000e+01
2.154558096060058325e+00 2.072265625000000000e+01
2.164062382131132001e+00 1.864843750000000000e+01
2.174062070739450903e+00 2.022656250000000000e+01
2.181415946843437759e+00 1.869531250000000000e+01
2.184666208399619780e+00 2.214453125000000000e+01
2.194692688020776661e+00 1.916406250000000000e+01
2.204590587452883721e+00 2.391406250000000000e+01
2.210422556154764351e+00 2.229687500000000000e+01
2.215392807179444645e+00 2.026953125000000000e+01
2.225284582327535787e+00 2.143359375000000000e+01
2.235292137398296575e+00 1.383593750000000000e+01
2.239001383441006965e+00 3.013281250000000000e+01
2.245838117563104142e+00 2.030468750000000000e+01
2.255926685737208004e+00 1.343750000000000000e+01
2.265545330838164340e+00 1.128906250000000000e+01
2.268059390072058257e+00 1.821093750000000000e+01
2.276558946133876660e+00 1.749218750000000000e+01
2.286503279744933614e+00 1.438281250000000000e+01
2.295416744621846306e+00 1.717968750000000000e+01
2.297652093791977101e+00 1.144140625000000000e+01
2.307101685199690166e+00 1.039062500000000000e+01
2.317091892540770637e+00 1.658593750000000000e+01
2.324445350054113568e+00 1.169531250000000000e+01
2.327712568321242514e+00 1.437500000000000000e+01
2.337730164695866808e+00 1.145703125000000000e+01
2.347629643233567709e+00 1.351171875000000000e+01
2.353451135144961626e+00 7.648437500000000000e+00
2.358428587803349075e+00 9.531250000000000000e+00
2.368321009620942164e+00 9.929687500000000000e+00
2.378191184946869541e+00 1.168750000000000000e+01
2.382029961739988266e+00 6.796875000000000000e+00
2.388876984629938249e+00 1.510937500000000000e+01
2.398962405880492366e+00 9.140625000000000000e+00
2.408584816441531551e+00 6.046875000000000000e+00
2.411100070092989434e+00 9.460937500000000000e+00
2.419569741029162113e+00 9.066406250000000000e+00
2.429543922338338824e+00 4.937500000000000000e+00
2.438456336967149696e+00 1.454687500000000000e+01
2.440702788063783046e+00 8.750000000000000000e-01
2.450146585150791090e+00 5.046875000000000000e+00
2.460131429592434138e+00 9.054687500000000000e+00
2.467769931150784135e+00 1.299218750000000000e+01
2.470889401180170530e+00 -3.519531250000000000e+00
2.480705277370574890e+00 5.468750000000000000e+00
2.490767183646380722e+00 4.320312500000000000e+00
2.496106053171186723e+00 3.414062500000000000e+00
2.501408629032474629e+00 6.093750000000000000e-01
2.511357778552721243e+00 6.687500000000000000e+00
2.521227288245231790e+00 2.050781250000000000e+00
2.524697442391719893e+00 7.335937500000000000e+00
2.531924344689944206e+00 4.957031250000000000e+00
2.541945634565824452e+00 2.101562500000000000e+00
2.551624411926410652e+00 -2.140625000000000000e+00
2.554140843129762750e+00 8.015625000000000000e+00
2.562579903003446624e+00 -1.515625000000000000e+00
2.572619441996113476e+00 1.644531250000000000e+00
2.581620230825153239e+00 1.347656250000000000e+00
2.583780034921992819e+00 1.812500000000000000e+00
2.593199637942202429e+00 1.394531250000000000e+00
2.603170927848691640e+00 1.679687500000000000e+00
2.611095788625043213e+00 3.343750000000000000e+00
2.614014322212603325e+00 -1.171875000000000000e+01
2.623805484823577228e+00 1.343750000000000000e+00
2.633806823023474131e+00 -2.179687500000000000e+00
2.639321587335093700e+00 -5.289062500000000000e+00
2.644458766877939127e+00 -1.859375000000000000e+00
2.654394433040963008e+00 2.343750000000000000e+00
2.664380914686431900e+00 -4.152343750000000000e+00
2.667726485642582634e+00 9.695312500000000000e+00
2.675032652953616363e+00 -5.937500000000000000e+00
2.685047350476375883e+00 -3.984375000000000000e+00
2.694621288103032697e+00 -8.750000000000000000e+00
2.697109305191428774e+00 -2.003906250000000000e+00
2.705651959561263364e+00 -9.699218750000000000e+00
2.715625131615083454e+00 -4.687500000000000000e-02
2.724747782790743589e+00 -5.058593750000000000e+00
2.726815858444943341e+00 -2.746093750000000000e+00
2.736227074745155807e+00 -5.488281250000000000e+00
2.746210487197527250e+00 -3.085937500000000000e+00
2.754328273671020622e+00 -8.398437500000000000e+00
2.757077535532874712e+00 -8.191406250000000000e+00
2.766844644485871196e+00 -8.972656250000000000e+00
2.776846373582952943e+00 -5.132812500000000000e+00
2.782536959674427379e+00 1.171875000000000000e+00
2.787494501226753130e+00 -6.476562500000000000e+00
2.797431173334572918e+00 -7.773437500000000000e+00
2.807419406212090074e+00 -3.503906250000000000e+00
2.810755685228308653e+00 -4.109375000000000000e+00
2.818006454228879853e+00 -1.121093750000000000e+01
2.828084730821425197e+00 -1.617187500000000000e+00
2.837626242282082600e+00 -9.117187500000000000e+00
2.840186086671959487e+00 -5.000000000000000000e+00
2.848693140655567557e+00 -1.113281250000000000e+01
2.858694662082899907e+00 -6.984375000000000000e+00
2.867727273109285768e+00 -1.163281250000000000e+01
2.869821872334279433e+00 -7.015625000000000000e+00
2.879281406792038922e+00 -8.886718750000000000e+00
2.889249262928635709e+00 1.796875000000000000e-01
2.897358838535623260e+00 -1.263281250000000000e+01
2.900146960078410885e+00 -1.191796875000000000e+01
2.909828286292608368e+00 -1.123437500000000000e+01
2.919905960592000582e+00 -2.804687500000000000e+00
2.925378889386724968e+00 -2.218750000000000000e+00
2.930530451642404444e+00 -1.291406250000000000e+01
2.940575017075357067e+00 -1.247656250000000000e+01
2.950455207904980615e+00 -1.546875000000000000e+01
2.954321246760904796e+00 -2.503906250000000000e+00
2.961112367008848167e+00 -1.104296875000000000e+01
2.971122437072090339e+00 -7.222656250000000000e+00
2.980758682716642571e+00 -1.580468750000000000e+01
2.983221411522603006e+00 5.859375000000000000e-02
2.991766175043879983e+00 -1.263281250000000000e+01
3.001732365422259630e+00 -1.039843750000000000e+01
3.010759894155872196e+00 -1.004687500000000000e+01
3.012818687332321055e+00 -1.289062500000000000e+01
3.022317315111718194e+00 -1.298828125000000000e+01
3.032294840365638677e+00 -1.403906250000000000e+01
3.040389292107178232e+00 -1.013281250000000000e+01
3.043185900617965345e+00 -1.330078125000000000e+01
3.052976769847830063e+00 -1.310937500000000000e+01
3.062944925815241248e+00 -1.353906250000000000e+01
3.068594199385653809e+00 -7.953125000000000000e+00
3.073607101208029491e+00 -1.223046875000000000e+01
3.083608877898746492e+00 -1.578906250000000000e+01
3.093489659356948085e+00 -8.226562500000000000e+00
3.096990338902642748e+00 -1.168750000000000000e+01
3.104111421667517856e+00 -1.345703125000000000e+01
3.114163949754533256e+00 -9.515625000000000000e+00
3.123829892336603464e+00 -2.060937500000000000e+01
3.126256737923025497e+00 -1.711718750000000000e+01
3.134775333670885455e+00 -9.789062500000000000e+00
3.144793206584971301e+00 -1.671875000000000000e+01
3.153852160430048901e+00 -1.621875000000000000e+01
3.155872033926126363e+00 -1.228906250000000000e+01
3.165356337782282203e+00 -1.819921875000000000e+01
3.175335897736651702e+00 -1.167187500000000000e+01
3.183419884271173839e+00 -8.785156250000000000e+00
3.186234842749247953e+00 -2.183593750000000000e+01
3.196014211420062701e+00 -1.382031250000000000e+01
3.205983903374868049e+00 -1.882031250000000000e+01
3.211622866509525664e+00 -1.360156250000000000e+01
3.216683470452835536e+00 -1.714843750000000000e+01
3.226641458090830916e+00 -1.740625000000000000e+01
3.236525994581548105e+00 -1.769531250000000000e+01
3.240378795023665770e+00 -9.125000000000000000e+00
3.247184998671384548e+00 -2.196875000000000000e+01
3.257205147474400597e+00 -1.164062500000000000e+01
3.266888754224432923e+00 -2.229687500000000000e+01
3.269344604456610348e+00 -1.014843750000000000e+01
3.277863423125428444e+00 -1.832812500000000000e+01
3.287835087124935995e+00 -1.805468750000000000e+01
3.296948548497834253e+00 -1.364843750000000000e+01
3.299187158670533471e+00 -1.409765625000000000e+01
3.308394231950800624e+00 -2.366406250000000000e+01
3.318383079077461772e+00 -1.170312500000000000e+01
3.326651659536572048e+00 -3.708593750000000000e+01
3.329272616423358144e+00 -2.760937500000000000e+01
3.339086980851228681e+00 -2.182031250000000000e+01
3.349040899797397053e+00 -1.776562500000000000e+01
3.354651431653575600e+00 -1.929687500000000000e+01
3.359767323390252969e+00 -1.353515625000000000e+01
3.369674053766153143e+00 -1.525000000000000000e+01
3.379559424248959942e+00 -2.257812500000000000e+01
3.383407600692684536e+00 -2.053125000000000000e+01
3.390184193219944131e+00 -2.314453125000000000e+01
3.400250531735845794e+00 -1.712500000000000000e+01
3.410005955485675422e+00 -2.802343750000000000e+01
3.412523792309730464e+00 -2.254296875000000000e+01
3.420901091372844594e+00 -2.323437500000000000e+01
3.430870816056799555e+00 -2.116015625000000000e+01
3.439985392401080588e+00 -2.239843750000000000e+01
3.442223262750771617e+00 -1.594921875000000000e+01
3.451431997475929325e+00 -2.285546875000000000e+01
3.461408449615260174e+00 -1.732421875000000000e+01
3.470129682741335486e+00 -2.102343750000000000e+01
3.472311660820897483e+00 -2.667187500000000000e+01
3.482088953360018557e+00 -2.206250000000000000e+01
3.492086299162956653e+00 -2.622656250000000000e+01
3.497679995044119750e+00 -1.535937500000000000e+01
3.502805898563957854e+00 -2.430859375000000000e+01
3.512733946571337640e+00 -2.332031250000000000e+01
3.522612184251726397e+00 -2.115234375000000000e+01
3.526436410760019680e+00 -2.284765625000000000e+01
3.533220532928431634e+00 -2.607031250000000000e+01
3.543287831849688096e+00 -2.412500000000000000e+01
3.553038947671583792e+00 -2.820312500000000000e+01
3.555692535198277326e+00 -2.389843750000000000e+01
3.563898651239040927e+00 -2.682031250000000000e+01
3.573961050873275536e+00 -3.050781250000000000e+01
3.583181358887124190e+00 -2.460937500000000000e+01
3.585020074254709144e+00 -1.846875000000000000e+01
3.594474200968587940e+00 -2.391015625000000000e+01
3.604447975083599154e+00 -1.733203125000000000e+01
3.613291320140648910e+00 -3.284765625000000000e+01
3.615457069734977935e+00 -2.966406250000000000e+01
3.625079722549315431e+00 -2.142187500000000000e+01
3.635126177253305446e+00 -3.113281250000000000e+01
3.640708656696471479e+00 -2.563281250000000000e+01
3.645842627935965474e+00 -1.941406250000000000e+01
3.655771688917590190e+00 -2.708593750000000000e+01
3.665629222616069605e+00 -2.605468750000000000e+01
3.669641816510803345e+00 -2.882031250000000000e+01
3.676214770621727190e+00 -2.664843750000000000e+01
3.686265014934515083e+00 -2.059765625000000000e+01
3.696108428215561847e+00 -2.732031250000000000e+01
3.698594354652232408e+00 -2.344921875000000000e+01
3.706939719155824431e+00 -1.861328125000000000e+01
3.716995741558729360e+00 -2.573437500000000000e+01
3.726059126533595389e+00 -3.093750000000000000e+01
3.728295378655743342e+00 -2.039062500000000000e+01
3.737514077841812554e+00 -3.014843750000000000e+01
3.747471483096301625e+00 -2.312500000000000000e+01
3.756326768631640167e+00 -2.269531250000000000e+01
3.758386098633101025e+00 -2.908984375000000000e+01
3.768209329523764417e+00 -2.260937500000000000e+01
3.778194435690574782e+00 -2.828515625000000000e+01
3.783737216601831932e+00 -3.325781250000000000e+01
3.788825366265655248e+00 -3.107031250000000000e+01
3.798772033801447456e+00 -2.820312500000000000e+01
3.808713933233325299e+00 -2.956250000000000000e+01
3.813244712666302050e+00 -2.071875000000000000e+01
3.819337136478663908e+00 -2.935937500000000000e+01
3.829421389762472483e+00 -2.237500000000000000e+01
3.839105188033417271e+00 -3.386718750000000000e+01
3.841629813587860820e+00 -2.712500000000000000e+01
3.850014152401901146e+00 -2.414843750000000000e+01
3.859988723001535504e+00 -3.286718750000000000e+01
3.869405090394710811e+00 -2.080468750000000000e+01
3.871563637950746539e+00 -2.031250000000000000e+01
3.880551858535515652e+00 -2.692968750000000000e+01
3.890510605240120157e+00 -2.401562500000000000e+01
3.899362366479851350e+00 -2.698828125000000000e+01
3.901404820078559155e+00 -3.100781250000000000e+01
3.911250131773507555e+00 -2.584375000000000000e+01
3.921235517868235210e+00 -2.826171875000000000e+01
3.927323557854644598e+00 -2.604296875000000000e+01
3.931860777911197147e+00 -2.476562500000000000e+01
3.941825081207831261e+00 -3.049218750000000000e+01
3.951764276002744047e+00 -2.717968750000000000e+01
3.955346070830216831e+00 -2.439062500000000000e+01
3.962375013211369534e+00 -3.267187500000000000e+01
3.972418637111545081e+00 -2.106250000000000000e+01
3.982107679481603046e+00 -2.911328125000000000e+01
3.984665174559995915e+00 -3.975781250000000000e+01
3.993056323830090903e+00 -2.500000000000000000e+01
4.003001543001253992e+00 -3.178906250000000000e+01
4.012512820038634409e+00 -3.650781250000000000e+01
4.014367868049060206e+00 -3.158984375000000000e+01
4.023589779044019821e+00 -3.420312500000000000e+01
4.033649688728809579e+00 -1.990625000000000000e+01
4.042559169505196337e+00 -2.956640625000000000e+01
4.044580544260091060e+00 -3.078515625000000000e+01
4.054238171703857141e+00 -2.708593750000000000e+01
4.064298098737101128e+00 -2.844921875000000000e+01
4.070352311646085575e+00 -2.573046875000000000e+01
4.074943686512599861e+00 -2.806250000000000000e+01
4.084882084996203311e+00 -3.400000000000000000e+01
4.094766490228891165e+00 -3.401171875000000000e+01
4.098551646005311966e+00 -2.839843750000000000e+01
4.105425895014871429e+00 -2.557812500000000000e+01
4.115499740420972330e+00 -2.236328125000000000e+01
4.125249624839726792e+00 -2.863281250000000000e+01
4.127813090169029309e+00 -2.643750000000000000e+01
4.136089523221063047e+00 -2.971093750000000000e+01
4.146099516748744662e+00 -3.185156250000000000e+01
4.155551580247217380e+00 -2.519531250000000000e+01
4.157628873299106687e+00 -3.153125000000000000e+01
4.166641834556643609e+00 -2.782812500000000000e+01
4.176690470867805871e+00 -3.108593750000000000e+01
4.185598904873998549e+00 -3.458593750000000000e+01
4.187621776664448348e+00 -3.724609375000000000e+01
4.197275316657125721e+00 -2.458593750000000000e+01
4.207334683731018821e+00 -3.663281250000000000e+01
4.213381061770443914e+00 -4.074218750000000000e+01
4.217931656492282855e+00 -3.329687500000000000e+01
4.227919014813957155e+00 -2.914843750000000000e+01
4.237844674148747437e+00 -3.121093750000000000e+01
4.242330855551655233e+00 -3.102734375000000000e+01
4.248478985100613059e+00 -3.560937500000000000e+01
4.258497527945191763e+00 -3.049609375000000000e+01
4.268244524340738977e+00 -3.599218750000000000e+01
4.270843331570022272e+00 -4.103906250000000000e+01
4.279092127479913188e+00 -2.770703125000000000e+01
4.289195159500852839e+00 -3.429296875000000000e+01
4.298595658215587534e+00 -3.176562500000000000e+01
4.300778686168243325e+00 -3.887500000000000000e+01
4.309683199623536076e+00 -3.516406250000000000e+01
4.319797826046801070e+00 -3.092968750000000000e+01
4.328638600861680175e+00 -3.947265625000000000e+01
4.330759549951318732e+00 -4.031640625000000000e+01
4.340393828650945807e+00 -2.590625000000000000e+01
4.350371811676403411e+00 -4.032812500000000000e+01
4.356409858286308001e+00 -3.521875000000000000e+01
4.360930102721800594e+00 -3.458984375000000000e+01
4.370955118963895991e+00 -3.403906250000000000e+01
4.380880222501967403e+00 -4.220312500000000000e+01
4.384609266172724062e+00 -3.997265625000000000e+01
4.391542544005299753e+00 -3.648828125000000000e+01
4.401538664226873010e+00 -3.185937500000000000e+01
4.411367944982724332e+00 -3.933984375000000000e+01
4.414078722866301874e+00 -3.905078125000000000e+01
4.422180623681628120e+00 -3.656250000000000000e+01
4.432228849480200239e+00 -3.848437500000000000e+01
4.441634996317104012e+00 -3.292578125000000000e+01
4.443932318605122056e+00 -4.786718750000000000e+01
4.452724468778755273e+00 -3.686718750000000000e+01
4.462772043189369597e+00 -3.735937500000000000e+01
4.471700877102350979e+00 -3.466406250000000000e+01
4.473798899341483448e+00 -3.675000000000000000e+01
4.483349865114816701e+00 -3.783593750000000000e+01
4.493411401091481849e+00 -4.189453125000000000e+01
4.499997110492651942e+00 -3.810937500000000000e+01
4.504009395055854625e+00 -3.742968750000000000e+01
4.513990879444311766e+00 -4.159375000000000000e+01
4.523918872672605396e+00 -3.982812500000000000e+01
4.528388332033456365e+00 -3.855859375000000000e+01
4.534559502986761359e+00 -3.799218750000000000e+01
4.544582747558010283e+00 -3.774218750000000000e+01
4.554339712974273979e+00 -4.193750000000000000e+01
4.557109063518632652e+00 -5.132421875000000000e+01
4.565183187085884775e+00 -3.469531250000000000e+01
4.575235420193144442e+00 -3.712500000000000000e+01
4.584750873564717999e+00 -3.992968750000000000e+01
4.587088174359041481e+00 -5.155468750000000000e+01
4.595765841987444311e+00 -3.786718750000000000e+01
4.605725557450637275e+00 -4.042578125000000000e+01
4.614778329748115304e+00 -4.067968750000000000e+01
4.616859304598078140e+00 -4.379296875000000000e+01
4.626353869685743803e+00 -3.806640625000000000e+01
4.636441635076288037e+00 -4.547656250000000000e+01
4.643694117909853425e+00 -3.671093750000000000e+01
4.647189406275277435e+00 -4.460937500000000000e+01
4.657026690274354230e+00 -4.633593750000000000e+01
4.666915315049213753e+00 -4.353515625000000000e+01
4.671804267008942801e+00 -4.409765625000000000e+01
4.677622047622956636e+00 -4.586328125000000000e+01
4.687618314175728607e+00 -3.547656250000000000e+01
4.697389372797134754e+00 -4.543750000000000000e+01
4.700344808652006101e+00 -5.095312500000000000e+01
4.708217151456145722e+00 -4.101562500000000000e+01
4.718207820850167877e+00 -4.960156250000000000e+01
4.727753017189919582e+00 -3.221093750000000000e+01
4.730226371438521760e+00 -5.117187500000000000e+01
4.738803584661408053e+00 -3.855468750000000000e+01
4.748785442204093599e+00 -3.711718750000000000e+01
4.757781535210754420e+00 -4.345312500000000000e+01
4.759895385162421277e+00 -4.171484375000000000e+01
4.769424357925983848e+00 -3.469531250000000000e+01
4.779476471506448831e+00 -4.166406250000000000e+01
4.786724053138549984e+00 -4.474218750000000000e+01
4.790322050258247977e+00 -4.616015625000000000e+01
4.800066588551268332e+00 -4.019531250000000000e+01
4.809951047764575272e+00 -4.421093750000000000e+01
4.814832897283727320e+00 -5.480859375000000000e+01
4.820640086414735848e+00 -4.218750000000000000e+01
4.830659569055518965e+00 -3.770312500000000000e+01
4.840424347295867236e+00 -4.602343750000000000e+01
4.843496981924588773e+00 -4.857031250000000000e+01
4.851241522014703378e+00 -2.765234375000000000e+01
4.861272686806568544e+00 -4.250390625000000000e+01
4.870760983443857661e+00 -4.355468750000000000e+01
4.873267592441453466e+00 -5.934765625000000000e+01
4.881844772846132940e+00 -4.167578125000000000e+01
4.891825779549249020e+00 -4.351562500000000000e+01
4.900821827743286896e+00 -4.282031250000000000e+01
4.902931369338515921e+00 -4.451562500000000000e+01
4.912461633497243518e+00 -3.926562500000000000e+01
4.922511324242030639e+00 -4.532812500000000000e+01
4.930412637849755697e+00 -3.953515625000000000e+01
4.933449960801508993e+00 -3.717968750000000000e+01
4.943098112344007866e+00 -4.282812500000000000e+01
4.952950389821006105e+00 -4.763281250000000000e+01
4.958047242381536712e+00 -4.739062500000000000e+01
4.963701561434230136e+00 -4.443750000000000000e+01
4.973631940982494726e+00 -4.565234375000000000e+01
4.983582572421969559e+00 -4.002343750000000000e+01
4.986647851934919551e+00 -5.547656250000000000e+01
4.994285229433834239e+00 -3.860937500000000000e+01
5.004307332490224525e+00 -4.292968750000000000e+01
5.013827065181780007e+00 -4.246093750000000000e+01
5.016308809369848909e+00 -5.198046875000000000e+01
5.024885910161000169e+00 -3.741796875000000000e+01
5.034844675656199975e+00 -4.594921875000000000e+01
5.043862229182352941e+00 -4.078906250000000000e+01
5.045967507237405059e+00 -4.069140625000000000e+01
5.055498695089865713e+00 -4.276562500000000000e+01
5.065547776417758108e+00 -4.572265625000000000e+01
5.073443084207198694e+00 -3.924609375000000000e+01
5.076486895501430396e+00 -3.977343750000000000e+01
5.086140518145108480e+00 -3.693750000000000000e+01
5.096022565291154827e+00 -4.977734375000000000e+01
5.101075877833165073e+00 -3.528125000000000000e+01
5.106761871943984232e+00 -3.706250000000000000e+01
5.116744558791733510e+00 -4.235156250000000000e+01
5.126559058225050869e+00 -4.042187500000000000e+01
5.129676896739199243e+00 -3.325781250000000000e+01
5.137319342815707124e+00 -3.185156250000000000e+01
5.147366583328198963e+00 -4.146875000000000000e+01
5.156926877956815147e+00 -3.958203125000000000e+01
5.159448402402677658e+00 -4.517187500000000000e+01
5.167876009424795747e+00 -3.575000000000000000e+01
5.177906281661121213e+00 -4.102343750000000000e+01
5.186902439642083529e+00 -3.580468750000000000e+01
5.189003548569784741e+00 -3.304296875000000000e+01
5.198576186272060085e+00 -3.287109375000000000e+01
5.208590878003837688e+00 -3.762500000000000000e+01
5.216746110948824899e+00 -3.597656250000000000e+01
5.219528473309468453e+00 -3.693750000000000000e+01
5.229169635225692225e+00 -4.074218750000000000e+01
5.239094527721264605e+00 -4.217968750000000000e+01
5.245048093413448242e+00 -3.930859375000000000e+01
5.249801124480239167e+00 -3.439062500000000000e+01
5.259785750145137939e+00 -3.470703125000000000e+01
5.269744711676075610e+00 -3.550390625000000000e+01
5.272886882872647618e+00 -4.185937500000000000e+01
5.280408046736262406e+00 -3.243750000000000000e+01
5.290357119436079891e+00 -3.945312500000000000e+01
5.299964397767420010e+00 -2.905859375000000000e+01
5.302489388945151205e+00 -4.175000000000000000e+01
5.310964096376359578e+00 -2.627343750000000000e+01
5.320924174326205680e+00 -3.533593750000000000e+01
5.329973000486778467e+00 -3.723437500000000000e+01
5.332085044978150279e+00 -2.875781250000000000e+01
5.341573076615261151e+00 -3.108593750000000000e+01
5.351643581255141946e+00 -3.438671875000000000e+01
5.359777286582775524e+00 -2.765625000000000000e+01
5.362478763769751744e+00 -3.769531250000000000e+01
5.372196184417107112e+00 -2.814062500000000000e+01
5.382133199616115249e+00 -3.716015625000000000e+01
5.387888897502360663e+00 -3.532031250000000000e+01
5.392840166071930952e+00 -2.519531250000000000e+01
5.402851919092398703e+00 -3.651562500000000000e+01
5.412863715186245095e+00 -3.536718750000000000e+01
5.416097042814172369e+00 -1.818750000000000000e+01
5.423454894619107236e+00 -2.836718750000000000e+01
5.433432408785825452e+00 -3.055468750000000000e+01
5.443075096907075583e+00 -2.703125000000000000e+01
5.445700301712493641e+00 -3.489843750000000000e+01
5.453977543386763216e+00 -2.074218750000000000e+01
5.464128030722299023e+00 -2.173437500000000000e+01
5.473030774684340294e+00 -2.848437500000000000e+01
5.475125404911516114e+00 -2.148828125000000000e+01
5.484692756021928517e+00 -1.977343750000000000e+01
5.494651099782593917e+00 -2.482031250000000000e+01
5.502534258428156022e+00 -3.236718750000000000e+01
5.505597314863107883e+00 -1.897656250000000000e+01
5.515251478139540531e+00 -2.489062500000000000e+01
5.525191110741477729e+00 -2.090625000000000000e+01
5.530917650307909383e+00 -2.034375000000000000e+01
5.535879396249168138e+00 -1.640625000000000000e+01
5.545891051644474601e+00 -2.266015625000000000e+01
5.555826064289185240e+00 -2.139453125000000000e+01
5.559126375680889964e+00 -1.726562500000000000e+00
5.566480324862347118e+00 -1.497656250000000000e+01
5.576542128310241431e+00 -2.118750000000000000e+01
5.586089419451696791e+00 -2.039843750000000000e+01
5.588375726105924812e+00 -1.603906250000000000e+01
5.597055065133603513e+00 -1.409375000000000000e+01
5.607098232991456044e+00 -1.790625000000000000e+01
5.616212392473766357e+00 -2.007031250000000000e+01
5.618210337762713280e+00 -1.304687500000000000e+00
5.627721898891130614e+00 -7.773437500000000000e+00
5.637741800509970425e+00 -1.431250000000000000e+01
5.645839400836357491e+00 -1.218750000000000000e+01
