#Time Flux
-2.402777148993013867e+00 -8.775390625000000000e+00
-2.393047945851074054e+00 -8.863281250000000000e+00
-2.384016695584003642e+00 -5.222656250000000000e+00
-2.373560613895570270e+00 -8.207031250000000000e+00
-2.364357697104813028e+00 -9.800781250000000000e+00
-2.354675516970096361e+00 -8.830078125000000000e+00
-2.344705596335558972e+00 -1.012890625000000000e+01
-2.335241189105392579e+00 -9.875000000000000000e+00
-2.326027692160186788e+00 -1.185546875000000000e+01
-2.315767994485980807e+00 -6.927734375000000000e+00
-2.306238911300645178e+00 -1.018945312500000000e+01
-2.296745441813465405e+00 -8.589843750000000000e+00
-2.287095816467733300e+00 -7.292968750000000000e+00
-2.277307987040373405e+00 -7.023437500000000000e+00
-2.267881842540774073e+00 -9.078125000000000000e+00
-2.258618621575697816e+00 -6.230468750000000000e+00
-2.248548804532944700e+00 -9.654296875000000000e+00
-2.239141193756387871e+00 -8.474609375000000000e+00
-2.229473083090909746e+00 -1.052343750000000000e+01
-2.219605273648225463e+00 -6.591796875000000000e+00
-2.210033767571118801e+00 -8.746093750000000000e+00
-2.200758824765133070e+00 -7.578125000000000000e+00
-2.190670703038353651e+00 -1.146093750000000000e+01
-2.181040697961678987e+00 -9.472656250000000000e+00
-2.171613240227921793e+00 -8.427734375000000000e+00
-2.162265664646613850e+00 -8.714843750000000000e+00
-2.151958831477138290e+00 -1.000781250000000000e+01
-2.142725657525251570e+00 -8.716796875000000000e+00
-2.133200610378331419e+00 -7.679687500000000000e+00
-2.122923782721455765e+00 -1.045703125000000000e+01
-2.113632989959526753e+00 -7.757812500000000000e+00
-2.104192043923465150e+00 -1.098046875000000000e+01
-2.094701096622245906e+00 -6.378906250000000000e+00
-2.084636459251790086e+00 -8.082031250000000000e+00
-2.075357774408724154e+00 -8.109375000000000000e+00
-2.065737748016133857e+00 -1.078906250000000000e+01
-2.055858022693405118e+00 -7.636718750000000000e+00
-2.046087548908785081e+00 -9.882812500000000000e+00
-2.037106272875222501e+00 -1.085937500000000000e+01
-2.026759857724515612e+00 -1.102343750000000000e+01
-2.017366765609807544e+00 -8.933593750000000000e+00
-2.007857511076943879e+00 -7.296875000000000000e+00
-1.998426543294737456e+00 -9.437500000000000000e+00
-1.988275897064959885e+00 -8.302734375000000000e+00
-1.978940545812314156e+00 -9.595703125000000000e+00
-1.969616662735102608e+00 -7.431640625000000000e+00
-1.959424652743444462e+00 -8.980468750000000000e+00
-1.950068760217055441e+00 -7.687500000000000000e+00
-1.940613385412667924e+00 -6.484375000000000000e+00
-1.930899683092894392e+00 -6.644531250000000000e+00
-1.920832330128286358e+00 -9.019531250000000000e+00
-1.911887924659703586e+00 -9.525390625000000000e+00
-1.901743428653974277e+00 -8.988281250000000000e+00
-1.892148993172277471e+00 -9.429687500000000000e+00
-1.882489745016149740e+00 -1.078906250000000000e+01
-1.873585906326503903e+00 -9.146484375000000000e+00
-1.863096775893286150e+00 -9.890625000000000000e+00
-1.853600168139628579e+00 -8.500000000000000000e+00
-1.844164930540975078e+00 -1.137890625000000000e+01
-1.834439641803425225e+00 -8.250000000000000000e+00
-1.824808107959762005e+00 -9.431640625000000000e+00
-1.815548126232400250e+00 -9.582031250000000000e+00
-1.806029584463304971e+00 -9.125000000000000000e+00
-1.795835192489305676e+00 -9.896484375000000000e+00
-1.786431648258428595e+00 -5.914062500000000000e+00
-1.776984100648957288e+00 -1.026171875000000000e+01
-1.767430782279580725e+00 -5.996093750000000000e+00
-1.757193751222636990e+00 -9.488281250000000000e+00
-1.748279633670080102e+00 -9.449218750000000000e+00
-1.737558738927852175e+00 -9.111328125000000000e+00
-1.728570872038883266e+00 -6.728515625000000000e+00
-1.718636349469364610e+00 -9.146484375000000000e+00
-1.709587828557907585e+00 -9.937500000000000000e+00
-1.699324931595450394e+00 -8.523437500000000000e+00
-1.690093457433940571e+00 -9.494140625000000000e+00
-1.680350600277510154e+00 -8.433593750000000000e+00
-1.670706062037336181e+00 -1.032812500000000000e+01
-1.661154896435162343e+00 -1.008203125000000000e+01
-1.651748771324880849e+00 -1.010546875000000000e+01
-1.641900622091736928e+00 -7.753906250000000000e+00
-1.632032392549996658e+00 -9.945312500000000000e+00
-1.622546469560997906e+00 -6.839843750000000000e+00
-1.612974926738193204e+00 -1.000000000000000000e+01
-1.603180217471052771e+00 -8.035156250000000000e+00
-1.593546927906245969e+00 -1.022265625000000000e+01
-1.584367520752081759e+00 -8.281250000000000000e+00
-1.574090600049181887e+00 -8.955078125000000000e+00
-1.565008612160713852e+00 -8.541015625000000000e+00
-1.555184402643268626e+00 -1.105078125000000000e+01
-1.546114504615054841e+00 -9.250000000000000000e+00
-1.535749295457014441e+00 -8.796875000000000000e+00
-1.526545028198967202e+00 -7.285156250000000000e+00
-1.516799544035771774e+00 -8.177734375000000000e+00
-1.507230886382435742e+00 -8.343750000000000000e+00
-1.497577486433479876e+00 -1.027539062500000000e+01
-1.488362746114965773e+00 -1.079882812500000000e+01
-1.477858178220097685e+00 -7.898437500000000000e+00
-1.468540112511517393e+00 -1.226562500000000000e+01
-1.458906630281340711e+00 -9.003906250000000000e+00
-1.449129075343025264e+00 -1.043359375000000000e+01
-1.439399744705520234e+00 -8.066406250000000000e+00
-1.429777163800542539e+00 -9.140625000000000000e+00
-1.420619461216469759e+00 -9.468750000000000000e+00
-1.410320584397716459e+00 -8.130859375000000000e+00
-1.401237766164351584e+00 -7.187500000000000000e+00
-1.391700850064866657e+00 -1.009375000000000000e+01
-1.381463918200593000e+00 -6.605468750000000000e+00
-1.372227406133157857e+00 -1.053906250000000000e+01
-1.363010470267825625e+00 -1.187500000000000000e+01
-1.353328512185422383e+00 -9.750000000000000000e+00
-1.343269007874585697e+00 -9.226562500000000000e+00
-1.333976401658411248e+00 -8.941406250000000000e+00
-1.324492587958731704e+00 -8.861328125000000000e+00
-1.314037698854917835e+00 -8.033203125000000000e+00
-1.304966000771770496e+00 -9.164062500000000000e+00
-1.295356135000561792e+00 -7.451171875000000000e+00
-1.285168953444054907e+00 -7.921875000000000000e+00
-1.275591282778238522e+00 -1.024023437500000000e+01
-1.266205879368738962e+00 -9.535156250000000000e+00
-1.256590364404138072e+00 -7.482421875000000000e+00
-1.246676048439701034e+00 -1.071875000000000000e+01
-1.237601257746087313e+00 -7.445312500000000000e+00
-1.228095735562453328e+00 -1.304882812500000000e+01
-1.217987111936553291e+00 -7.632812500000000000e+00
-1.208584551050705613e+00 -4.945312500000000000e+00
-1.199273615649319780e+00 -1.064257812500000000e+01
-1.189424987910474130e+00 -8.558593750000000000e+00
-1.179799282448032116e+00 -1.034570312500000000e+01
-1.170342208316176524e+00 -9.738281250000000000e+00
-1.160793321414598012e+00 -9.769531250000000000e+00
-1.150522717381745608e+00 -1.191015625000000000e+01
-1.141468498623973815e+00 -9.027343750000000000e+00
-1.131756694521397932e+00 -8.912109375000000000e+00
-1.121704555226143540e+00 -8.375000000000000000e+00
-1.112227424222032468e+00 -7.591796875000000000e+00
-1.102608957259644029e+00 -9.117187500000000000e+00
-1.092831548032821232e+00 -5.500000000000000000e+00
-1.083022391933008421e+00 -1.145312500000000000e+01
-1.074029216811110743e+00 -8.689453125000000000e+00
-1.064437611003063111e+00 -1.092578125000000000e+01
-1.054259932267431310e+00 -7.570312500000000000e+00
-1.045027804459635945e+00 -9.699218750000000000e+00
-1.035763335782318606e+00 -1.017578125000000000e+01
-1.025620274381404684e+00 -1.228710937500000000e+01
-1.016241181400433291e+00 -9.302734375000000000e+00
-1.006547308106616967e+00 -1.092968750000000000e+01
-9.970708761983839707e-01 -1.122265625000000000e+01
-9.869407804640975002e-01 -7.945312500000000000e+00
-9.776847559929020548e-01 -1.172070312500000000e+01
-9.679057871128424750e-01 -9.736328125000000000e+00
-9.581444615298639889e-01 -7.367187500000000000e+00
-9.486299042466157516e-01 -8.687500000000000000e+00
-9.390170166678100117e-01 -1.046289062500000000e+01
-9.290877152816801043e-01 -8.257812500000000000e+00
-9.195268250113723951e-01 -1.010546875000000000e+01
-9.102044185395783416e-01 -8.777343750000000000e+00
-9.000504934963675652e-01 -9.101562500000000000e+00
-8.907069217896470548e-01 -1.072265625000000000e+01
-8.811346718693169322e-01 -1.091796875000000000e+01
-8.718206530452903280e-01 -1.061132812500000000e+01
-8.617308816382358572e-01 -9.843750000000000000e+00
-8.523664030408966141e-01 -1.101953125000000000e+01
-8.426681554980550715e-01 -8.992187500000000000e+00
-8.329750177402015510e-01 -7.630859375000000000e+00
-8.231871308817826360e-01 -1.172656250000000000e+01
-8.139960435186619492e-01 -8.597656250000000000e+00
-8.037833665930733673e-01 -7.742187500000000000e+00
-7.942351339642197416e-01 -1.051562500000000000e+01
-7.851564143922473704e-01 -9.171875000000000000e+00
-7.752299649980933793e-01 -1.141015625000000000e+01
-7.653035013411439991e-01 -8.232421875000000000e+00
-7.558429357627449718e-01 -1.010156250000000000e+01
-7.466764647319479309e-01 -7.607421875000000000e+00
-7.362987441109094533e-01 -7.921875000000000000e+00
-7.272375140160498574e-01 -1.025390625000000000e+01
-7.173967644194494397e-01 -9.544921875000000000e+00
-7.080967305903982378e-01 -7.914062500000000000e+00
-6.980497531779477072e-01 -1.078125000000000000e+01
-6.887301989101235478e-01 -8.691406250000000000e+00
-6.791084162997940155e-01 -9.535156250000000000e+00
-6.691062438608810226e-01 -8.285156250000000000e+00
-6.596845474221773031e-01 -8.718750000000000000e+00
-6.502569633014356754e-01 -8.925781250000000000e+00
-6.398665929594855584e-01 -8.468750000000000000e+00
-6.306760290289332715e-01 -8.363281250000000000e+00
-6.213025409441197411e-01 -8.972656250000000000e+00
-6.113238105498925989e-01 -9.207031250000000000e+00
-6.018329374185427127e-01 -8.363281250000000000e+00
-5.921192437959668098e-01 -1.080859375000000000e+01
-5.827566514643809370e-01 -5.105468750000000000e+00
-5.725243437359104348e-01 -9.761718750000000000e+00
-5.636764721841167614e-01 -6.589843750000000000e+00
-5.538623170131860007e-01 -1.034375000000000000e+01
-5.437607287758314811e-01 -9.658203125000000000e+00
-5.344774988243869984e-01 -1.093554687500000000e+01
-5.250052462172121182e-01 -7.003906250000000000e+00
-5.155323608896633658e-01 -1.071679687500000000e+01
-5.054486328506300197e-01 -7.187500000000000000e+00
-4.962116064145547512e-01 -8.101562500000000000e+00
-4.862928428199317921e-01 -6.320312500000000000e+00
-4.762405653215591173e-01 -9.636718750000000000e+00
-4.672116823830094745e-01 -1.079296875000000000e+01
-4.576818238145605733e-01 -8.957031250000000000e+00
-4.475519315329687942e-01 -9.632812500000000000e+00
-4.381992638207403701e-01 -9.654296875000000000e+00
-4.284604449606046472e-01 -8.089843750000000000e+00
-4.191460915747473592e-01 -7.212890625000000000e+00
-4.087929152254119458e-01 -1.042968750000000000e+01
-3.999700250283897418e-01 -6.410156250000000000e+00
-3.896156926017670941e-01 -7.800781250000000000e+00
-3.802938073977006894e-01 -7.800781250000000000e+00
-3.706519375432435481e-01 -7.257812500000000000e+00
-3.611704668962509857e-01 -7.738281250000000000e+00
-3.512708678672407103e-01 -6.367187500000000000e+00
-3.416494293894718481e-01 -6.246093750000000000e+00
-3.323047659782130125e-01 -7.810546875000000000e+00
-3.227096335113799341e-01 -7.625000000000000000e+00
-3.128028024622651060e-01 -8.548828125000000000e+00
-3.037884405861017711e-01 -1.150000000000000000e+01
-2.939318964862298600e-01 -5.523437500000000000e+00
-2.838336518987230050e-01 -9.152343750000000000e+00
-2.746409278857075975e-01 -8.375000000000000000e+00
-2.648012899998768432e-01 -9.847656250000000000e+00
-2.555250331489524740e-01 -4.494140625000000000e+00
-2.452171099940052557e-01 -7.800781250000000000e+00
-2.364424387899806135e-01 -4.917968750000000000e+00
-2.259373054615299026e-01 -6.765625000000000000e+00
-2.166827723104294279e-01 -8.755859375000000000e+00
-2.071878238443787268e-01 -8.152343750000000000e+00
-1.976233726068574725e-01 -6.464843750000000000e+00
-1.877382112794006019e-01 -7.681640625000000000e+00
-1.781200748345472817e-01 -6.638671875000000000e+00
-1.686638610974018349e-01 -6.826171875000000000e+00
-1.589863797856043703e-01 -7.722656250000000000e+00
-1.492559295516020512e-01 -7.822265625000000000e+00
-1.398332423014903014e-01 -6.800781250000000000e+00
-1.300945276584588584e-01 -5.535156250000000000e+00
-1.203434018355302726e-01 -9.085937500000000000e+00
-1.108279416068285173e-01 -7.218750000000000000e+00
-1.009754176817256877e-01 -7.707031250000000000e+00
-9.154619875565295217e-02 -8.146484375000000000e+00
-8.172753303213831089e-02 -5.796875000000000000e+00
-7.268530065650224969e-02 -6.332031250000000000e+00
-6.201038083506915655e-02 -7.462890625000000000e+00
-5.304434263451085485e-02 -4.664062500000000000e+00
-4.324206642511363441e-02 -5.996093750000000000e+00
-3.405919471566676293e-02 -5.199218750000000000e+00
-2.411119053012278357e-02 -7.158203125000000000e+00
-1.459881627403802895e-02 -7.144531250000000000e+00
-4.921323545810096789e-03 -7.082031250000000000e+00
4.802498922863662756e-03 -6.394531250000000000e+00
1.446119750251639857e-02 -4.861328125000000000e+00
2.375702346359709338e-02 -5.683593750000000000e+00
3.415138506201031987e-02 -7.800781250000000000e+00
4.340803394307002350e-02 -6.140625000000000000e+00
5.302498806956101873e-02 -5.703125000000000000e+00
6.298516640183660087e-02 -6.869140625000000000e+00
7.248344865522682312e-02 -3.734375000000000000e+00
8.218405441621356999e-02 -5.937500000000000000e+00
9.132654003962592526e-02 -5.269531250000000000e+00
1.017810484871617405e-01 -9.251953125000000000e+00
1.104657104143136337e-01 -5.761718750000000000e+00
1.202301251001021143e-01 -5.269531250000000000e+00
1.293129624923050613e-01 -7.525390625000000000e+00
1.395363594247962524e-01 -6.144531250000000000e+00
1.489638802409452012e-01 -5.339843750000000000e+00
1.585975448250929176e-01 -4.505859375000000000e+00
1.685640391009872729e-01 -6.718750000000000000e+00
1.780536330212836305e-01 -3.933593750000000000e+00
1.876414363148199982e-01 -6.324218750000000000e+00
1.979137261511212387e-01 -4.964843750000000000e+00
2.074591004297543506e-01 -8.757812500000000000e+00
2.167337516692935395e-01 -3.671875000000000000e+00
2.269737845660895204e-01 -6.179687500000000000e+00
2.361222394485720244e-01 -5.318359375000000000e+00
2.455999582238117540e-01 -5.939453125000000000e+00
2.551494417299160489e-01 -2.964843750000000000e+00
2.652514735844917482e-01 -6.783203125000000000e+00
2.741101282315945298e-01 -2.859375000000000000e+00
2.839840469523204902e-01 -8.183593750000000000e+00
2.934252594487647414e-01 -3.625000000000000000e+00
3.033012307514155736e-01 -3.324218750000000000e+00
3.126077475471253919e-01 -4.058593750000000000e+00
3.226609471358692360e-01 -3.470703125000000000e+00
3.322879179587241438e-01 -5.265625000000000000e+00
3.415526757869784547e-01 -2.773437500000000000e+00
3.511759007327146520e-01 -5.531250000000000000e+00
3.615429401294836254e-01 -3.734375000000000000e+00
3.709717968889716389e-01 -4.531250000000000000e+00
3.803547703941072555e-01 -1.597656250000000000e+00
3.904704983571969379e-01 -5.927734375000000000e+00
3.999533303999047718e-01 -1.980468750000000000e+00
4.093183437223277821e-01 -4.503906250000000000e+00
4.190018771421701871e-01 -1.847656250000000000e+00
4.290839849418706109e-01 -6.011718750000000000e+00
4.379001719916910673e-01 -1.675781250000000000e+00
4.475891518705115146e-01 -3.273437500000000000e+00
4.575064540471878161e-01 -3.242187500000000000e+00
4.669128245973324098e-01 -2.988281250000000000e+00
4.762007778173007466e-01 -1.130859375000000000e+00
4.862998127160569339e-01 -5.208984375000000000e+00
4.960079731819462268e-01 -2.611328125000000000e+00
5.054462286107082036e-01 -2.843750000000000000e+00
5.150103747501564300e-01 -4.070312500000000000e+00
5.250630163313863008e-01 -1.464843750000000000e+00
5.343536289988577437e-01 -3.093750000000000000e+00
5.441684892518861005e-01 -5.703125000000000000e-01
5.541378852709151204e-01 -1.574218750000000000e+00
5.638584479736756805e-01 -1.316406250000000000e+00
5.729000106310939699e-01 -3.580078125000000000e+00
5.825395237875801158e-01 1.859375000000000000e+00
5.925896521272369100e-01 -2.218750000000000000e+00
6.016389776921471366e-01 7.773437500000000000e-01
6.118439123643808486e-01 -3.839843750000000000e+00
6.212441325893642841e-01 -2.414062500000000000e+00
6.304541676884696244e-01 -1.214843750000000000e+00
6.399670767142149330e-01 1.072265625000000000e+00
6.500807987030015056e-01 -2.894531250000000000e+00
6.597520346215244302e-01 -1.007812500000000000e+00
6.689622442589389095e-01 2.689453125000000000e+00
6.790833065964623216e-01 -2.617187500000000000e+00
6.886278155438976256e-01 1.582031250000000000e+00
6.980128868867625513e-01 -5.078125000000000000e-01
7.082430544269087136e-01 1.152343750000000000e+00
7.178844625883753494e-01 1.583984375000000000e+00
7.273526326254486918e-01 1.796875000000000000e+00
7.366466908437150352e-01 -5.507812500000000000e-01
7.464711072570517914e-01 5.316406250000000000e+00
7.560448468169695957e-01 -3.882812500000000000e+00
7.652756480919844506e-01 2.554687500000000000e+00
7.755034914269671731e-01 -2.187500000000000000e-01
7.847079645631502842e-01 2.722656250000000000e+00
7.941048305590570067e-01 -4.003906250000000000e-01
8.036193306201777631e-01 4.593750000000000000e+00
8.138937739323832687e-01 1.757812500000000000e+00
8.233075208846383219e-01 5.195312500000000000e+00
8.329545352521527946e-01 4.742187500000000000e+00
8.426081598054988575e-01 2.207031250000000000e+00
8.523843799173747016e-01 5.554687500000000000e+00
8.616732095732917429e-01 2.511718750000000000e+00
8.721485261502994746e-01 1.078125000000000000e+00
8.813093682202728374e-01 3.300781250000000000e-01
8.909077032132373120e-01 4.632812500000000000e+00
9.002834049568351205e-01 3.839843750000000000e+00
9.103134546291062890e-01 6.121093750000000000e+00
9.195889871995586162e-01 8.750000000000000000e-01
9.290068973062135527e-01 3.642578125000000000e+00
9.393064384614167039e-01 1.316406250000000000e+00
9.482589162353853851e-01 5.664062500000000000e+00
9.579177535480045691e-01 3.126953125000000000e+00
9.673157997290315890e-01 4.171875000000000000e+00
9.774580001399257867e-01 1.072265625000000000e+00
9.867704082645030184e-01 7.113281250000000000e+00
9.965102973345274506e-01 5.304687500000000000e+00
1.006226415811622310e+00 4.921875000000000000e+00
1.015874084613795247e+00 8.851562500000000000e+00
1.025272312001850317e+00 6.386718750000000000e+00
1.035766012294798699e+00 7.402343750000000000e+00
1.044833560607997924e+00 7.304687500000000000e+00
1.054848322307014641e+00 8.093750000000000000e+00
1.064479428076136713e+00 3.720703125000000000e+00
1.074015890779762117e+00 6.574218750000000000e+00
1.083390584750651087e+00 4.640625000000000000e+00
1.092924016926923869e+00 9.980468750000000000e+00
1.102952072669614481e+00 5.814453125000000000e+00
1.112056982997190246e+00 9.816406250000000000e+00
1.121596244872716142e+00 5.578125000000000000e+00
1.131223342213267813e+00 7.917968750000000000e+00
1.141080256778835178e+00 6.394531250000000000e+00
1.150599752446654023e+00 8.390625000000000000e+00
1.160266327767138783e+00 2.751953125000000000e+00
1.170159439551818892e+00 7.742187500000000000e+00
1.179606213213315158e+00 1.221093750000000000e+01
1.188996907123442526e+00 6.750000000000000000e+00
1.199286252881856640e+00 7.763671875000000000e+00
1.208554378068344981e+00 7.791015625000000000e+00
1.217983201251540137e+00 9.255859375000000000e+00
1.228242210883061070e+00 7.017578125000000000e+00
1.237485021888048209e+00 7.701171875000000000e+00
1.247017439638857361e+00 6.753906250000000000e+00
1.256736647362187043e+00 1.167578125000000000e+01
1.266698250755517563e+00 7.886718750000000000e+00
1.275651339774389825e+00 8.933593750000000000e+00
1.285337069465142257e+00 1.161718750000000000e+01
1.295372699403246841e+00 6.488281250000000000e+00
1.304810987544811951e+00 6.574218750000000000e+00
1.314286012614588550e+00 1.010546875000000000e+01
1.324361392399105775e+00 6.623046875000000000e+00
1.334003855549717343e+00 1.004296875000000000e+01
1.343283893735263135e+00 1.057031250000000000e+01
1.352968018195931599e+00 1.562304687500000000e+01
1.362912176972084666e+00 1.299609375000000000e+01
1.372168608066625772e+00 9.798828125000000000e+00
1.381634298478401135e+00 1.060156250000000000e+01
1.391932024626452602e+00 1.205468750000000000e+01
1.401303157742233907e+00 1.242187500000000000e+01
1.410493737388366142e+00 9.445312500000000000e+00
1.420211923252617581e+00 1.185546875000000000e+01
1.430243440455005732e+00 1.311718750000000000e+01
1.439251118712752131e+00 1.110937500000000000e+01
1.449813415579425779e+00 1.116796875000000000e+01
1.459190552996407320e+00 1.161914062500000000e+01
1.468654724850845028e+00 1.132031250000000000e+01
1.478056687996520679e+00 1.285156250000000000e+01
1.487842358881479754e+00 9.191406250000000000e+00
1.497575191944225281e+00 1.351562500000000000e+01
1.507070763536356495e+00 1.307812500000000000e+01
1.516871265434693861e+00 1.087695312500000000e+01
1.526385036612108337e+00 1.167187500000000000e+01
1.535770221860190077e+00 1.035937500000000000e+01
1.545420383381495455e+00 1.361718750000000000e+01
1.555574026613637528e+00 1.519140625000000000e+01
1.565052071503377107e+00 1.400195312500000000e+01
1.574591184314894754e+00 1.317773437500000000e+01
1.584417954633130066e+00 1.304101562500000000e+01
1.593890542907201890e+00 1.212500000000000000e+01
1.603155559296780552e+00 1.481835937500000000e+01
1.613439314275508352e+00 1.259375000000000000e+01
1.622743543362783925e+00 1.134765625000000000e+01
1.632124984703901660e+00 1.621093750000000000e+01
1.641744892933969524e+00 1.490625000000000000e+01
1.651645022398176010e+00 1.261718750000000000e+01
1.661219972567408831e+00 1.427343750000000000e+01
1.670844515572600386e+00 1.219140625000000000e+01
1.680413126465346352e+00 1.376953125000000000e+01
1.690164688003483739e+00 1.455859375000000000e+01
1.699241613262898909e+00 1.250000000000000000e+01
1.709477039830495926e+00 1.432421875000000000e+01
1.719038459057653512e+00 1.616406250000000000e+01
1.728577653825400517e+00 1.528906250000000000e+01
1.738113824004726027e+00 1.702343750000000000e+01
1.748058162187341225e+00 1.477539062500000000e+01
1.757693215564685829e+00 1.528515625000000000e+01
1.766967368984856179e+00 1.441796875000000000e+01
1.777165109424804434e+00 1.179882812500000000e+01
1.786452334176557244e+00 1.581835937500000000e+01
1.795886820811073648e+00 1.604101562500000000e+01
1.805503672457331454e+00 1.855664062500000000e+01
1.815493162331852872e+00 1.339453125000000000e+01
1.824693939030956891e+00 1.686523437500000000e+01
1.834319442166663094e+00 1.875781250000000000e+01
1.844339601047739308e+00 1.751562500000000000e+01
1.853772963929949391e+00 1.591015625000000000e+01
1.863132645096126971e+00 1.803906250000000000e+01
1.873528059438568150e+00 1.927734375000000000e+01
1.882594322243852147e+00 1.877734375000000000e+01
1.892101109298133466e+00 1.855078125000000000e+01
1.902073644804266550e+00 1.678906250000000000e+01
1.911666687982038759e+00 1.636132812500000000e+01
1.921168268585788041e+00 1.623437500000000000e+01
1.930433225777610673e+00 1.953125000000000000e+01
1.940723604053237850e+00 1.539062500000000000e+01
1.949939128962773438e+00 1.792968750000000000e+01
1.959470104500741883e+00 1.963281250000000000e+01
1.969621916651648874e+00 1.921875000000000000e+01
1.979111873398693433e+00 1.600781250000000000e+01
1.988365881235298005e+00 1.973046875000000000e+01
1.998439301951901115e+00 1.474609375000000000e+01
2.008138837168049307e+00 1.866601562500000000e+01
2.017582615893973141e+00 1.684375000000000000e+01
2.026748792031799695e+00 1.847265625000000000e+01
2.036992889334051426e+00 1.790039062500000000e+01
2.046228868267396805e+00 1.792578125000000000e+01
2.055587116432129768e+00 2.016015625000000000e+01
2.065790297032338074e+00 1.881835937500000000e+01
2.075132671663856065e+00 1.893945312500000000e+01
2.084777141044229509e+00 1.701953125000000000e+01
2.094367277785015524e+00 2.034179687500000000e+01
2.104443655288569914e+00 1.814062500000000000e+01
2.113566508518749387e+00 2.077343750000000000e+01
2.123726046015172564e+00 1.840820312500000000e+01
2.133231230091064745e+00 2.028515625000000000e+01
2.142969543174027436e+00 1.686328125000000000e+01
2.152064684077468648e+00 2.018750000000000000e+01
2.162466016475587338e+00 1.415234375000000000e+01
2.171829049662543198e+00 2.028906250000000000e+01
2.181404558022657980e+00 1.608593750000000000e+01
2.190590718098281542e+00 2.175781250000000000e+01
2.200456814905756175e+00 1.608007812500000000e+01
2.210019685518979315e+00 2.103710937500000000e+01
2.219416644270621575e+00 1.782031250000000000e+01
2.229546538171884862e+00 2.023046875000000000e+01
2.238883157324792705e+00 2.056835937500000000e+01
2.248518214446341368e+00 2.075585937500000000e+01
2.257835864451583241e+00 2.213867187500000000e+01
2.267967775106440875e+00 1.906445312500000000e+01
2.277141963629014221e+00 1.685742187500000000e+01
2.287611910125657566e+00 2.013281250000000000e+01
2.296901073116782044e+00 2.112890625000000000e+01
2.306672663293761971e+00 1.489453125000000000e+01
2.315717910742282726e+00 2.170312500000000000e+01
2.325976472599990963e+00 1.961132812500000000e+01
2.335343962707903565e+00 2.337500000000000000e+01
2.345022358049842381e+00 1.661328125000000000e+01
2.354575494238256184e+00 2.228125000000000000e+01
2.364183341889937395e+00 1.824218750000000000e+01
2.373554108805885576e+00 2.169921875000000000e+01
2.383178502559301748e+00 2.046289062500000000e+01
2.393198796604860235e+00 2.258984375000000000e+01
2.402448235885850991e+00 2.162890625000000000e+01
2.412239728250638926e+00 2.192187500000000000e+01
2.422000299595552519e+00 1.920312500000000000e+01
2.431613798373618351e+00 2.180078125000000000e+01
2.440922404789077405e+00 2.095703125000000000e+01
2.451184373979101494e+00 1.764453125000000000e+01
2.460452100080548377e+00 2.277929687500000000e+01
2.470188411941112605e+00 2.006445312500000000e+01
2.479425753515452691e+00 2.072460937500000000e+01
2.489819255704508905e+00 2.009765625000000000e+01
2.498975398490314248e+00 2.358593750000000000e+01
2.509200239336244920e+00 1.932421875000000000e+01
2.518508575806139405e+00 1.937109375000000000e+01
2.527783818841315977e+00 1.692968750000000000e+01
2.537033059233550603e+00 2.275390625000000000e+01
2.547300078645527321e+00 2.025000000000000000e+01
2.556895800149180609e+00 2.471289062500000000e+01
2.566429531234157402e+00 1.929882812500000000e+01
2.576267528940554996e+00 2.285156250000000000e+01
2.585868901324030134e+00 2.069921875000000000e+01
2.595145919513266008e+00 2.065820312500000000e+01
2.604563194806476467e+00 2.462695312500000000e+01
2.615027676951177327e+00 2.032031250000000000e+01
2.624109499384674749e+00 2.114843750000000000e+01
2.633786640997659134e+00 1.875390625000000000e+01
2.643199849036223625e+00 2.305078125000000000e+01
2.653412671180745974e+00 1.944921875000000000e+01
2.662360995433943778e+00 2.285351562500000000e+01
2.672374471186856226e+00 1.869921875000000000e+01
2.681837632186440779e+00 2.205078125000000000e+01
2.691866128353941789e+00 2.285546875000000000e+01
2.701192070676748713e+00 2.327929687500000000e+01
2.711289608906836790e+00 1.830859375000000000e+01
2.720663333093083835e+00 2.438671875000000000e+01
2.729899117908339612e+00 1.802148437500000000e+01
2.740100645396426060e+00 2.473828125000000000e+01
2.749574497033378861e+00 2.148828125000000000e+01
2.759019310133269620e+00 2.373046875000000000e+01
2.768206936917401606e+00 2.043164062500000000e+01
2.778495324204305561e+00 1.964648437500000000e+01
2.787632750991580366e+00 2.138281250000000000e+01
2.797360090738971294e+00 2.101171875000000000e+01
2.806828073261492307e+00 2.034375000000000000e+01
2.816879459179659762e+00 2.162695312500000000e+01
2.826132488600054060e+00 2.269140625000000000e+01
2.836312086156125289e+00 2.081835937500000000e+01
2.845702199289982914e+00 2.330859375000000000e+01
2.855365334043436398e+00 1.737304687500000000e+01
2.864810097568721403e+00 2.185156250000000000e+01
2.874889665840500541e+00 1.958203125000000000e+01
2.884394953927302829e+00 2.252343750000000000e+01
2.893729008318713269e+00 1.989453125000000000e+01
2.903955797371185810e+00 2.453710937500000000e+01
2.912965921076301257e+00 1.809765625000000000e+01
2.922852443121775501e+00 1.921484375000000000e+01
2.932043942319612739e+00 1.834375000000000000e+01
2.942407528869852129e+00 2.223828125000000000e+01
2.951154611493597812e+00 2.135546875000000000e+01
2.961901905349092701e+00 2.283984375000000000e+01
2.970835890239813537e+00 2.355078125000000000e+01
2.980754212958041549e+00 2.027734375000000000e+01
2.989527396111442137e+00 1.888671875000000000e+01
3.000247014747629670e+00 2.053125000000000000e+01
3.009257587825015179e+00 2.165625000000000000e+01
3.019142186968869268e+00 1.739453125000000000e+01
3.028393375337362414e+00 2.518750000000000000e+01
3.038359472015772056e+00 1.783593750000000000e+01
3.047844153308298942e+00 2.354687500000000000e+01
3.057420029051625576e+00 1.853906250000000000e+01
3.067521645140526942e+00 2.212109375000000000e+01
3.076909309173800011e+00 2.053515625000000000e+01
3.086223551145588218e+00 2.032421875000000000e+01
3.095707200963977002e+00 1.700000000000000000e+01
3.105917739605828842e+00 2.199609375000000000e+01
3.114628912930767157e+00 2.294335937500000000e+01
3.125449508283824507e+00 2.112890625000000000e+01
3.134411192169811677e+00 2.362304687500000000e+01
3.144412432678885594e+00 1.862500000000000000e+01
3.153165811321679612e+00 2.396093750000000000e+01
3.163771046941378451e+00 1.888867187500000000e+01
3.172870974433722679e+00 2.294726562500000000e+01
3.182646459168068986e+00 1.774609375000000000e+01
3.192321404006529306e+00 1.950781250000000000e+01
3.201875874642157171e+00 1.883593750000000000e+01
3.211353182137287376e+00 2.347265625000000000e+01
3.221246773950031006e+00 1.845117187500000000e+01
3.231171574366356936e+00 2.054296875000000000e+01
3.240495740809794967e+00 1.977343750000000000e+01
3.250144322828245613e+00 2.082226562500000000e+01
3.259808729639147806e+00 1.705273437500000000e+01
3.269803796626003844e+00 2.196093750000000000e+01
3.278570529707264924e+00 2.117773437500000000e+01
3.289331675223257534e+00 2.126171875000000000e+01
3.298165061022768185e+00 2.152734375000000000e+01
3.307965008206142699e+00 1.797070312500000000e+01
3.316943976611993250e+00 2.068945312500000000e+01
3.327310347569913063e+00 2.021484375000000000e+01
3.336569226985212744e+00 2.145507812500000000e+01
3.346658061616551549e+00 1.833203125000000000e+01
3.356314433760802629e+00 2.195312500000000000e+01
3.365564173691426575e+00 1.704101562500000000e+01
3.375048823753695970e+00 2.119140625000000000e+01
3.385484849242816452e+00 2.023828125000000000e+01
3.394872098490784751e+00 2.100000000000000000e+01
3.404164132773507490e+00 1.732031250000000000e+01
3.414100273814772990e+00 2.133203125000000000e+01
3.423663634579455106e+00 1.837109375000000000e+01
3.433312767862261694e+00 1.862109375000000000e+01
3.442520544055575726e+00 1.576757812500000000e+01
3.453008990397584910e+00 2.208984375000000000e+01
3.461636631006580700e+00 1.714843750000000000e+01
3.471513175512456861e+00 1.581835937500000000e+01
3.480944177942633999e+00 1.864062500000000000e+01
3.491091911204142306e+00 1.658203125000000000e+01
3.500037030669223448e+00 2.084960937500000000e+01
3.510298248725282733e+00 1.666601562500000000e+01
3.519788861282380665e+00 1.812109375000000000e+01
3.529254219620872490e+00 1.916015625000000000e+01
3.538737624325078990e+00 1.954296875000000000e+01
3.549034380550274648e+00 1.743554687500000000e+01
3.558551123622659240e+00 2.413281250000000000e+01
3.567705190166785556e+00 1.682812500000000000e+01
3.577889495674343223e+00 2.103515625000000000e+01
3.587455883780853227e+00 1.701171875000000000e+01
3.596826252118607847e+00 1.591796875000000000e+01
3.606097057574936926e+00 1.302343750000000000e+01
3.616482482824155298e+00 2.085742187500000000e+01
3.625332859158250542e+00 1.824609375000000000e+01
3.635251052856691700e+00 1.674609375000000000e+01
3.644518757747488458e+00 1.985546875000000000e+01
3.654800253835382762e+00 1.749414062500000000e+01
3.663845155958768807e+00 1.853125000000000000e+01
3.674247704719555863e+00 1.756640625000000000e+01
3.683472977350058741e+00 1.671875000000000000e+01
3.693090308710582192e+00 1.591015625000000000e+01
3.702404230339576330e+00 1.740820312500000000e+01
3.712516388962567859e+00 1.661718750000000000e+01
3.722041336910976383e+00 1.735546875000000000e+01
3.731529529891890462e+00 1.562500000000000000e+01
3.741557533793845813e+00 1.517187500000000000e+01
3.750998448317162115e+00 1.511328125000000000e+01
3.760764897047057076e+00 1.441796875000000000e+01
3.769991376213317480e+00 1.566796875000000000e+01
3.780144823461992765e+00 1.760937500000000000e+01
3.788961005127410075e+00 1.557031250000000000e+01
3.799749249938811246e+00 1.619531250000000000e+01
3.808690779248017577e+00 1.788671875000000000e+01
3.818538655965008743e+00 1.751562500000000000e+01
3.827411807625679785e+00 1.602343750000000000e+01
3.837663504418614480e+00 1.367968750000000000e+01
3.847004103251417284e+00 1.581054687500000000e+01
3.856569597513800574e+00 1.314648437500000000e+01
3.866106794720574058e+00 1.704101562500000000e+01
3.876062309894223290e+00 1.603320312500000000e+01
3.885636272452292594e+00 1.547851562500000000e+01
3.895164230483258549e+00 1.224609375000000000e+01
3.905373083274778168e+00 1.465234375000000000e+01
3.914880112090830977e+00 1.094726562500000000e+01
3.924239698487372863e+00 1.444531250000000000e+01
3.934033206636982527e+00 1.387890625000000000e+01
3.943689225645684360e+00 1.348632812500000000e+01
3.952610270711636176e+00 1.258593750000000000e+01
3.963232461469338830e+00 1.237500000000000000e+01
3.972235111748466885e+00 1.628906250000000000e+01
3.982165597457290929e+00 1.396484375000000000e+01
3.990972187091694323e+00 1.098437500000000000e+01
4.001565384028340056e+00 1.181250000000000000e+01
4.010806428480928609e+00 1.459765625000000000e+01
4.020352962478986214e+00 1.217578125000000000e+01
4.030033151131389602e+00 1.162500000000000000e+01
4.039702454441253643e+00 9.986328125000000000e+00
4.049145320662688619e+00 1.485546875000000000e+01
4.059219912889581394e+00 7.332031250000000000e+00
4.068837234342961295e+00 1.311718750000000000e+01
4.078450415894590009e+00 9.218750000000000000e+00
4.088062554630054635e+00 1.006640625000000000e+01
4.097992319957517893e+00 1.199414062500000000e+01
4.107309929007788796e+00 7.171875000000000000e+00
4.116419725802600738e+00 8.378906250000000000e+00
4.127103309230625072e+00 1.305664062500000000e+01
4.135720244017303315e+00 8.664062500000000000e+00
4.145889098743300138e+00 1.241406250000000000e+01
4.154802878662199106e+00 9.832031250000000000e+00
4.165081176739953150e+00 1.062890625000000000e+01
4.174296525430774452e+00 8.246093750000000000e+00
4.184271405696410540e+00 1.267187500000000000e+01
4.193971868386055846e+00 1.165820312500000000e+01
4.203251784596712781e+00 9.292968750000000000e+00
4.212839905468081625e+00 8.507812500000000000e+00
4.223177053088098098e+00 1.154687500000000000e+01
4.232439338476654989e+00 1.242578125000000000e+01
4.241953250921291385e+00 5.425781250000000000e+00
4.252030004319490963e+00 8.812500000000000000e+00
4.261489024660587432e+00 9.113281250000000000e+00
4.271067738454866536e+00 8.367187500000000000e+00
4.280354850185284832e+00 8.421875000000000000e+00
4.290875388164261395e+00 1.040625000000000000e+01
4.299602860525154391e+00 3.470703125000000000e+00
4.309775556863886692e+00 7.916015625000000000e+00
4.318688670354363879e+00 8.921875000000000000e+00
4.328891814806132388e+00 7.230468750000000000e+00
4.337793459666196227e+00 7.677734375000000000e+00
4.347806784546046188e+00 8.441406250000000000e+00
4.357235429834949159e+00 5.261718750000000000e+00
4.366941748028219550e+00 8.769531250000000000e+00
4.376476196702933308e+00 5.406250000000000000e+00
4.386761786469223878e+00 8.421875000000000000e+00
4.395956667631429227e+00 6.472656250000000000e+00
4.405664971833314070e+00 6.445312500000000000e+00
4.415676731227209828e+00 8.378906250000000000e+00
4.425355317054819437e+00 4.488281250000000000e+00
4.434605983297561949e+00 6.277343750000000000e+00
4.444275528412424237e+00 4.093750000000000000e+00
4.454390938535091493e+00 8.753906250000000000e+00
4.463238852915948129e+00 6.605468750000000000e+00
4.473547705056597046e+00 9.103515625000000000e+00
4.482434104792552887e+00 2.234375000000000000e+00
4.492852411765548837e+00 9.175781250000000000e+00
4.501346817029800107e+00 7.175781250000000000e+00
4.511728809333904522e+00 1.028906250000000000e+01
4.521096214798888013e+00 5.207031250000000000e+00
4.530854285205480281e+00 8.281250000000000000e+00
4.539976772406446592e+00 4.406250000000000000e+00
4.550456458008456551e+00 6.730468750000000000e+00
4.559610180970528504e+00 4.804687500000000000e+00
4.569558343418746560e+00 4.486328125000000000e+00
4.579329208139122365e+00 6.318359375000000000e+00
4.588955618616366472e+00 4.152343750000000000e+00
4.598571682074374500e+00 6.167968750000000000e+00
4.608722305672319663e+00 2.429687500000000000e+00
4.617811901167863553e+00 4.365234375000000000e+00
4.626927002786294096e+00 3.722656250000000000e+00
4.637477706286551538e+00 5.826171875000000000e+00
4.646496434546884657e+00 2.638671875000000000e+00
4.656322471500667248e+00 5.542968750000000000e+00
4.665267661171053959e+00 2.662109375000000000e+00
4.675426669615134756e+00 5.414062500000000000e+00
4.684651041533253846e+00 4.232421875000000000e+00
4.694341198459216713e+00 5.166015625000000000e+00
4.704173958088460061e+00 3.037109375000000000e+00
4.713926553941464093e+00 4.015625000000000000e+00
4.723301017806576851e+00 8.789062500000000000e-01
4.733620863820512170e+00 3.224609375000000000e+00
4.743112793722115583e+00 4.832031250000000000e+00
4.752633682850554209e+00 1.970703125000000000e+00
4.762055662747691542e+00 2.796875000000000000e+00
4.772233306773744133e+00 3.865234375000000000e+00
4.781644071925148509e+00 3.367187500000000000e+00
4.791082722101796421e+00 2.691406250000000000e+00
4.800994364836557615e+00 4.931640625000000000e+00
4.810143301058221965e+00 2.750000000000000000e+00
4.819918341387031901e+00 6.464843750000000000e+00
4.829026126472355074e+00 2.353515625000000000e+00
4.839359679722378793e+00 2.785156250000000000e+00
4.848580420235604649e+00 1.355468750000000000e+00
4.857960097314389714e+00 9.921875000000000000e-01
4.867921899961317855e+00 2.982421875000000000e+00
4.877386260856470201e+00 -2.753906250000000000e-01
4.886937893417240275e+00 9.804687500000000000e-01
4.896790362190574619e+00 3.339843750000000000e-01
4.906743440183748639e+00 4.734375000000000000e+00
4.916198022897464881e+00 2.546875000000000000e+00
4.925999053582915010e+00 5.998046875000000000e+00
4.935823177853644772e+00 4.455078125000000000e+00
4.945234742183076015e+00 7.109375000000000000e-01
4.954616975449305016e+00 4.433593750000000000e-01
4.964840956095203595e+00 2.316406250000000000e+00
4.973898108650072203e+00 1.054687500000000000e+00
4.983535969692207246e+00 7.929687500000000000e-01
4.992962431692616221e+00 -3.203125000000000000e-01
5.003049813521968758e+00 2.664062500000000000e+00
5.012088082761530394e+00 1.027343750000000000e+00
5.021779045074689307e+00 2.421875000000000000e-01
5.031862517491152431e+00 -1.484375000000000000e+00
5.041048999070252279e+00 1.968750000000000000e+00
5.050721535081478919e+00 4.726562500000000000e-01
5.061043479220034058e+00 1.914062500000000000e-01
5.070272823683074748e+00 -3.007812500000000000e-01
5.079705312988584964e+00 1.679687500000000000e+00
5.089848859377579693e+00 1.982421875000000000e+00
5.099299163032011251e+00 -1.765625000000000000e+00
5.108818582936148545e+00 -4.101562500000000000e-01
5.118359619442983011e+00 6.328125000000000000e-01
5.128498850089464156e+00 1.667968750000000000e+00
5.137433767824806097e+00 -8.789062500000000000e-01
5.147145372628092019e+00 2.593750000000000000e+00
5.156763689933647754e+00 -3.320312500000000000e+00
5.166691964335489828e+00 2.046875000000000000e+00
5.175655745847281608e+00 -1.076171875000000000e+00
5.185554908069963886e+00 -3.515625000000000000e-02
5.195325134903885811e+00 -1.250000000000000000e-01
5.204763034799878341e+00 -1.117187500000000000e+00
5.214266700640800778e+00 -2.250000000000000000e+00
5.224527346863526489e+00 -6.933593750000000000e-01
5.233932522975853985e+00 -1.382812500000000000e+00
5.243246036181212766e+00 -1.806640625000000000e+00
5.253323421111471880e+00 -2.949218750000000000e-01
5.263088415899021655e+00 -2.056640625000000000e+00
5.272382988129741932e+00 5.703125000000000000e-01
5.282159924396518491e+00 -3.466796875000000000e+00
5.291961278094468923e+00 1.484375000000000000e-01
5.301159623185283110e+00 -3.210937500000000000e+00
5.310615659598642679e+00 -1.011718750000000000e+00
5.320237456558167821e+00 -2.613281250000000000e+00
5.330210623077903165e+00 -1.394531250000000000e+00
5.339407563991329653e+00 -5.355468750000000000e+00
5.349508287300155374e+00 -1.119140625000000000e+00
5.359112989101883606e+00 -2.365234375000000000e+00
5.368617851452784251e+00 -2.382812500000000000e-01
5.378326078643329566e+00 -2.535156250000000000e+00
5.388037571011691895e+00 -2.378906250000000000e+00
5.397562574866664242e+00 -2.958984375000000000e+00
5.407190430255921498e+00 4.296875000000000000e-02
5.417100926718583231e+00 -3.140625000000000000e+00
5.426619459618843067e+00 -2.726562500000000000e+00
5.436178067896173971e+00 -2.121093750000000000e+00
5.446207476576049977e+00 -4.302734375000000000e+00
5.455601362747422911e+00 -3.046875000000000000e+00
5.464714707401332916e+00 -2.007812500000000000e+00
5.475082721805490493e+00 -1.419921875000000000e+00
5.484251600031734952e+00 -4.164062500000000000e+00
5.494065068206379188e+00 -5.644531250000000000e-01
5.503057755472507750e+00 -5.171875000000000000e+00
5.513431199156070051e+00 -7.988281250000000000e-01
5.522770457412521594e+00 -3.267578125000000000e+00
5.532083945841934636e+00 -1.437500000000000000e+00
5.542165413993386025e+00 -4.089843750000000000e+00
5.551686952671476050e+00 -2.144531250000000000e+00
5.561184286712422598e+00 -3.546875000000000000e+00
5.571389935406592997e+00 -4.892578125000000000e+00
5.580894657828412875e+00 -3.533203125000000000e+00
5.590300341836966780e+00 -3.664062500000000000e+00
5.599808403649872979e+00 -3.613281250000000000e+00
5.609956253426691575e+00 -1.496093750000000000e+00
5.619232211229572727e+00 -1.150390625000000000e+00
5.628284920155476101e+00 -3.878906250000000000e+00
5.638706172854687892e+00 -2.076171875000000000e+00
5.647796400947713735e+00 -2.496093750000000000e+00
5.657670868907965556e+00 -3.453125000000000000e+00
5.666938616017667130e+00 -3.160156250000000000e+00
5.677175600726317661e+00 -2.791015625000000000e+00
5.686436708968859222e+00 -4.546875000000000000e+00
5.695808367413671469e+00 -3.603515625000000000e+00
5.705782336592253756e+00 -4.980468750000000000e+00
5.715277316754053594e+00 -2.402343750000000000e+00
5.724840201916006954e+00 -3.023437500000000000e+00
5.735005959571459755e+00 -1.183593750000000000e+00
5.744515256672133141e+00 -3.537109375000000000e+00
5.753942425291047158e+00 -4.726562500000000000e+00
5.763303610600099880e+00 -4.804687500000000000e+00
5.773570690401010452e+00 -5.250000000000000000e+00
5.783122920367595121e+00 -5.263671875000000000e+00
5.792399736080248829e+00 -6.187500000000000000e+00
5.802651779049657677e+00 -4.050781250000000000e+00
5.811681925717819830e+00 -4.650390625000000000e+00
5.821373151135299295e+00 -4.316406250000000000e+00
5.830741457199955846e+00 -5.859375000000000000e+00
5.840966185290653812e+00 -3.585937500000000000e+00
5.849964809142649713e+00 -4.785156250000000000e+00
5.859569993868706028e+00 -4.611328125000000000e+00
5.869608468121203515e+00 -2.722656250000000000e+00
5.879018118726415665e+00 -2.228515625000000000e+00
5.888585357233607986e+00 -7.580078125000000000e+00
5.898827128435932821e+00 -3.083984375000000000e+00
5.908332471568774835e+00 -6.042968750000000000e+00
5.917478679917770990e+00 -3.820312500000000000e+00
5.927244299629807145e+00 -5.740234375000000000e+00
5.937255060880457513e+00 -5.832031250000000000e+00
5.946588391236281801e+00 -4.582031250000000000e+00
5.956305978042825799e+00 -5.273437500000000000e+00
5.966333360382392925e+00 -4.214843750000000000e+00
5.975159156836351571e+00 -8.542968750000000000e+00
5.984902908759088369e+00 -6.277343750000000000e+00
5.994678096739592732e+00 -8.072265625000000000e+00
6.004492654672224816e+00 -5.656250000000000000e+00
6.013739695171751443e+00 -7.589843750000000000e+00
6.023363417732827685e+00 -4.410156250000000000e+00
6.033431628346913378e+00 -5.144531250000000000e+00
6.042485855739395006e+00 -3.710937500000000000e+00
6.052192884827793939e+00 -7.416015625000000000e+00
6.062290805668290261e+00 -5.351562500000000000e+00
6.071935509903184425e+00 -6.582031250000000000e+00
6.080944693049026739e+00 -5.984375000000000000e+00
6.091283550638298294e+00 -6.226562500000000000e+00
6.100876091934098966e+00 -4.800781250000000000e+00
6.110151203539338383e+00 -7.570312500000000000e+00
6.119948863592775901e+00 -7.080078125000000000e+00
6.129796029563564730e+00 -5.906250000000000000e+00
6.138665757938626122e+00 -7.843750000000000000e+00
6.148637332892466389e+00 -6.097656250000000000e+00
6.158372801201894120e+00 -6.140625000000000000e+00
6.168171314597820754e+00 -6.117187500000000000e+00
6.177263618497589981e+00 -6.988281250000000000e+00
6.187186563391758654e+00 -4.042968750000000000e+00
6.197085550874750659e+00 -5.832031250000000000e+00
6.206124165199673470e+00 -4.718750000000000000e+00
6.216557660108180450e+00 -8.240234375000000000e+00
6.225816564607116632e+00 -3.585937500000000000e+00
6.235406260555961921e+00 -8.890625000000000000e+00
6.244852909824784248e+00 -3.085937500000000000e+00
6.254763982815562784e+00 -7.019531250000000000e+00
6.264377839443525886e+00 -7.152343750000000000e+00
6.273691466696945440e+00 -6.550781250000000000e+00
6.283986207199590446e+00 -6.544921875000000000e+00
6.293361806380255885e+00 -7.013671875000000000e+00
6.302421270328393277e+00 -7.109375000000000000e+00
6.312557727084247894e+00 -4.916015625000000000e+00
6.322085453055058757e+00 -6.435546875000000000e+00
6.331823784010381928e+00 -4.511718750000000000e+00
6.341095551897012683e+00 -6.908203125000000000e+00
6.351210833155231938e+00 -3.644531250000000000e+00
6.360682229096019213e+00 -9.386718750000000000e+00
6.369847124542632244e+00 -7.722656250000000000e+00
6.380089217944348690e+00 -6.644531250000000000e+00
6.389413641016746581e+00 -4.359375000000000000e+00
6.399268264974034892e+00 -7.683593750000000000e+00
6.408743748959748743e+00 -6.089843750000000000e+00
6.418720050588339276e+00 -7.154296875000000000e+00
6.428029168283476480e+00 -7.246093750000000000e+00
6.437566459814475728e+00 -6.666015625000000000e+00
6.447775382691945723e+00 -8.328125000000000000e+00
6.457026286793434267e+00 -7.332031250000000000e+00
6.466210521108635589e+00 -7.984375000000000000e+00
6.476492271197654915e+00 -8.242187500000000000e+00
6.485553485355501913e+00 -6.261718750000000000e+00
6.495327815125034654e+00 -5.960937500000000000e+00
6.504713729500743113e+00 -9.437500000000000000e+00
6.514926384043540963e+00 -4.136718750000000000e+00
6.524239818556692327e+00 -7.308593750000000000e+00
6.533586194916249035e+00 -6.009765625000000000e+00
6.543828566347569264e+00 -7.521484375000000000e+00
6.552921682147458071e+00 -4.429687500000000000e+00
6.562754254143162491e+00 -8.699218750000000000e+00
6.572626015856918968e+00 -4.146484375000000000e+00
6.582374583635276721e+00 -9.722656250000000000e+00
6.591598664141940844e+00 -7.675781250000000000e+00
6.601093025567219108e+00 -6.964843750000000000e+00
6.611306650226002724e+00 -6.511718750000000000e+00
6.620802702121917349e+00 -6.347656250000000000e+00
6.630155703512365051e+00 -7.185546875000000000e+00
6.640418557169942559e+00 -8.298828125000000000e+00
6.649455481505682108e+00 -8.189453125000000000e+00
6.659144401375920452e+00 -6.857421875000000000e+00
6.668735068272272137e+00 -7.613281250000000000e+00
6.678587233847272486e+00 -7.185546875000000000e+00
6.688038625400880122e+00 -8.609375000000000000e+00
6.697356380142070797e+00 -5.359375000000000000e+00
6.707576736081817259e+00 -7.685546875000000000e+00
6.716721647904513759e+00 -5.484375000000000000e+00
6.726493974874149906e+00 -8.791015625000000000e+00
6.736578904957987390e+00 -5.580078125000000000e+00
6.746227508203057610e+00 -8.800781250000000000e+00
6.755346996833373474e+00 -5.160156250000000000e+00
6.765438114754316778e+00 -6.654296875000000000e+00
6.775166647914202755e+00 -7.632812500000000000e+00
6.784367286149429077e+00 -7.750000000000000000e+00
6.794052520994034339e+00 -6.687500000000000000e+00
6.803902684003678480e+00 -7.650390625000000000e+00
6.812990484364467747e+00 -7.980468750000000000e+00
6.822604646983132071e+00 -5.523437500000000000e+00
6.832452075333351971e+00 -8.833984375000000000e+00
6.842180640921924351e+00 -7.085937500000000000e+00
6.851614234768844014e+00 -1.052343750000000000e+01
6.861171783513629663e+00 -5.039062500000000000e+00
6.871394709608854789e+00 -8.251953125000000000e+00
6.880345252432572778e+00 -5.925781250000000000e+00
6.890072999746649884e+00 -7.609375000000000000e+00
6.900237368369291246e+00 -5.656250000000000000e+00
6.909692197226442900e+00 -8.792968750000000000e+00
6.918714006295408225e+00 -6.755859375000000000e+00
6.929036792319257287e+00 -6.699218750000000000e+00
6.938633194809709082e+00 -5.898437500000000000e+00
6.947835679042693613e+00 -8.375000000000000000e+00
6.957754671721681383e+00 -7.501953125000000000e+00
6.967388376765656588e+00 -8.382812500000000000e+00
6.976660141066011178e+00 -8.980468750000000000e+00
6.986185991730980760e+00 -8.527343750000000000e+00
6.996318669271302859e+00 -8.265625000000000000e+00
7.005772619516676514e+00 -8.093750000000000000e+00
7.015228441434935291e+00 -9.289062500000000000e+00
7.025198618634497905e+00 -8.531250000000000000e+00
7.034911381515040141e+00 -9.597656250000000000e+00
7.044143861594550415e+00 -7.570312500000000000e+00
7.054296772075501210e+00 -7.542968750000000000e+00
7.063755864061564083e+00 -8.591796875000000000e+00
7.073284037016470904e+00 -9.667968750000000000e+00
7.082632711243730839e+00 -6.187500000000000000e+00
7.092786474928029605e+00 -1.031640625000000000e+01
7.102170630535013629e+00 -7.935546875000000000e+00
7.111797552090786567e+00 -7.171875000000000000e+00
7.121454185842562623e+00 -8.792968750000000000e+00
7.131290016019237399e+00 -9.441406250000000000e+00
7.140417743151244778e+00 -1.068750000000000000e+01
7.150625086768384264e+00 -9.220703125000000000e+00
7.159859014547271805e+00 -7.937500000000000000e+00
7.169671338322283205e+00 -8.128906250000000000e+00
7.179049380350326359e+00 -8.017578125000000000e+00
7.189010013281405875e+00 -6.078125000000000000e+00
7.198510748221043087e+00 -1.048437500000000000e+01
7.207702439494388713e+00 -1.001953125000000000e+01
7.218135005328717213e+00 -9.855468750000000000e+00
