#Time Flux
-1.487609782264663671e+00 9.054687500000000000e+00
-1.481358773849536625e+00 1.011035156250000000e+01
-1.474902533085010070e+00 9.220703125000000000e+00
-1.468644782499796797e+00 9.522460937500000000e+00
-1.462404364210392771e+00 7.802734375000000000e+00
-1.456724266335540641e+00 1.103173828125000000e+01
-1.451763717094475048e+00 8.903320312500000000e+00
-1.446101783084197123e+00 9.660156250000000000e+00
-1.439696542873900142e+00 8.388671875000000000e+00
-1.433754539003461836e+00 1.155175781250000000e+01
-1.427241995303815791e+00 9.527343750000000000e+00
-1.421089485719318368e+00 9.819335937500000000e+00
-1.414859942234216739e+00 1.059179687500000000e+01
-1.408979745804128214e+00 8.287597656250000000e+00
-1.403664715481297343e+00 9.003906250000000000e+00
-1.398227709415381881e+00 9.123046875000000000e+00
-1.392104759481482823e+00 8.708984375000000000e+00
-1.385956121928797025e+00 9.181640625000000000e+00
-1.379401179937744359e+00 1.026855468750000000e+01
-1.373408418680525322e+00 9.118164062500000000e+00
-1.366928009512236031e+00 1.077832031250000000e+01
-1.361364769508350392e+00 9.500000000000000000e+00
-1.356109314265236954e+00 9.227539062500000000e+00
-1.350750731522313508e+00 1.052441406250000000e+01
-1.344573803560089154e+00 1.008398437500000000e+01
-1.338267426364804891e+00 9.214843750000000000e+00
-1.331846535640401896e+00 9.557617187500000000e+00
-1.325612343985159036e+00 9.657226562500000000e+00
-1.319305453516121496e+00 1.027636718750000000e+01
-1.313437730313627760e+00 9.961425781250000000e+00
-1.307909790918785120e+00 9.858886718750000000e+00
-1.303210821274299214e+00 9.999511718750000000e+00
-1.296795305840681145e+00 1.030859375000000000e+01
-1.290762902850096872e+00 1.004003906250000000e+01
-1.284206169277326559e+00 1.043310546875000000e+01
-1.278058513010516428e+00 1.087646484375000000e+01
-1.271828668454873856e+00 9.962890625000000000e+00
-1.265851790804619625e+00 9.251464843750000000e+00
-1.260631900595924115e+00 1.049804687500000000e+01
-1.255199503341269285e+00 9.442382812500000000e+00
-1.249061218876051704e+00 1.106542968750000000e+01
-1.242916705662686638e+00 9.243164062500000000e+00
-1.236233472733620609e+00 9.967773437500000000e+00
-1.230148262530260439e+00 1.142675781250000000e+01
-1.223882548692795780e+00 9.998535156250000000e+00
-1.218370521595947942e+00 9.652832031250000000e+00
-1.213078478207504141e+00 9.580078125000000000e+00
-1.207510227324420704e+00 1.080029296875000000e+01
-1.201531508454366737e+00 1.031445312500000000e+01
-1.195220553957228482e+00 9.838378906250000000e+00
-1.188833254610695001e+00 1.016308593750000000e+01
-1.182597498081633169e+00 9.535644531250000000e+00
-1.176288329588846437e+00 1.112353515625000000e+01
-1.170656772875545037e+00 1.065136718750000000e+01
-1.165119582882060634e+00 1.008642578125000000e+01
-1.160059260054587149e+00 9.057617187500000000e+00
-1.153672924198073879e+00 1.110546875000000000e+01
-1.147692848289774581e+00 1.201953125000000000e+01
-1.141106917220063188e+00 9.301757812500000000e+00
-1.135010288797826838e+00 9.102539062500000000e+00
-1.128809628965576017e+00 1.058740234375000000e+01
-1.122814391894964459e+00 9.974609375000000000e+00
-1.117689532323591806e+00 9.895507812500000000e+00
-1.112167225047635988e+00 9.628906250000000000e+00
-1.106022949496293428e+00 1.149755859375000000e+01
-1.099876882811408052e+00 1.033007812500000000e+01
-1.093261472812630863e+00 9.780273437500000000e+00
-1.087220307969414712e+00 1.067089843750000000e+01
-1.080858896079166520e+00 1.163574218750000000e+01
-1.075263486652851874e+00 8.947265625000000000e+00
-1.070043911845318441e+00 9.853027343750000000e+00
-1.064669671606426782e+00 1.125488281250000000e+01
-1.058518598696577051e+00 1.075732421875000000e+01
-1.052181422702893165e+00 1.010644531250000000e+01
-1.045793632110185278e+00 9.781738281250000000e+00
-1.039547806772207927e+00 9.196289062500000000e+00
-1.033268886195423342e+00 1.018066406250000000e+01
-1.027623042620134264e+00 9.619140625000000000e+00
-1.022085606699282501e+00 1.058349609375000000e+01
-1.017207892577900452e+00 8.491210937500000000e+00
-1.010645298437050421e+00 1.057128906250000000e+01
-1.004695945137050295e+00 9.621093750000000000e+00
-9.981231671847163867e-01 8.652832031250000000e+00
-9.918706903560492449e-01 9.950195312500000000e+00
-9.857661567593831720e-01 1.037695312500000000e+01
-9.798736021740896973e-01 9.468750000000000000e+00
-9.745663122763081887e-01 8.405273437500000000e+00
-9.691246114282838775e-01 8.794433593750000000e+00
-9.631490257762598262e-01 8.777832031250000000e+00
-9.568394977468814844e-01 9.246093750000000000e+00
-9.502262383039150606e-01 9.718261718750000000e+00
-9.443006801995625921e-01 8.944824218750000000e+00
-9.378197146435693909e-01 8.866210937500000000e+00
-9.321884392598107638e-01 9.488281250000000000e+00
-9.270078590923027662e-01 8.690429687500000000e+00
-9.216290518886323113e-01 9.305664062500000000e+00
-9.154862360265214605e-01 9.558105468750000000e+00
-9.091524045868260018e-01 9.370117187500000000e+00
-9.027783921562191338e-01 9.101562500000000000e+00
-8.965361792066337543e-01 8.916015625000000000e+00
-8.901978228104807656e-01 7.820312500000000000e+00
-8.843996587483138327e-01 8.885742187500000000e+00
-8.794068120986429093e-01 9.730957031250000000e+00
-8.740908646544651717e-01 8.187500000000000000e+00
-8.675915087788981239e-01 7.552734375000000000e+00
-8.616056525597057814e-01 9.651367187500000000e+00
-8.550821765981204692e-01 9.308593750000000000e+00
-8.487356686662348437e-01 7.331054687500000000e+00
-8.427348188351979630e-01 9.484375000000000000e+00
-8.368388027852340372e-01 8.351074218750000000e+00
-8.316214038725853186e-01 9.478515625000000000e+00
-8.260928801403641941e-01 7.132324218750000000e+00
-8.199464683405333076e-01 7.402343750000000000e+00
-8.138006788577003547e-01 9.929687500000000000e+00
-8.071910503395001157e-01 6.434082031250000000e+00
-8.012473465793723548e-01 7.678710937500000000e+00
-7.947796130678455029e-01 8.984375000000000000e+00
-7.891568361415224331e-01 8.115234375000000000e+00
-7.839754331505197626e-01 8.699218750000000000e+00
-7.786950175695919185e-01 5.276367187500000000e+00
-7.724562799553824632e-01 8.679199218750000000e+00
-7.661222373033931277e-01 5.763671875000000000e+00
-7.596901104734703480e-01 8.902343750000000000e+00
-7.534831231160579179e-01 7.282226562500000000e+00
-7.471512075437791722e-01 9.532226562500000000e+00
-7.415556652844221830e-01 8.209472656250000000e+00
-7.365983909846205435e-01 6.710937500000000000e+00
-7.310497303845862049e-01 7.144531250000000000e+00
-7.245791947091149154e-01 7.201171875000000000e+00
-7.185792702311699642e-01 9.089843750000000000e+00
-7.120432817211659327e-01 5.736328125000000000e+00
-7.058982297432221387e-01 7.475097656250000000e+00
-6.997035927861370297e-01 6.988281250000000000e+00
-6.938065982368843976e-01 8.998046875000000000e+00
-6.884523522766405890e-01 6.915039062500000000e+00
-6.830785385471376259e-01 5.725585937500000000e+00
-6.769081563527672429e-01 5.997070312500000000e+00
-6.707617711509046288e-01 5.799804687500000000e+00
-6.642547488597161376e-01 6.414062500000000000e+00
-6.581065556370733205e-01 5.899902343750000000e+00
-6.517414179908653793e-01 6.561523437500000000e+00
-6.461729852833508758e-01 8.070312500000000000e+00
-6.409428924305053954e-01 5.964843750000000000e+00
-6.356564386852960880e-01 5.918945312500000000e+00
-6.294001575377601299e-01 6.150390625000000000e+00
-6.230327798969073072e-01 5.016113281250000000e+00
-6.166519939341057466e-01 6.970703125000000000e+00
-6.104746544208436987e-01 4.334960937500000000e+00
-6.041392388078774545e-01 7.712890625000000000e+00
-5.987190560443931275e-01 5.934570312500000000e+00
-5.936024029369972865e-01 6.186035156250000000e+00
-5.878967309611118353e-01 5.191894531250000000e+00
-5.815248153818926014e-01 6.061035156250000000e+00
-5.755310717385553332e-01 5.206054687500000000e+00
-5.690032754575478080e-01 5.692871093750000000e+00
-5.628521125278043158e-01 5.379882812500000000e+00
-5.565184347188774083e-01 6.958007812500000000e+00
-5.507683398650549123e-01 5.533203125000000000e+00
-5.454455174678889406e-01 3.867675781250000000e+00
-5.400487268896672077e-01 3.750000000000000000e+00
-5.338699968472448987e-01 5.365234375000000000e+00
-5.277229746134652899e-01 5.685546875000000000e+00
-5.211535840330583369e-01 4.219726562500000000e+00
-5.149704365580554111e-01 5.118164062500000000e+00
-5.087023029265536067e-01 4.050292968750000000e+00
-5.031428281634129362e-01 3.720703125000000000e+00
-4.979242655699325226e-01 4.916015625000000000e+00
-4.926204268531391151e-01 3.428710937500000000e+00
-4.863672984727722692e-01 3.557128906250000000e+00
-4.799981284042988960e-01 4.311523437500000000e+00
-4.736220220184028662e-01 4.843750000000000000e+00
-4.674623231743906260e-01 4.263671875000000000e+00
-4.611076365690802703e-01 5.040039062500000000e+00
-4.557148593355826449e-01 3.003906250000000000e+00
-4.503050733618527701e-01 3.990722656250000000e+00
-4.446471503511224554e-01 4.447265625000000000e+00
-4.384244750278973868e-01 3.783691406250000000e+00
-4.323929267496389173e-01 3.719726562500000000e+00
-4.259818798619514624e-01 4.733886718750000000e+00
-4.198125182034404546e-01 4.026367187500000000e+00
-4.136410765504487941e-01 4.547851562500000000e+00
-4.077266574785038955e-01 2.598632812500000000e+00
-4.024354025701333271e-01 4.612304687500000000e+00
-3.970156205454129505e-01 -8.105468750000000000e-02
-3.908316898362338421e-01 3.110839843750000000e+00
-3.847490096593206843e-01 1.946777343750000000e+00
-3.781122289196758857e-01 2.825195312500000000e+00
-3.719349440038648424e-01 3.075195312500000000e+00
-3.656578547679094626e-01 2.160156250000000000e+00
-3.601630511684792424e-01 2.583007812500000000e+00
-3.548934963345944382e-01 2.404296875000000000e+00
-3.495767505854399104e-01 1.049804687500000000e+00
-3.433228505612726522e-01 3.617187500000000000e+00
-3.369893381765134421e-01 1.600097656250000000e+00
-3.305739334589858913e-01 3.261718750000000000e+00
-3.243862471636758116e-01 1.590820312500000000e+00
-3.180725137463138452e-01 2.861816406250000000e+00
-3.127147610481459949e-01 2.974121093750000000e+00
-3.072710459017633511e-01 2.368164062500000000e+00
-3.018020267210177465e-01 1.078125000000000000e+00
-2.954443351524629335e-01 1.574218750000000000e+00
-2.893518651265587494e-01 2.659179687500000000e+00
-2.829198788837352652e-01 1.724609375000000000e+00
-2.767731336522105678e-01 2.839843750000000000e+00
-2.706063575254358256e-01 2.272460937500000000e+00
-2.647061985091259118e-01 8.056640625000000000e-01
-2.594027847831759104e-01 2.697265625000000000e+00
-2.539891753993419599e-01 1.145019531250000000e+00
-2.477645575977058812e-01 8.994140625000000000e-01
-2.417090373307688722e-01 1.223632812500000000e+00
-2.350501636365178726e-01 1.274902343750000000e+00
-2.288993355072896918e-01 1.830078125000000000e+00
-2.226165467736285208e-01 2.343750000000000000e+00
-2.171440844448815355e-01 1.030761718750000000e+00
-2.120530861632401454e-01 6.420898437500000000e-01
-2.065540815254314211e-01 2.797851562500000000e-01
-2.002869854780522374e-01 2.360351562500000000e+00
-1.939742008998699418e-01 -6.201171875000000000e-01
-1.873610490452710664e-01 1.368164062500000000e+00
-1.813345096419318736e-01 3.457031250000000000e-01
-1.750272045750538297e-01 -1.689453125000000000e-01
-1.692125108192135130e-01 9.257812500000000000e-01
-1.644659151431211441e-01 8.105468750000000000e-02
-1.587977592468465815e-01 5.493164062500000000e-01
-1.525752010339465059e-01 -8.886718750000000000e-01
-1.463108074543235659e-01 6.152343750000000000e-01
-1.398793367567527923e-01 1.510742187500000000e+00
-1.337335588783448159e-01 7.236328125000000000e-01
-1.275706249228516498e-01 1.942382812500000000e+00
-1.216726603426341313e-01 3.945312500000000000e-01
-1.163522909466712107e-01 4.853515625000000000e-01
-1.109641911491445754e-01 -1.391601562500000000e+00
-1.047286432125966726e-01 1.033691406250000000e+00
-9.866892128750226476e-02 -7.016601562500000000e-01
-9.201485824542299241e-02 4.951171875000000000e-01
-8.595484653285456744e-02 -9.863281250000000000e-01
-7.964513885848223396e-02 -1.126464843750000000e+00
-7.410536727459238193e-02 -1.591796875000000000e-01
-6.892102020970103382e-02 -1.168457031250000000e+00
-6.338587632464776078e-02 -1.399414062500000000e+00
-5.725133459902398414e-02 -1.827148437500000000e+00
-5.095814030650647197e-02 -1.071289062500000000e+00
-4.449602537152230752e-02 2.080078125000000000e-01
-3.832169598816204115e-02 -1.408203125000000000e+00
-3.198978646761307942e-02 -8.510742187500000000e-01
-2.660356725466872518e-02 2.280273437500000000e-01
-2.097340542884928993e-02 1.204101562500000000e+00
-1.572278521245795702e-02 -2.768554687500000000e+00
-9.460551457926236196e-03 -1.125488281250000000e+00
-3.206079206469425458e-03 -7.978515625000000000e-01
3.305152560456381394e-03 -1.979980468750000000e+00
9.473970197392489467e-03 -1.055664062500000000e+00
1.580685534716819163e-02 -3.920898437500000000e-01
2.161866368402876049e-02 3.364257812500000000e-01
2.695307518642531264e-02 -3.735351562500000000e-01
3.210035309453296293e-02 -7.167968750000000000e-01
3.834158161593093084e-02 -1.835937500000000000e+00
4.447756232937161158e-02 -1.956542968750000000e+00
5.106730550931226631e-02 -2.341308593750000000e+00
5.734533559177990014e-02 -1.261718750000000000e+00
6.346700240044400587e-02 -1.854003906250000000e+00
6.938892328004131471e-02 -9.882812500000000000e-01
7.426546564205338541e-02 -8.593750000000000000e-01
7.960075618913675655e-02 -2.392578125000000000e+00
8.598801468436967355e-02 -2.482421875000000000e+00
9.209928177554971285e-02 -1.056640625000000000e+00
9.852316492902479794e-02 -1.518554687500000000e+00
1.048407683527461387e-01 -1.679687500000000000e+00
1.111258150437395287e-01 -2.871093750000000000e+00
1.170608506997652398e-01 -2.294921875000000000e+00
1.225298306859494701e-01 -1.356933593750000000e+00
1.275445248569178069e-01 -2.041992187500000000e+00
1.335766642140119309e-01 -3.498535156250000000e+00
1.397713964749307536e-01 -5.820312500000000000e-01
1.463618229323362385e-01 -1.230957031250000000e+00
1.525088260761879866e-01 -2.467773437500000000e+00
1.588461584695184392e-01 -2.056152343750000000e+00
1.647150632698162198e-01 -3.069335937500000000e+00
1.699837599588094328e-01 -2.087890625000000000e+00
1.751299132403385528e-01 -3.895507812500000000e+00
1.813518042448771794e-01 -2.511718750000000000e+00
1.875431998804160116e-01 -1.796875000000000000e+00
1.940583192804110624e-01 -2.910156250000000000e+00
2.002076844105751263e-01 -1.491210937500000000e+00
2.065063527331361115e-01 -1.729492187500000000e+00
2.124296762351716161e-01 -1.995605468750000000e+00
2.176460808203772856e-01 -3.275390625000000000e+00
2.225878328346500012e-01 -2.418945312500000000e+00
2.290337384549983035e-01 -3.271972656250000000e+00
2.351359957592968897e-01 -3.057617187500000000e+00
2.415292261016883657e-01 -2.806152343750000000e+00
2.478205934072179595e-01 -1.438476562500000000e+00
2.541193082422390503e-01 -4.500000000000000000e+00
2.602905344178449987e-01 -1.114257812500000000e+00
2.655601182747213684e-01 -1.539550781250000000e+00
2.708240057757569375e-01 -2.116210937500000000e+00
2.765292461053059370e-01 -3.296875000000000000e+00
2.828125426228105255e-01 -2.155273437500000000e+00
2.893763384784286963e-01 -3.467285156250000000e+00
2.953849051240409196e-01 -1.947265625000000000e+00
3.018854570298432627e-01 -2.641113281250000000e+00
3.077689208893703565e-01 -2.736328125000000000e+00
3.129594785486862207e-01 -2.875976562500000000e+00
3.181595656962183938e-01 -3.615234375000000000e+00
3.243814866030763078e-01 -3.691406250000000000e+00
3.305832847789460516e-01 -3.160156250000000000e+00
3.371287646352323364e-01 -3.553222656250000000e+00
3.432432560107692154e-01 -2.009765625000000000e+00
3.495444902361626305e-01 -2.838867187500000000e+00
3.554196504325792816e-01 -4.786132812500000000e+00
3.609711269740207840e-01 -1.642578125000000000e+00
3.658523970514560020e-01 -3.284179687500000000e+00
3.720689685458982154e-01 -3.323242187500000000e+00
3.781270668760008391e-01 -4.839843750000000000e+00
3.845838798945946380e-01 -3.171875000000000000e+00
3.910005438006058931e-01 -1.986328125000000000e+00
3.971519313764155790e-01 -4.554199218750000000e+00
4.030457793231052577e-01 -2.703125000000000000e+00
4.083783588051872471e-01 -2.961914062500000000e+00
4.137519996220224705e-01 -3.296386718750000000e+00
4.197568336924795140e-01 -2.362304687500000000e+00
4.258535846953925841e-01 -2.498046875000000000e+00
4.324694414285090716e-01 -3.927246093750000000e+00
4.389248900439879364e-01 -1.175781250000000000e+00
4.449897708123478068e-01 -3.906250000000000000e+00
4.507947766873972029e-01 -4.049804687500000000e+00
4.558870162059469600e-01 -5.022949218750000000e+00
4.611677699300473776e-01 -2.711914062500000000e+00
4.674162071203662450e-01 -2.293945312500000000e+00
4.736232610692567846e-01 -3.781250000000000000e+00
4.801355333497809852e-01 -3.384765625000000000e+00
4.861968253766684178e-01 -2.716308593750000000e+00
4.925534652871590424e-01 -4.161132812500000000e+00
4.985616581578344864e-01 -3.549804687500000000e+00
5.038597396820581054e-01 -2.126953125000000000e+00
5.088905813025101921e-01 -3.520019531250000000e+00
5.151095067074837885e-01 -4.200195312500000000e+00
5.211666411702351454e-01 -3.620117187500000000e+00
5.276877864774318638e-01 -2.526367187500000000e+00
5.338784013707340570e-01 -3.557128906250000000e+00
5.402275629997776996e-01 -2.100097656250000000e+00
5.460797455560113534e-01 -3.361328125000000000e+00
5.515806598187324994e-01 -4.702148437500000000e+00
5.568817843905318199e-01 -3.964355468750000000e+00
5.626884889996621730e-01 -3.487792968750000000e+00
5.689226887368894481e-01 -3.017089843750000000e+00
5.754438108010395680e-01 -3.004882812500000000e+00
5.818290509528152299e-01 -3.111328125000000000e+00
5.880284990463264805e-01 -2.836425781250000000e+00
5.938265766689569958e-01 -2.391601562500000000e+00
5.988127832734742029e-01 -3.043945312500000000e+00
6.041895535738017742e-01 -2.455566406250000000e+00
6.104564128652762989e-01 -2.527343750000000000e+00
6.166633287455951518e-01 -3.483398437500000000e+00
6.231988842757312241e-01 -2.074218750000000000e+00
6.294762866181180527e-01 -2.442382812500000000e+00
6.356056448495515099e-01 -2.374511718750000000e+00
6.416020115173726168e-01 -3.306640625000000000e+00
6.467486264317630074e-01 -2.021484375000000000e+00
6.522824081388161055e-01 -3.185058593750000000e+00
6.581500523851335771e-01 -3.744140625000000000e+00
6.642231013058199629e-01 -2.987304687500000000e+00
6.706991514894937723e-01 -2.342773437500000000e+00
6.768579776674910065e-01 -2.301757812500000000e+00
6.832902606328925543e-01 -3.412109375000000000e+00
6.891136973461415849e-01 -2.964843750000000000e+00
6.946921895088937760e-01 -2.790039062500000000e+00
6.999105984717237661e-01 -3.135742187500000000e+00
7.058372778913670764e-01 -3.695800781250000000e+00
7.119357569596793667e-01 -1.578125000000000000e+00
7.183642619987544720e-01 -3.164062500000000000e+00
7.246836388557715836e-01 -3.263183593750000000e+00
7.310660814883744862e-01 -3.323730468750000000e+00
7.368620274469126485e-01 -2.578613281250000000e+00
7.420529911387294675e-01 -3.106445312500000000e+00
7.472192498673262406e-01 -3.293457031250000000e+00
7.534966272831278289e-01 -2.685546875000000000e+00
7.597267780373981871e-01 -2.842285156250000000e+00
7.662895249496393113e-01 -2.535156250000000000e+00
7.723502653348397473e-01 -1.578125000000000000e+00
7.786272892923022937e-01 -3.424804687500000000e+00
7.845926857201104276e-01 -2.707031250000000000e+00
7.899276975191344974e-01 -2.071777343750000000e+00
7.953199219503939155e-01 -1.661132812500000000e+00
8.011961350182152941e-01 -3.622070312500000000e+00
8.072677128063645569e-01 -2.641601562500000000e+00
8.137679019158126081e-01 -2.488281250000000000e+00
8.199361520870156461e-01 -3.746582031250000000e+00
8.262978855812863621e-01 -2.524902343750000000e+00
8.322065770378395122e-01 -2.149414062500000000e+00
8.376814648441959221e-01 -2.183105468750000000e+00
8.429428740182967061e-01 -2.180664062500000000e+00
8.487631370506609763e-01 -4.113769531250000000e+00
8.550290579959582971e-01 -2.043945312500000000e+00
8.615400082099551327e-01 -4.119140625000000000e+00
8.677208753696907806e-01 -3.429687500000000000e+00
8.741036644470154826e-01 -2.366699218750000000e+00
8.798698140933978173e-01 -3.480957031250000000e+00
8.848719308280985629e-01 -2.094726562500000000e+00
8.902490390530015674e-01 -2.377929687500000000e-01
8.965620977322008578e-01 -2.671875000000000000e+00
9.027647773627136552e-01 -1.052246093750000000e+00
9.092690094059401318e-01 -2.063476562500000000e+00
9.155569428750816030e-01 -1.819824218750000000e+00
9.216766484532445958e-01 -3.442871093750000000e+00
9.275841280238656950e-01 -2.655273437500000000e+00
9.328172692565930291e-01 -9.980468750000000000e-01
9.383558379416228057e-01 -1.593261718750000000e+00
9.442355367916368536e-01 -2.125000000000000000e+00
9.502970336022684705e-01 -1.521484375000000000e+00
9.568386686482295289e-01 -2.327148437500000000e+00
9.629167583064863756e-01 -3.602050781250000000e+00
9.693330968760593969e-01 -2.615722656250000000e+00
9.752440083727997866e-01 -1.615234375000000000e+00
9.807551388168551654e-01 -2.384765625000000000e+00
9.859786195563673417e-01 4.003906250000000000e-02
9.918975510415819485e-01 -1.129882812500000000e+00
9.980729667357421953e-01 -1.946289062500000000e+00
1.004572293270280969e+00 -2.470214843750000000e+00
1.010758164965358752e+00 -2.522460937500000000e+00
1.017142690296764407e+00 -2.329101562500000000e+00
1.022896723013820619e+00 -7.783203125000000000e-01
1.027901466293855925e+00 -5.019531250000000000e-01
1.033289848137077804e+00 -2.910156250000000000e-01
1.039596675844038476e+00 -2.107421875000000000e+00
1.045802929825109029e+00 -1.370117187500000000e+00
1.052300902566017271e+00 -1.717773437500000000e+00
1.058574556178317749e+00 -2.017578125000000000e+00
1.064701159048667023e+00 -2.973632812500000000e+00
1.070585503314198217e+00 2.299804687500000000e-01
1.075851514529749586e+00 -1.417968750000000000e+00
1.081525410951303279e+00 -1.158203125000000000e+00
1.087274949515374622e+00 -1.710937500000000000e+00
1.093344162708340672e+00 -5.981445312500000000e-01
1.099800921216915750e+00 1.894531250000000000e-01
1.105944324552505797e+00 -1.164062500000000000e+00
1.112320921778577887e+00 -1.448242187500000000e+00
1.118215666585268941e+00 -1.918945312500000000e+00
1.123741896274283114e+00 -1.471191406250000000e+00
1.128996981736526628e+00 2.099609375000000000e-01
1.134837836589973836e+00 -5.532226562500000000e-01
1.141012474511622354e+00 -7.451171875000000000e-01
1.147611488166399685e+00 -1.654785156250000000e+00
1.153621457471120770e+00 -2.652343750000000000e+00
1.160178732007902447e+00 -2.294921875000000000e-01
1.165941600573145998e+00 -9.736328125000000000e-01
1.171026019804836338e+00 -9.833984375000000000e-01
1.176328596060906673e+00 -1.288574218750000000e+00
1.182645191973094256e+00 -1.477539062500000000e+00
1.188840995448950277e+00 -1.675292968750000000e+00
1.195262822747717557e+00 4.931640625000000000e-01
1.201607118791688578e+00 8.837890625000000000e-01
1.207704182155125316e+00 -1.833007812500000000e+00
1.213496474408721770e+00 -1.806640625000000000e-01
1.218694503536206231e+00 4.882812500000000000e-01
1.224555738157664386e+00 -6.181640625000000000e-01
1.230314273290530558e+00 1.566406250000000000e+00
1.236372695064015481e+00 -3.408203125000000000e-01
1.242855543920263983e+00 -1.253906250000000000e+00
1.248997545632258621e+00 -3.623046875000000000e-01
1.255319108973157682e+00 -1.968750000000000000e+00
1.261318792225909480e+00 -3.950195312500000000e-01
1.266838700427866282e+00 -4.550781250000000000e-01
1.272025874233185583e+00 1.933593750000000000e-01
1.277773246431856968e+00 6.152343750000000000e-01
1.284167587286316081e+00 3.120117187500000000e-01
1.290651507440157886e+00 -1.650390625000000000e-01
1.296660831661387014e+00 5.566406250000000000e-01
1.303214544489995852e+00 4.775390625000000000e-01
1.308970284402616535e+00 -1.032226562500000000e+00
1.314056863371357409e+00 -6.054687500000000000e-02
1.319350773440977953e+00 -1.044921875000000000e-01
1.325691914307060237e+00 -1.245117187500000000e-01
1.331863155350980321e+00 1.933593750000000000e-01
1.338292132033056525e+00 5.097656250000000000e-01
1.344639867669574329e+00 7.626953125000000000e-01
1.350743016338369351e+00 1.025390625000000000e-01
1.356439491389282104e+00 9.863281250000000000e-01
1.361920052471650600e+00 -5.712890625000000000e-01
1.367602291991922847e+00 -7.675781250000000000e-01
1.373354862700466583e+00 1.127929687500000000e+00
1.379404214075580892e+00 6.069335937500000000e-01
1.385894521134282797e+00 1.085937500000000000e+00
1.392069345676267389e+00 -8.447265625000000000e-01
1.398392244246947858e+00 1.415039062500000000e+00
1.404240865275322214e+00 6.127929687500000000e-01
1.409849612182549450e+00 6.835937500000000000e-02
1.415054665921451793e+00 8.867187500000000000e-01
1.420808138748648197e+00 -1.095703125000000000e+00
1.427185737506912133e+00 -5.732421875000000000e-01
1.433747340630178613e+00 1.495117187500000000e+00
1.439700295840697031e+00 2.988281250000000000e-01
1.446199924085508126e+00 9.033203125000000000e-02
1.451960083092403320e+00 -3.964843750000000000e-01
1.457208809376419723e+00 2.958984375000000000e-01
1.462888382729395254e+00 1.530273437500000000e+00
1.468697529333256035e+00 2.373046875000000000e-01
1.474903070639662417e+00 -4.394531250000000000e-02
1.481300745729781987e+00 8.652343750000000000e-01
1.487600799328635759e+00 1.551757812500000000e+00
1.493811811357403485e+00 -5.751953125000000000e-01
1.499469751067480594e+00 -4.189453125000000000e-01
1.505565046068646495e+00 -3.842773437500000000e-01
1.510487046278564005e+00 8.251953125000000000e-02
1.516449205931528876e+00 1.103027343750000000e+00
1.522443962479261170e+00 8.134765625000000000e-01
1.528933709991356693e+00 1.206054687500000000e+00
1.535130322013005255e+00 -1.279296875000000000e-01
1.541395688869538816e+00 1.241210937500000000e+00
1.547479105152872236e+00 9.228515625000000000e-01
1.552832941856309823e+00 1.408203125000000000e+00
1.558095741738759088e+00 4.326171875000000000e-01
1.563733878413874567e+00 -4.541015625000000000e-01
1.570246994861332457e+00 4.570312500000000000e-01
1.576781232932079391e+00 4.277343750000000000e-01
1.582689298200698147e+00 1.811035156250000000e+00
1.589293342986507263e+00 9.472656250000000000e-02
1.594950390895496284e+00 1.117187500000000000e+00
1.600119236063010320e+00 1.416992187500000000e+00
1.605449742558518356e+00 1.279785156250000000e+00
1.611762574176498486e+00 -3.554687500000000000e-01
1.617979725125876289e+00 1.431152343750000000e+00
1.624270976306539715e+00 1.792968750000000000e+00
1.630635116786567806e+00 1.772460937500000000e-01
1.636848635120799145e+00 4.472656250000000000e-01
1.642438571980417539e+00 1.320312500000000000e+00
1.648595094038306286e+00 1.133300781250000000e+00
1.653519919193337184e+00 -9.335937500000000000e-01
1.659433577867128307e+00 1.054687500000000000e-01
1.665351611636101570e+00 1.675292968750000000e+00
1.671876509621638363e+00 1.671386718750000000e+00
1.678138099212068468e+00 8.764648437500000000e-01
1.684505850109284886e+00 9.443359375000000000e-01
1.690611609937159088e+00 -4.531250000000000000e-01
1.695933523334202331e+00 -1.275390625000000000e+00
1.701021880156319721e+00 4.497070312500000000e-01
1.706768929171918803e+00 -4.516601562500000000e-01
1.713286659853434646e+00 2.084960937500000000e-01
1.719773541287827889e+00 4.853515625000000000e-01
1.725654104854052573e+00 5.786132812500000000e-01
1.732331041261800486e+00 1.853515625000000000e+00
1.737979490807878946e+00 -2.265625000000000000e-01
1.743151437905298806e+00 9.765625000000000000e-03
1.748486070974719642e+00 -1.096679687500000000e+00
1.754777870151699837e+00 3.359375000000000000e-01
1.760982974434988080e+00 1.302734375000000000e+00
1.767335014371161250e+00 1.986328125000000000e+00
1.773737832563600847e+00 -3.603515625000000000e-01
1.779885444914356185e+00 6.474609375000000000e-01
1.785782735953382439e+00 -1.630859375000000000e-01
1.791625100600491294e+00 1.457519531250000000e+00
1.796552755499129628e+00 -7.475585937500000000e-01
1.802464804604638982e+00 1.103515625000000000e-01
1.808397058412333003e+00 1.841796875000000000e+00
1.815048627729370700e+00 9.272460937500000000e-01
1.821172391175045036e+00 1.430664062500000000e+00
1.827534569612775606e+00 1.140625000000000000e+00
1.833556742465573208e+00 3.476562500000000000e-01
1.838843237411360576e+00 -9.482421875000000000e-01
1.844141135915669416e+00 -6.328125000000000000e-01
1.849520494094864187e+00 3.437500000000000000e-01
1.856293655865408621e+00 1.218750000000000000e+00
1.862799818442978150e+00 3.427734375000000000e-01
1.868721351496074767e+00 2.724609375000000000e-01
1.875368653622586201e+00 -1.044921875000000000e-01
1.881008796564378471e+00 -1.649414062500000000e+00
1.886302139318098980e+00 1.084960937500000000e+00
1.891498367933635016e+00 -7.861328125000000000e-01
1.897835041191680006e+00 -6.303710937500000000e-01
1.904031524893903704e+00 -5.102539062500000000e-01
1.910403364866756881e+00 4.960937500000000000e-01
1.916770427191185178e+00 -3.359375000000000000e-01
1.922922341197221385e+00 1.914062500000000000e-01
1.928822127838777600e+00 -1.663085937500000000e+00
1.934667143514193999e+00 -1.066406250000000000e+00
1.939585555192303357e+00 -9.873046875000000000e-01
1.945512975060662786e+00 -8.574218750000000000e-01
1.951421848419518046e+00 1.596679687500000000e-01
1.958039468045858822e+00 1.108398437500000000e-01
1.964206726793767288e+00 -1.477539062500000000e+00
1.970574452934632959e+00 -1.074218750000000000e+00
1.976680141265214630e+00 5.458984375000000000e-01
1.981872522264033876e+00 3.994140625000000000e-01
1.987205085290729478e+00 2.529296875000000000e-01
1.992560508103739192e+00 7.128906250000000000e-02
1.999342145661026748e+00 0.000000000000000000e+00
2.005869336818829840e+00 -1.487304687500000000e+00
2.011810099189737855e+00 -4.042968750000000000e-01
2.018471348431499557e+00 -8.896484375000000000e-01
2.024038108221679622e+00 -2.165039062500000000e+00
2.029333192839652966e+00 -1.445312500000000000e-01
2.034514025016646244e+00 -9.628906250000000000e-01
2.040869836909219970e+00 -1.207519531250000000e+00
2.047069600762293273e+00 -2.329101562500000000e-01
2.053409509688024492e+00 -1.378417968750000000e+00
2.059805702940320060e+00 -1.064453125000000000e+00
2.065935999686758784e+00 -6.088867187500000000e-01
2.071861511342269591e+00 -2.294921875000000000e-02
2.077685189394820497e+00 -1.145019531250000000e+00
2.082212576235431989e+00 -3.022460937500000000e+00
2.088550646241599473e+00 -2.116210937500000000e+00
2.094458856338420105e+00 -7.900390625000000000e-01
2.101173199503523659e+00 -1.301757812500000000e+00
2.107245876072569857e+00 -8.867187500000000000e-01
2.113605945574780876e+00 -6.318359375000000000e-01
2.119634334601853354e+00 -1.970703125000000000e+00
2.124775793423744119e+00 -1.271484375000000000e+00
2.130237567461112924e+00 -2.642578125000000000e+00
2.135600513607019746e+00 -7.929687500000000000e-01
2.142381195743761069e+00 -2.163085937500000000e+00
2.148906858244697293e+00 -1.472656250000000000e+00
2.154850252431337765e+00 -9.262695312500000000e-01
2.161512629853983292e+00 -9.697265625000000000e-01
2.167067325815400736e+00 -8.251953125000000000e-01
2.172411210337119591e+00 -3.881835937500000000e-01
2.177543383298283786e+00 -1.382812500000000000e+00
2.183872823326780566e+00 -2.902343750000000000e+00
2.190105424269529699e+00 -2.523925781250000000e+00
2.196467712662960814e+00 -1.677734375000000000e+00
2.202836803209901717e+00 -1.986328125000000000e+00
2.208995892797787519e+00 -2.132812500000000000e+00
2.214848079644127665e+00 -3.307617187500000000e+00
2.220706979213004750e+00 -1.658203125000000000e+00
2.225163688755090519e+00 -2.958984375000000000e+00
2.231592891898142472e+00 -3.266601562500000000e+00
2.237500234727590964e+00 -3.667968750000000000e+00
2.244129526903812177e+00 -4.680664062500000000e+00
2.250275951459437707e+00 -2.218750000000000000e+00
2.256649644662818144e+00 -1.292968750000000000e+00
2.262848333722318639e+00 -2.556152343750000000e+00
2.268038919815987597e+00 -1.183593750000000000e+00
2.273273750549983152e+00 -3.331054687500000000e+00
2.278638740937709350e+00 -2.512695312500000000e+00
2.285387292498596512e+00 -2.894531250000000000e+00
2.291938566765998608e+00 -3.258789062500000000e+00
2.297936365289745986e+00 -1.319335937500000000e+00
2.304606417950959774e+00 -3.562500000000000000e+00
2.310182124708779483e+00 -2.853515625000000000e+00
2.315395364718819238e+00 -1.946289062500000000e+00
2.320595246482076934e+00 -4.387695312500000000e+00
2.326876011142118728e+00 -4.001953125000000000e+00
2.333139970014269871e+00 -2.919433593750000000e+00
2.339497063959679046e+00 -3.721679687500000000e+00
2.345868229111037095e+00 -2.795898437500000000e+00
2.352056230276634352e+00 -2.083007812500000000e+00
2.357885835894251159e+00 -4.242187500000000000e+00
2.363301991485615261e+00 -4.934082031250000000e+00
2.368293297157177513e+00 -5.066406250000000000e+00
2.374629557479891240e+00 -3.668945312500000000e+00
2.380590763887752814e+00 -3.673828125000000000e+00
2.387207751242663267e+00 -3.018066406250000000e+00
2.393315757892517937e+00 -4.518554687500000000e+00
2.399684805138665222e+00 -2.754394531250000000e+00
2.405713532257197862e+00 -4.335937500000000000e+00
2.410960416017637442e+00 -3.749023437500000000e+00
2.416302475566003416e+00 -3.597656250000000000e+00
2.421758677149443706e+00 -4.160156250000000000e+00
2.428443752723793203e+00 -3.984375000000000000e+00
2.434963846666756471e+00 -4.266113281250000000e+00
2.440980868489381006e+00 -3.985351562500000000e+00
2.447617916287259554e+00 -4.056152343750000000e+00
2.453275290490682270e+00 -4.206542968750000000e+00
2.458471451177135059e+00 -3.519042968750000000e+00
2.463648640666904921e+00 -5.477539062500000000e+00
2.469895476251365629e+00 -5.302734375000000000e+00
2.476146297374467231e+00 -5.188476562500000000e+00
2.482546638635938052e+00 -5.635253906250000000e+00
2.488898844987669889e+00 -3.828125000000000000e+00
2.495063586458813987e+00 -3.969238281250000000e+00
2.501035844818672693e+00 -3.503906250000000000e+00
2.506195238567561212e+00 -4.375000000000000000e+00
2.511333646434903422e+00 -4.552734375000000000e+00
2.517672994443526324e+00 -6.852539062500000000e+00
2.523659768087659572e+00 -5.589843750000000000e+00
2.530189232230728003e+00 -4.908203125000000000e+00
2.536312549987910003e+00 -4.880371093750000000e+00
2.542638844404559340e+00 -3.728027343750000000e+00
2.548554066368336812e+00 -4.818359375000000000e+00
2.554122931841516841e+00 -3.658203125000000000e+00
2.559339089830768188e+00 -5.899414062500000000e+00
2.564978799472843907e+00 -4.770996093750000000e+00
2.571469121094811072e+00 -4.657226562500000000e+00
2.578001229933249761e+00 -6.202148437500000000e+00
2.584026471573700690e+00 -5.254882812500000000e+00
2.590557425312595363e+00 -4.977539062500000000e+00
2.596273701598362571e+00 -4.034179687500000000e+00
2.601501583849855415e+00 -5.469238281250000000e+00
2.606656312726223668e+00 -5.377929687500000000e+00
2.612965948846063480e+00 -5.760253906250000000e+00
2.619195336807424113e+00 -6.365234375000000000e+00
2.625608066312811850e+00 -4.615234375000000000e+00
2.631929986497379304e+00 -5.631347656250000000e+00
2.638098656534525688e+00 -5.667480468750000000e+00
2.644019012228802534e+00 -5.875000000000000000e+00
2.649229758231631315e+00 -6.694335937500000000e+00
2.654507444020380635e+00 -5.354492187500000000e+00
2.660708411914781912e+00 -4.653320312500000000e+00
2.666750346443691910e+00 -5.782226562500000000e+00
2.673238423224352456e+00 -5.388183593750000000e+00
2.679379476979914632e+00 -5.709960937500000000e+00
2.685724407097866084e+00 -3.055664062500000000e+00
2.691688549717480949e+00 -5.662597656250000000e+00
2.697133755124193399e+00 -5.542968750000000000e+00
2.702340750043765283e+00 -5.976074218750000000e+00
2.708123285062279173e+00 -5.697265625000000000e+00
2.714510195763683242e+00 -5.614257812500000000e+00
2.721056834448642991e+00 -6.331542968750000000e+00
2.727054311018394905e+00 -5.588867187500000000e+00
2.733591735171198245e+00 -6.194824218750000000e+00
2.739305317289505659e+00 -5.325195312500000000e+00
2.744488385810649689e+00 -4.082031250000000000e+00
2.749736463365805683e+00 -7.015625000000000000e+00
2.755960451120443189e+00 -5.188964843750000000e+00
2.762260177762905666e+00 -7.601074218750000000e+00
2.768693744409643553e+00 -6.345214843750000000e+00
2.774972302582134898e+00 -6.154785156250000000e+00
2.781222290311575751e+00 -6.038574218750000000e+00
2.787117880644202295e+00 -5.201171875000000000e+00
2.792052561651033660e+00 -5.293457031250000000e+00
2.797414422646650856e+00 -7.239257812500000000e+00
2.803698379278898756e+00 -7.617187500000000000e+00
2.809775691354840177e+00 -5.034179687500000000e+00
2.816286326322547495e+00 -5.591796875000000000e+00
2.822702892934281671e+00 -6.305664062500000000e+00
2.828790385868475976e+00 -4.242187500000000000e+00
2.834827914710315255e+00 -5.666015625000000000e+00
2.840048369375885784e+00 -6.216796875000000000e+00
2.845371420293338005e+00 -5.491210937500000000e+00
2.851158336402400018e+00 -4.818359375000000000e+00
2.857524657910070154e+00 -6.390625000000000000e+00
2.864094225980477137e+00 -5.635742187500000000e+00
2.870138092138181385e+00 -6.856933593750000000e+00
2.876625616381310202e+00 -5.675781250000000000e+00
2.882337120409316888e+00 -6.255859375000000000e+00
2.887409964914086302e+00 -4.905273437500000000e+00
2.892776179235041489e+00 -7.168945312500000000e+00
2.898994419999906924e+00 -7.789062500000000000e+00
2.905281646568578680e+00 -7.293945312500000000e+00
2.911687640869017990e+00 -6.388671875000000000e+00
2.917936923527147286e+00 -7.403808593750000000e+00
2.924169490820772488e+00 -7.347656250000000000e+00
2.930036631898531141e+00 -5.772460937500000000e+00
2.935437997970995028e+00 -6.073730468750000000e+00
2.940583295223730520e+00 -6.354492187500000000e+00
2.946787409183996509e+00 -6.850585937500000000e+00
2.952760907285542302e+00 -6.375976562500000000e+00
2.959091346358459607e+00 -6.801757812500000000e+00
2.965445229486461720e+00 -7.440429687500000000e+00
2.971779902369150239e+00 -6.564453125000000000e+00
2.977698805729422027e+00 -6.188476562500000000e+00
2.983217668484099416e+00 -7.201660156250000000e+00
2.988371727085286089e+00 -7.396484375000000000e+00
2.994193503684905444e+00 -7.045898437500000000e+00
3.000575468316780903e+00 -5.464843750000000000e+00
3.007308043787448426e+00 -6.663085937500000000e+00
3.013203417970759190e+00 -6.275390625000000000e+00
3.019662770880635172e+00 -6.838867187500000000e+00
3.025305884460936401e+00 -7.820800781250000000e+00
3.030539210479434864e+00 -5.822265625000000000e+00
3.035806946513290860e+00 -6.640625000000000000e+00
3.042030354000997860e+00 -6.945312500000000000e+00
3.048341950418794966e+00 -6.776367187500000000e+00
3.054730927758460446e+00 -6.872070312500000000e+00
3.061023194232074474e+00 -7.008789062500000000e+00
3.067216418589481464e+00 -6.496093750000000000e+00
3.073137162204495620e+00 -6.168945312500000000e+00
3.078610915348092725e+00 -6.759765625000000000e+00
3.083747285218521483e+00 -6.874023437500000000e+00
3.089839237999365551e+00 -5.477539062500000000e+00
3.095860551740029720e+00 -5.204101562500000000e+00
3.102150479232619773e+00 -5.026367187500000000e+00
3.108514148755014972e+00 -7.382812500000000000e+00
3.114826356431839471e+00 -5.145507812500000000e+00
3.120844379562460968e+00 -6.602539062500000000e+00
3.126228812436417925e+00 -6.260742187500000000e+00
3.131462358966540904e+00 -7.038085937500000000e+00
3.137228586689993826e+00 -5.223632812500000000e+00
3.143593037287026881e+00 -6.532226562500000000e+00
3.150349277006712967e+00 -7.355468750000000000e+00
3.156238071163203429e+00 -6.339843750000000000e+00
3.162700012102098945e+00 -6.298828125000000000e+00
3.168336453563784350e+00 -7.021484375000000000e+00
3.173474575577829526e+00 -4.500976562500000000e+00
3.178844346173532287e+00 -6.026367187500000000e+00
3.185066474033773076e+00 -5.577148437500000000e+00
3.191367385995358852e+00 -5.494140625000000000e+00
3.197765189000306485e+00 -5.966796875000000000e+00
3.204045081156909447e+00 -7.181640625000000000e+00
3.210247012762251551e+00 -6.604492187500000000e+00
3.216176528707712645e+00 -5.721679687500000000e+00
3.221506080663504079e+00 -5.301269531250000000e+00
3.226659062957294655e+00 -6.556640625000000000e+00
3.232866549178395665e+00 -5.326171875000000000e+00
3.238896221125456165e+00 -6.702636718750000000e+00
3.245156174256831338e+00 -5.190917968750000000e+00
3.251526522582238066e+00 -5.367187500000000000e+00
3.257857751050286410e+00 -4.691406250000000000e+00
3.263884317402973689e+00 -5.856445312500000000e+00
3.269280812725879226e+00 -4.460449218750000000e+00
3.274461284109699388e+00 -4.916015625000000000e+00
3.280535249684142229e+00 -5.753906250000000000e+00
3.286627355436174902e+00 -5.882812500000000000e+00
3.293390608371369765e+00 -4.978515625000000000e+00
3.299497573771527748e+00 -4.891601562500000000e+00
3.305682871628974340e+00 -5.274414062500000000e+00
3.311301684905151532e+00 -4.787109375000000000e+00
3.316511173308943849e+00 -2.962890625000000000e+00
3.321889469472624423e+00 -6.541503906250000000e+00
3.328102479855841622e+00 -4.458007812500000000e+00
3.334397454620880552e+00 -6.179687500000000000e+00
3.340803831520275047e+00 -5.986328125000000000e+00
3.347074877036465779e+00 -5.168945312500000000e+00
3.353281834870299960e+00 -4.781250000000000000e+00
3.359149568275881848e+00 -4.703125000000000000e+00
3.364187333257249168e+00 -5.570800781250000000e+00
3.369697053085799698e+00 -3.208496093750000000e+00
3.375920593639273548e+00 -3.490234375000000000e+00
3.381942201426413774e+00 -6.047363281250000000e+00
3.388437666679924742e+00 -3.467773437500000000e+00
3.394843597818359093e+00 -5.037109375000000000e+00
3.400870245672110048e+00 -5.173339843750000000e+00
3.406737599824235296e+00 -5.505859375000000000e+00
3.412119049235769808e+00 -3.541992187500000000e+00
3.417458178569467542e+00 -4.597656250000000000e+00
3.423575255834983011e+00 -4.433593750000000000e+00
3.429723779870797351e+00 -3.944335937500000000e+00
3.436350182562851518e+00 -4.848632812500000000e+00
3.442533028839984688e+00 -4.261718750000000000e+00
3.448749345713426617e+00 -4.987304687500000000e+00
3.454322280788871602e+00 -5.966796875000000000e+00
3.459442355900521626e+00 -5.028320312500000000e+00
3.464924462213492262e+00 -4.255859375000000000e+00
3.471138571483278312e+00 -3.595703125000000000e+00
3.477436033516237757e+00 -3.185546875000000000e+00
3.483853733535757335e+00 -3.119140625000000000e+00
3.490126090572992279e+00 -4.742187500000000000e+00
3.496324468605293667e+00 -5.075683593750000000e+00
3.502039108885192764e+00 -3.186523437500000000e+00
3.507005445193751569e+00 -3.006835937500000000e+00
3.512616181637238988e+00 -2.044921875000000000e+00
3.518961181713928354e+00 -4.370117187500000000e+00
3.524985449023038342e+00 -3.309570312500000000e+00
3.531482655113173053e+00 -1.119140625000000000e+00
3.537633269230676447e+00 -5.034179687500000000e+00
3.543939216031419370e+00 -2.456542968750000000e+00
3.549790225308055547e+00 -4.162109375000000000e+00
3.555194993538911774e+00 -3.061523437500000000e+00
3.560520814528851385e+00 -3.069335937500000000e+00
3.566615271408188903e+00 -7.617187500000000000e-01
3.572756148873555304e+00 -3.452148437500000000e+00
3.579473064921872449e+00 -3.783203125000000000e+00
3.585568299615711219e+00 -4.505859375000000000e+00
3.591811855688823663e+00 -4.692382812500000000e+00
3.597352451765870818e+00 -2.754882812500000000e+00
3.602474704426115615e+00 -2.447265625000000000e+00
3.607965148520850818e+00 -4.619140625000000000e-01
3.614188456497610336e+00 -1.325683593750000000e+00
3.620476761926506803e+00 -1.464843750000000000e+00
3.626894778489618609e+00 -9.609375000000000000e-01
3.633156843819413506e+00 -2.622558593750000000e+00
3.639363240546358291e+00 -2.662109375000000000e+00
3.645072888558907653e+00 -1.582031250000000000e+00
3.650038433654369641e+00 -1.684570312500000000e+00
3.655656544622869042e+00 -1.474609375000000000e-01
3.662001876548709234e+00 -2.088867187500000000e+00
3.668003789031896389e+00 -5.859375000000000000e-03
3.674517399897700098e+00 -1.505859375000000000e+00
3.680672790213387557e+00 -2.720703125000000000e+00
3.686998158704096085e+00 -2.988281250000000000e-01
3.692886194932914812e+00 -6.230468750000000000e-01
3.698224359038299269e+00 -8.623046875000000000e-01
3.703550596092961111e+00 3.369140625000000000e-02
3.709369278069893916e+00 -5.068359375000000000e-01
3.715729923522993694e+00 -4.755859375000000000e-01
3.722351088846585832e+00 -5.429687500000000000e-01
3.728489959247659247e+00 -1.855468750000000000e-02
3.734848943598584547e+00 -7.578125000000000000e-01
3.740382732929972143e+00 7.041015625000000000e-01
3.745507039214701628e+00 -1.164062500000000000e+00
3.751009800434802255e+00 3.867187500000000000e-01
3.757248728566468632e+00 7.827148437500000000e-01
3.763513305335759895e+00 -2.216796875000000000e+00
3.769890177760057970e+00 6.513671875000000000e-01
3.776172786785280788e+00 1.938476562500000000e-01
3.782378964850027003e+00 -2.587890625000000000e-01
3.787951026349291261e+00 1.606445312500000000e+00
3.793505887175233404e+00 -5.556640625000000000e-01
3.798696725920561512e+00 1.012695312500000000e+00
3.805042378163159711e+00 8.007812500000000000e-02
3.811047903406420190e+00 7.753906250000000000e-01
3.817573987850032768e+00 1.610839843750000000e+00
3.823700767443181991e+00 7.387695312500000000e-01
3.830010902942292184e+00 1.761718750000000000e+00
3.835923599314090104e+00 7.138671875000000000e-01
3.841212466237919898e+00 8.837890625000000000e-01
3.846622008520775626e+00 2.968261718750000000e+00
3.852723302945922690e+00 3.291015625000000000e-01
3.858843689118471865e+00 3.622558593750000000e+00
3.865474017942720497e+00 1.813964843750000000e+00
3.871524901095531934e+00 3.198730468750000000e+00
3.877886218231245685e+00 2.578125000000000000e+00
3.883393093202002877e+00 1.552246093750000000e+00
3.888516416782075602e+00 3.360839843750000000e+00
3.894028383727815346e+00 3.293457031250000000e+00
3.900278254136923639e+00 2.728027343750000000e+00
3.906549789068772149e+00 3.056640625000000000e+00
3.912929727617406872e+00 1.564453125000000000e+00
3.919218236170670888e+00 2.193359375000000000e+00
3.925436349389741508e+00 3.173828125000000000e+00
3.931140564383504898e+00 1.810058593750000000e+00
3.936104355969543889e+00 9.794921875000000000e-01
3.941848740926032324e+00 6.080566406250000000e+00
3.948083086465738134e+00 3.331054687500000000e+00
3.954096708903339419e+00 2.094726562500000000e+00
3.960597220459708634e+00 3.193847656250000000e+00
3.966740924228173260e+00 3.083496093750000000e+00
3.973014742288759393e+00 1.024414062500000000e+00
3.978879038361308851e+00 2.612304687500000000e+00
3.984204085520453020e+00 2.986328125000000000e+00
3.989646874479671368e+00 3.604492187500000000e+00
3.995777802452028737e+00 4.196289062500000000e+00
4.001883609816828447e+00 3.424804687500000000e+00
4.008433758291608306e+00 4.439453125000000000e+00
4.014445279747848261e+00 2.467773437500000000e+00
4.020923379366243999e+00 4.208007812500000000e+00
4.026445619231049378e+00 3.307617187500000000e+00
4.031547374813961859e+00 3.895019531250000000e+00
4.037092959477702969e+00 4.649414062500000000e+00
4.043289952425943135e+00 4.898437500000000000e+00
4.049576794663986234e+00 4.421386718750000000e+00
4.055993653579457181e+00 4.491210937500000000e+00
4.062248975323562661e+00 5.104492187500000000e+00
4.068479531707693830e+00 4.026367187500000000e+00
4.074011119283640348e+00 5.159179687500000000e+00
4.079137189947029896e+00 5.650390625000000000e+00
4.084777365460721121e+00 5.726562500000000000e+00
4.091113762224519945e+00 5.827148437500000000e+00
4.097239418483473727e+00 5.700195312500000000e+00
4.103637094679248420e+00 7.504394531250000000e+00
4.109791795670711068e+00 5.557617187500000000e+00
4.116045964263284063e+00 5.091796875000000000e+00
4.121998534274287529e+00 5.350585937500000000e+00
4.127274626861179740e+00 8.844726562500000000e+00
4.132687573559193694e+00 8.564453125000000000e+00
4.138866645230116603e+00 6.082519531250000000e+00
4.144954686870146787e+00 6.651855468750000000e+00
4.151638053118036353e+00 5.541015625000000000e+00
4.157709941766820627e+00 5.769531250000000000e+00
4.163960627230657074e+00 4.469726562500000000e+00
4.169548870240700644e+00 4.705078125000000000e+00
4.174603863013019556e+00 8.096679687500000000e+00
4.180130108168485847e+00 7.096679687500000000e+00
4.186318744422274918e+00 8.573730468750000000e+00
4.192609439524781934e+00 6.464843750000000000e+00
4.199036843902972826e+00 7.797851562500000000e+00
4.205329263594282274e+00 6.977539062500000000e+00
4.211526758643172386e+00 4.855468750000000000e+00
4.217208196083056748e+00 6.895019531250000000e+00
4.222609722551969647e+00 6.416015625000000000e+00
4.227817723709702769e+00 7.777343750000000000e+00
4.234164423159052504e+00 8.384765625000000000e+00
4.240204153461341718e+00 6.941894531250000000e+00
4.246736791550052459e+00 7.506347656250000000e+00
4.252942826097092066e+00 7.983886718750000000e+00
4.259055804955821145e+00 8.102539062500000000e+00
4.264949724104051931e+00 7.889648437500000000e+00
4.270269713079308360e+00 8.958984375000000000e+00
4.275712469363630142e+00 9.138183593750000000e+00
4.281855223883429318e+00 8.658691406250000000e+00
4.287963427526661597e+00 8.756835937500000000e+00
4.294597723892326968e+00 8.567871093750000000e+00
4.300629780892327503e+00 7.238281250000000000e+00
4.306984423984236088e+00 8.106445312500000000e+00
4.312577688209725757e+00 8.059570312500000000e+00
4.317828979633299369e+00 9.112304687500000000e+00
4.323172107271928688e+00 9.349609375000000000e+00
4.329354425069722012e+00 1.045019531250000000e+01
4.335642142302200241e+00 8.699707031250000000e+00
4.342063536483433239e+00 8.983886718750000000e+00
4.348310439659506699e+00 9.407714843750000000e+00
4.354556888586798458e+00 7.266601562500000000e+00
4.359999049363234569e+00 8.759765625000000000e+00
4.365203203415401134e+00 7.680664062500000000e+00
4.370818841334511262e+00 9.412597656250000000e+00
4.377264619293963044e+00 8.928710937500000000e+00
4.383208201032207540e+00 7.455078125000000000e+00
4.389723124090246564e+00 9.065429687500000000e+00
4.395980126926838594e+00 7.566894531250000000e+00
4.402089491031617285e+00 7.839843750000000000e+00
4.407984971192898449e+00 7.989746093750000000e+00
4.413302455663490775e+00 8.576171875000000000e+00
4.418742333819086987e+00 1.077880859375000000e+01
4.424707430230006899e+00 8.699707031250000000e+00
4.431003424415208336e+00 9.799316406250000000e+00
4.437464594343579094e+00 8.018554687500000000e+00
4.443536823207354658e+00 9.910644531250000000e+00
4.449955149052998493e+00 9.069824218750000000e+00
4.455645916360650105e+00 9.125000000000000000e+00
4.460859838275604616e+00 9.747070312500000000e+00
4.466415669199593985e+00 9.765136718750000000e+00
