#Time Flux
-7.884249079048206710e-01 -1.003906250000000000e+00
-7.852471994497776109e-01 -3.164062500000000000e-01
-7.820550703073685384e-01 -7.421875000000000000e-01
-7.789751115780099155e-01 1.082031250000000000e+00
-7.758638938082356162e-01 -4.687500000000000000e-01
-7.726030834871906450e-01 -3.476562500000000000e+00
-7.694788285527707217e-01 1.554687500000000000e+00
-7.663154029016645552e-01 -2.679687500000000000e+00
-7.633442360229700796e-01 -5.007812500000000000e+00
-7.599975333962021296e-01 -1.000000000000000000e+00
-7.569142931891548187e-01 -1.515625000000000000e+00
-7.536789151270557596e-01 -2.039062500000000000e+00
-7.506425725231888890e-01 -1.457031250000000000e+00
-7.472711116050554381e-01 -1.515625000000000000e+00
-7.441632744032418145e-01 -3.906250000000000000e+00
-7.409962881344434038e-01 -2.355468750000000000e+00
-7.379642046105949760e-01 -2.101562500000000000e+00
-7.347819006659648267e-01 -3.375000000000000000e+00
-7.315653102536252561e-01 -5.167968750000000000e+00
-7.284589836904924454e-01 -2.597656250000000000e+00
-7.252389234294138731e-01 -7.382812500000000000e-01
-7.222415270303983448e-01 -4.953125000000000000e+00
-7.188645486451932243e-01 -3.109375000000000000e+00
-7.158092781548823780e-01 -1.875000000000000000e-01
-7.125253488810159297e-01 -9.375000000000000000e-01
-7.095972999892303790e-01 -5.046875000000000000e+00
-7.062611066635735568e-01 -3.015625000000000000e+00
-7.030981577120680726e-01 -5.371093750000000000e+00
-6.999636869373837555e-01 -1.695312500000000000e+00
-6.967025550943617418e-01 -5.234375000000000000e-01
-6.934783005338864825e-01 -2.742187500000000000e+00
-6.903888149294381549e-01 -1.585937500000000000e+00
-6.872236360636883035e-01 -3.992187500000000000e+00
-6.841225266217794143e-01 -1.230468750000000000e+00
-6.811650026714772821e-01 -2.078125000000000000e+00
-6.779340317396673754e-01 -1.093750000000000000e-01
-6.748791815415948747e-01 -1.273437500000000000e+00
-6.714771824609400142e-01 -1.390625000000000000e+00
-6.685889906383550851e-01 -2.562500000000000000e+00
-6.652599699376189335e-01 -2.335937500000000000e+00
-6.621791704854338434e-01 -2.375000000000000000e+00
-6.588699243079236822e-01 -2.652343750000000000e+00
-6.556640488043168347e-01 -3.750000000000000000e-01
-6.525298535570449587e-01 -4.777343750000000000e+00
-6.494303662341280869e-01 -1.945312500000000000e+00
-6.460483161225774040e-01 -1.226562500000000000e+00
-6.431766143522246182e-01 -2.046875000000000000e+00
-6.399469599695066790e-01 -2.343750000000000000e+00
-6.367333036471585217e-01 0.000000000000000000e+00
-6.337864054911150902e-01 -2.492187500000000000e+00
-6.304504702572053532e-01 1.679687500000000000e+00
-6.274885323547287896e-01 -3.921875000000000000e+00
-6.241347485615840185e-01 -8.007812500000000000e-01
-6.209544550091727899e-01 -4.125000000000000000e+00
-6.177055768674080127e-01 -2.500000000000000000e+00
-6.145755062807882751e-01 1.628906250000000000e+00
-6.113331541570143912e-01 -1.417968750000000000e+00
-6.083852836208514248e-01 -3.328125000000000000e+00
-6.050943943287503402e-01 -2.968750000000000000e-01
-6.020371591509192655e-01 1.628906250000000000e+00
-5.990351358384593539e-01 -1.570312500000000000e+00
-5.957382922776410794e-01 -4.031250000000000000e+00
-5.928014199374285198e-01 -3.949218750000000000e+00
-5.894138909723398712e-01 -1.875000000000000000e+00
-5.863181435703701538e-01 -5.101562500000000000e+00
-5.830942873755482481e-01 -1.031250000000000000e+00
-5.799044225839367073e-01 -4.343750000000000000e+00
-5.766378272036583041e-01 -4.117187500000000000e+00
-5.735995125092436808e-01 -2.742187500000000000e+00
-5.703283550651399025e-01 -2.726562500000000000e+00
-5.673176600705041039e-01 -4.804687500000000000e+00
-5.640375169235660735e-01 -1.398437500000000000e+00
-5.608987389647133170e-01 -5.093750000000000000e+00
-5.578712383671984298e-01 -1.117187500000000000e+00
-5.546284637541702978e-01 -1.281250000000000000e+00
-5.515608266621505607e-01 1.062500000000000000e+00
-5.482759247003841097e-01 7.734375000000000000e-01
-5.451265851054323264e-01 -2.777343750000000000e+00
-5.420193631335870066e-01 -2.000000000000000000e+00
-5.388881382418766464e-01 -2.515625000000000000e+00
-5.355228732270163050e-01 -1.937500000000000000e+00
-5.326428691724025555e-01 -2.281250000000000000e+00
-5.293185536807563096e-01 -2.343750000000000000e-02
-5.261425524719971492e-01 -2.464843750000000000e+00
-5.228913620212765068e-01 -1.562500000000000000e-02
-5.196958280549495157e-01 -3.695312500000000000e+00
-5.166960645123257478e-01 -9.531250000000000000e-01
-5.135829891975909334e-01 -1.843750000000000000e+00
-5.104400355063205552e-01 1.156250000000000000e+00
-5.072946318552951084e-01 2.117187500000000000e+00
-5.042062032318561648e-01 5.000000000000000000e-01
-5.010298931729231242e-01 -3.789062500000000000e+00
-4.979680767176546397e-01 -1.203125000000000000e+00
-4.945984202221431758e-01 -8.359375000000000000e-01
-4.914648989094576592e-01 -6.015625000000000000e-01
-4.881411563428894596e-01 -1.281250000000000000e+00
-4.850881581595949399e-01 -4.257812500000000000e+00
-4.818750558698834396e-01 -2.410156250000000000e+00
-4.786964675731368857e-01 -3.871093750000000000e+00
-4.755620290731581434e-01 -1.195312500000000000e+00
-4.724489997564269572e-01 -3.562500000000000000e+00
-4.693356831348154401e-01 1.906250000000000000e+00
-4.661950819348064101e-01 -9.218750000000000000e-01
-4.629529964811478493e-01 -2.656250000000000000e+00
-4.598251702065851987e-01 -8.437500000000000000e-01
-4.567476299361175052e-01 4.687500000000000000e-02
-4.533728463609740800e-01 -5.625000000000000000e-01
-4.504096424273740240e-01 -1.390625000000000000e+00
-4.471806668660160966e-01 2.148437500000000000e-01
-4.440722029941213123e-01 3.164062500000000000e-01
-4.407690249489455425e-01 -1.210937500000000000e+00
-4.376657752039250227e-01 2.894531250000000000e+00
-4.345129834850105510e-01 8.320312500000000000e-01
-4.314565142447612800e-01 -3.085937500000000000e+00
-4.282739554087839906e-01 -5.859375000000000000e-03
-4.250588129074959198e-01 7.734375000000000000e-01
-4.219584373255056420e-01 1.808593750000000000e+00
-4.187394752683655241e-01 4.062500000000000000e-01
-4.157368207385090386e-01 5.023437500000000000e+00
-4.123706724040481220e-01 -9.375000000000000000e-01
-4.093026210914452179e-01 2.187500000000000000e-01
-4.059956176108698855e-01 1.105468750000000000e+00
-4.030291035517929998e-01 5.539062500000000000e+00
-3.997608842242197369e-01 2.503906250000000000e+00
-3.965834089106490268e-01 1.394531250000000000e+00
-3.933449275318370297e-01 -2.382812500000000000e-01
-3.901099936989673722e-01 -2.718750000000000000e+00
-3.869635592799234303e-01 2.687500000000000000e+00
-3.839307023083975423e-01 2.048828125000000000e+00
-3.807277235618347078e-01 9.375000000000000000e-01
-3.776146738565717698e-01 4.652343750000000000e+00
-3.746218420327664944e-01 2.375000000000000000e+00
-3.714767246140411316e-01 5.304687500000000000e+00
-3.683987055191995097e-01 2.433593750000000000e+00
-3.649610349003253873e-01 2.328125000000000000e+00
-3.621123958668519549e-01 3.855468750000000000e+00
-3.587380332485139434e-01 3.570312500000000000e+00
-3.555203980894159344e-01 7.285156250000000000e+00
-3.523675686160050446e-01 1.140625000000000000e+00
-3.491371892369166119e-01 5.671875000000000000e+00
-3.460298622021049653e-01 4.347656250000000000e+00
-3.429278528335082399e-01 2.234375000000000000e+00
-3.395441757255674986e-01 4.382812500000000000e+00
-3.366663452778730914e-01 4.265625000000000000e+00
-3.335429561644183138e-01 6.960937500000000000e+00
-3.302135206985781224e-01 6.378906250000000000e+00
-3.272357627929487478e-01 6.078125000000000000e+00
-3.239477405810653465e-01 3.726562500000000000e+00
-3.210049930393559237e-01 5.490234375000000000e+00
-3.176844091295318862e-01 9.421875000000000000e+00
-3.143723520525583126e-01 1.039843750000000000e+01
-3.112259010362059541e-01 1.191406250000000000e+00
-3.080610380416146654e-01 5.527343750000000000e+00
-3.048330497082272217e-01 4.050781250000000000e+00
-3.018360041151630924e-01 1.929687500000000000e+00
-2.985725995027870283e-01 8.164062500000000000e+00
-2.955384285127919952e-01 8.812500000000000000e+00
-2.924951930710868453e-01 5.812500000000000000e+00
-2.892319907937466184e-01 7.175781250000000000e+00
-2.862271013760970817e-01 7.984375000000000000e+00
-2.828489589523606185e-01 6.753906250000000000e+00
-2.797766695081218558e-01 7.449218750000000000e+00
-2.765602104212838697e-01 5.468750000000000000e+00
-2.733967124274983007e-01 8.125000000000000000e+00
-2.702297700946907355e-01 4.242187500000000000e+00
-2.670673195087793772e-01 1.196875000000000000e+01
-2.638017733562438849e-01 9.992187500000000000e+00
-2.608435092941743250e-01 8.550781250000000000e+00
-2.575502018286854877e-01 9.957031250000000000e+00
-2.543165964036404603e-01 7.832031250000000000e+00
-2.514048550705556551e-01 5.460937500000000000e+00
-2.480272232208502459e-01 7.925781250000000000e+00
-2.449104454750923310e-01 1.056640625000000000e+01
-2.417590300101117862e-01 1.107031250000000000e+01
-2.386063101328765867e-01 7.156250000000000000e+00
-2.355346837774909829e-01 9.082031250000000000e+00
-2.323685086152842416e-01 1.328515625000000000e+01
-2.290245947247235847e-01 9.742187500000000000e+00
-2.261320434647320354e-01 1.142187500000000000e+01
-2.228071727836073990e-01 1.105468750000000000e+01
-2.196656659274616175e-01 1.214843750000000000e+01
-2.163554455390386266e-01 7.761718750000000000e+00
-2.131999013098351270e-01 9.210937500000000000e+00
-2.102211286374746635e-01 9.468750000000000000e+00
-2.070310890872306686e-01 1.189843750000000000e+01
-2.039111043464512107e-01 1.478906250000000000e+01
-2.008297051145628842e-01 1.125390625000000000e+01
-1.976558268009025454e-01 1.353125000000000000e+01
-1.945742598926472056e-01 9.921875000000000000e+00
-1.913547599597684723e-01 1.118750000000000000e+01
-1.880999682270036999e-01 1.171093750000000000e+01
-1.850100161379693020e-01 1.705468750000000000e+01
-1.816454717289950338e-01 1.467968750000000000e+01
-1.785540685333941724e-01 1.753125000000000000e+01
-1.753809331465028265e-01 1.295312500000000000e+01
-1.722079354588395006e-01 1.476562500000000000e+01
-1.690489163597312938e-01 1.544531250000000000e+01
-1.659178896643709322e-01 1.519531250000000000e+01
-1.627416540737129935e-01 1.558593750000000000e+01
-1.597793446775241932e-01 1.270312500000000000e+01
-1.564314499613566056e-01 1.695312500000000000e+01
-1.532883828025450867e-01 1.735156250000000000e+01
-1.502851926236861146e-01 1.635546875000000000e+01
-1.470146468584090371e-01 1.626562500000000000e+01
-1.440374282136076545e-01 1.749218750000000000e+01
-1.406846730386046573e-01 1.821484375000000000e+01
-1.375298600867651544e-01 1.937500000000000000e+01
-1.342668147761791886e-01 1.730078125000000000e+01
-1.312211410303838477e-01 2.289062500000000000e+01
-1.280020989125105757e-01 1.562500000000000000e+01
-1.249486813938496255e-01 1.688281250000000000e+01
-1.217537832693835753e-01 2.089062500000000000e+01
-1.185503288637690389e-01 2.196093750000000000e+01
-1.153630515321797390e-01 2.200390625000000000e+01
-1.122031037873192361e-01 1.660156250000000000e+01
-1.091607620659900135e-01 1.734375000000000000e+01
-1.058861800578476675e-01 1.964453125000000000e+01
-1.027798667324564263e-01 2.062890625000000000e+01
-9.956817002235496261e-02 1.963281250000000000e+01
-9.653131337775811005e-02 1.978515625000000000e+01
-9.326047933295278369e-02 2.264062500000000000e+01
-9.006714792572267925e-02 2.015625000000000000e+01
-8.683587406263804098e-02 1.928125000000000000e+01
-8.353665764660078707e-02 2.090625000000000000e+01
-8.045922652613413106e-02 1.945312500000000000e+01
-7.736800854528169680e-02 2.167968750000000000e+01
-7.420982047215574084e-02 2.737500000000000000e+01
-7.109700245607442071e-02 2.225781250000000000e+01
-6.806326502931625555e-02 2.245312500000000000e+01
-6.494313034269083573e-02 2.062890625000000000e+01
-6.182249052623234320e-02 2.432812500000000000e+01
-5.844487531982878181e-02 2.351562500000000000e+01
-5.553131006015021853e-02 2.083203125000000000e+01
-5.222868897020305212e-02 2.685937500000000000e+01
-4.902095272233530920e-02 2.469140625000000000e+01
-4.583665354783406087e-02 2.410937500000000000e+01
-4.264163655809127818e-02 2.662500000000000000e+01
-3.952982061395360347e-02 2.425781250000000000e+01
-3.642517341271300779e-02 2.619531250000000000e+01
-3.309813516093740304e-02 2.586718750000000000e+01
-3.009344708940986379e-02 2.643750000000000000e+01
-2.703741529836278801e-02 2.342187500000000000e+01
-2.370745974039678572e-02 2.713281250000000000e+01
-2.070874148350299038e-02 2.847656250000000000e+01
-1.747819638051595348e-02 2.317187500000000000e+01
-1.428522461787551379e-02 2.744531250000000000e+01
-1.114186702728403588e-02 2.518750000000000000e+01
-7.924271260845827669e-03 2.425000000000000000e+01
-4.720443108791272380e-03 2.639843750000000000e+01
-1.539587495765104563e-03 3.074609375000000000e+01
1.788658777076790329e-03 2.498437500000000000e+01
4.714918282132884997e-03 2.953906250000000000e+01
7.963656578649391804e-03 2.687500000000000000e+01
1.100083979647870080e-02 2.701562500000000000e+01
1.403689316578216051e-02 3.089843750000000000e+01
1.739778858828344710e-02 2.831250000000000000e+01
2.044846702486324830e-02 2.908593750000000000e+01
2.367501536909699666e-02 2.539062500000000000e+01
2.684053006728959190e-02 3.086718750000000000e+01
2.994035989615539961e-02 2.816406250000000000e+01
3.314255041480151931e-02 2.956250000000000000e+01
3.637420652666989440e-02 3.067968750000000000e+01
3.949362083806562396e-02 3.058593750000000000e+01
4.273172777495304331e-02 2.753515625000000000e+01
4.565123999405606980e-02 2.950781250000000000e+01
4.899447733390260851e-02 3.259375000000000000e+01
5.225775792234621520e-02 3.447265625000000000e+01
5.541456157052593312e-02 2.906250000000000000e+01
5.859975742847467473e-02 3.050000000000000000e+01
6.167848418062149563e-02 3.167968750000000000e+01
6.474498366882031064e-02 3.343750000000000000e+01
6.792292300528401938e-02 3.351171875000000000e+01
7.095956187013641170e-02 2.968750000000000000e+01
7.411908972138014917e-02 3.284765625000000000e+01
7.747362109774513783e-02 3.172656250000000000e+01
8.040441499325723385e-02 2.966406250000000000e+01
8.385449968923808228e-02 2.858593750000000000e+01
8.690614961467169053e-02 3.404687500000000000e+01
9.020693965158521621e-02 3.207031250000000000e+01
9.334634781076900367e-02 3.235937500000000000e+01
9.649570370095617022e-02 3.773437500000000000e+01
9.961639534538413443e-02 3.208984375000000000e+01
1.027649157958823167e-01 3.233984375000000000e+01
1.058027949708275628e-01 3.381250000000000000e+01
1.089663378812986139e-01 3.407812500000000000e+01
1.121579264229577433e-01 3.394140625000000000e+01
1.150524491388971171e-01 3.247656250000000000e+01
1.184699954348999995e-01 3.426171875000000000e+01
1.215891527221977242e-01 3.387500000000000000e+01
1.248745424936448245e-01 3.304296875000000000e+01
1.279338172056743161e-01 3.386328125000000000e+01
1.311336670113210090e-01 3.442968750000000000e+01
1.343159845131332020e-01 3.272656250000000000e+01
1.375119794640617954e-01 3.561328125000000000e+01
1.406151203804277827e-01 3.246484375000000000e+01
1.438375653527295128e-01 3.467187500000000000e+01
1.470135662131735188e-01 3.308593750000000000e+01
1.500755237517559237e-01 3.330468750000000000e+01
1.532576572356809663e-01 3.632226562500000000e+01
1.563669447024764736e-01 3.548437500000000000e+01
1.596277441515283613e-01 3.379687500000000000e+01
1.628384267468945268e-01 3.399218750000000000e+01
1.659140491849804278e-01 3.230468750000000000e+01
1.690128244521069689e-01 3.430078125000000000e+01
1.722572576592291682e-01 3.914062500000000000e+01
1.753753778569944188e-01 3.628125000000000000e+01
1.785603335526388946e-01 3.779687500000000000e+01
1.816524742910559098e-01 3.684375000000000000e+01
1.847566319134728019e-01 3.546875000000000000e+01
1.881526030969826735e-01 3.527734375000000000e+01
1.912992736528629223e-01 3.505078125000000000e+01
1.943409731209992941e-01 3.680859375000000000e+01
1.974666554183990286e-01 3.907031250000000000e+01
2.006724679921472188e-01 3.779296875000000000e+01
2.037457216857241349e-01 3.533593750000000000e+01
2.070084852713733881e-01 3.946875000000000000e+01
2.099663931518680471e-01 3.542968750000000000e+01
2.133182002956424128e-01 3.919531250000000000e+01
2.164463678494463750e-01 3.612500000000000000e+01
2.197699967869493065e-01 3.818750000000000000e+01
2.229075243148130880e-01 3.556640625000000000e+01
2.260244740956629528e-01 3.791406250000000000e+01
2.291707540297878154e-01 3.542187500000000000e+01
2.323902995777018532e-01 3.895312500000000000e+01
2.354423827487632792e-01 3.817578125000000000e+01
2.384531453097835652e-01 3.742968750000000000e+01
2.415582606601418547e-01 3.997656250000000000e+01
2.447562425940326136e-01 3.708593750000000000e+01
2.481455883945962171e-01 3.859375000000000000e+01
2.510237225654705639e-01 3.689843750000000000e+01
2.543673184034123125e-01 3.674218750000000000e+01
2.574784009385755468e-01 3.793359375000000000e+01
2.606565300719161371e-01 3.796093750000000000e+01
2.638739891066848031e-01 3.537890625000000000e+01
2.670479025773477844e-01 4.089453125000000000e+01
2.701342537596325144e-01 3.495703125000000000e+01
2.734562341940609542e-01 3.405078125000000000e+01
2.764835181607079306e-01 3.962890625000000000e+01
2.795903642050916460e-01 3.659375000000000000e+01
2.828638632477886716e-01 3.809375000000000000e+01
2.858713935909591441e-01 3.554687500000000000e+01
2.891317289424755188e-01 3.374218750000000000e+01
2.921445595221587865e-01 3.463671875000000000e+01
2.954280077779998237e-01 3.753906250000000000e+01
2.986421658087436981e-01 4.057812500000000000e+01
3.018613442752560161e-01 4.038281250000000000e+01
3.049645847137476551e-01 3.657031250000000000e+01
3.082376362414063209e-01 3.739062500000000000e+01
3.112079732702284218e-01 3.478125000000000000e+01
3.144657748157655419e-01 3.572656250000000000e+01
3.176196921055449707e-01 3.539062500000000000e+01
3.205522753147427295e-01 3.827343750000000000e+01
3.239014483979509862e-01 3.721093750000000000e+01
3.269978441128049695e-01 3.713671875000000000e+01
3.302724689999081420e-01 3.585937500000000000e+01
3.333896853917401870e-01 3.664843750000000000e+01
3.364737498956724693e-01 3.844531250000000000e+01
3.396400033336490765e-01 3.752343750000000000e+01
3.427639244827425102e-01 3.795703125000000000e+01
3.459196302438876103e-01 3.359765625000000000e+01
3.492313670605682319e-01 3.926562500000000000e+01
3.522166388191259045e-01 3.736718750000000000e+01
3.555489827995366170e-01 3.490625000000000000e+01
3.587673914345241855e-01 3.854296875000000000e+01
3.619172080097108335e-01 3.967187500000000000e+01
3.650969374698078695e-01 3.285937500000000000e+01
3.681193549040653323e-01 3.556640625000000000e+01
3.712775873515514746e-01 3.592578125000000000e+01
3.744118329073913287e-01 3.524218750000000000e+01
3.774553954743886663e-01 3.748437500000000000e+01
3.806449943839567140e-01 3.584375000000000000e+01
3.838754871580807304e-01 3.389062500000000000e+01
3.869796295171763489e-01 3.385156250000000000e+01
3.903893833369025401e-01 3.353906250000000000e+01
3.933846737572750385e-01 3.521093750000000000e+01
3.966501280748797598e-01 3.499218750000000000e+01
3.998483946198163608e-01 3.371093750000000000e+01
4.030355050115375093e-01 3.398437500000000000e+01
4.061202130475685124e-01 3.414843750000000000e+01
4.092708238525961661e-01 3.622265625000000000e+01
4.123661997498366816e-01 3.402343750000000000e+01
4.154296912401278519e-01 3.466406250000000000e+01
4.186367335205538609e-01 3.385937500000000000e+01
4.215594108533764484e-01 3.387890625000000000e+01
4.249568591343049206e-01 3.210156250000000000e+01
4.281264079947391110e-01 3.345312500000000000e+01
4.313823829188283554e-01 3.505859375000000000e+01
4.344337532623079312e-01 3.410937500000000000e+01
4.376446070149881962e-01 3.376562500000000000e+01
4.408226092183316069e-01 3.084765625000000000e+01
4.440169433248506436e-01 3.412890625000000000e+01
4.471040288353549386e-01 3.003906250000000000e+01
4.503461168959717043e-01 3.191406250000000000e+01
4.535363385253390334e-01 3.079687500000000000e+01
4.565987090525087666e-01 3.266015625000000000e+01
4.598169247423573580e-01 3.446484375000000000e+01
4.628762750476145271e-01 3.126562500000000000e+01
4.661579310035897095e-01 3.244531250000000000e+01
4.693404042080704386e-01 3.280468750000000000e+01
4.724299492757246810e-01 3.389843750000000000e+01
4.755396344419740018e-01 3.049609375000000000e+01
4.787486487449577055e-01 3.360937500000000000e+01
4.818563891801872501e-01 2.909375000000000000e+01
4.850840721486218143e-01 3.282812500000000000e+01
4.881446700322129573e-01 2.976562500000000000e+01
4.912335053697916010e-01 3.057812500000000000e+01
4.946027347109307470e-01 2.796875000000000000e+01
4.978082607980702790e-01 2.990234375000000000e+01
5.008697430879678336e-01 2.975781250000000000e+01
5.039826666047328985e-01 3.162109375000000000e+01
5.071437873308664024e-01 2.875781250000000000e+01
5.103007503788248300e-01 2.819531250000000000e+01
5.135711509077083292e-01 3.164062500000000000e+01
5.165159317952969786e-01 2.977343750000000000e+01
5.198279175180147149e-01 2.389062500000000000e+01
5.229699774373379739e-01 2.660156250000000000e+01
5.262838265096583257e-01 2.779687500000000000e+01
5.294747642206445448e-01 2.875781250000000000e+01
5.325183279184209084e-01 3.085156250000000000e+01
5.356742417442958981e-01 2.398437500000000000e+01
5.388790233939833030e-01 2.629296875000000000e+01
5.419669064378958012e-01 2.628906250000000000e+01
5.449603671295477625e-01 2.692968750000000000e+01
5.480696914055798175e-01 2.508593750000000000e+01
5.512623042513062899e-01 2.573437500000000000e+01
5.545950183528702837e-01 2.635937500000000000e+01
5.576096069102760566e-01 2.557812500000000000e+01
5.608160785803981696e-01 2.245703125000000000e+01
5.640593433534668577e-01 2.309375000000000000e+01
5.671393466541712058e-01 2.571875000000000000e+01
5.703850776079839591e-01 2.018750000000000000e+01
5.735876838030868896e-01 2.644531250000000000e+01
5.766619050881374164e-01 2.212500000000000000e+01
5.799361910972677947e-01 2.323828125000000000e+01
5.829954990859871344e-01 2.598046875000000000e+01
5.861193586918265197e-01 2.280078125000000000e+01
5.893340766783872198e-01 1.974609375000000000e+01
5.923558106177466698e-01 2.041406250000000000e+01
5.956416144196161611e-01 2.228125000000000000e+01
5.987136965881276751e-01 2.062890625000000000e+01
6.019365104899492280e-01 1.911718750000000000e+01
6.051441852627963414e-01 2.007421875000000000e+01
6.083719089512626965e-01 2.125781250000000000e+01
6.114992650326307455e-01 2.133203125000000000e+01
6.147710646942137203e-01 2.143750000000000000e+01
6.177660121985670827e-01 1.769531250000000000e+01
6.209663604709234619e-01 1.883593750000000000e+01
6.240737301174092977e-01 2.246093750000000000e+01
6.271666081590403508e-01 1.822656250000000000e+01
6.304064614387172583e-01 1.687500000000000000e+01
6.335269158656906541e-01 1.610937500000000000e+01
6.368425009035973972e-01 1.730468750000000000e+01
6.398818936839241189e-01 1.627343750000000000e+01
6.429453775243239022e-01 2.132812500000000000e+01
6.461352038651249075e-01 1.971875000000000000e+01
6.493176865263592390e-01 1.669921875000000000e+01
6.525200973978186880e-01 1.475000000000000000e+01
6.557129810594819475e-01 1.646484375000000000e+01
6.587283093083975416e-01 1.701562500000000000e+01
6.620624450370264924e-01 1.626171875000000000e+01
6.652740746608571953e-01 1.780468750000000000e+01
6.684314942309352858e-01 1.400000000000000000e+01
6.714756928953349302e-01 1.437500000000000000e+01
6.746678536430739115e-01 1.614062500000000000e+01
6.778041018985394572e-01 1.431250000000000000e+01
6.809175585318385515e-01 1.520312500000000000e+01
6.841544792196181390e-01 1.434375000000000000e+01
6.871664842957798669e-01 1.296875000000000000e+01
6.904699888790517548e-01 1.520312500000000000e+01
6.936425825010612556e-01 1.386718750000000000e+01
6.968535092298857592e-01 1.479687500000000000e+01
6.999612511237582879e-01 1.288281250000000000e+01
7.030828403385172010e-01 1.248437500000000000e+01
7.063138997751572390e-01 1.117968750000000000e+01
7.095270968713460746e-01 1.159375000000000000e+01
7.125838716752088686e-01 8.566406250000000000e+00
7.157149938321190064e-01 1.083203125000000000e+01
7.188868743648431092e-01 1.085156250000000000e+01
7.219280194400852224e-01 1.089062500000000000e+01
7.251829199902104506e-01 1.022265625000000000e+01
7.281694277934995796e-01 1.503125000000000000e+01
7.315131944045578649e-01 1.096484375000000000e+01
7.346828374447404997e-01 1.306640625000000000e+01
7.378795522504084659e-01 8.570312500000000000e+00
7.410507734151856596e-01 7.523437500000000000e+00
7.441534698277472160e-01 9.636718750000000000e+00
7.472898325429078170e-01 1.045312500000000000e+01
7.505806929213747480e-01 7.554687500000000000e+00
7.536009009678927839e-01 7.910156250000000000e+00
7.568352291785380714e-01 9.843750000000000000e+00
7.600459197088298424e-01 6.492187500000000000e+00
7.630875888055346223e-01 4.050781250000000000e+00
7.663183976132348363e-01 4.128906250000000000e+00
7.693535369727939610e-01 6.390625000000000000e+00
7.727036376275986385e-01 8.355468750000000000e+00
7.758560916688672648e-01 4.390625000000000000e+00
7.789822274403306324e-01 9.648437500000000000e+00
7.820711147080885439e-01 6.796875000000000000e-01
7.853092833678232410e-01 4.812500000000000000e+00
7.883030600074576455e-01 9.187500000000000000e+00
7.915917048920508847e-01 2.480468750000000000e+00
7.946835556130356082e-01 4.375000000000000000e+00
7.977774331680791420e-01 4.562500000000000000e+00
8.011017582325408171e-01 4.093750000000000000e+00
8.041603682943971876e-01 3.671875000000000000e+00
8.074183122640654631e-01 1.171875000000000000e-01
8.104931399142074611e-01 9.843750000000000000e-01
8.136690782572433278e-01 8.242187500000000000e-01
8.167848747380812569e-01 5.441406250000000000e+00
8.200873965118518072e-01 1.789062500000000000e+00
8.230202683521241624e-01 2.398437500000000000e+00
8.263396569722996077e-01 -3.632812500000000000e-01
8.294757002947310554e-01 3.472656250000000000e+00
8.327769426085218640e-01 1.390625000000000000e+00
8.359813629527295120e-01 2.062500000000000000e+00
8.389314768644204889e-01 3.265625000000000000e+00
8.422260417728146820e-01 -8.593750000000000000e-01
8.453283898580519207e-01 8.203125000000000000e-02
8.484885059917282035e-01 2.296875000000000000e+00
8.515483177335720910e-01 -4.453125000000000000e-01
8.545989144867291998e-01 -1.882812500000000000e+00
8.578195485895143690e-01 -7.812500000000000000e-02
8.611292886754888798e-01 6.718750000000000000e-01
8.641237574373725749e-01 -3.000000000000000000e+00
8.673576439323440468e-01 2.437500000000000000e+00
8.705796225733166693e-01 1.316406250000000000e+00
8.737519045896231518e-01 -2.882812500000000000e+00
8.769749197561971243e-01 -4.714843750000000000e+00
8.800801880230189056e-01 -5.429687500000000000e+00
8.832366072079853581e-01 -2.375000000000000000e+00
8.864401981114227169e-01 -5.359375000000000000e+00
8.895426833669120015e-01 -5.429687500000000000e-01
8.926623958675641290e-01 1.734375000000000000e+00
8.958346527292810890e-01 -8.527343750000000000e+00
8.988708356145167500e-01 -3.523437500000000000e+00
9.020984944186203336e-01 -5.769531250000000000e+00
9.052342239261115253e-01 -5.054687500000000000e+00
9.085020857725236709e-01 -1.726562500000000000e+00
9.116316950312786105e-01 -1.328125000000000000e+00
9.148871237208844320e-01 -5.273437500000000000e+00
9.179982837834081977e-01 -8.882812500000000000e+00
9.212133078760516014e-01 -4.632812500000000000e+00
9.243309456507375899e-01 -6.824218750000000000e+00
9.274637159176926104e-01 -3.355468750000000000e+00
9.306164064479887088e-01 -6.140625000000000000e+00
9.336046127787582805e-01 -4.906250000000000000e+00
9.368733781136846517e-01 -9.914062500000000000e+00
9.400210466404992360e-01 -6.375000000000000000e+00
9.433054969581995408e-01 -5.812500000000000000e+00
9.463484334250225061e-01 -9.273437500000000000e+00
9.495262322825084311e-01 -8.281250000000000000e+00
9.526347558191723408e-01 -7.296875000000000000e+00
9.558482271560926335e-01 -9.445312500000000000e+00
9.590333498548986313e-01 -6.921875000000000000e+00
9.622049637054495008e-01 -8.601562500000000000e+00
9.653105043400422858e-01 -6.164062500000000000e+00
9.685760796856079935e-01 -9.679687500000000000e+00
9.717874211233095139e-01 -7.640625000000000000e+00
9.749375281192413922e-01 -9.695312500000000000e+00
9.779356658147477788e-01 -1.017187500000000000e+01
9.810854061076028643e-01 -7.562500000000000000e+00
9.842984330616779687e-01 -1.257812500000000000e+01
9.873742780729806157e-01 -8.132812500000000000e+00
9.907537535272670226e-01 -1.215234375000000000e+01
9.936963764851718395e-01 -9.679687500000000000e+00
9.970364131472848612e-01 -1.396875000000000000e+01
1.000181254217480387e+00 -1.025390625000000000e+01
1.003361544999979316e+00 -1.451562500000000000e+01
1.006476237629854609e+00 -1.064843750000000000e+01
1.009651355494751712e+00 -1.289453125000000000e+01
1.012881683877523642e+00 -1.109375000000000000e+01
1.016083743400258754e+00 -1.674609375000000000e+01
1.019035991980089761e+00 -1.224218750000000000e+01
1.022119350013417360e+00 -1.435937500000000000e+01
1.025395861019838151e+00 -1.521093750000000000e+01
1.028448059305368645e+00 -1.164843750000000000e+01
1.031666706112913445e+00 -1.419140625000000000e+01
1.034677441793927954e+00 -1.235156250000000000e+01
1.038028053678868190e+00 -1.291406250000000000e+01
1.041185690996229596e+00 -1.498437500000000000e+01
1.044377164076170317e+00 -1.256640625000000000e+01
1.047557995209349002e+00 -1.844531250000000000e+01
1.050738466182970399e+00 -1.431640625000000000e+01
1.053902078909768392e+00 -1.641015625000000000e+01
1.057060747081571606e+00 -1.357812500000000000e+01
1.060126064216063924e+00 -1.988281250000000000e+01
1.063337702284050224e+00 -1.785156250000000000e+01
1.066524147204498618e+00 -1.535156250000000000e+01
1.069595986796802123e+00 -1.542968750000000000e+01
1.072782147302650202e+00 -1.633593750000000000e+01
1.075918354944754185e+00 -1.582031250000000000e+01
1.079204345431396206e+00 -1.878906250000000000e+01
1.082344075534823702e+00 -1.920312500000000000e+01
1.085500821764313173e+00 -2.144531250000000000e+01
1.088571526341407747e+00 -1.742187500000000000e+01
1.091948206685220413e+00 -1.889843750000000000e+01
1.094878215736549976e+00 -1.342187500000000000e+01
1.098097743815451111e+00 -1.503125000000000000e+01
1.101279049018936362e+00 -2.095312500000000000e+01
1.104331415654783655e+00 -1.514843750000000000e+01
1.107600933690697786e+00 -2.283203125000000000e+01
1.110761677583525397e+00 -1.739062500000000000e+01
1.113755294960444786e+00 -1.986328125000000000e+01
1.117002011817536555e+00 -1.654687500000000000e+01
1.120171107293456814e+00 -1.565625000000000000e+01
1.123290215597386066e+00 -1.859375000000000000e+01
1.126603431884475981e+00 -1.789843750000000000e+01
1.129516259452948646e+00 -2.114453125000000000e+01
1.132865079927167784e+00 -1.774218750000000000e+01
1.135999118095240235e+00 -1.776171875000000000e+01
1.139283891943044580e+00 -1.878125000000000000e+01
1.142481135489804345e+00 -1.946484375000000000e+01
1.145578618538586113e+00 -1.719531250000000000e+01
1.148744255314529283e+00 -2.156250000000000000e+01
1.151891877049354918e+00 -2.021875000000000000e+01
1.154972926671920419e+00 -2.099218750000000000e+01
1.157976892734897234e+00 -1.879296875000000000e+01
1.161086750021954828e+00 -1.571484375000000000e+01
1.164323475364408722e+00 -1.817968750000000000e+01
1.167611866601532711e+00 -2.149218750000000000e+01
1.170619348409562832e+00 -2.121875000000000000e+01
1.173884668217848315e+00 -1.934375000000000000e+01
1.177087065636055030e+00 -1.689843750000000000e+01
1.180301942024421180e+00 -1.860156250000000000e+01
1.183415231813730983e+00 -2.157031250000000000e+01
1.186712657969085427e+00 -1.604687500000000000e+01
1.189786962641552037e+00 -2.047265625000000000e+01
1.192959011311220507e+00 -1.903906250000000000e+01
1.196034741125810541e+00 -1.792968750000000000e+01
1.199146388897242232e+00 -2.065429687500000000e+01
1.202335252849042746e+00 -2.433203125000000000e+01
1.205393410082059802e+00 -2.303125000000000000e+01
1.208569271379992927e+00 -2.241406250000000000e+01
1.211739235924635949e+00 -2.227343750000000000e+01
1.215054484286536507e+00 -1.814843750000000000e+01
1.218138197626096542e+00 -2.239062500000000000e+01
1.221430156605794792e+00 -1.966406250000000000e+01
1.224496658736317301e+00 -2.255468750000000000e+01
1.227738025992598736e+00 -1.988281250000000000e+01
1.230852565651009201e+00 -2.089062500000000000e+01
1.234003230496176329e+00 -2.191406250000000000e+01
1.237166006813819052e+00 -2.077734375000000000e+01
1.240151143952697765e+00 -2.262500000000000000e+01
1.243415040254181037e+00 -2.306250000000000000e+01
1.246595137711867807e+00 -2.367187500000000000e+01
1.249806897970413999e+00 -2.142968750000000000e+01
1.252787577427552534e+00 -2.359375000000000000e+01
1.256005796154948229e+00 -2.262109375000000000e+01
1.259137363783093377e+00 -2.567578125000000000e+01
1.262339620570127607e+00 -2.075781250000000000e+01
1.265553505101726373e+00 -2.495703125000000000e+01
1.268724546265444175e+00 -2.239453125000000000e+01
1.271792046558424261e+00 -2.148437500000000000e+01
1.275140975567961021e+00 -2.575000000000000000e+01
1.278301009322177606e+00 -2.325000000000000000e+01
1.281431816986057015e+00 -2.355468750000000000e+01
1.284498720189155563e+00 -2.546484375000000000e+01
1.287691687419304287e+00 -2.541015625000000000e+01
1.290789849344628593e+00 -2.289062500000000000e+01
1.293831136385875880e+00 -2.461718750000000000e+01
1.297135846600326659e+00 -2.410937500000000000e+01
1.300218803149334690e+00 -2.266015625000000000e+01
1.303548516212188702e+00 -2.019921875000000000e+01
1.306722587877898079e+00 -2.509375000000000000e+01
1.309847491804442043e+00 -2.227343750000000000e+01
1.313014831220243650e+00 -2.471875000000000000e+01
1.316227683748895316e+00 -2.011718750000000000e+01
1.319359350873458681e+00 -2.367578125000000000e+01
1.322556233777167023e+00 -2.200000000000000000e+01
1.325536052598508263e+00 -2.579687500000000000e+01
1.328758808128512214e+00 -2.632812500000000000e+01
1.331887275243111901e+00 -2.503125000000000000e+01
1.334872486712297857e+00 -2.755078125000000000e+01
1.338164198162317575e+00 -2.144531250000000000e+01
1.341106431077651706e+00 -2.280468750000000000e+01
1.344538681373840916e+00 -2.462500000000000000e+01
1.347729261130176326e+00 -2.206250000000000000e+01
1.350914761283195986e+00 -2.250000000000000000e+01
1.354065382080438695e+00 -2.516406250000000000e+01
1.357290190579401923e+00 -2.561718750000000000e+01
1.360420064529622053e+00 -1.835937500000000000e+01
1.363647501881096957e+00 -2.282812500000000000e+01
1.366625881477983029e+00 -2.679687500000000000e+01
1.369833250057414631e+00 -2.095312500000000000e+01
1.372995934875543611e+00 -2.388281250000000000e+01
1.375969104482258842e+00 -2.318750000000000000e+01
1.379312787478138347e+00 -2.371093750000000000e+01
1.382339985120943027e+00 -2.214843750000000000e+01
1.385685920182776698e+00 -2.283593750000000000e+01
1.388887337460213089e+00 -2.413281250000000000e+01
1.391994795738597190e+00 -2.710937500000000000e+01
1.395055030481037406e+00 -2.549609375000000000e+01
1.398466912703625553e+00 -2.463281250000000000e+01
1.401371508381430431e+00 -2.017578125000000000e+01
1.404618852765167958e+00 -2.293750000000000000e+01
1.407725593326649260e+00 -2.346093750000000000e+01
1.410847626458021864e+00 -2.171093750000000000e+01
1.414102466874169295e+00 -2.488281250000000000e+01
1.417204012071753283e+00 -2.426953125000000000e+01
1.420333789706351268e+00 -2.277343750000000000e+01
1.423407825880149247e+00 -1.957031250000000000e+01
1.426622195462133647e+00 -2.419531250000000000e+01
1.429794898236727008e+00 -2.537500000000000000e+01
1.433086963274718073e+00 -2.370703125000000000e+01
1.435997069253383884e+00 -2.477343750000000000e+01
1.439384227021651697e+00 -2.454687500000000000e+01
1.442505139719012064e+00 -2.184765625000000000e+01
1.445859101245321909e+00 -2.352343750000000000e+01
1.448969759862830387e+00 -2.360937500000000000e+01
1.452080212816092342e+00 -2.245312500000000000e+01
1.455238186267674649e+00 -2.453906250000000000e+01
1.458407628710563841e+00 -2.387500000000000000e+01
1.461476040052961167e+00 -2.202343750000000000e+01
1.464482969813563074e+00 -2.283984375000000000e+01
1.467568516826453617e+00 -2.392187500000000000e+01
1.470889835883882668e+00 -2.420703125000000000e+01
1.474112896762722613e+00 -2.290625000000000000e+01
1.477099050638676303e+00 -2.498046875000000000e+01
1.480565743543017732e+00 -2.237500000000000000e+01
1.483578483264476944e+00 -2.407031250000000000e+01
1.486800768261925754e+00 -2.099218750000000000e+01
1.489929569290714184e+00 -2.359375000000000000e+01
1.493239440954365449e+00 -2.442968750000000000e+01
1.496228641239762069e+00 -2.132031250000000000e+01
1.499473384964264966e+00 -2.310937500000000000e+01
1.502550658169536035e+00 -2.267187500000000000e+01
1.505658458083974693e+00 -2.392968750000000000e+01
1.508821101842514167e+00 -2.121484375000000000e+01
1.511905251715107923e+00 -2.103515625000000000e+01
1.515098169850128684e+00 -2.188867187500000000e+01
1.518208747678180259e+00 -2.279296875000000000e+01
1.521585714903945785e+00 -1.787890625000000000e+01
1.524653229054813153e+00 -2.185937500000000000e+01
1.527949734597232379e+00 -2.172265625000000000e+01
1.531003263749749266e+00 -2.098828125000000000e+01
1.534311809582323605e+00 -2.292187500000000000e+01
1.537357151781050035e+00 -2.221484375000000000e+01
1.540587578499152954e+00 -2.319531250000000000e+01
1.543719544927910192e+00 -1.891406250000000000e+01
1.546804663264509827e+00 -2.046875000000000000e+01
1.549919607779006725e+00 -2.286718750000000000e+01
1.553095714661914428e+00 -1.661718750000000000e+01
1.556289794769835311e+00 -2.083593750000000000e+01
1.559272488397279943e+00 -2.099609375000000000e+01
1.562512326904410997e+00 -1.944531250000000000e+01
1.565677907204522157e+00 -2.076171875000000000e+01
1.568902787407427724e+00 -1.843359375000000000e+01
1.571933525312953606e+00 -2.100781250000000000e+01
1.575266319764645928e+00 -2.234765625000000000e+01
1.578382056771241437e+00 -2.312109375000000000e+01
1.581669910028610460e+00 -1.903515625000000000e+01
1.584798004840845209e+00 -1.946093750000000000e+01
1.587925962312780825e+00 -1.914062500000000000e+01
1.591042611359739567e+00 -1.907031250000000000e+01
1.594193461500275077e+00 -1.909765625000000000e+01
1.597294041721079694e+00 -1.820703125000000000e+01
1.600224220957922938e+00 -2.036718750000000000e+01
1.603763045865388648e+00 -1.691796875000000000e+01
1.606752397964601897e+00 -1.978906250000000000e+01
1.610033414760268400e+00 -1.922265625000000000e+01
1.613004372017334376e+00 -2.067968750000000000e+01
1.616452157966001835e+00 -1.670312500000000000e+01
1.619517548669994866e+00 -1.701562500000000000e+01
1.622747241932700035e+00 -1.765625000000000000e+01
1.625912346332071934e+00 -1.531250000000000000e+01
1.629071459648574915e+00 -1.614843750000000000e+01
1.632096378555047522e+00 -1.753906250000000000e+01
1.635316761087773685e+00 -1.763671875000000000e+01
1.638378477590499926e+00 -1.820312500000000000e+01
1.641466768925887720e+00 -1.480468750000000000e+01
1.644675456600964480e+00 -1.424218750000000000e+01
1.647696214320347963e+00 -1.550000000000000000e+01
1.650984982277323709e+00 -1.987304687500000000e+01
1.654152373366276407e+00 -2.110937500000000000e+01
1.657501622978470479e+00 -1.808203125000000000e+01
1.660511825719039436e+00 -1.696093750000000000e+01
1.663788084288000846e+00 -1.481250000000000000e+01
1.666919125558344206e+00 -1.539062500000000000e+01
1.670150701758721823e+00 -1.336718750000000000e+01
1.673136283317873563e+00 -1.813281250000000000e+01
1.676396695282489802e+00 -1.530859375000000000e+01
1.679433735983364429e+00 -1.743359375000000000e+01
1.682617457451884846e+00 -1.588671875000000000e+01
1.685838251915729558e+00 -1.444531250000000000e+01
1.688946125698004508e+00 -1.264843750000000000e+01
1.692084097101776763e+00 -1.310156250000000000e+01
1.695358257183439576e+00 -1.764843750000000000e+01
1.698505919556772881e+00 -1.656250000000000000e+01
1.701587140143844934e+00 -1.665234375000000000e+01
1.704968434105140318e+00 -1.652343750000000000e+01
1.707864347875307942e+00 -1.371093750000000000e+01
1.711162024997648246e+00 -1.176953125000000000e+01
1.714358077739014163e+00 -1.630468750000000000e+01
1.717632798497406910e+00 -1.315625000000000000e+01
1.720607875034033896e+00 -1.686718750000000000e+01
1.723767655333233506e+00 -1.464062500000000000e+01
1.726840239218146777e+00 -1.282812500000000000e+01
1.730025314961100236e+00 -1.445312500000000000e+01
1.733195003488543051e+00 -1.567187500000000000e+01
1.736299940939792563e+00 -1.385937500000000000e+01
1.739566711913246522e+00 -1.344531250000000000e+01
1.742532809676490047e+00 -1.527343750000000000e+01
1.745901553161994357e+00 -1.564843750000000000e+01
1.749009710159441511e+00 -1.218750000000000000e+01
1.752288979095473209e+00 -1.487890625000000000e+01
1.755231839712383390e+00 -1.490625000000000000e+01
1.758599317618656954e+00 -1.587500000000000000e+01
1.761744218297248921e+00 -1.192968750000000000e+01
1.764936733701210514e+00 -1.431250000000000000e+01
1.767983836430076394e+00 -1.174218750000000000e+01
1.771126323407262504e+00 -1.387500000000000000e+01
1.774249189755959577e+00 -1.548828125000000000e+01
1.777370927277083013e+00 -1.133593750000000000e+01
1.780605311535801150e+00 -1.204687500000000000e+01
1.783635978460964111e+00 -8.804687500000000000e+00
1.787103791075978165e+00 -1.364843750000000000e+01
1.790124592095398981e+00 -8.007812500000000000e+00
1.793230351650880294e+00 -1.295312500000000000e+01
1.796465724000309905e+00 -1.071875000000000000e+01
1.799870515827496575e+00 -1.200781250000000000e+01
1.802679227356321690e+00 -1.521093750000000000e+01
1.805985587515792190e+00 -1.183593750000000000e+01
1.809020141198146803e+00 -9.226562500000000000e+00
1.812182489495029358e+00 -7.492187500000000000e+00
1.815395742747956120e+00 -9.828125000000000000e+00
1.818407993601603323e+00 -7.093750000000000000e+00
1.821606607396130784e+00 -8.226562500000000000e+00
1.824748976683206791e+00 -1.178125000000000000e+01
1.828122937272443238e+00 -9.195312500000000000e+00
1.831168189237352806e+00 -8.796875000000000000e+00
1.834452295828970847e+00 -7.265625000000000000e+00
1.837477672671253615e+00 -1.236718750000000000e+01
1.840777512271193572e+00 -9.078125000000000000e+00
1.843879493378342005e+00 -1.078125000000000000e+01
1.847127861005171567e+00 -9.593750000000000000e+00
1.850111100379471907e+00 -6.359375000000000000e+00
1.853355362457547173e+00 -1.015625000000000000e+01
1.856469733510486719e+00 -1.087500000000000000e+01
1.859621931757452273e+00 -1.559375000000000000e+01
1.862857114886296017e+00 -7.021484375000000000e+00
1.865806562814141145e+00 -7.839843750000000000e+00
1.869048190305765189e+00 -6.960937500000000000e+00
1.872199605339570638e+00 -7.390625000000000000e+00
1.875343206241712579e+00 -6.015625000000000000e+00
1.878424560604631921e+00 -6.632812500000000000e+00
1.881750760676521139e+00 -1.139843750000000000e+01
1.884826868969284419e+00 -9.343750000000000000e+00
1.888187375484584152e+00 -9.070312500000000000e+00
1.891274003211623977e+00 -3.210937500000000000e+00
1.894424691031053598e+00 -1.027734375000000000e+01
1.897581830683940041e+00 -1.117187500000000000e+01
1.900783028179466427e+00 -4.289062500000000000e+00
1.903810354291955775e+00 -8.402343750000000000e+00
1.906881987472619500e+00 -5.667968750000000000e+00
1.910263984491802347e+00 -4.085937500000000000e+00
1.913244845238393665e+00 -6.406250000000000000e+00
1.916468608389873651e+00 -9.011718750000000000e+00
1.919510524944220364e+00 -8.378906250000000000e+00
1.922968886935152000e+00 -6.257812500000000000e+00
1.926020577460752392e+00 -1.007031250000000000e+01
1.929270872024392958e+00 -3.179687500000000000e+00
1.932196375771610519e+00 -4.585937500000000000e+00
1.935651876079528932e+00 -7.882812500000000000e+00
1.938619452509769303e+00 -5.128906250000000000e+00
1.941826951298020631e+00 -6.437500000000000000e+00
1.944869768413532540e+00 -9.421875000000000000e+00
1.947976621355934412e+00 -5.597656250000000000e+00
1.951219178749475702e+00 -6.820312500000000000e+00
1.954196015493684158e+00 -6.492187500000000000e+00
1.957553345747879092e+00 -5.835937500000000000e+00
1.960701229640420706e+00 -7.468750000000000000e+00
1.964004138879555939e+00 -6.273437500000000000e+00
1.967050238829138209e+00 -6.781250000000000000e+00
1.970306882478354282e+00 -4.515625000000000000e+00
1.973318002159833995e+00 -2.496093750000000000e+00
1.976653739695358070e+00 -5.000000000000000000e+00
1.979650896450646513e+00 -6.992187500000000000e+00
1.982933153165076234e+00 -5.058593750000000000e+00
1.986031049477929855e+00 -7.890625000000000000e+00
1.989138948975636367e+00 -4.726562500000000000e+00
1.992331075727424405e+00 -4.226562500000000000e+00
1.995429087098777643e+00 -5.257812500000000000e+00
1.998640092770395782e+00 -6.675781250000000000e+00
2.001826798295963883e+00 -7.976562500000000000e+00
2.005009513401351029e+00 -7.046875000000000000e+00
2.008043703551521730e+00 -5.445312500000000000e+00
2.011477540810620468e+00 -4.953125000000000000e+00
2.014338009882784775e+00 -1.906250000000000000e+00
2.017624545645981371e+00 -4.628906250000000000e+00
2.020852100655027073e+00 -3.484375000000000000e+00
2.024063122662230541e+00 -4.710937500000000000e+00
2.027113350947615800e+00 -5.281250000000000000e+00
2.030294899600873393e+00 -5.324218750000000000e+00
2.033331919845657865e+00 -9.843750000000000000e-01
2.036528031226643165e+00 -4.925781250000000000e+00
2.039718761022108140e+00 -6.132812500000000000e+00
2.042860025257098755e+00 -4.222656250000000000e+00
2.046114724193778045e+00 -2.441406250000000000e+00
2.049017216135569086e+00 -4.464843750000000000e+00
2.052408556160836284e+00 -2.500000000000000000e+00
2.055507882880068138e+00 -7.656250000000000000e-01
2.058800219721169000e+00 -2.023437500000000000e+00
2.061821058069503110e+00 -5.679687500000000000e+00
2.065116363632126806e+00 -3.457031250000000000e+00
2.068254236388920475e+00 -9.179687500000000000e-01
2.071439178133449133e+00 -7.375000000000000000e+00
2.074502723927732717e+00 -4.273437500000000000e+00
2.077654188208580166e+00 -4.777343750000000000e+00
2.080861473352005220e+00 -2.384765625000000000e+00
2.083900660861726095e+00 -6.093750000000000000e-01
2.087149420143717293e+00 7.187500000000000000e-01
2.090127786394898379e+00 -3.984375000000000000e+00
2.093596300103278907e+00 -3.257812500000000000e+00
2.096599999530322833e+00 -1.488281250000000000e+00
2.099759417081834556e+00 -2.894531250000000000e+00
2.102888797963432310e+00 -9.882812500000000000e-01
2.106361783367464824e+00 -2.140625000000000000e+00
2.109296924315735566e+00 -2.919921875000000000e+00
2.112499125009083656e+00 -5.726562500000000000e+00
2.115472944740064420e+00 -6.457031250000000000e+00
2.118694374746725728e+00 -8.632812500000000000e-01
2.121896176662009026e+00 -2.136718750000000000e+00
2.124922913954232939e+00 -3.115234375000000000e+00
2.128150524266994026e+00 -1.210937500000000000e+00
2.131253805444014660e+00 7.343750000000000000e-01
2.134628559340365328e+00 -3.832031250000000000e+00
2.137683591777619796e+00 -2.968750000000000000e+00
2.140977013149413466e+00 -1.382812500000000000e+00
2.143976992721437824e+00 -1.507812500000000000e+00
2.147286286633638852e+00 -4.824218750000000000e-01
2.150392798687978058e+00 -2.539062500000000000e+00
2.153601497170793522e+00 -2.125000000000000000e+00
2.156694425125623482e+00 2.929687500000000000e-01
2.159962587606740314e+00 -1.765625000000000000e+00
2.163002634578893080e+00 -1.187500000000000000e+00
2.166131091459270408e+00 -3.371093750000000000e+00
2.169316935870595486e+00 2.031250000000000000e-01
2.172323828530817735e+00 -2.382812500000000000e+00
2.175539832535722695e+00 1.210937500000000000e+00
2.178645412356427613e+00 -6.421875000000000000e+00
2.182049919713323405e+00 1.789062500000000000e+00
2.184940897510990965e+00 -5.796875000000000000e+00
2.188254623669351417e+00 -2.441406250000000000e+00
2.191323876017449379e+00 -1.984375000000000000e+00
2.194683775569480133e+00 -7.734375000000000000e-01
2.197825937562013721e+00 -2.296875000000000000e+00
2.200922909206019185e+00 -1.187500000000000000e+00
2.204056583552317150e+00 -2.414062500000000000e+00
2.207366042333926970e+00 -2.910156250000000000e+00
2.210302758839725712e+00 -1.472656250000000000e+00
2.213446180251231965e+00 -3.429687500000000000e+00
2.216756524245177218e+00 2.023437500000000000e+00
2.219736371870716596e+00 -2.570312500000000000e+00
2.223043403305688059e+00 -1.710937500000000000e+00
2.226017612131844459e+00 -3.382812500000000000e+00
2.229461566012211904e+00 -9.375000000000000000e-01
2.232513247355868202e+00 -5.390625000000000000e-01
2.235756970421244105e+00 -1.820312500000000000e+00
2.238856710486180290e+00 3.632812500000000000e-01
2.242131200155881743e+00 2.265625000000000000e-01
2.245061163463590859e+00 -2.992187500000000000e+00
2.248327165664129268e+00 6.171875000000000000e-01
2.251408368505254387e+00 -1.238281250000000000e+00
2.254519663186847822e+00 -1.882812500000000000e+00
2.257725311361888032e+00 -1.812500000000000000e+00
2.260773080568943882e+00 1.460937500000000000e+00
2.264061596769902707e+00 -1.781250000000000000e+00
2.267177883169541275e+00 -3.750000000000000000e+00
2.270466538931801281e+00 -2.402343750000000000e+00
2.273587831636536549e+00 -3.382812500000000000e+00
2.276812639036535302e+00 -9.375000000000000000e-01
2.279817804960222460e+00 -8.593750000000000000e-02
2.283168605951523489e+00 7.890625000000000000e-01
2.286148278637433862e+00 -1.804687500000000000e+00
2.289443656804662552e+00 -2.125000000000000000e+00
2.292615286730036672e+00 3.671875000000000000e-01
2.295637203117836478e+00 -1.605468750000000000e+00
2.298853978096612849e+00 -7.304687500000000000e-01
2.301935272639987318e+00 8.125000000000000000e-01
2.305229251539010704e+00 -3.359375000000000000e-01
2.308285924847005788e+00 -1.679687500000000000e+00
2.311525416868139615e+00 -2.710937500000000000e+00
2.314595528959511483e+00 -2.671875000000000000e+00
2.317983040299893105e+00 -7.929687500000000000e-01
2.320871153187482605e+00 -2.343750000000000000e+00
2.324249357933478422e+00 -3.574218750000000000e+00
2.327346167517823972e+00 -3.187500000000000000e+00
2.330510190318189956e+00 -2.960937500000000000e+00
2.333703831180040211e+00 -2.476562500000000000e+00
2.336773486516051435e+00 -2.835937500000000000e+00
2.339839824540687729e+00 -7.929687500000000000e-01
2.343037153035274045e+00 -1.468750000000000000e+00
2.346176064527000449e+00 -2.273437500000000000e+00
2.349350744992836582e+00 -4.062500000000000000e+00
2.352628534807756466e+00 2.535156250000000000e+00
2.355540730048673481e+00 -4.187500000000000000e+00
2.358903190879821921e+00 -9.843750000000000000e-01
2.362013917696334175e+00 -1.406250000000000000e+00
2.365311460521487774e+00 -3.191406250000000000e+00
2.368260201334511095e+00 -3.046875000000000000e+00
