#Time Flux
-1.534119137036994118e+01 -2.749511718750000000e+00
-1.528085359355424089e+01 -3.757812500000000000e+00
-1.521858531629420952e+01 -3.465332031250000000e+00
-1.515728231374539803e+01 -3.708007812500000000e+00
-1.509694409501349810e+01 -2.534179687500000000e+00
-1.503467630760003715e+01 -3.533203125000000000e+00
-1.497239013311610734e+01 -2.823242187500000000e+00
-1.491110609613460269e+01 -1.871093750000000000e+00
-1.484980314955245717e+01 -9.873046875000000000e-01
-1.478836177703595922e+01 -1.745117187500000000e+00
-1.472705857516228889e+01 -1.847656250000000000e+00
-1.466581778531836733e+01 -3.247070312500000000e+00
-1.460451708151013861e+01 -2.067382812500000000e+00
-1.454328378148241541e+01 -2.541992187500000000e+00
-1.448184577520549965e+01 -2.230468750000000000e+00
-1.441955636812802766e+01 -2.868164062500000000e+00
-1.435923927959191815e+01 -1.592773437500000000e+00
-1.429695038343218982e+01 -8.510742187500000000e-01
-1.423663288688948114e+01 -2.082031250000000000e+00
-1.417335910245245145e+01 -2.461914062500000000e+00
-1.411304140320156364e+01 -2.926269531250000000e+00
-1.405075351452913424e+01 -3.423828125000000000e+00
-1.398737023590950912e+01 -3.830078125000000000e+00
-1.392913236916159292e+01 -2.149414062500000000e+00
-1.386684502071082647e+01 -1.660156250000000000e+00
-1.380347363199547317e+01 -2.288085937500000000e+00
-1.374217476774941815e+01 -6.533203125000000000e-01
-1.368087590536600828e+01 -2.407226562500000000e+00
-1.361956141699890566e+01 -1.462890625000000000e+00
-1.355827818595429335e+01 -3.311523437500000000e+00
-1.349697932915881893e+01 -2.410156250000000000e+00
-1.343565904819813284e+01 -3.420898437500000000e+00
-1.337540204427465085e+01 -2.829589843750000000e+00
-1.331410116170705749e+01 -5.800781250000000000e-01
-1.325172944046144607e+01 -3.666015625000000000e+00
-1.319045589086424286e+01 -2.251464843750000000e+00
-1.312912397745176918e+01 -3.368164062500000000e+00
-1.306788728188115556e+01 -2.339843750000000000e+00
-1.300655337363393471e+01 -2.107421875000000000e+00
-1.294525258472610574e+01 -2.172363281250000000e+00
-1.288395184589869302e+01 -2.569824218750000000e+00
-1.282265095704831026e+01 -3.660644531250000000e+00
-1.276139298847414238e+01 -2.666015625000000000e+00
-1.270109269368809635e+01 -2.336425781250000000e+00
-1.263879532377762871e+01 -2.489257812500000000e+00
-1.257525332075358904e+01 -1.585449218750000000e+00
-1.251400920219984414e+01 -1.253710937500000000e+01
-1.245270644747014899e+01 -2.401562500000000000e+01
-1.239129802600660923e+01 -2.744140625000000000e+01
-1.232940809312961505e+01 -2.660839843750000000e+01
-1.226810840897044841e+01 -2.501318359375000000e+01
-1.220740128262701774e+01 -1.174121093750000000e+01
-1.214610237181483399e+01 -3.827148437500000000e+00
-1.208420925398925760e+01 -1.917480468750000000e+00
-1.202358771523958580e+01 -1.803710937500000000e+00
-1.196220555101905347e+01 -1.608398437500000000e+00
-1.190031009470433787e+01 -2.308593750000000000e+00
-1.183786098019879773e+01 -1.704101562500000000e+00
-1.177771071945929293e+01 -2.332031250000000000e+00
-1.171526149895760227e+01 -2.018066406250000000e+00
-1.165341178434914582e+01 -2.681640625000000000e+00
-1.159211278575980941e+01 -2.913085937500000000e+00
-1.153024808971639459e+01 -3.061035156250000000e+00
-1.146894832045762769e+01 -2.043457031250000000e+00
-1.140930967563963350e+01 -3.141601562500000000e+00
-1.134691661049305367e+01 -1.275390625000000000e+00
-1.128561762168260429e+01 -2.248046875000000000e+00
-1.122318044431506223e+01 -2.510742187500000000e+00
-1.116301964964964100e+01 -2.318359375000000000e+00
-1.109894372337853952e+01 -1.892578125000000000e+00
-1.103735251321653266e+01 -1.912109375000000000e+00
-1.097576221598347956e+01 -2.360351562500000000e+00
-1.091365438621964756e+01 -2.218261718750000000e+00
-1.085316168525815783e+01 -8.300781250000000000e-02
-1.079186146570492610e+01 -1.226562500000000000e+00
-1.073056124347414197e+01 -1.113281250000000000e+00
-1.066926101844939012e+01 -4.638671875000000000e-01
-1.060715069611710248e+01 5.385742187500000000e-01
-1.054666046001722179e+01 -1.325195312500000000e+00
-1.048536022661056677e+01 -9.277343750000000000e-01
-1.042405999040994402e+01 -1.431640625000000000e+00
-1.036194773127594715e+01 -2.270019531250000000e+00
-1.030064695223067872e+01 -1.036132812500000000e+00
-1.023853318051968131e+01 -2.072265625000000000e+00
-1.017885901801702175e+01 -8.496093750000000000e-02
-1.011498041687741534e+01 -1.958984375000000000e+00
-1.005462955349483423e+01 -4.550781250000000000e-01
-9.993328349308086445e+00 4.794921875000000000e-01
-9.932027147667923828e+00 6.777343750000000000e-01
-9.870725948370619562e+00 -4.912109375000000000e-01
-9.808481477193026876e+00 1.479492187500000000e-01
-9.746239845290546100e+00 -1.107421875000000000e+00
-9.684649122036233848e+00 -2.187500000000000000e-01
-9.622995915058410787e+00 -1.667480468750000000e+00
-9.562046479653389497e+00 -1.058593750000000000e+00
-9.500895733388546205e+00 -1.057128906250000000e+00
-9.439443847282262823e+00 -1.982421875000000000e-01
-9.378142534589159141e+00 -1.281250000000000000e+00
-9.316996168338022244e+00 -3.618164062500000000e-01
-9.255539916653532373e+00 2.021484375000000000e-01
-9.194396494938786191e+00 2.827148437500000000e-01
-9.133096659323285849e+00 -1.125488281250000000e+00
-9.071635908142951621e+00 4.052734375000000000e-01
-9.007499632141446000e+00 4.921875000000000000e-01
-8.947054535609225923e+00 6.689453125000000000e-01
-8.887007540126319327e+00 1.269531250000000000e-01
-8.824024108951519452e+00 -1.708984375000000000e-02
-8.761551266125749748e+00 -2.343750000000000000e-02
-8.701422719725044885e+00 1.229980468750000000e+00
-8.640122025153644358e+00 -5.073242187500000000e-01
-8.577649207360806827e+00 1.489257812500000000e-01
-8.517074893119172430e+00 -1.787109375000000000e-01
-8.455047818789168446e+00 1.800292968750000000e+00
-8.393025530271216894e+00 1.938476562500000000e+00
-8.331727252714728138e+00 -3.964843750000000000e-01
-8.270428974314228299e+00 7.929687500000000000e-01
-8.208891834648795793e+00 5.937500000000000000e-01
-8.148303304859453533e+00 1.206542968750000000e+00
-8.086047076930839239e+00 2.665039062500000000e+00
-8.024989864301289799e+00 8.154296875000000000e-01
-7.963937369540900590e+00 1.585937500000000000e+00
-7.902138071583607370e+00 1.600585937500000000e+00
-7.840669091188090079e+00 1.201171875000000000e-01
-7.779449023589577905e+00 1.357910156250000000e+00
-7.718145967809860508e+00 1.916992187500000000e+00
-7.656842911899175874e+00 1.935058593750000000e+00
-7.595539855828420173e+00 3.081542968750000000e+00
-7.534236799655801065e+00 2.392578125000000000e+00
-7.472933743352214719e+00 2.594726562500000000e+00
-7.411714002880756880e+00 2.132812500000000000e+00
-7.350244172071313642e+00 2.993164062500000000e+00
-7.287970935318512034e+00 3.325683593750000000e+00
-7.225697839370042175e+00 2.168945312500000000e+00
-7.162772324589639084e+00 2.407226562500000000e+00
-7.101473648005082850e+00 2.389648437500000000e+00
-7.041788959925980862e+00 1.019531250000000000e+00
-6.979681148618382736e+00 2.026367187500000000e+00
-6.918380280893742906e+00 3.470703125000000000e+00
-6.857079463315002954e+00 2.505371093750000000e+00
-6.794980289529519268e+00 3.475585937500000000e+00
-6.735274034580726266e+00 4.628906250000000000e+00
-6.673971065588631291e+00 2.843750000000000000e+00
-6.610589117903970191e+00 3.731445312500000000e+00
-6.549535925481606569e+00 3.651855468750000000e+00
-6.488235095126285046e+00 4.404785156250000000e+00
-6.427188212443468274e+00 4.912109375000000000e+00
-6.365889555183855464e+00 2.351562500000000000e+00
-6.304074609733021362e+00 3.807617187500000000e+00
-6.243031974696052089e+00 3.636230468750000000e+00
-6.181731144751822171e+00 3.712890625000000000e+00
-6.120430315004043109e+00 4.555664062500000000e+00
-6.059396192873862219e+00 4.355468750000000000e+00
-5.997559866112084137e+00 4.549804687500000000e+00
-5.935789738540833582e+00 5.535156250000000000e+00
-5.874021652777912550e+00 3.303710937500000000e+00
-5.813185950922260758e+00 5.491210937500000000e+00
-5.751420001904364199e+00 4.585937500000000000e+00
-5.690582204863957827e+00 6.249511718750000000e+00
-5.627140439309002318e+00 4.643554687500000000e+00
-5.566528729931931707e+00 6.013671875000000000e+00
-5.505059515746864918e+00 6.282226562500000000e+00
-5.444097668463712125e+00 6.898437500000000000e+00
-5.382453828870524148e+00 4.744140625000000000e+00
-5.320631365609003183e+00 6.784667968750000000e+00
-5.259329554400025586e+00 4.742187500000000000e+00
-5.198027641062068938e+00 5.638671875000000000e+00
-5.135751734786367706e+00 6.993164062500000000e+00
-5.075424007752005195e+00 6.098144531250000000e+00
-5.013152100226193397e+00 5.908203125000000000e+00
-4.951397659855274469e+00 4.467773437500000000e+00
-4.891006062497581297e+00 5.941406250000000000e+00
-4.829252669573520507e+00 5.298828125000000000e+00
-4.767952875052628769e+00 6.548339843750000000e+00
-4.706653079891452762e+00 7.858398437500000000e+00
-4.645353234206027082e+00 6.543945312500000000e+00
-4.583604816057913922e+00 7.323242187500000000e+00
-4.521647568964169750e+00 6.164062500000000000e+00
-4.461007248917439938e+00 8.216796875000000000e+00
-4.398387774476418599e+00 6.183593750000000000e+00
-4.337748396578888332e+00 6.311035156250000000e+00
-4.274099419844930026e+00 6.918945312500000000e+00
-4.212798575374250731e+00 7.118164062500000000e+00
-4.151241935211359646e+00 8.626464843750000000e+00
-4.089941253023638978e+00 7.416015625000000000e+00
-4.028640520719122264e+00 6.910156250000000000e+00
-3.967339738297809504e+00 6.292480468750000000e+00
-3.905783819968121406e+00 7.324218750000000000e+00
-3.844738422933218658e+00 6.692382812500000000e+00
-3.783437739988798398e+00 7.208496093750000000e+00
-3.721882202744666301e+00 7.401367187500000000e+00
-3.659732227894934908e+00 6.895996093750000000e+00
-3.598431432205913438e+00 6.769042968750000000e+00
-3.537130686393581414e+00 6.606933593750000000e+00
-3.475829940472110025e+00 6.761230468750000000e+00
-3.414529144371996949e+00 8.115722656250000000e+00
-3.354078792510620133e+00 7.306640625000000000e+00
-3.291927651765078622e+00 7.020019531250000000e+00
-3.230626905199684984e+00 7.929199218750000000e+00
-3.166580946919651751e+00 9.840332031250000000e+00
-3.106375018221342543e+00 9.073242187500000000e+00
-3.044277147912652026e+00 8.291992187500000000e+00
-2.982681569308709868e+00 8.803710937500000000e+00
-2.922177436267361372e+00 9.460937500000000000e+00
-2.859782384920862341e+00 9.088867187500000000e+00
-2.798481237653930975e+00 8.549804687500000000e+00
-2.737482423486738981e+00 7.815917968750000000e+00
-2.675879150805002382e+00 8.128906250000000000e+00
-2.614124540435724953e+00 8.985351562500000000e+00
-2.552822578145125476e+00 9.700683593750000000e+00
-2.491065196392696635e+00 8.791992187500000000e+00
-2.428992123496158229e+00 7.897460937500000000e+00
-2.368076555772049119e+00 7.933105468750000000e+00
-2.307156546752480608e+00 1.043945312500000000e+01
-2.243732660550051605e+00 7.588867187500000000e+00
-2.184174570563399698e+00 8.507324218750000000e+00
-2.121813292822437802e+00 8.810058593750000000e+00
-2.060512599371534748e+00 9.222167968750000000e+00
-1.998520799133586934e+00 8.739257812500000000e+00
-1.936742292095729567e+00 7.874023437500000000e+00
-1.875441632649014423e+00 9.007324218750000000e+00
-1.814140973333266516e+00 9.467773437500000000e+00
-1.752840314126657972e+00 9.482421875000000000e+00
-1.691073183692452631e+00 8.407226562500000000e+00
-1.629774796130760706e+00 8.720703125000000000e+00
-1.568938336754214902e+00 9.341796875000000000e+00
-1.507177917565087455e+00 7.745117187500000000e+00
-1.446336968791726463e+00 8.878906250000000000e+00
-1.384581134278079162e+00 8.669921875000000000e+00
-1.322779217782056094e+00 8.592285156250000000e+00
-1.260889785833015253e+00 9.889648437500000000e+00
-1.199504011449960217e+00 8.293945312500000000e+00
-1.138366221775498843e+00 8.772460937500000000e+00
-1.076980566390730587e+00 9.911621093750000000e+00
-1.015677510101696157e+00 9.601562500000000000e+00
-9.543744540382164132e-01 1.065673828125000000e+01
-8.930713980693241183e-01 1.193554687500000000e+01
-8.317682922019145053e-01 9.711914062500000000e+00
-7.704651864436442565e-01 1.010595703125000000e+01
-7.091621307876181390e-01 1.036230468750000000e+01
-6.458382970079412644e-01 1.099902343750000000e+01
-5.855045497739723714e-01 1.041601562500000000e+01
-5.226610765192702956e-01 1.145703125000000000e+01
-4.613602752277614627e-01 9.518554687500000000e+00
-4.006258441143302207e-01 1.011621093750000000e+01
-3.381944928173084008e-01 1.183007812500000000e+01
-2.774578221386576615e-01 1.090429687500000000e+01
-2.155974744586615088e-01 6.588867187500000000e+00
-1.548561708758455779e-01 -1.406274414062500000e+02
-9.508024943373527549e-02 -4.028125000000000000e+02
-3.121862571758526883e-02 -5.093710937500000000e+02
3.008219476789975033e-02 -5.097172851562500000e+02
9.187088302778079196e-02 -4.095273437500000000e+02
1.526837356144170599e-01 -1.469995117187500000e+02
2.152117417960539569e-01 7.375000000000000000e+00
2.768114501025706886e-01 1.149169921875000000e+01
3.381113610969919137e-01 9.492675781250000000e+00
3.994112226112633834e-01 1.032275390625000000e+01
4.610058089965036743e-01 1.220703125000000000e+01
5.220109479171810563e-01 1.158886718750000000e+01
5.836029358542305090e-01 1.114160156250000000e+01
6.452846935450651245e-01 1.114990234375000000e+01
7.073918912748951016e-01 1.184765625000000000e+01
7.682738567067701752e-01 1.225000000000000000e+01
8.307651233914157274e-01 1.056738281250000000e+01
8.912978981563384195e-01 1.109667968750000000e+01
9.525999211866320593e-01 1.052294921875000000e+01
1.014318086840830802e+00 9.935546875000000000e+00
1.074788895906209518e+00 1.031054687500000000e+01
1.136506102269052576e+00 1.107812500000000000e+01
1.197808133346555337e+00 1.065283203125000000e+01
1.259522558212665899e+00 1.074511718750000000e+01
1.321164064254503501e+00 1.089404296875000000e+01
1.382463865818522208e+00 1.144873046875000000e+01
1.443763768081794296e+00 1.258984375000000000e+01
1.505400367916308824e+00 1.179882812500000000e+01
1.567462260972035892e+00 1.181494140625000000e+01
1.627997708396151211e+00 1.049121093750000000e+01
1.690061923879341066e+00 1.122802734375000000e+01
1.750594942588804770e+00 9.431640625000000000e+00
1.812661489230606549e+00 1.062744140625000000e+01
1.874730374889054474e+00 1.222558593750000000e+01
1.937707687540608958e+00 1.125390625000000000e+01
1.999261972912577789e+00 9.379394531250000000e+00
2.060562668546268128e+00 1.000927734375000000e+01
2.121863414354962174e+00 1.044287109375000000e+01
2.183164110279690817e+00 1.053759765625000000e+01
2.244718914747579674e+00 1.008203125000000000e+01
2.306621269927774165e+00 1.008837890625000000e+01
2.367320553397519234e+00 1.021191406250000000e+01
2.428366745432654739e+00 1.116992187500000000e+01
2.489667442055875313e+00 1.079052734375000000e+01
2.550968188795891933e+00 7.685058593750000000e+00
2.612013806961698492e+00 6.750976562500000000e+00
2.673314366214839310e+00 1.023046875000000000e+01
2.733779622424307831e+00 7.291503906250000000e+00
2.796170977035004057e+00 8.450195312500000000e+00
2.857727320098717883e+00 8.416015625000000000e+00
2.921839306210472387e+00 9.237792968750000000e+00
2.981184209259438944e+00 9.018066406250000000e+00
3.042484970085709506e+00 8.375000000000000000e+00
3.103785780854153131e+00 7.507812500000000000e+00
3.165941405859683755e+00 7.837890625000000000e+00
3.226387352972736267e+00 8.994628906250000000e+00
3.288542728092778589e+00 8.459960937500000000e+00
3.350944541481453598e+00 7.079589843750000000e+00
3.411144140082086551e+00 7.084960937500000000e+00
3.473545985834221028e+00 7.585449218750000000e+00
3.536496940473014661e+00 6.309082031250000000e+00
3.598522267494345783e+00 6.069824218750000000e+00
3.657448183329847780e+00 8.038085937500000000e+00
3.724321087462328705e+00 8.237792968750000000e+00
3.782424347115821206e+00 7.604492187500000000e+00
3.844788937585732924e+00 6.746582031250000000e+00
3.904862332094239719e+00 6.978515625000000000e+00
3.966487590754383064e+00 6.121093750000000000e+00
4.027786181308016467e+00 5.875000000000000000e+00
4.089991823089846434e+00 5.805175781250000000e+00
4.150383367188311468e+00 6.953125000000000000e+00
4.212593216132560769e+00 6.236816406250000000e+00
4.275310611714274955e+00 5.217773437500000000e+00
4.335194659292071151e+00 5.512207031250000000e+00
4.397660348305365119e+00 4.611816406250000000e+00
4.460778243416655187e+00 3.166015625000000000e+00
4.522081110952797189e+00 4.953125000000000000e+00
4.583384077325547423e+00 3.927734375000000000e+00
4.645676753956436755e+00 2.910156250000000000e+00
4.705989805645742763e+00 3.672851562500000000e+00
4.767292667826779962e+00 3.530273437500000000e+00
4.827796512489285874e+00 3.958984375000000000e+00
4.889097206114811911e+00 4.446777343750000000e+00
4.951201245755157743e+00 2.926757812500000000e+00
5.012504102115428850e+00 3.465820312500000000e+00
5.073806957311546739e+00 2.546875000000000000e+00
5.135109810877850123e+00 3.971679687500000000e+00
5.196352242259862919e+00 3.787597656250000000e+00
5.254922975457532175e+00 4.675781250000000000e+00
5.318898247906332699e+00 2.811523437500000000e+00
5.378458424685234718e+00 3.688476562500000000e+00
5.440743809351431537e+00 3.427246093750000000e+00
5.502867498002714797e+00 3.128417968750000000e+00
5.566890558891429919e+00 3.076171875000000000e+00
5.627853209364857889e+00 8.764648437500000000e-01
5.689487236386014501e+00 3.642578125000000000e-01
5.750454879679764986e+00 1.911132812500000000e+00
5.812084109458339753e+00 1.171875000000000000e+00
5.873382494189684166e+00 1.017578125000000000e+00
5.935390662045691101e+00 2.772460937500000000e+00
5.995979260509159303e+00 2.264648437500000000e+00
6.057277641980874705e+00 1.089843750000000000e+00
6.118259636744497243e+00 2.541992187500000000e+00
6.180872145190846823e+00 2.013671875000000000e+00
6.242172041982598785e+00 7.275390625000000000e-01
6.303471889530669614e+00 1.415039062500000000e+00
6.364771787952236082e+00 -2.128906250000000000e-01
6.426071687072294480e+00 -2.573242187500000000e-01
6.486366381433583683e+00 1.009765625000000000e+00
6.547664754057734626e+00 1.744140625000000000e+00
6.608963125634147673e+00 7.792968750000000000e-01
6.670261496162822823e+00 1.278320312500000000e+00
6.733041538019364225e+00 1.943359375000000000e-01
6.794344789900691239e+00 1.210937500000000000e-01
6.855647942654371718e+00 -1.846679687500000000e+00
6.916951096310270941e+00 1.466796875000000000e+00
6.978254250853836993e+00 1.316406250000000000e+00
7.039823577158031753e+00 1.708984375000000000e-01
7.101125881680573571e+00 -1.008300781250000000e+00
7.162163719774156334e+00 -2.265625000000000000e-01
7.223730496128055734e+00 1.235351562500000000e-01
7.285295675300119456e+00 -3.320312500000000000e-02
7.347824129974895868e+00 -3.632812500000000000e-01
7.409124060992752447e+00 1.359375000000000000e+00
7.471380354691973480e+00 -1.904296875000000000e-01
7.532681706384209974e+00 6.054687500000000000e-02
7.593023758469342965e+00 -9.873046875000000000e-01
7.655689447687336724e+00 -3.359375000000000000e-01
7.715623577253126086e+00 3.208007812500000000e-01
7.777887139928679971e+00 -3.974609375000000000e-01
7.839188505001402518e+00 -1.961914062500000000e+00
7.901778042679154623e+00 -5.947265625000000000e-01
7.962181825014567949e+00 -8.359375000000000000e-01
8.025275291881712292e+00 -1.290039062500000000e+00
8.086576525295981810e+00 -1.407226562500000000e+00
8.148672237254331208e+00 -1.198730468750000000e+00
8.209973021651066460e+00 -1.198730468750000000e+00
8.271273806287908315e+00 -6.752929687500000000e-01
8.333367795532325317e+00 -2.353515625000000000e+00
8.394668117996701540e+00 -8.603515625000000000e-01
8.455968437899940682e+00 -1.167968750000000000e+00
8.515685235797150199e+00 -1.057617187500000000e+00
8.574985989161746147e+00 -1.471679687500000000e+00
8.639078615830484864e+00 -1.096679687500000000e+00
8.701743046762572931e+00 -1.107910156250000000e+00
8.763615297068980681e+00 -1.591796875000000000e+00
8.824914194959063707e+00 -3.701171875000000000e-01
8.885641850897087579e+00 -2.028808593750000000e+00
8.945582543012832843e+00 -1.172363281250000000e+00
9.007671303874161595e+00 7.519531250000000000e-02
9.068971598398860579e+00 -1.177734375000000000e+00
9.129485050522461620e+00 -1.577636718750000000e+00
9.191572180230508593e+00 -1.127929687500000000e+00
9.252872467304626980e+00 -2.034179687500000000e+00
9.314739101706805968e+00 -1.157226562500000000e+00
9.376604367530461559e+00 -1.553710937500000000e+00
9.438466924302332473e+00 -1.493164062500000000e+00
9.499766581889701911e+00 -1.100097656250000000e+00
9.562739545340605218e+00 -1.647949218750000000e+00
9.622931855585392213e+00 -1.305664062500000000e+00
9.686448701212185597e+00 -8.007812500000000000e-01
9.744965225685149335e+00 -4.150390625000000000e-01
9.806264886037382666e+00 -2.210937500000000000e+00
9.866995671082776198e+00 -2.464843750000000000e+00
9.928864206101565060e+00 -2.209472656250000000e+00
9.990734188977711483e+00 -5.996093750000000000e-01
1.005203456895125669e+01 -1.504882812500000000e+00
1.011444370346669075e+01 -9.760742187500000000e-01
1.017808808859231817e+01 -1.833007812500000000e+00
1.023942263440484624e+01 -2.960449218750000000e+00
1.030072329683106602e+01 -1.325195312500000000e+00
1.036202395922818198e+01 -1.557617187500000000e+00
1.042442774024428331e+01 -1.811523437500000000e-01
1.048466864053091285e+01 -6.669921875000000000e-01
1.054597119211587142e+01 -1.466796875000000000e+00
1.060717967672795226e+01 -2.596679687500000000e+00
1.066963820863500700e+01 -2.187011718750000000e+00
1.073200275622406252e+01 -1.437500000000000000e+00
1.079330538371181092e+01 -1.317382812500000000e+00
1.085248402419722424e+01 -3.266601562500000000e+00
1.091595221847383357e+01 -2.271972656250000000e+00
1.097725287327484978e+01 -3.137695312500000000e+00
1.103956302344175811e+01 -2.261230468750000000e+00
1.110086405305645485e+01 -1.660156250000000000e+00
1.116118856199133802e+01 -1.248046875000000000e+00
1.122245554215551522e+01 -2.408203125000000000e+00
1.128574804532618714e+01 -1.799804687500000000e+00
1.134508464902134506e+01 -1.166015625000000000e+00
1.140638344818395922e+01 -9.902343750000000000e-01
1.146765826162227597e+01 -2.802246093750000000e+00
1.153096123038486098e+01 -1.811523437500000000e+00
1.159226450278438847e+01 -1.512695312500000000e+00
1.165257301901527853e+01 -2.475585937500000000e+00
1.171387400963084247e+01 -3.041992187500000000e+00
1.177517500133780004e+01 -3.333496093750000000e+00
1.183754788327388496e+01 -2.719726562500000000e+00
1.189777698808410378e+01 -2.676757812500000000e+00
1.196015345443339584e+01 -1.640625000000000000e+00
1.202142177965707504e+01 -2.437500000000000000e+00
1.208275881907212579e+01 -1.764648437500000000e+00
1.214507829954142437e+01 -3.763671875000000000e+00
1.220638126550672098e+01 -1.680664062500000000e+00
1.226877228610932491e+01 -2.768066406250000000e+00
1.233000486279408392e+01 -1.636718750000000000e+00
1.239240528316106804e+01 -2.030273437500000000e+00
1.245370603499789297e+01 -1.637207031250000000e+00
1.251617021955543407e+01 -3.843750000000000000e+00
1.257728061301085631e+01 -2.291015625000000000e+00
1.263858383869145996e+01 -3.903320312500000000e+00
1.269890904136657639e+01 -1.243164062500000000e+00
1.276137570119637132e+01 -3.504394531250000000e+00
1.282267647559594081e+01 -1.435058593750000000e+00
1.288397724990819881e+01 -1.603027343750000000e+00
1.294545607109461116e+01 -2.353515625000000000e+00
1.300675438946922213e+01 -3.956054687500000000e+00
1.306770663660344667e+01 -2.266601562500000000e+00
1.312701903106932377e+01 -1.550781250000000000e+00
1.319031309889314230e+01 -1.849609375000000000e+00
1.325061595079780830e+01 -1.776367187500000000e+00
1.331091393916136667e+01 -2.002929687500000000e+00
1.337218638984735719e+01 -2.578125000000000000e+00
1.343552603101042564e+01 -2.497070312500000000e+00
1.349581900276128010e+01 -2.575195312500000000e+00
1.355813260080967098e+01 -1.870117187500000000e+00
1.361973772141203654e+01 -2.142578125000000000e+00
1.368088755130476386e+01 -2.514160156250000000e+00
1.374204231010580202e+01 -3.664062500000000000e+00
1.380334554776990785e+01 -1.636718750000000000e+00
1.386500064173259261e+01 -1.245117187500000000e+00
1.392626591750132548e+01 -2.858886718750000000e+00
1.398868911467602061e+01 -4.005859375000000000e+00
1.404999080455840499e+01 -3.451171875000000000e+00
1.411241712187950270e+01 -3.639648437500000000e+00
1.417259409205675524e+01 -3.262207031250000000e+00
1.423501716447538001e+01 -3.153808593750000000e+00
1.429519753980079599e+01 -2.054687500000000000e+00
1.435649924254343546e+01 -2.583007812500000000e-01
1.441780094773079668e+01 -2.024902343750000000e+00
1.447779772696550538e+01 -3.185058593750000000e+00
1.453931994565454033e+01 -1.605468750000000000e+00
1.460170612877649887e+01 -3.310058593750000000e+00
1.466411726268745497e+01 -1.837890625000000000e+00
1.472723143836269344e+01 -2.523925781250000000e+00
1.479032226675357720e+01 -9.746093750000000000e-01
1.484803735765876809e+01 -1.584960937500000000e+00
1.490933569966568939e+01 -2.291992187500000000e+00
1.497422243344212234e+01 -1.681640625000000000e+00
1.503372753242369697e+01 -2.650878906250000000e+00
1.509502672595048978e+01 -1.293457031250000000e+00
1.515632591778926042e+01 -2.559082031250000000e+00
1.521762510776538591e+01 -2.066406250000000000e+00
1.527892434617028528e+01 -2.378417968750000000e+00
1.533842426542673820e+01 -1.341796875000000000e+00
1.540367540558851545e+01 -2.213378906250000000e+00
1.546548473772811860e+01 -1.096191406250000000e+00
1.552678505908654927e+01 -7.788085937500000000e-01
1.558808538282785605e+01 -2.656738281250000000e+00
1.564938560902039910e+01 -1.918945312500000000e+00
1.571068588771261432e+01 -1.349609375000000000e+00
1.577213557595948146e+01 -1.229492187500000000e+00
1.583328640248903696e+01 -9.023437500000000000e-01
1.589458673857400584e+01 -3.190917968750000000e+00
1.595574104090854917e+01 -1.925781250000000000e+00
1.601733226357006856e+01 -8.076171875000000000e-01
1.607989416411894013e+01 -2.421875000000000000e+00
1.614342529309081442e+01 -1.922851562500000000e+00
1.620249442208316282e+01 -1.610351562500000000e+00
1.626491018307513059e+01 -3.354492187500000000e-01
1.632732607794471846e+01 -3.264648437500000000e+00
1.638751056246053395e+01 -2.647460937500000000e+00
1.644769490797645517e+01 -1.453125000000000000e+00
1.650899502345438918e+01 -2.169921875000000000e+00
1.656965987756265690e+01 2.021484375000000000e-01
1.663159524649401533e+01 -1.725585937500000000e+00
1.669289535428853810e+01 -1.341796875000000000e+00
1.675642792133888292e+01 -1.183593750000000000e+00
1.681878614142593165e+01 -1.391601562500000000e+00
1.688055959039240861e+01 -1.157226562500000000e+00
1.694162302399207931e+01 -2.059570312500000000e+00
1.700316430636496534e+01 -2.759765625000000000e+00
1.706446666144086066e+01 -1.764648437500000000e+00
1.712576911465487228e+01 3.076171875000000000e-01
1.718682580198664311e+01 -9.418945312500000000e-01
1.724927504077281526e+01 -1.703125000000000000e+00
1.731057565392625008e+01 -1.137695312500000000e+00
1.737187626728341172e+01 -6.533203125000000000e-01
1.743228085138446204e+01 -3.031250000000000000e+00
1.749571685499580553e+01 -2.098632812500000000e+00
1.755911887503535240e+01 -8.779296875000000000e-01
1.761814579355559829e+01 -2.041015625000000000e+00
1.767962434374243230e+01 -3.073242187500000000e+00
1.774074711235444113e+01 -1.159179687500000000e+00
1.780222919335977849e+01 -1.300781250000000000e+00
1.786353161549089918e+01 -1.564453125000000000e+00
1.792588636814382141e+01 -1.735839843750000000e+00
1.798488250140512434e+01 -1.169433593750000000e+00
1.804743887047555972e+01 -9.482421875000000000e-01
1.810874128492326918e+01 -1.186523437500000000e+00
1.817004369750833348e+01 -2.070312500000000000e-01
1.823345404116008694e+01 4.833984375000000000e-01
1.829475654898016046e+01 2.949218750000000000e-01
1.835605905515586755e+01 -1.525390625000000000e+00
1.841630754458640240e+01 -1.572265625000000000e-01
1.847866406216672885e+01 -5.859375000000000000e-02
1.853891244856606590e+01 -2.324218750000000000e-01
1.859916063345048087e+01 -1.626953125000000000e+00
1.866005129337096946e+01 1.355468750000000000e+00
1.872387415453596304e+01 -1.568359375000000000e+00
1.878518091628994569e+01 -6.586914062500000000e-01
1.884648381572388587e+01 1.008300781250000000e+00
1.890778671431381497e+01 -2.915039062500000000e-01
1.896994033208282815e+01 -8.120117187500000000e-01
1.903229113086958080e+01 -2.543945312500000000e-01
1.909338197096218437e+01 -2.001953125000000000e-01
1.915489263505982365e+01 -1.220703125000000000e+00
1.921619338692211443e+01 -1.259765625000000000e+00
1.927749413866798989e+01 2.231445312500000000e-01
1.933857479102294974e+01 -8.593750000000000000e-01
1.940009564178139101e+01 -3.364257812500000000e-01
1.946162158827129929e+01 -7.812500000000000000e-03
1.952386527746814693e+01 -4.433593750000000000e-01
1.958610389962990439e+01 -5.986328125000000000e-01
1.964646685983127838e+01 -8.769531250000000000e-01
1.970683498846548787e+01 -1.420898437500000000e+00
1.976999849386623964e+01 -1.314453125000000000e+00
1.983150150098580866e+01 -1.643554687500000000e+00
1.989259495343134176e+01 -6.972656250000000000e-01
1.995400072714575401e+01 -1.380371093750000000e+00
2.001519161055324503e+01 -1.289062500000000000e-01
2.007671474441949044e+01 4.570312500000000000e-01
2.013801803114537847e+01 -1.442382812500000000e+00
2.019952696538774717e+01 -7.226562500000000000e-01
2.026072678381105163e+01 -2.827148437500000000e-01
2.032202942721495731e+01 -5.805664062500000000e-01
2.038333207190670748e+01 -3.735351562500000000e-01
2.044427919085859457e+01 -8.886718750000000000e-01
2.050603707230283135e+01 -8.388671875000000000e-01
2.056841879578300336e+01 -3.315429687500000000e-01
2.062972080213680215e+01 -1.610351562500000000e+00
2.069210251694403269e+01 -1.574218750000000000e+00
2.075555865342118977e+01 -1.061523437500000000e+00
2.081578338257185123e+01 -1.547851562500000000e+00
2.087600824455967086e+01 -5.468750000000000000e-02
2.093838712798623192e+01 -2.408203125000000000e+00
2.099968902933704840e+01 -1.762695312500000000e+00
2.106099093324172600e+01 -6.508789062500000000e-01
2.112229273953943220e+01 -4.541015625000000000e-02
2.118359459833317260e+01 -6.420898437500000000e-01
2.124597305383156254e+01 -8.222656250000000000e-01
2.130727485266777421e+01 -1.161132812500000000e+00
2.136921275819678101e+01 -2.536621093750000000e+00
2.143051360738228084e+01 -1.137695312500000000e-01
2.149288208306076342e+01 -3.613281250000000000e-01
2.155418281181825080e+01 -5.703125000000000000e-01
2.161548354068487754e+01 -1.420410156250000000e+00
2.167725870423267054e+01 -9.868164062500000000e-01
2.173808509865899907e+01 -6.010742187500000000e-01
2.179938582770752475e+01 -1.427734375000000000e+00
2.186068655692339746e+01 -2.085449218750000000e+00
2.192198728614654613e+01 -8.168945312500000000e-01
2.198284670053712375e+01 -8.867187500000000000e-01
2.204458874476019048e+01 1.665039062500000000e-01
2.210633270924671478e+01 -1.333984375000000000e+00
2.216766300753836560e+01 -3.034667968750000000e+00
2.222899100243645876e+01 -6.191406250000000000e-01
2.229029039485882890e+01 -1.386718750000000000e-01
2.235153959774987698e+01 -1.064453125000000000e+00
2.241284130113280071e+01 -8.486328125000000000e-01
2.247414300719327684e+01 -1.216796875000000000e+00
2.253544471569847474e+01 -3.171875000000000000e+00
2.259678739387433666e+01 -2.294921875000000000e-01
2.265808680108145268e+01 -8.564453125000000000e-01
2.272005730467353146e+01 -2.329589843750000000e+00
2.278068562282984999e+01 -8.085937500000000000e-01
2.284332812199883733e+01 -3.143554687500000000e+00
2.290462798019891011e+01 -1.707031250000000000e+00
2.296592783583784581e+01 -1.835937500000000000e+00
2.302722768891564442e+01 -2.794921875000000000e+00
2.308852753966513660e+01 -1.673828125000000000e+00
2.314848204744609461e+01 -1.316406250000000000e+00
2.321045435541745405e+01 -2.381347656250000000e+00
2.327242707747811323e+01 -2.846679687500000000e+00
2.333419008040505105e+01 -4.121093750000000000e-01
2.339595257622684699e+01 -2.306640625000000000e+00
2.345992955892951670e+01 -3.411132812500000000e+00
2.352034805022694286e+01 -1.116699218750000000e+00
2.358212155116748932e+01 -1.311523437500000000e+00
2.364342077222650573e+01 -1.982421875000000000e+00
2.370424687482145032e+01 -2.728515625000000000e+00
2.376601922121304256e+01 -2.784179687500000000e+00
2.382731844914056296e+01 -1.705078125000000000e+00
2.388945096115105571e+01 -2.462890625000000000e+00
2.395033505100663263e+01 6.835937500000000000e-03
2.401163578185595782e+01 -1.556152343750000000e+00
2.407293651276349067e+01 -1.329101562500000000e+00
2.413423714372846973e+01 -3.062988281250000000e+00
2.419553782486845250e+01 -3.227050781250000000e+00
2.425683850618305826e+01 -8.984375000000000000e-01
2.431856591803273204e+01 -1.378906250000000000e+00
2.437986803212891118e+01 -1.250976562500000000e+00
2.444074060058927955e+01 -7.065429687500000000e-01
2.450204133225351200e+01 -8.496093750000000000e-02
2.456334206415057508e+01 -6.855468750000000000e-01
2.462420892500782088e+01 -1.324218750000000000e+00
2.468594342817677045e+01 -3.681640625000000000e-01
2.474724411030628346e+01 -1.652343750000000000e+00
2.480854479261041945e+01 -2.039062500000000000e+00
2.486984547514738608e+01 -1.912597656250000000e+00
2.493158716352820647e+01 -2.314453125000000000e+00
2.499614487855201617e+01 -1.520996093750000000e+00
2.505744767877099832e+01 -1.671386718750000000e+00
2.511763939415004643e+01 -1.510742187500000000e+00
2.517894158182070896e+01 -3.916015625000000000e-01
2.523917063713935249e+01 -1.850585937500000000e+00
2.530154595064277601e+01 -3.896484375000000000e-01
2.536565285454160801e+01 -1.038085937500000000e+00
2.542637810339002158e+01 -2.315429687500000000e+00
2.548768141138353371e+01 -5.937500000000000000e-01
2.554786974163785374e+01 -1.252441406250000000e+00
2.561085585561703226e+01 -1.941406250000000000e+00
2.567320675119948703e+01 -1.828613281250000000e+00
2.573499496153155519e+01 -1.929687500000000000e+00
2.579800708562062539e+01 -3.457031250000000000e+00
2.585760158246623064e+01 -2.145507812500000000e+00
2.591957902632596245e+01 -2.513671875000000000e+00
2.597921268385977100e+01 -1.081054687500000000e+00
2.604151161372348611e+01 -1.440429687500000000e+00
2.610348136276327580e+01 -1.200683593750000000e+00
2.616478210781163227e+01 -1.490722656250000000e+00
2.622674406093568678e+01 2.050781250000000000e-02
2.628621433323600343e+01 -1.384765625000000000e+00
2.634971393363549907e+01 -2.081054687500000000e+00
2.640933157512401408e+01 -2.316406250000000000e+00
2.647231552080076256e+01 -1.860351562500000000e+00
2.653361621422256178e+01 -1.683105468750000000e+00
2.659491695752832641e+01 -1.808105468750000000e+00
2.665621770065946805e+01 -1.724121093750000000e+00
2.671712958579877295e+01 -3.673828125000000000e+00
2.677881923666019759e+01 -1.029296875000000000e+00
2.684051402004033093e+01 -1.253906250000000000e+00
2.690185473675673222e+01 -2.466308593750000000e+00
2.696315756494449545e+01 -1.850097656250000000e+00
2.702446039423820423e+01 -1.886230468750000000e+00
2.708579899166460336e+01 -1.757812500000000000e+00
2.714782225124915271e+01 -2.863281250000000000e+00
2.720984155223982270e+01 -2.421875000000000000e+00
2.726970555887481851e+01 -2.453125000000000000e+00
2.733172287999011019e+01 -1.716308593750000000e+00
2.739302310804166041e+01 -1.490234375000000000e+00
2.745646861227470481e+01 -3.276367187500000000e+00
2.751776873066302187e+01 -3.396484375000000000e+00
2.757906885004086917e+01 -1.936523437500000000e+00
2.764180903551402935e+01 -2.032226562500000000e+00
2.770166909164873914e+01 -1.051269531250000000e+00
2.776296926387914255e+01 -7.929687500000000000e-01
2.782571519561258810e+01 -4.941406250000000000e-01
2.788556951130777861e+01 -1.523437500000000000e+00
2.794686973639073813e+01 -2.161621093750000000e+00
2.800671824837468193e+01 -1.699218750000000000e+00
2.806947003952410569e+01 -1.266601562500000000e+00
2.813222570893356078e+01 -1.740234375000000000e+00
2.819454579127508964e+01 -1.710937500000000000e+00
2.825584522234734663e+01 -1.900390625000000000e+00
2.831613182491071257e+01 -8.603515625000000000e-01
2.837793913963160719e+01 -2.312011718750000000e+00
2.843923999108720579e+01 -2.135253906250000000e+00
2.850054084271378940e+01 -4.482421875000000000e-01
2.856234294348709568e+01 -8.466796875000000000e-01
2.862314244597347113e+01 -9.497070312500000000e-01
2.868494197583081018e+01 -1.405273437500000000e+00
2.874524660972326728e+01 -8.222656250000000000e-01
2.880754099886129893e+01 -1.333984375000000000e+00
2.886977270568874587e+01 -2.127929687500000000e+00
2.893117204055336344e+01 -6.845703125000000000e-01
2.899247280964875983e+01 -9.580078125000000000e-01
2.905377368129877880e+01 -8.867187500000000000e-01
2.911517772108862800e+01 -1.237304687500000000e+00
2.917647969676698949e+01 -8.613281250000000000e-01
2.923835822951419061e+01 -2.256835937500000000e+00
2.929965902404269684e+01 -2.808593750000000000e+00
2.936095986868436114e+01 -5.810546875000000000e-02
2.942373389536194850e+01 1.523437500000000000e-01
2.948356145797420425e+01 -2.080566406250000000e+00
2.954543290434250480e+01 -1.669921875000000000e+00
2.960718262264776968e+01 -1.669921875000000000e+00
2.966848221402756280e+01 -2.215820312500000000e+00
2.973023192243388735e+01 -1.406250000000000000e+00
2.979108139701270375e+01 -5.185546875000000000e-01
2.985283111123979438e+01 -8.818359375000000000e-01
2.991413070937531415e+01 4.199218750000000000e-01
2.997723959634740254e+01 -8.286132812500000000e-01
3.003627981443491990e+01 -7.905273437500000000e-01
3.009802971947036099e+01 -1.630859375000000000e+00
3.015932932795956845e+01 -1.863281250000000000e+00
3.022198999608238523e+01 -2.022460937500000000e+00
3.028474078415537463e+01 -7.255859375000000000e-01
3.034548508894627616e+01 -9.863281250000000000e-01
3.040734217210491863e+01 -2.276367187500000000e+00
3.046808406529422086e+01 1.718750000000000000e-01
3.052938355725896713e+01 5.097656250000000000e-01
3.059023565539163769e+01 -3.847656250000000000e-01
3.065198254874090367e+01 -5.761718750000000000e-02
3.071548721842674468e+01 -1.500976562500000000e+00
3.077571132830973966e+01 -8.408203125000000000e-01
3.083916898354118530e+01 8.203125000000000000e-02
3.089939303556576533e+01 -1.859863281250000000e+00
3.096177306213985503e+01 -5.527343750000000000e-01
3.102520542668099779e+01 -5.742187500000000000e-01
3.108544232899990334e+01 -1.100585937500000000e+00
3.114567901373857239e+01 -1.322265625000000000e+00
3.120804640573592792e+01 -1.462890625000000000e+00
3.126828297045040017e+01 5.087890625000000000e-01
3.133065052385759941e+01 -1.127929687500000000e-01
3.139301809088539130e+01 1.494140625000000000e-01
3.145325453336377564e+01 4.262695312500000000e-01
3.151349085779702364e+01 -5.947265625000000000e-01
3.157585858437201409e+01 -1.715820312500000000e+00
3.163822642480118930e+01 -7.324218750000000000e-01
3.169963912895455849e+01 -2.525390625000000000e+00
3.176094180801429445e+01 2.324218750000000000e-01
3.182224448579346188e+01 -1.012207031250000000e+00
3.188354721229244149e+01 2.446289062500000000e-01
3.194496278043735060e+01 1.367187500000000000e-01
3.200656640413397724e+01 -1.040527343750000000e+00
3.206756944089502781e+01 5.859375000000000000e-02
3.212916794636292650e+01 -4.409179687500000000e-01
3.219076133467893897e+01 -6.054687500000000000e-02
3.225205939734729554e+01 -6.796875000000000000e-01
3.231412107209793305e+01 -1.919921875000000000e+00
3.237465572303477757e+01 -4.570312500000000000e-01
3.243672252867430927e+01 -9.257812500000000000e-01
3.249919297973640653e+01 2.968750000000000000e-01
3.256049375683171831e+01 -3.774414062500000000e-01
3.262062486289609353e+01 -6.860351562500000000e-01
3.268192559086777749e+01 -1.387207031250000000e+00
3.274478414046456010e+01 -2.197265625000000000e-01
3.280569671378573560e+01 -8.916015625000000000e-01
3.286802742794272092e+01 -7.231445312500000000e-01
3.292932816047643030e+01 -1.425292968750000000e+00
3.299062894290138104e+01 -9.765625000000000000e-04
3.305258420334493508e+01 4.609375000000000000e-01
3.311323040751041447e+01 2.832031250000000000e-02
3.317519090949562610e+01 -1.740234375000000000e+00
3.323583192170873701e+01 -1.699218750000000000e-01
3.329829638720063656e+01 -2.690429687500000000e-01
3.335910081723622511e+01 -7.060546875000000000e-01
3.342089790463312227e+01 -8.100585937500000000e-01
3.348268975467931341e+01 -8.261718750000000000e-01
3.354349937133763149e+01 3.183593750000000000e-01
3.360480015448654001e+01 6.240234375000000000e-01
3.366658434862461036e+01 4.033203125000000000e-01
3.372903730369671393e+01 7.412109375000000000e-01
3.378976018383002611e+01 -1.389648437500000000e+00
3.385047884134678498e+01 -4.296875000000000000e-01
3.391130386749379966e+01 -5.371093750000000000e-03
3.397213403000122867e+01 -1.157226562500000000e+00
3.403437343302198315e+01 -4.980468750000000000e-02
3.409567149667986996e+01 -2.236328125000000000e-01
3.415815425419077656e+01 -1.026367187500000000e+00
3.421945665536713932e+01 -1.257812500000000000e+00
3.428075905852256255e+01 -3.271484375000000000e-01
3.434146290699175097e+01 -6.748046875000000000e-01
3.440336397100418253e+01 -2.490234375000000000e-01
3.446466638043875719e+01 -2.021484375000000000e-01
3.452596879175052891e+01 -1.884765625000000000e-01
3.458869503170846826e+01 -3.437500000000000000e-01
3.465190211991503588e+01 2.192382812500000000e-01
3.471129679329298767e+01 -1.156250000000000000e+00
3.477401684042874308e+01 -2.666015625000000000e-01
3.483580093938726918e+01 -1.531250000000000000e+00
3.489758567502119035e+01 -1.083007812500000000e+00
3.495888560411819412e+01 -1.884765625000000000e+00
3.502018553612558094e+01 -1.063476562500000000e+00
3.508236866612328697e+01 -2.365722656250000000e+00
3.514229897717669360e+01 -8.364257812500000000e-01
3.520408524809587902e+01 -1.679687500000000000e+00
3.526538519081347545e+01 -3.056640625000000000e-01
3.532226783763292133e+01 -4.082031250000000000e-01
3.538525684898576174e+01 -5.561523437500000000e-01
3.544655923601766290e+01 -5.190429687500000000e-01
3.550786162514503985e+01 -6.557617187500000000e-01
3.557127574915151058e+01 -5.332031250000000000e-01
3.563152017594927656e+01 -1.160156250000000000e+00
3.569581533756738168e+01 -9.765625000000000000e-01
3.575711470565894956e+01 -1.334960937500000000e+00
3.581754264604177251e+01 -1.430664062500000000e+00
3.587927925395611339e+01 -1.019042968750000000e+00
3.593908950137350189e+01 -1.632324218750000000e+00
3.600144933291966254e+01 -2.342773437500000000e+00
3.606361161235710711e+01 -1.243164062500000000e+00
3.612491106693798315e+01 -1.419921875000000000e+00
3.618621041943717387e+01 -1.422851562500000000e+00
3.624797402439503458e+01 -4.946289062500000000e-01
3.630927363457590218e+01 -7.451171875000000000e-01
3.637171027255672584e+01 -3.691406250000000000e-01
3.643301004443483748e+01 -1.010742187500000000e+00
3.649498154868209099e+01 1.171875000000000000e-02
3.655628101037157762e+01 -1.528320312500000000e+00
3.661758056973351927e+01 -1.318359375000000000e-01
3.667888002676639303e+01 -1.757812500000000000e-01
3.674017948170379100e+01 -4.335937500000000000e-01
3.680147893431288253e+01 -3.603515625000000000e-01
3.686277838459366762e+01 1.201171875000000000e-01
3.692273712254362295e+01 -2.812500000000000000e-01
3.698582831974553642e+01 -3.002929687500000000e-01
3.704825298994991556e+01 -5.703125000000000000e-01
3.710955369984448282e+01 3.671875000000000000e-01
3.717085440997188073e+01 -6.269531250000000000e-01
3.723283180056216679e+01 3.632812500000000000e-01
3.729502757916449696e+01 -4.667968750000000000e-01
3.735632721314865989e+01 -6.289062500000000000e-01
3.741762694969472136e+01 -6.630859375000000000e-01
3.747956652846481518e+01 1.032714843750000000e+00
3.753978311524046774e+01 -5.771484375000000000e-01
3.760108375383065038e+01 3.139648437500000000e-01
3.766411170598485114e+01 8.349609375000000000e-01
3.772648519465261074e+01 -1.601562500000000000e-01
3.778778699500949756e+01 5.761718750000000000e-02
3.784908879315449326e+01 1.518554687500000000e-01
3.790867149662084046e+01 -1.401367187500000000e-01
3.797169253257712285e+01 1.185546875000000000e+00
3.803127293887813209e+01 -1.027343750000000000e+00
3.809322394782839183e+01 -1.812500000000000000e+00
3.815452567333022671e+01 -7.324218750000000000e-02
3.821689963406211632e+01 2.822265625000000000e-01
3.827582233316022098e+01 -1.542968750000000000e-01
3.833843093540099289e+01 2.695312500000000000e-01
3.840187749620855584e+01 2.255859375000000000e-01
3.846317933323626903e+01 3.056640625000000000e-01
3.852448116793567578e+01 2.968750000000000000e-01
3.858596646425995402e+01 -5.126953125000000000e-01
3.864745315232940470e+01 -7.333984375000000000e-01
3.870731397795285034e+01 -1.606445312500000000e-01
3.876968868415025327e+01 5.693359375000000000e-01
3.883117661425477252e+01 -1.101562500000000000e+00
3.889266604262448368e+01 7.978515625000000000e-01
3.895396926359754275e+01 -2.587890625000000000e-01
3.901528282541947590e+01 4.936523437500000000e-01
3.907659136249418452e+01 -2.734375000000000000e-02
3.913788955845808459e+01 7.646484375000000000e-01
3.919918494776901241e+01 -2.890625000000000000e-01
3.926153812204678673e+01 -3.437500000000000000e-01
3.932389353790560449e+01 -6.728515625000000000e-01
3.938618856160765347e+01 -1.276367187500000000e+00
3.944650012723352006e+01 -2.656250000000000000e-01
3.950879450963266493e+01 -1.728515625000000000e-01
3.957009750952938987e+01 3.842773437500000000e-01
3.963243158974809432e+01 -7.910156250000000000e-01
3.969369362313108240e+01 1.078125000000000000e+00
3.975499628502683436e+01 -3.027343750000000000e-02
3.981629894865426422e+01 3.232421875000000000e-01
3.987768539026646408e+01 7.753906250000000000e-01
3.993898865757282124e+01 -8.300781250000000000e-02
4.000024943731558835e+01 -1.151367187500000000e+00
4.006155240589659172e+01 2.026367187500000000e-01
4.012285532509567076e+01 -1.133300781250000000e+00
4.018415829490267299e+01 -1.075195312500000000e+00
4.024541754358023127e+01 -1.022460937500000000e+00
4.030676428649611864e+01 -7.519531250000000000e-02
4.036811161579598206e+01 -1.157226562500000000e+00
4.042840787550568393e+01 -1.083496093750000000e+00
4.049067330371771334e+01 6.894531250000000000e-01
4.055202150514296022e+01 -3.759765625000000000e-01
4.061332476732704322e+01 6.015625000000000000e-01
4.067458222658105171e+01 -3.012695312500000000e-01
4.073593129006539471e+01 -7.216796875000000000e-01
4.079723455073607852e+01 -9.482421875000000000e-01
4.085890393247814245e+01 -9.628906250000000000e-01
4.092002163669410209e+01 -8.041992187500000000e-01
4.098150037324217010e+01 -1.601562500000000000e-01
4.104279854393666938e+01 -2.036132812500000000e+00
4.110409681493024436e+01 1.777343750000000000e-01
4.116707670573759970e+01 -1.371093750000000000e+00
4.122837932798665861e+01 6.572265625000000000e-01
4.128799122930490739e+01 1.953125000000000000e-02
4.135098467795705801e+01 -1.185546875000000000e+00
4.141143743953182366e+01 -1.014160156250000000e+00
4.147463869333313369e+01 -8.105468750000000000e-01
4.153698998401466724e+01 -1.282226562500000000e+00
4.159724385895987098e+01 -3.066406250000000000e-01
4.165959505470470958e+01 -1.760742187500000000e+00
4.172089769290266759e+01 -1.257812500000000000e+00
4.178220023296250929e+01 -1.395507812500000000e+00
4.184350277500141146e+01 -7.070312500000000000e-01
4.190480531890295879e+01 -1.977539062500000000e+00
4.196626998549673715e+01 -1.427734375000000000e+00
4.202757083124798498e+01 -1.214843750000000000e+00
4.208887162699885209e+01 -6.723632812500000000e-01
4.215017242263330388e+01 -7.524414062500000000e-01
4.221162826948588531e+01 -2.745117187500000000e+00
4.227403000102910369e+01 -1.399414062500000000e+00
4.233704555858344065e+01 -1.453125000000000000e+00
4.239887392655626286e+01 -9.892578125000000000e-01
4.245964483726197614e+01 -1.572753906250000000e+00
4.252094447700869750e+01 -7.695312500000000000e-01
4.258224411710466484e+01 -2.142578125000000000e+00
4.264354375766629346e+01 -2.610351562500000000e+00
4.270484344857754877e+01 -1.001953125000000000e+00
4.276614308977946166e+01 -3.057128906250000000e+00
4.282644140122073395e+01 -1.433593750000000000e+00
4.288774386735684629e+01 -7.578125000000000000e-01
4.294950869141050021e+01 -8.496093750000000000e-01
4.301134170807995361e+01 -9.042968750000000000e-01
4.307317578400514435e+01 1.074218750000000000e-02
4.313508462072414318e+01 -7.749023437500000000e-01
4.319638437158565125e+01 -2.118652343750000000e+00
4.325829172435490477e+01 -1.520507812500000000e+00
4.331898377459575045e+01 -1.044921875000000000e+00
4.337967689364566581e+01 -9.384765625000000000e-01
4.344218937344570008e+01 -2.220703125000000000e+00
4.350173906208215158e+01 -2.359375000000000000e+00
4.356418263410878922e+01 -1.714843750000000000e+00
4.362487767115933934e+01 -2.162109375000000000e+00
4.368789556658074957e+01 -8.999023437500000000e-01
4.375122782757000550e+01 -7.148437500000000000e-01
4.381288379131005684e+01 -2.369628906250000000e+00
4.387418454293951697e+01 -1.363769531250000000e+00
4.393583829624364512e+01 -1.652343750000000000e+00
4.399566931432572403e+01 -2.341308593750000000e+00
4.405843813895441485e+01 -2.021484375000000000e+00
4.411938725050281107e+01 -2.870605468750000000e+00
4.418177833106095420e+01 -1.307617187500000000e+00
4.424233802345221989e+01 -1.696289062500000000e+00
4.430512145112925282e+01 -1.541992187500000000e+00
4.436493789328775961e+01 -1.851562500000000000e+00
4.442880312728053127e+01 -1.914062500000000000e+00
4.449010467385201650e+01 -1.668945312500000000e+00
4.455032748595886005e+01 -2.097656250000000000e+00
4.461270781001044838e+01 -4.345703125000000000e-01
4.467143781514275247e+01 -2.217773437500000000e+00
4.473531088662244315e+01 -2.446777343750000000e+00
4.479553338237064963e+01 -1.782226562500000000e+00
4.485683485059462328e+01 -2.131835937500000000e+00
4.491813631625745984e+01 -2.539062500000000000e+00
4.497943777959198997e+01 -2.327148437500000000e+00
4.504073934036614446e+01 -2.684570312500000000e+00
4.510422552616745406e+01 -1.707519531250000000e+00
4.516578807388394523e+01 -2.764648437500000000e+00
4.522684804732995190e+01 -2.644531250000000000e+00
4.528838947310394758e+01 -2.263183593750000000e+00
4.534942520526618637e+01 -1.958496093750000000e+00
4.541074282569167053e+01 -2.860351562500000000e+00
4.547229157146101386e+01 -2.741210937500000000e+00
4.553359226694918505e+01 -2.306640625000000000e+00
4.559489296625723398e+01 -2.908203125000000000e+00
4.565619376549692277e+01 -2.820312500000000000e+00
4.571749446467036648e+01 -2.552246093750000000e+00
4.577905783162205466e+01 -2.879882812500000000e+00
4.584343609344587378e+01 -3.589355468750000000e+00
4.590570521014404903e+01 -3.035156250000000000e+00
4.596604209397419538e+01 -2.226074218750000000e+00
4.602734514471895011e+01 -1.940429687500000000e+00
4.608768258777192273e+01 -3.316406250000000000e+00
