#Time Flux
-2.700522116267469741e+00 -2.718359375000000000e+01
-2.690596805903568978e+00 -2.717187500000000000e+01
-2.677804440446776013e+00 -3.124609375000000000e+01
-2.669736469044819316e+00 -2.868750000000000000e+01
-2.657278815603927313e+00 -3.017578125000000000e+01
-2.648855897990864960e+00 -3.074609375000000000e+01
-2.636349222073278042e+00 -2.849609375000000000e+01
-2.628024666884828164e+00 -3.289648437500000000e+01
-2.615438024488362601e+00 -2.584960937500000000e+01
-2.607194877720848680e+00 -3.310937500000000000e+01
-2.594352817712874071e+00 -3.109765625000000000e+01
-2.585667093540193306e+00 -3.402734375000000000e+01
-2.571936203398745846e+00 -2.681250000000000000e+01
-2.561205163943755636e+00 -3.218164062500000000e+01
-2.549487003187769218e+00 -3.304687500000000000e+01
-2.539543230482610880e+00 -3.352343750000000000e+01
-2.527683473090091226e+00 -3.350976562500000000e+01
-2.516627956784153852e+00 -3.522656250000000000e+01
-2.506457182265238615e+00 -3.196093750000000000e+01
-2.493902484944987563e+00 -3.330078125000000000e+01
-2.485838771059588836e+00 -3.533984375000000000e+01
-2.473330287873537259e+00 -3.334375000000000000e+01
-2.464788405800906190e+00 -2.958984375000000000e+01
-2.452441987684986557e+00 -3.446093750000000000e+01
-2.444099481399115703e+00 -3.353515625000000000e+01
-2.431467708842946607e+00 -3.558203125000000000e+01
-2.423249960879710230e+00 -3.550585937500000000e+01
-2.410374620884654817e+00 -3.964257812500000000e+01
-2.399737129030635074e+00 -3.427148437500000000e+01
-2.388011504451103661e+00 -3.243945312500000000e+01
-2.377174589458387999e+00 -3.592187500000000000e+01
-2.366227966688427387e+00 -3.291601562500000000e+01
-2.355382320683217401e+00 -3.824609375000000000e+01
-2.343592547787064717e+00 -3.230859375000000000e+01
-2.331723586300736173e+00 -3.980468750000000000e+01
-2.322548653272091812e+00 -3.089062500000000000e+01
-2.309927332004440004e+00 -3.508593750000000000e+01
-2.301646966428931407e+00 -3.413867187500000000e+01
-2.289057231885612609e+00 -3.582421875000000000e+01
-2.280887855000031550e+00 -3.350781250000000000e+01
-2.268457725005228909e+00 -3.588671875000000000e+01
-2.260189922089574921e+00 -3.123437500000000000e+01
-2.247454083204061703e+00 -3.837304687500000000e+01
-2.239301228642816000e+00 -3.826171875000000000e+01
-2.226217408570168033e+00 -3.583593750000000000e+01
-2.214878306100088068e+00 -3.484375000000000000e+01
-2.203483398960907280e+00 -3.296093750000000000e+01
-2.193090509490662754e+00 -3.694531250000000000e+01
-2.181698406454179562e+00 -3.501171875000000000e+01
-2.171408695254447352e+00 -3.765039062500000000e+01
-2.159525381993388393e+00 -3.434765625000000000e+01
-2.147183134572637542e+00 -3.354296875000000000e+01
-2.138554453180930182e+00 -3.384375000000000000e+01
-2.126065558706173420e+00 -3.510937500000000000e+01
-2.117661933257712903e+00 -3.610546875000000000e+01
-2.105160434954973070e+00 -3.760546875000000000e+01
-2.096869144028163490e+00 -3.039062500000000000e+01
-2.084489563830958403e+00 -3.665234375000000000e+01
-2.076108194227508363e+00 -2.712890625000000000e+01
-2.063437292753336649e+00 -3.732226562500000000e+01
-2.055349587011678025e+00 -3.107421875000000000e+01
-2.042260419923344728e+00 -3.266015625000000000e+01
-2.030508336287399018e+00 -2.891796875000000000e+01
-2.019212351724243959e+00 -3.171484375000000000e+01
-2.008894375494216789e+00 -3.409570312500000000e+01
-1.998439671237690618e+00 -3.002929687500000000e+01
-1.987430756728079118e+00 -3.200195312500000000e+01
-1.975608776715203518e+00 -3.203906250000000000e+01
-1.962681860682145896e+00 -3.100390625000000000e+01
-1.954578671513827359e+00 -2.993359375000000000e+01
-1.942133914469737377e+00 -3.146484375000000000e+01
-1.933780891601580620e+00 -2.613085937500000000e+01
-1.921224884167891389e+00 -2.932031250000000000e+01
-1.913006362756830114e+00 -2.908203125000000000e+01
-1.900581115298210833e+00 -3.629687500000000000e+01
-1.892206503436845821e+00 -2.451953125000000000e+01
-1.879490362371548429e+00 -3.313281250000000000e+01
-1.871443820746153008e+00 -2.699609375000000000e+01
-1.858248291613939784e+00 -2.941210937500000000e+01
-1.846496361585101553e+00 -2.474804687500000000e+01
-1.834978188816137390e+00 -2.735742187500000000e+01
-1.824693668898921928e+00 -2.770312500000000000e+01
-1.813240600239314659e+00 -2.362109375000000000e+01
-1.803004521631315527e+00 -2.633789062500000000e+01
-1.791703344455740421e+00 -2.122265625000000000e+01
-1.778714037879103316e+00 -2.204492187500000000e+01
-1.770659459851128048e+00 -1.949218750000000000e+01
-1.758195514164395235e+00 -1.996093750000000000e+01
-1.749804474040811186e+00 -1.871093750000000000e+01
-1.737297907151921450e+00 -1.948632812500000000e+01
-1.729013849719430951e+00 -1.851171875000000000e+01
-1.716529041603203964e+00 -1.776171875000000000e+01
-1.708296103744887162e+00 -1.395507812500000000e+01
-1.695513908779776813e+00 -1.607421875000000000e+01
-1.686953021410097620e+00 -1.562500000000000000e+01
-1.674311507798352139e+00 -1.495507812500000000e+01
-1.662397085707576494e+00 -1.117968750000000000e+01
-1.651424161920411748e+00 -1.241796875000000000e+01
-1.640795097740570085e+00 -1.736914062500000000e+01
-1.628751049706183451e+00 -1.090234375000000000e+01
-1.618597841839305218e+00 -1.096093750000000000e+01
-1.607599518032602148e+00 -4.736328125000000000e+00
-1.594808380636527190e+00 -6.470703125000000000e+00
-1.586755688478557857e+00 -4.835937500000000000e+00
-1.574234357121454764e+00 -4.697265625000000000e+00
-1.565879068562930243e+00 -1.460937500000000000e+00
-1.553363479950004233e+00 1.617187500000000000e+00
-1.544986072752744022e+00 3.617187500000000000e+00
-1.532346424282874153e+00 1.117187500000000000e+00
-1.524158524228349521e+00 5.003906250000000000e+00
-1.511381992645269179e+00 2.531250000000000000e+00
-1.501369352588023176e+00 9.232421875000000000e+00
-1.489305587880052073e+00 8.746093750000000000e+00
-1.478174086105079610e+00 8.375000000000000000e+00
-1.467228933210954267e+00 1.314843750000000000e+01
-1.456569631812687504e+00 1.343750000000000000e+01
-1.444830936198359339e+00 1.783593750000000000e+01
-1.434369306840759251e+00 1.985156250000000000e+01
-1.423597204063522526e+00 2.167968750000000000e+01
-1.410902700343717342e+00 1.939648437500000000e+01
-1.402773436677639651e+00 2.489648437500000000e+01
-1.390328310586042448e+00 2.388085937500000000e+01
-1.381781498706835976e+00 3.128906250000000000e+01
-1.369389694161045057e+00 3.036132812500000000e+01
-1.360919507140296858e+00 3.421679687500000000e+01
-1.348300482414774848e+00 2.991406250000000000e+01
-1.340306645088366722e+00 3.987500000000000000e+01
-1.327352471352201135e+00 3.411328125000000000e+01
-1.317136043775478882e+00 4.383203125000000000e+01
-1.305077945568744013e+00 4.441015625000000000e+01
-1.294095548656128969e+00 4.885156250000000000e+01
-1.283636024969135647e+00 4.890234375000000000e+01
-1.272456802153262956e+00 4.875976562500000000e+01
-1.260619265124640620e+00 5.426953125000000000e+01
-1.248140971753977979e+00 5.423828125000000000e+01
-1.239505914418204569e+00 5.756445312500000000e+01
-1.226928223194112988e+00 5.511132812500000000e+01
-1.218664775149076007e+00 6.301562500000000000e+01
-1.206056602389431021e+00 6.604687500000000000e+01
-1.197859439389109326e+00 7.110351562500000000e+01
-1.185426030396866892e+00 6.657226562500000000e+01
-1.177231024880425636e+00 7.446679687500000000e+01
-1.164525784348366955e+00 7.157812500000000000e+01
-1.156560805311254825e+00 8.127343750000000000e+01
-1.143366135429184638e+00 7.810351562500000000e+01
-1.131939783257491783e+00 8.590234375000000000e+01
-1.120852901443692318e+00 8.443359375000000000e+01
-1.110011103944794186e+00 8.721093750000000000e+01
-1.099401499598286591e+00 8.809570312500000000e+01
-1.088394044461253429e+00 9.080468750000000000e+01
-1.076557428517377346e+00 9.371679687500000000e+01
-1.063527744581220347e+00 9.466406250000000000e+01
-1.055567405566634420e+00 1.003417968750000000e+02
-1.043022687256302206e+00 9.819140625000000000e+01
-1.034642226301311752e+00 1.046914062500000000e+02
-1.022082385948689165e+00 1.066601562500000000e+02
-1.013861541490472362e+00 1.066953125000000000e+02
-1.001385267343982477e+00 1.062734375000000000e+02
-9.931090189710989335e-01 1.141054687500000000e+02
-9.805604729404109321e-01 1.129609375000000000e+02
-9.724159588934870868e-01 1.154140625000000000e+02
-9.594215624807969078e-01 1.165195312500000000e+02
-9.475079113765385586e-01 1.180781250000000000e+02
-9.362805142606962505e-01 1.185136718750000000e+02
-9.260633730788843110e-01 1.217617187500000000e+02
-9.155073475364474689e-01 1.231347656250000000e+02
-9.039385135132178561e-01 1.223945312500000000e+02
-8.925843040841012765e-01 1.249121093750000000e+02
-8.795866792848361371e-01 1.245742187500000000e+02
-8.715742372713854991e-01 1.296757812500000000e+02
-8.591114950316800503e-01 1.293203125000000000e+02
-8.507243315647965431e-01 1.365781250000000000e+02
-8.381580378270339082e-01 1.298847656250000000e+02
-8.299459633055992214e-01 1.342851562500000000e+02
-8.174005876802805659e-01 1.333359375000000000e+02
-8.091042958666552209e-01 1.339765625000000000e+02
-7.965556200531995756e-01 1.334335937500000000e+02
-7.884621781076734948e-01 1.313554687500000000e+02
-7.753210983287992519e-01 1.323554687500000000e+02
-7.635321071146758953e-01 1.310371093750000000e+02
-7.527621689813717154e-01 1.321289062500000000e+02
-7.420930554496010245e-01 1.301250000000000000e+02
-7.309104639830135142e-01 1.313828125000000000e+02
-7.195579792055060153e-01 1.272968750000000000e+02
-7.086070716073482600e-01 1.288027343750000000e+02
-6.956757885249640339e-01 1.221523437500000000e+02
-6.875240014251851051e-01 1.245000000000000000e+02
-6.749561485189730092e-01 1.218417968750000000e+02
-6.666031556104954348e-01 1.187539062500000000e+02
-6.541995675468896820e-01 1.247460937500000000e+02
-6.460119061428066800e-01 1.165039062500000000e+02
-6.334965170475737040e-01 1.186171875000000000e+02
-6.250927577359277620e-01 1.120292968750000000e+02
-6.125266555300878935e-01 1.082500000000000000e+02
-6.033673662915841618e-01 1.061562500000000000e+02
-5.913882187191621398e-01 1.027832031250000000e+02
-5.795626050297286724e-01 9.867578125000000000e+01
-5.691701973954028659e-01 9.546679687500000000e+01
-5.578863920793235565e-01 9.799609375000000000e+01
-5.463864633988073649e-01 8.758203125000000000e+01
-5.353302077823318683e-01 8.935351562500000000e+01
-5.246384877379188794e-01 8.109765625000000000e+01
-5.117725307305196480e-01 7.965625000000000000e+01
-5.036239836318365803e-01 7.095703125000000000e+01
-4.910503891037620861e-01 7.283789062500000000e+01
-4.826763339820843157e-01 5.999218750000000000e+01
-4.702899087230338893e-01 6.445507812500000000e+01
-4.618605420129640038e-01 5.501953125000000000e+01
-4.494953665477279259e-01 5.107226562500000000e+01
-4.411615690535999335e-01 4.475390625000000000e+01
-4.285142455240968928e-01 4.207812500000000000e+01
-4.180977794731166597e-01 3.461718750000000000e+01
-4.072952917221073221e-01 3.685937500000000000e+01
-3.952349189220107917e-01 2.579296875000000000e+01
-3.849736437049617876e-01 2.737890625000000000e+01
-3.737433829836085408e-01 1.795312500000000000e+01
-3.619003320931799550e-01 1.017382812500000000e+01
-3.500873015802934418e-01 1.033789062500000000e+01
-3.406549111689116671e-01 -1.113281250000000000e+00
-3.278341366353512143e-01 -2.886718750000000000e+00
-3.197128589360787032e-01 -1.002539062500000000e+01
-3.072448314928575286e-01 -9.199218750000000000e+00
-2.986812270141108172e-01 -2.169921875000000000e+01
-2.863796806812715090e-01 -2.261718750000000000e+01
-2.777560622963388681e-01 -3.033203125000000000e+01
-2.655337958543722010e-01 -3.196875000000000000e+01
-2.572336908144077228e-01 -3.783593750000000000e+01
-2.444071323925118833e-01 -4.426171875000000000e+01
-2.332165062552089552e-01 -4.593945312500000000e+01
-2.230976248465292855e-01 -4.823242187500000000e+01
-2.111980931796431094e-01 -5.579101562500000000e+01
-2.010794236201949303e-01 -5.529296875000000000e+01
-1.894579216915897035e-01 -6.285742187500000000e+01
-1.779955672978577041e-01 -6.385937500000000000e+01
-1.652043448513129675e-01 -6.847656250000000000e+01
-1.565265485338187545e-01 -7.410937500000000000e+01
-1.439261993014913088e-01 -6.927343750000000000e+01
-1.355815228292520658e-01 -8.085937500000000000e+01
-1.230867372825699135e-01 -8.016406250000000000e+01
-1.147788687305908439e-01 -8.080468750000000000e+01
-1.023421181732029339e-01 -8.516601562500000000e+01
-9.385309221042881234e-02 -8.507421875000000000e+01
-8.147440137646810854e-02 -8.997460937500000000e+01
-7.327616784730572874e-02 -8.903906250000000000e+01
-6.038647320013978970e-02 -9.856445312500000000e+01
-4.842496497812653899e-02 -9.565234375000000000e+01
-3.889270072334305439e-02 -1.097656250000000000e+02
-2.715853795286982120e-02 -1.045234375000000000e+02
-1.711167297674798249e-02 -1.163085937500000000e+02
-5.407825518139119936e-03 -1.267128906250000000e+02
6.314544200050953293e-03 -2.290410156250000000e+02
1.930519813590336753e-02 -1.845976562500000000e+02
2.742164052882856140e-02 -2.583164062500000000e+02
3.998150795669452862e-02 -2.290390625000000000e+02
4.839242204301719141e-02 -2.400898437500000000e+02
6.086405164987063188e-02 -2.627460937500000000e+02
6.913244550029595814e-02 -2.241953125000000000e+02
8.162738526606982958e-02 -2.798320312500000000e+02
9.017311276145889565e-02 -1.795546875000000000e+02
1.024770452414260902e-01 -2.591406250000000000e+02
1.106506124634147881e-01 -1.225156250000000000e+02
1.236487637604897216e-01 -1.817617187500000000e+02
1.355738117290314904e-01 -9.696484375000000000e+01
1.459740365573383158e-01 -1.247558593750000000e+02
1.569831919194832892e-01 -8.972070312500000000e+01
1.667824834797695388e-01 -9.673046875000000000e+01
1.785697253188693878e-01 -8.391015625000000000e+01
1.902766069946242311e-01 -8.639843750000000000e+01
2.034490399232931068e-01 -8.485546875000000000e+01
2.115031230211084079e-01 -8.321875000000000000e+01
2.240340253617656430e-01 -8.347656250000000000e+01
2.324775990037650786e-01 -7.858203125000000000e+01
2.448501007959373865e-01 -7.826953125000000000e+01
2.530821035199970481e-01 -7.399218750000000000e+01
2.655648817518390103e-01 -7.146484375000000000e+01
2.740772181295874077e-01 -6.538281250000000000e+01
2.864571102244939382e-01 -7.013671875000000000e+01
2.956721207209032087e-01 -6.219921875000000000e+01
3.077039065324660427e-01 -6.282812500000000000e+01
3.196021715965473575e-01 -5.519140625000000000e+01
3.301706742778147685e-01 -5.754687500000000000e+01
3.411917519281857381e-01 -5.386718750000000000e+01
3.519564506598360509e-01 -5.367578125000000000e+01
3.624767978488518949e-01 -5.079492187500000000e+01
3.742705270101396309e-01 -5.025781250000000000e+01
3.873208507744170248e-01 -4.652734375000000000e+01
3.953242137510404319e-01 -4.119726562500000000e+01
4.079496716661417111e-01 -4.322265625000000000e+01
4.164511173121301368e-01 -3.127343750000000000e+01
4.288258325506504320e-01 -4.057421875000000000e+01
4.371628784275349844e-01 -3.299804687500000000e+01
4.497165870246240260e-01 -3.414257812500000000e+01
4.579331828916304303e-01 -2.613867187500000000e+01
4.707013093185699049e-01 -3.021289062500000000e+01
4.809405043870196295e-01 -2.017187500000000000e+01
4.916721109598309880e-01 -2.416796875000000000e+01
5.033804923022984212e-01 -1.564453125000000000e+01
5.141014694301997423e-01 -1.373437500000000000e+01
5.251025398199855587e-01 -1.099804687500000000e+01
5.365526372130311472e-01 -1.576562500000000000e+01
5.479355055528003504e-01 -1.154296875000000000e+01
5.582398576124081302e-01 -5.222656250000000000e+00
5.712260970126994408e-01 -8.576171875000000000e+00
5.793229754059634473e-01 7.890625000000000000e-01
5.918384303647368228e-01 -5.050781250000000000e+00
6.003782223897555781e-01 3.996093750000000000e+00
6.128441360783760672e-01 5.917968750000000000e-01
6.213247094309739538e-01 4.304687500000000000e+00
6.337392601004419035e-01 5.089843750000000000e+00
6.417694219624365815e-01 8.576171875000000000e+00
6.546491359635870921e-01 9.482421875000000000e+00
6.641559624730710709e-01 1.389062500000000000e+01
6.762549385958411818e-01 1.106835937500000000e+01
6.876394322852714680e-01 1.725195312500000000e+01
6.986746890445942881e-01 1.561523437500000000e+01
7.091534466164590711e-01 2.389257812500000000e+01
7.214257624737197006e-01 1.959765625000000000e+01
7.328453647567085838e-01 2.300195312500000000e+01
7.425380818195428390e-01 2.261132812500000000e+01
7.551783210423348436e-01 2.039062500000000000e+01
7.634166508069339940e-01 2.595312500000000000e+01
7.757672439987111090e-01 2.201953125000000000e+01
7.842960240872898225e-01 2.846093750000000000e+01
7.967481826822329083e-01 2.810156250000000000e+01
8.051328020758781179e-01 2.767187500000000000e+01
8.176184416734066929e-01 3.130859375000000000e+01
8.256765399143315420e-01 2.896484375000000000e+01
8.385656172794426766e-01 2.592968750000000000e+01
8.493980697313077144e-01 3.262109375000000000e+01
8.601551987041649028e-01 3.176562500000000000e+01
8.716334469628641557e-01 3.819921875000000000e+01
8.826084154765752032e-01 3.369531250000000000e+01
8.933978307610077607e-01 3.528320312500000000e+01
9.054490046500554001e-01 3.775390625000000000e+01
9.177319000926811299e-01 3.529687500000000000e+01
9.266198372576344156e-01 4.075390625000000000e+01
9.390582869097165997e-01 3.943750000000000000e+01
9.475093085971284523e-01 4.064843750000000000e+01
9.598816932359515164e-01 3.735546875000000000e+01
9.682450452531394802e-01 4.133984375000000000e+01
9.806567167991842027e-01 4.121875000000000000e+01
9.891348602202754137e-01 4.163476562500000000e+01
1.001503233078405941e+00 3.989062500000000000e+01
1.009627335577734542e+00 3.946093750000000000e+01
1.022578837393723461e+00 4.157617187500000000e+01
1.033935938552660971e+00 4.220703125000000000e+01
1.045315172813479521e+00 3.693750000000000000e+01
1.055737771347106779e+00 3.996484375000000000e+01
1.067135350148776141e+00 4.136523437500000000e+01
1.077591515249717524e+00 3.783203125000000000e+01
1.089396982340314679e+00 4.108203125000000000e+01
1.102245822049503943e+00 4.111328125000000000e+01
1.110609158700686550e+00 4.559375000000000000e+01
1.122978047212677133e+00 3.912109375000000000e+01
1.131473975980485491e+00 4.439062500000000000e+01
1.143920682604711025e+00 4.080468750000000000e+01
1.152115823153927465e+00 4.307421875000000000e+01
1.164562751086249293e+00 4.054296875000000000e+01
1.173032997798054922e+00 4.783984375000000000e+01
1.185401187293759762e+00 4.037109375000000000e+01
1.193535146445556805e+00 4.161718750000000000e+01
1.206734930434091524e+00 4.319140625000000000e+01
1.218435926920413692e+00 4.116796875000000000e+01
1.229924434760789609e+00 3.961914062500000000e+01
1.239805905479647308e+00 4.318750000000000000e+01
1.251064481711660292e+00 3.874218750000000000e+01
1.261570996104476983e+00 3.763867187500000000e+01
1.273506957806004536e+00 3.875781250000000000e+01
1.286413143893300415e+00 3.772851562500000000e+01
1.294623305391779944e+00 4.348046875000000000e+01
1.307036704889037004e+00 3.913281250000000000e+01
1.315533493083790972e+00 3.850390625000000000e+01
1.327911449214472128e+00 3.567382812500000000e+01
1.336069752372428532e+00 3.378515625000000000e+01
1.348641855662284783e+00 3.562890625000000000e+01
1.356933540030496488e+00 3.616015625000000000e+01
1.369357718721034622e+00 3.368750000000000000e+01
1.377502266290303368e+00 3.479687500000000000e+01
1.390750769294450961e+00 3.467187500000000000e+01
1.402380170209566401e+00 3.123046875000000000e+01
1.413818508387805650e+00 3.450585937500000000e+01
1.424143645296048533e+00 3.719140625000000000e+01
1.436403174048203724e+00 3.372851562500000000e+01
1.445479435654181799e+00 3.172656250000000000e+01
1.457590962217951258e+00 3.305078125000000000e+01
1.470300688667052214e+00 2.887109375000000000e+01
1.478527663235637668e+00 3.476953125000000000e+01
1.490968050064406469e+00 2.889062500000000000e+01
1.499431919580269224e+00 2.985742187500000000e+01
1.511789315485856378e+00 3.098828125000000000e+01
1.520161183855726073e+00 2.855859375000000000e+01
1.532578995240381659e+00 2.948437500000000000e+01
1.540838437267575856e+00 2.912890625000000000e+01
1.553625218398579477e+00 2.941796875000000000e+01
1.561858285618420439e+00 2.615625000000000000e+01
1.574677360925593739e+00 2.737695312500000000e+01
1.586347627530689586e+00 2.670312500000000000e+01
1.598350680043276739e+00 2.537109375000000000e+01
1.608142299340455494e+00 2.003515625000000000e+01
1.620309748748896439e+00 2.453906250000000000e+01
1.629385674209391510e+00 1.870703125000000000e+01
1.641486208927120494e+00 2.234765625000000000e+01
1.654207506861425259e+00 1.993750000000000000e+01
1.662384667967739205e+00 2.264062500000000000e+01
1.674818975180391689e+00 2.208593750000000000e+01
1.683354014785200192e+00 2.217968750000000000e+01
1.695787848656913788e+00 2.087109375000000000e+01
1.704298952968002823e+00 1.708398437500000000e+01
1.716661684048599312e+00 1.366796875000000000e+01
1.724782631612525208e+00 1.616796875000000000e+01
1.737588991228262714e+00 1.732421875000000000e+01
1.747088153515417019e+00 1.619531250000000000e+01
1.759500913425756430e+00 1.522460937500000000e+01
1.770624375097161973e+00 1.505664062500000000e+01
1.781945708637388215e+00 1.266406250000000000e+01
1.792052399399166163e+00 1.200390625000000000e+01
1.804436017125318870e+00 1.298046875000000000e+01
1.816115991822503162e+00 1.489843750000000000e+01
1.825535711173488451e+00 1.433984375000000000e+01
1.838144144589609397e+00 1.037109375000000000e+01
1.846353037496211158e+00 1.375781250000000000e+01
1.858753557145541357e+00 1.110351562500000000e+01
1.867306124561006087e+00 5.894531250000000000e+00
1.879692644782630317e+00 7.419921875000000000e+00
1.888253856657739149e+00 1.163867187500000000e+01
1.900559627670158847e+00 7.601562500000000000e+00
1.908731836240095348e+00 7.191406250000000000e+00
1.921585397683286622e+00 1.783203125000000000e+00
1.932331999523796640e+00 3.746093750000000000e+00
1.943724602505565002e+00 1.210937500000000000e+00
1.954527431912486790e+00 5.462890625000000000e+00
1.965839874348923821e+00 3.816406250000000000e+00
1.976397200668637666e+00 6.523437500000000000e-01
1.988408907030830619e+00 3.589843750000000000e+00
1.999333408116131139e+00 -6.523437500000000000e-01
2.009433011600394892e+00 -1.515625000000000000e+00
2.022021005996506915e+00 5.468750000000000000e-01
2.030408567721029733e+00 -5.427734375000000000e+00
2.042904778829546686e+00 -5.859375000000000000e-02
2.051220619812114343e+00 -5.933593750000000000e+00
2.063656112456864200e+00 -9.218750000000000000e-01
2.072082465654295547e+00 -6.039062500000000000e+00
2.084528306431080225e+00 -1.949218750000000000e+00
2.092684729434022728e+00 -6.976562500000000000e+00
2.105834691231926570e+00 -1.104101562500000000e+01
2.117507856907671737e+00 -8.380859375000000000e+00
2.128248432490272180e+00 -8.109375000000000000e+00
2.138867488462187438e+00 -7.031250000000000000e+00
2.150743845466063675e+00 -1.290234375000000000e+01
2.160527974258787509e+00 -1.161914062500000000e+01
2.172366455537030561e+00 -1.277343750000000000e+01
2.184562579784019576e+00 -1.050000000000000000e+01
2.193467814541419258e+00 -1.189843750000000000e+01
2.205939928930606087e+00 -1.129492187500000000e+01
2.214381194417249787e+00 -1.331250000000000000e+01
2.226909882527596807e+00 -9.914062500000000000e+00
2.235140828145141256e+00 -1.758984375000000000e+01
2.247577014970940645e+00 -1.148242187500000000e+01
2.255996878417846574e+00 -1.428320312500000000e+01
2.268427066356876409e+00 -1.523828125000000000e+01
2.276588583345056094e+00 -1.574609375000000000e+01
2.289748533010193654e+00 -1.392187500000000000e+01
2.301456730980921073e+00 -1.654687500000000000e+01
2.313195559676707980e+00 -1.997851562500000000e+01
2.322965896791050255e+00 -1.866406250000000000e+01
2.334318960477108185e+00 -1.518554687500000000e+01
2.344540380044112027e+00 -1.555468750000000000e+01
2.356482133081355457e+00 -2.046093750000000000e+01
2.369370738017609668e+00 -1.730859375000000000e+01
2.377567604925456379e+00 -2.057812500000000000e+01
2.389955112560132378e+00 -1.867578125000000000e+01
2.398442683899780548e+00 -1.815234375000000000e+01
2.410869459751173949e+00 -1.741015625000000000e+01
2.419079259556607298e+00 -2.343359375000000000e+01
2.431669015384690269e+00 -1.861328125000000000e+01
2.439917852756389394e+00 -2.279687500000000000e+01
2.452640891069608031e+00 -1.958984375000000000e+01
2.460538562771162674e+00 -2.688281250000000000e+01
2.473743980769827822e+00 -2.420312500000000000e+01
2.485451567126787609e+00 -2.654687500000000000e+01
2.496790256137906283e+00 -2.671484375000000000e+01
2.507096102470590893e+00 -1.944140625000000000e+01
2.519380850352955115e+00 -3.023437500000000000e+01
2.528482155260338260e+00 -2.139062500000000000e+01
2.540572823950527415e+00 -2.812304687500000000e+01
2.553276252236686972e+00 -2.355859375000000000e+01
2.561480433503222187e+00 -2.597265625000000000e+01
2.573860315026253787e+00 -2.483984375000000000e+01
2.582358869913909061e+00 -3.336328125000000000e+01
2.594787908351771755e+00 -2.268750000000000000e+01
2.603156395802562528e+00 -3.123828125000000000e+01
2.615578715689800049e+00 -2.775781250000000000e+01
2.623820469405382383e+00 -3.318359375000000000e+01
2.636592876270938746e+00 -3.026562500000000000e+01
2.644796151529355654e+00 -3.230078125000000000e+01
2.658237360362550206e+00 -3.034765625000000000e+01
2.669517602669715828e+00 -2.982031250000000000e+01
2.681974000026098537e+00 -3.222656250000000000e+01
2.691168571978108659e+00 -2.765625000000000000e+01
2.703551426323594242e+00 -3.123437500000000000e+01
2.712381036626378084e+00 -2.869140625000000000e+01
2.724507441692168186e+00 -3.312500000000000000e+01
2.736872222153529322e+00 -3.113281250000000000e+01
2.745424637640154764e+00 -3.078906250000000000e+01
2.757640020053808705e+00 -2.923828125000000000e+01
2.766355787278328648e+00 -3.441210937500000000e+01
2.778782544624413653e+00 -2.940234375000000000e+01
2.787233793643883573e+00 -2.976562500000000000e+01
2.799690224133142280e+00 -3.306640625000000000e+01
2.807779392616849279e+00 -3.246289062500000000e+01
2.820587683180667327e+00 -3.248242187500000000e+01
2.829329296340640454e+00 -3.526953125000000000e+01
2.843090167443908634e+00 -3.301953125000000000e+01
2.853646150928601521e+00 -2.975976562500000000e+01
2.865213593904075040e+00 -3.328515625000000000e+01
2.875322820597705942e+00 -3.201953125000000000e+01
2.887440664711959037e+00 -3.444140625000000000e+01
2.897036374492513389e+00 -3.018750000000000000e+01
2.908478448325241494e+00 -3.659960937500000000e+01
2.920927569439986549e+00 -3.103906250000000000e+01
2.929385696626614077e+00 -3.769140625000000000e+01
2.941740859376182016e+00 -3.112695312500000000e+01
2.950321049954539809e+00 -3.446484375000000000e+01
2.962729497862806483e+00 -3.410937500000000000e+01
2.971167482721558173e+00 -3.314062500000000000e+01
2.983630784054725815e+00 -3.236328125000000000e+01
2.991743364527993165e+00 -3.642187500000000000e+01
3.004735612026330216e+00 -3.133984375000000000e+01
3.015265779955427661e+00 -3.723437500000000000e+01
3.027323430934513837e+00 -3.639257812500000000e+01
3.037572355633660237e+00 -3.397265625000000000e+01
3.049144079264374696e+00 -3.780078125000000000e+01
3.059327972432714482e+00 -3.024609375000000000e+01
3.071387461551549514e+00 -3.806445312500000000e+01
3.081927767024958520e+00 -3.305664062500000000e+01
3.092501010824641128e+00 -4.089843750000000000e+01
3.104993034964140364e+00 -3.226562500000000000e+01
3.113388100500747768e+00 -3.608984375000000000e+01
3.125713551555531211e+00 -3.542968750000000000e+01
3.134255863353665461e+00 -3.644531250000000000e+01
3.146769529016072653e+00 -3.446875000000000000e+01
3.155155495795098020e+00 -3.194921875000000000e+01
3.167582994821717790e+00 -3.364062500000000000e+01
3.175650888432047125e+00 -3.440234375000000000e+01
3.188697853742111121e+00 -3.482421875000000000e+01
3.200481031643924723e+00 -3.258984375000000000e+01
3.211894482098898607e+00 -3.641015625000000000e+01
3.221868982406070891e+00 -3.630078125000000000e+01
3.234549833653782791e+00 -3.526367187500000000e+01
3.243379577611106512e+00 -3.277734375000000000e+01
3.255377078147922987e+00 -3.116406250000000000e+01
3.266837445930637074e+00 -3.188281250000000000e+01
3.276516806306347895e+00 -3.501171875000000000e+01
3.288898542671235603e+00 -3.408203125000000000e+01
3.297473338684122623e+00 -3.512890625000000000e+01
3.309596904754175561e+00 -3.424023437500000000e+01
3.318162217256327651e+00 -3.183593750000000000e+01
3.330562355690401155e+00 -3.188085937500000000e+01
3.339124328162343502e+00 -3.596484375000000000e+01
3.351493315487463320e+00 -3.204687500000000000e+01
3.359578362340453594e+00 -3.196093750000000000e+01
3.372780241266013945e+00 -3.501171875000000000e+01
3.384468351683521448e+00 -3.175000000000000000e+01
3.396127796790417541e+00 -3.299218750000000000e+01
3.406106382689671364e+00 -3.409765625000000000e+01
3.417576771980389339e+00 -3.297265625000000000e+01
3.427461126776236711e+00 -2.750781250000000000e+01
3.439296317718746110e+00 -3.282031250000000000e+01
3.451706836341968732e+00 -3.130273437500000000e+01
3.460559122641893026e+00 -2.748046875000000000e+01
3.472887919094795883e+00 -2.793554687500000000e+01
3.481423916962818055e+00 -2.873046875000000000e+01
3.493907988111658369e+00 -2.818750000000000000e+01
3.502233279677803068e+00 -2.699609375000000000e+01
3.514673123434796764e+00 -2.833593750000000000e+01
3.522965556545441856e+00 -2.796484375000000000e+01
3.535690460309565353e+00 -2.635156250000000000e+01
3.543839290141242770e+00 -2.920703125000000000e+01
3.556764591232118633e+00 -2.856640625000000000e+01
3.568440144716063855e+00 -2.450781250000000000e+01
3.580021879443259003e+00 -2.001367187500000000e+01
3.590049433574954207e+00 -2.228906250000000000e+01
3.601773000879359365e+00 -2.205664062500000000e+01
3.611448065036586996e+00 -1.730273437500000000e+01
3.623392123711584034e+00 -2.160546875000000000e+01
3.635601854970359703e+00 -2.066796875000000000e+01
3.644463362586133570e+00 -1.829687500000000000e+01
3.656794010333691780e+00 -1.704296875000000000e+01
3.665325516562448982e+00 -1.692578125000000000e+01
3.677829029551095807e+00 -1.451171875000000000e+01
3.686134440553196612e+00 -1.485546875000000000e+01
3.698640339938287447e+00 -1.626367187500000000e+01
3.706945783308674969e+00 -1.073242187500000000e+01
3.719641859074647172e+00 -1.416992187500000000e+01
3.729737140232812109e+00 -1.235937500000000000e+01
3.740697709672154758e+00 -9.761718750000000000e+00
3.752670806871085674e+00 -8.070312500000000000e+00
3.763616260240674194e+00 -8.128906250000000000e+00
3.774414539032353133e+00 -3.224609375000000000e+00
3.786241372281977213e+00 -9.218750000000000000e+00
3.795368036348721219e+00 -6.320312500000000000e+00
3.807535062652370073e+00 -1.437500000000000000e+00
3.820190674457557556e+00 -1.625000000000000000e+00
3.828444071559406581e+00 -1.875000000000000000e+00
3.840655734603064531e+00 1.562500000000000000e-02
3.849381480100570130e+00 7.812500000000000000e-02
3.861762581914258696e+00 1.908203125000000000e+00
3.870344172489477153e+00 6.621093750000000000e+00
3.882776307437190155e+00 1.114843750000000000e+01
3.890851435545392256e+00 9.257812500000000000e+00
3.903724050080114694e+00 8.386718750000000000e+00
3.914304917954780194e+00 1.103906250000000000e+01
3.925679027263885956e+00 7.640625000000000000e+00
3.936642491657170950e+00 1.296484375000000000e+01
3.948110096356012733e+00 1.707031250000000000e+01
3.958314752241189005e+00 1.876953125000000000e+01
3.969864342644923383e+00 1.502343750000000000e+01
3.979972112593300082e+00 2.643750000000000000e+01
3.991322978810986299e+00 1.731640625000000000e+01
4.004116496371866063e+00 2.546484375000000000e+01
4.012324807817233996e+00 2.316015625000000000e+01
4.024773761161372754e+00 2.769140625000000000e+01
4.033285268469777307e+00 3.133984375000000000e+01
4.045690887773000455e+00 3.066796875000000000e+01
4.054184265298591328e+00 3.503906250000000000e+01
4.066699701164910863e+00 3.382031250000000000e+01
4.074830287753775870e+00 3.871484375000000000e+01
4.087807049441677165e+00 3.708984375000000000e+01
4.098851820605107221e+00 4.129687500000000000e+01
4.109917947687965700e+00 4.450976562500000000e+01
4.120832475823466901e+00 4.632617187500000000e+01
4.132078008824032977e+00 5.077734375000000000e+01
4.142455408090084390e+00 5.598828125000000000e+01
4.154351031340540068e+00 5.226562500000000000e+01
4.164860340469808797e+00 5.611328125000000000e+01
4.175338747517727711e+00 5.276953125000000000e+01
4.188030398429550161e+00 6.030468750000000000e+01
4.196402507842582175e+00 6.358789062500000000e+01
4.208840462955126149e+00 6.442773437500000000e+01
4.217224490496160882e+00 6.879101562500000000e+01
4.229603740310757587e+00 7.104687500000000000e+01
4.238160151329121383e+00 7.419921875000000000e+01
4.250610007162325843e+00 7.283593750000000000e+01
4.258734711611523949e+00 7.863671875000000000e+01
4.271795619380487352e+00 8.228125000000000000e+01
4.283553450703824872e+00 8.175781250000000000e+01
4.294185052428806770e+00 8.310937500000000000e+01
4.304826835663610574e+00 8.903710937500000000e+01
4.315898364681979515e+00 9.000000000000000000e+01
4.326514401939697052e+00 9.389453125000000000e+01
4.338264187327787624e+00 9.271875000000000000e+01
4.350101710986405301e+00 9.636718750000000000e+01
4.359349558485295262e+00 9.691406250000000000e+01
4.372057412808066701e+00 1.027500000000000000e+02
4.380479723996888453e+00 1.049765625000000000e+02
4.392905373356678744e+00 1.063359375000000000e+02
4.401166503230639293e+00 1.103945312500000000e+02
4.413506550674846096e+00 1.153554687500000000e+02
4.422001032328171988e+00 1.144296875000000000e+02
4.434491133044822675e+00 1.167910156250000000e+02
4.442569104529157542e+00 1.178906250000000000e+02
4.455710169814006250e+00 1.214257812500000000e+02
4.467459523374476937e+00 1.192500000000000000e+02
4.478720585100120388e+00 1.230039062500000000e+02
4.489119607644010301e+00 1.248750000000000000e+02
4.499829627638421314e+00 1.273730468750000000e+02
4.510552613129023669e+00 1.338242187500000000e+02
4.522312687545255727e+00 1.310625000000000000e+02
4.535393746115445879e+00 1.309609375000000000e+02
4.543450984172262785e+00 1.313886718750000000e+02
4.555960246229664889e+00 1.326250000000000000e+02
4.564390709169705573e+00 1.283085937500000000e+02
4.576833152975649632e+00 1.344042968750000000e+02
4.585086780484155966e+00 1.321718750000000000e+02
4.597623392658187313e+00 1.358671875000000000e+02
4.605973321895490358e+00 1.305214843750000000e+02
4.618722979332581247e+00 1.376250000000000000e+02
4.626662818463866067e+00 1.286679687500000000e+02
4.639753395938519986e+00 1.366601562500000000e+02
4.651400543591939218e+00 1.280957031250000000e+02
4.663291301566816927e+00 1.344238281250000000e+02
4.673099671852890324e+00 1.353437500000000000e+02
4.684409194292680212e+00 1.330507812500000000e+02
4.694485533106547592e+00 1.352304687500000000e+02
4.706481871962610697e+00 1.282578125000000000e+02
4.719276281869101197e+00 1.312656250000000000e+02
4.727370090938258329e+00 1.246503906250000000e+02
4.739797269237464583e+00 1.284160156250000000e+02
4.748306589606805517e+00 1.196835937500000000e+02
4.760756081921917016e+00 1.272421875000000000e+02
4.768979053115186773e+00 1.132968750000000000e+02
4.781630259059024723e+00 1.210156250000000000e+02
4.789799988396317154e+00 1.114746093750000000e+02
4.802740694889564566e+00 1.157167968750000000e+02
4.811304091903204849e+00 1.066210937500000000e+02
4.824110713324630595e+00 1.092304687500000000e+02
4.835501106489449974e+00 1.006074218750000000e+02
4.847222770290978033e+00 9.878125000000000000e+01
4.857354843170963221e+00 9.925781250000000000e+01
4.869461965643282042e+00 8.857421875000000000e+01
4.879013519992936310e+00 9.011718750000000000e+01
4.890433527532616509e+00 7.907031250000000000e+01
4.903210903767616813e+00 8.679882812500000000e+01
4.911410957877845540e+00 6.374218750000000000e+01
4.923765991987897550e+00 7.489062500000000000e+01
4.932247489726924172e+00 5.949218750000000000e+01
4.944706721328552490e+00 6.429687500000000000e+01
4.953107908543080029e+00 5.128906250000000000e+01
4.965606810165978047e+00 6.007421875000000000e+01
4.973850874917025600e+00 4.416992187500000000e+01
4.986640517279795404e+00 4.259375000000000000e+01
4.996549882553138033e+00 3.605468750000000000e+01
5.008653956903149407e+00 2.944140625000000000e+01
5.019889134904136796e+00 2.189453125000000000e+01
5.031042385274540507e+00 1.847265625000000000e+01
5.041290012901649575e+00 2.157812500000000000e+01
5.053358725670264562e+00 6.867187500000000000e+00
5.064236017090211206e+00 1.217187500000000000e+01
5.074395458575509998e+00 -1.423828125000000000e+00
5.087114992322753437e+00 2.144531250000000000e+00
5.095298092995708572e+00 -1.400390625000000000e+01
5.107668195781911891e+00 -1.138281250000000000e+01
5.116158740089746360e+00 -2.165625000000000000e+01
5.128631244550984292e+00 -1.991796875000000000e+01
5.137018571907594477e+00 -3.056640625000000000e+01
5.149627650761157582e+00 -3.011718750000000000e+01
5.157828618175754443e+00 -3.642187500000000000e+01
5.170824674749225025e+00 -3.959765625000000000e+01
5.181460252074523432e+00 -4.140625000000000000e+01
5.193222728892001427e+00 -4.870703125000000000e+01
5.203826815767446767e+00 -5.031250000000000000e+01
5.215011562136647072e+00 -5.803125000000000000e+01
5.225620353020552500e+00 -5.810546875000000000e+01
5.237371414718856144e+00 -6.871875000000000000e+01
5.248130195374601570e+00 -6.198828125000000000e+01
5.258341872991060484e+00 -7.597070312500000000e+01
5.271022448871521604e+00 -7.106835937500000000e+01
5.279331638550507577e+00 -7.774609375000000000e+01
5.291765232128968321e+00 -7.375781250000000000e+01
5.300067022439622022e+00 -8.452734375000000000e+01
5.312554782020214361e+00 -8.268750000000000000e+01
5.320914850666360607e+00 -8.326171875000000000e+01
5.333636908559132195e+00 -8.913281250000000000e+01
5.341671997495923918e+00 -8.850781250000000000e+01
5.354777559666604958e+00 -9.730859375000000000e+01
5.366427761387079443e+00 -9.153125000000000000e+01
5.377116827082650374e+00 -1.123984375000000000e+02
5.387896259460743131e+00 -1.011679687500000000e+02
5.399203279807291089e+00 -1.316308593750000000e+02
5.409528716708067009e+00 -1.314179687500000000e+02
5.421420983638146396e+00 -2.205273437500000000e+02
5.433368001086696708e+00 -1.828867187500000000e+02
5.442465004042174925e+00 -2.640859375000000000e+02
5.454978042975885622e+00 -2.362714843750000000e+02
5.463315089479323206e+00 -2.473164062500000000e+02
5.475881604072350584e+00 -2.602578125000000000e+02
5.484134274436952339e+00 -2.241230468750000000e+02
5.496476416258136766e+00 -2.800292968750000000e+02
5.504896351622065254e+00 -1.878593750000000000e+02
5.517690967200037377e+00 -2.627382812500000000e+02
5.525567342217164502e+00 -1.230019531250000000e+02
5.538822324143898967e+00 -1.966523437500000000e+02
5.550561736461299134e+00 -1.023750000000000000e+02
5.562292153542566453e+00 -1.188359375000000000e+02
5.572060248227266754e+00 -9.416796875000000000e+01
5.583097672354081276e+00 -9.646093750000000000e+01
5.593488954518746503e+00 -8.445703125000000000e+01
5.605371374809821283e+00 -8.930468750000000000e+01
5.617898654602818453e+00 -8.383203125000000000e+01
5.626458436687881814e+00 -7.961328125000000000e+01
5.638879696520921136e+00 -8.069726562500000000e+01
5.647283243359712657e+00 -7.836718750000000000e+01
5.659815309758759128e+00 -7.812500000000000000e+01
5.668076096335722625e+00 -7.200000000000000000e+01
5.680643446130299701e+00 -7.226171875000000000e+01
5.689025186324197847e+00 -6.865234375000000000e+01
5.701651323322059817e+00 -7.083789062500000000e+01
5.710031045505076897e+00 -6.252539062500000000e+01
5.722782410829155175e+00 -6.482226562500000000e+01
5.734556668663630674e+00 -5.960156250000000000e+01
5.746261886637080707e+00 -5.867578125000000000e+01
5.756203717663360031e+00 -5.769921875000000000e+01
5.767647648649028902e+00 -5.320117187500000000e+01
5.777486076677508464e+00 -5.500390625000000000e+01
5.789375180170374335e+00 -5.210937500000000000e+01
5.802277394827401125e+00 -4.612890625000000000e+01
5.810363640756897041e+00 -4.159960937500000000e+01
5.822781301637182771e+00 -4.093359375000000000e+01
5.831298614632863142e+00 -4.079492187500000000e+01
5.843736646846426908e+00 -3.770898437500000000e+01
5.851978233099804250e+00 -3.136914062500000000e+01
5.864499348945736656e+00 -2.943750000000000000e+01
5.872928683189439170e+00 -2.819140625000000000e+01
5.885626225544898560e+00 -2.995703125000000000e+01
5.894899959839587922e+00 -2.186718750000000000e+01
5.907354399345403628e+00 -2.331054687500000000e+01
5.918624340203881395e+00 -2.089843750000000000e+01
5.930080473091274840e+00 -1.615625000000000000e+01
5.940284559961495070e+00 -1.579882812500000000e+01
5.951852371704886124e+00 -1.293359375000000000e+01
5.961670888704888149e+00 -8.953125000000000000e+00
5.973389945280560553e+00 -9.982421875000000000e+00
5.986206972033546236e+00 -8.753906250000000000e+00
5.994279040271704773e+00 -5.773437500000000000e+00
6.006732548998002130e+00 -2.312500000000000000e+00
6.015261473578460638e+00 3.687500000000000000e+00
6.027653153154878041e+00 3.027343750000000000e+00
6.036128322812492897e+00 4.746093750000000000e+00
6.048632607976643705e+00 8.689453125000000000e+00
6.056867132680254784e+00 1.008203125000000000e+01
6.069767513679749982e+00 7.562500000000000000e+00
6.079833389297184532e+00 1.257812500000000000e+01
6.091553885068623941e+00 1.017578125000000000e+01
6.102915145781938833e+00 1.906250000000000000e+01
6.113974679315342442e+00 1.793750000000000000e+01
6.124237790056563213e+00 2.345312500000000000e+01
6.136027253599173115e+00 1.890820312500000000e+01
6.146494829993230269e+00 2.360156250000000000e+01
6.157354139134896265e+00 2.182226562500000000e+01
6.170123788343047977e+00 2.165625000000000000e+01
6.178189246821331082e+00 2.519140625000000000e+01
6.190653150805450977e+00 2.782812500000000000e+01
6.199170721418807872e+00 2.731445312500000000e+01
6.211581182265131673e+00 3.025000000000000000e+01
6.220132224570898316e+00 3.021875000000000000e+01
6.232799940971312402e+00 3.028515625000000000e+01
6.240824105829288371e+00 3.225390625000000000e+01
6.253676767515486290e+00 3.271875000000000000e+01
6.265500091955821915e+00 3.211914062500000000e+01
6.275482047015689346e+00 3.465625000000000000e+01
6.286870445860024859e+00 3.460546875000000000e+01
6.297868783268549819e+00 3.839843750000000000e+01
6.308621926499530019e+00 3.662890625000000000e+01
6.320364917616736022e+00 3.852734375000000000e+01
6.331401730654529381e+00 4.018554687500000000e+01
6.341401769654822829e+00 3.867187500000000000e+01
6.354031027728055392e+00 3.788281250000000000e+01
6.362283834896812706e+00 4.044921875000000000e+01
6.374763105718161071e+00 4.217382812500000000e+01
6.383185419386141923e+00 4.322460937500000000e+01
6.395569854106923913e+00 4.420312500000000000e+01
6.403946612088821766e+00 4.362109375000000000e+01
6.416663685042298226e+00 4.443359375000000000e+01
6.424734970713962490e+00 4.514843750000000000e+01
6.437750166098181737e+00 4.480859375000000000e+01
6.449559484351834016e+00 4.371093750000000000e+01
6.459983591709805850e+00 4.648437500000000000e+01
6.470886067152517462e+00 4.368164062500000000e+01
6.481801041463215896e+00 4.284765625000000000e+01
6.492541725951944898e+00 4.982031250000000000e+01
6.504438443403106618e+00 4.313281250000000000e+01
6.516622114842816949e+00 4.598046875000000000e+01
6.525459226435783577e+00 4.519140625000000000e+01
6.537954325884816065e+00 4.796484375000000000e+01
6.546394526727969065e+00 4.250390625000000000e+01
6.558910878222722118e+00 4.722265625000000000e+01
6.567159759901411320e+00 4.675781250000000000e+01
6.579596936684687591e+00 4.227734375000000000e+01
6.588108924895987428e+00 4.123828125000000000e+01
6.600640740302919696e+00 4.421484375000000000e+01
6.608611200119540285e+00 4.244921875000000000e+01
6.621804500270287441e+00 4.308984375000000000e+01
6.633575575011258607e+00 4.203515625000000000e+01
6.644584657829284424e+00 4.086523437500000000e+01
6.655068150947394123e+00 4.401953125000000000e+01
6.665733533012394574e+00 4.158984375000000000e+01
6.676838693617086484e+00 4.358984375000000000e+01
6.688369466383066175e+00 4.015429687500000000e+01
6.701382438890145288e+00 4.335937500000000000e+01
6.709420452437827365e+00 4.073046875000000000e+01
6.721866212313239330e+00 4.517968750000000000e+01
6.730362663043784721e+00 3.774218750000000000e+01
6.742816228555340352e+00 4.022851562500000000e+01
6.751113135825174361e+00 3.921093750000000000e+01
6.763573182559975194e+00 4.228515625000000000e+01
6.772037098652709197e+00 3.975976562500000000e+01
6.784612375381604998e+00 3.856054687500000000e+01
6.793280075491404446e+00 3.826953125000000000e+01
6.805715690109996885e+00 4.000781250000000000e+01
6.817539038522285821e+00 3.785156250000000000e+01
6.828440030088295032e+00 3.844921875000000000e+01
6.839375930779991286e+00 4.490625000000000000e+01
6.850584449417977062e+00 3.532617187500000000e+01
6.860485881476837022e+00 3.914843750000000000e+01
6.872294085821833320e+00 3.015234375000000000e+01
6.885296100874843006e+00 3.620312500000000000e+01
6.893395834246531351e+00 3.220703125000000000e+01
6.905762143346715121e+00 3.160546875000000000e+01
6.914373045078301416e+00 3.001171875000000000e+01
6.926735024183201084e+00 3.414062500000000000e+01
6.935016390488338622e+00 3.108984375000000000e+01
6.947510152816714246e+00 3.460937500000000000e+01
6.955915664608237847e+00 2.918359375000000000e+01
6.968567761409557804e+00 2.925000000000000000e+01
6.977503825936639537e+00 2.806640625000000000e+01
6.989985827861532997e+00 3.072265625000000000e+01
7.001562631625041888e+00 2.721875000000000000e+01
7.013051091256231828e+00 2.597656250000000000e+01
7.023280439052381752e+00 2.845312500000000000e+01
7.034787445376016635e+00 2.617578125000000000e+01
7.045534065672313773e+00 2.453125000000000000e+01
7.056383031292698504e+00 2.167187500000000000e+01
7.069193130669741088e+00 2.625390625000000000e+01
7.077263364735439488e+00 2.241406250000000000e+01
7.089762703125019883e+00 2.074023437500000000e+01
7.098282156072412974e+00 2.031250000000000000e+01
7.110640204124676345e+00 2.558984375000000000e+01
7.119178480059545677e+00 1.745507812500000000e+01
7.131598920355903815e+00 2.255468750000000000e+01
7.139895160560755016e+00 1.983398437500000000e+01
7.152618135345315764e+00 2.423046875000000000e+01
7.162077314364926117e+00 2.087695312500000000e+01
7.174506624088419215e+00 1.977343750000000000e+01
7.185690142464940422e+00 1.534375000000000000e+01
7.196606217141700235e+00 1.678515625000000000e+01
7.207189970886741293e+00 1.612109375000000000e+01
7.218971098724728641e+00 1.482226562500000000e+01
7.230100197194319733e+00 1.599218750000000000e+01
7.240387893181936541e+00 1.048828125000000000e+01
7.253098586859418440e+00 1.070507812500000000e+01
7.261169098303247083e+00 1.581250000000000000e+01
7.273638502875405365e+00 1.181250000000000000e+01
7.282247788880491512e+00 8.425781250000000000e+00
7.294551502860903369e+00 9.226562500000000000e+00
7.303110555982039287e+00 9.472656250000000000e+00
7.315560491276027477e+00 9.031250000000000000e+00
7.323818816759795070e+00 1.096875000000000000e+01
7.336728348684587786e+00 1.282226562500000000e+01
7.347973314897155994e+00 5.083984375000000000e+00
7.359023590942433302e+00 6.710937500000000000e+00
7.369986362491967036e+00 6.779296875000000000e+00
7.380839497156005180e+00 3.009765625000000000e+00
7.391620132334413285e+00 4.457031250000000000e+00
7.403471088518910115e+00 6.263671875000000000e+00
7.414673452198972115e+00 3.019531250000000000e+00
7.424383542571189487e+00 2.863281250000000000e+00
7.437017063924054483e+00 1.511718750000000000e+00
7.445288975192530856e+00 1.445312500000000000e-01
7.457761554748289612e+00 2.289062500000000000e+00
7.466215533377550173e+00 1.957031250000000000e+00
7.478456141294790527e+00 1.492187500000000000e+00
7.487012536770544457e+00 -4.933593750000000000e+00
7.499440015151223271e+00 1.623046875000000000e+00
7.507690490358273294e+00 -2.820312500000000000e+00
7.520766590821791553e+00 1.601562500000000000e-01
7.532567171632603475e+00 -6.617187500000000000e+00
7.543584019859899570e+00 -3.585937500000000000e+00
7.553896588919509547e+00 -8.906250000000000000e+00
7.565070270006283515e+00 -2.857421875000000000e+00
7.575589838699582579e+00 -1.044335937500000000e+01
7.587509286013840892e+00 -7.941406250000000000e+00
7.599236946943042526e+00 -1.016015625000000000e+01
7.608436329097197692e+00 -3.130859375000000000e+00
7.620915099542475701e+00 -9.957031250000000000e+00
7.629324206102957362e+00 -8.873046875000000000e+00
7.641891286831292263e+00 -8.363281250000000000e+00
7.650138408000499268e+00 -1.185351562500000000e+01
7.662558858454023181e+00 -7.513671875000000000e+00
7.671163549876128585e+00 -1.158984375000000000e+01
7.683360642346723779e+00 -1.087109375000000000e+01
7.691638628784040144e+00 -1.427734375000000000e+01
7.704807693669632584e+00 -7.808593750000000000e+00
7.716590014497109351e+00 -1.978125000000000000e+01
7.728531830135064062e+00 -1.275585937500000000e+01
7.738214954298513248e+00 -1.501562500000000000e+01
7.749293144408031964e+00 -1.384179687500000000e+01
7.759567156324831849e+00 -1.495312500000000000e+01
7.771446833208615956e+00 -1.698437500000000000e+01
7.784375912256132679e+00 -1.614453125000000000e+01
7.792426208374969576e+00 -1.596093750000000000e+01
7.804819885598266893e+00 -1.702343750000000000e+01
7.813228273170444993e+00 -1.600781250000000000e+01
7.825806754105437690e+00 -1.731250000000000000e+01
7.834069776655529616e+00 -1.851171875000000000e+01
7.846533860083731327e+00 -2.216406250000000000e+01
7.854907467229113927e+00 -2.051757812500000000e+01
7.867515061681510602e+00 -1.867382812500000000e+01
7.875597554884500084e+00 -2.373828125000000000e+01
7.888743498534082299e+00 -2.059960937500000000e+01
7.900539544714032303e+00 -2.516015625000000000e+01
7.912128095925732296e+00 -1.908593750000000000e+01
7.922348787624708955e+00 -2.003906250000000000e+01
7.934114815458626957e+00 -2.081250000000000000e+01
7.943929153731501103e+00 -2.544531250000000000e+01
7.955344566118442984e+00 -1.974609375000000000e+01
7.968286450513555330e+00 -2.671875000000000000e+01
7.976351102483198119e+00 -2.384570312500000000e+01
7.988763003963399001e+00 -2.676171875000000000e+01
7.997387881889595818e+00 -2.801953125000000000e+01
8.009725397533092206e+00 -2.520312500000000000e+01
8.018002014100670038e+00 -2.879492187500000000e+01
8.030474161218593920e+00 -2.420507812500000000e+01
8.038718134779538005e+00 -2.773437500000000000e+01
8.051526406640531874e+00 -2.614062500000000000e+01
8.060110784635819314e+00 -3.393359375000000000e+01
8.072812529993154129e+00 -2.502539062500000000e+01
8.084582645425747671e+00 -3.225000000000000000e+01
8.096022480148826972e+00 -2.814843750000000000e+01
8.106276760015955318e+00 -3.338671875000000000e+01
8.118018570373102705e+00 -2.803710937500000000e+01
