#Time Flux
-1.607098645513507229e+00 5.052734375000000000e+00
-1.600443681311778832e+00 8.343750000000000000e+00
-1.593896746308744561e+00 9.710937500000000000e+00
-1.587435902217939621e+00 8.294921875000000000e+00
-1.580914164291502999e+00 1.177734375000000000e+01
-1.574515584378933575e+00 1.224023437500000000e+01
-1.567974569777390137e+00 9.267578125000000000e+00
-1.561428093066440148e+00 7.291015625000000000e+00
-1.555111483507496395e+00 1.252734375000000000e+01
-1.548729783040125874e+00 7.925781250000000000e+00
-1.542060055640779304e+00 1.199609375000000000e+01
-1.535736460909728152e+00 1.092773437500000000e+01
-1.529548676434595578e+00 1.389257812500000000e+01
-1.522943739342476732e+00 1.110156250000000000e+01
-1.516535545372163618e+00 1.103906250000000000e+01
-1.510190707600792770e+00 1.523046875000000000e+01
-1.503758250611862302e+00 9.421875000000000000e+00
-1.497184359636257511e+00 1.125781250000000000e+01
-1.490867854935049586e+00 1.483007812500000000e+01
-1.484668420335462535e+00 1.007812500000000000e+01
-1.477917544269829797e+00 1.703320312500000000e+01
-1.471570228846150741e+00 1.514062500000000000e+01
-1.465107219701450525e+00 1.338476562500000000e+01
-1.458331127483005751e+00 1.014257812500000000e+01
-1.452162560070672903e+00 1.717968750000000000e+01
-1.445721080558381999e+00 1.061718750000000000e+01
-1.439300457185161974e+00 1.169726562500000000e+01
-1.432813727362103329e+00 1.226171875000000000e+01
-1.426164870341875002e+00 1.169726562500000000e+01
-1.419777988522788803e+00 1.452343750000000000e+01
-1.413455903036321182e+00 1.728320312500000000e+01
-1.407257635908569782e+00 1.562500000000000000e+01
-1.400693426412229492e+00 1.276953125000000000e+01
-1.394279511051954579e+00 1.254296875000000000e+01
-1.388024820312012686e+00 1.614843750000000000e+01
-1.381525776617007040e+00 1.518164062500000000e+01
-1.374919956525577192e+00 1.312109375000000000e+01
-1.368440332978885898e+00 1.463281250000000000e+01
-1.362321606143033215e+00 1.995703125000000000e+01
-1.355722053016896744e+00 1.399609375000000000e+01
-1.349109808897328122e+00 1.781445312500000000e+01
-1.342606678600362535e+00 1.560937500000000000e+01
-1.336022689113335993e+00 1.247851562500000000e+01
-1.329964866441377680e+00 1.648437500000000000e+01
-1.323203923458312836e+00 1.669531250000000000e+01
-1.316793983428159898e+00 1.367968750000000000e+01
-1.310577346172588697e+00 1.833203125000000000e+01
-1.304042339750199453e+00 1.758984375000000000e+01
-1.297408501263015879e+00 1.464648437500000000e+01
-1.291074143747926506e+00 1.696093750000000000e+01
-1.284795822548172595e+00 1.522460937500000000e+01
-1.278478675445394508e+00 1.721484375000000000e+01
-1.271538102863945419e+00 1.693750000000000000e+01
-1.265447211763493840e+00 1.823046875000000000e+01
-1.259285110841467770e+00 1.799218750000000000e+01
-1.252369553936325097e+00 1.761718750000000000e+01
-1.246103688323192848e+00 1.350781250000000000e+01
-1.239731116631864971e+00 1.893164062500000000e+01
-1.233164364817239012e+00 1.563671875000000000e+01
-1.226978022006463220e+00 1.807031250000000000e+01
-1.220337180595765680e+00 2.008203125000000000e+01
-1.213494690162796985e+00 2.057421875000000000e+01
-1.207661025215311490e+00 1.886718750000000000e+01
-1.200896380902940486e+00 1.728320312500000000e+01
-1.194254174876491881e+00 1.674218750000000000e+01
-1.188163125702686784e+00 1.565625000000000000e+01
-1.181736129317966899e+00 2.002343750000000000e+01
-1.175228112565190663e+00 1.845312500000000000e+01
-1.168647849912709979e+00 1.729687500000000000e+01
-1.162413677020175840e+00 1.883203125000000000e+01
-1.156005285511142233e+00 2.035937500000000000e+01
-1.149624523688935085e+00 1.520703125000000000e+01
-1.143036697102909116e+00 1.799609375000000000e+01
-1.137156558563045650e+00 1.858984375000000000e+01
-1.130451170766945346e+00 1.870117187500000000e+01
-1.123872831383820881e+00 1.682421875000000000e+01
-1.117377266614593800e+00 2.053125000000000000e+01
-1.110850932894086540e+00 1.741210937500000000e+01
-1.104540193567486561e+00 1.965234375000000000e+01
-1.097855851729917731e+00 1.942578125000000000e+01
-1.091253864820116881e+00 1.998046875000000000e+01
-1.085063725688488745e+00 2.082031250000000000e+01
-1.078374858277931558e+00 1.930859375000000000e+01
-1.071839284143624837e+00 2.001757812500000000e+01
-1.065604010386119072e+00 1.731640625000000000e+01
-1.059384420117274850e+00 2.083398437500000000e+01
-1.052909135299499255e+00 2.198437500000000000e+01
-1.046398550197046085e+00 2.070507812500000000e+01
-1.039987792574792458e+00 1.820312500000000000e+01
-1.033601886299114980e+00 2.194531250000000000e+01
-1.027160724034993144e+00 2.314453125000000000e+01
-1.021047194374509637e+00 1.582421875000000000e+01
-1.014665778187290535e+00 1.984375000000000000e+01
-1.007849241195116541e+00 2.183007812500000000e+01
-1.001559846122982655e+00 1.903125000000000000e+01
-9.950607743262178673e-01 1.904687500000000000e+01
-9.887343407594286759e-01 2.028906250000000000e+01
-9.821897313874332625e-01 1.968554687500000000e+01
-9.755801629878488868e-01 2.195507812500000000e+01
-9.691262875007975452e-01 2.181250000000000000e+01
-9.629967134590931011e-01 2.298046875000000000e+01
-9.561039898879455379e-01 1.881250000000000000e+01
-9.495131847838882422e-01 2.174804687500000000e+01
-9.435313018181030742e-01 1.905859375000000000e+01
-9.368831476457026852e-01 2.397460937500000000e+01
-9.305163367608075831e-01 1.721093750000000000e+01
-9.238785794563924014e-01 2.089453125000000000e+01
-9.176052007244512865e-01 2.095703125000000000e+01
-9.112184300267776038e-01 2.422265625000000000e+01
-9.046432142363851625e-01 2.020703125000000000e+01
-8.984497477602717552e-01 2.139062500000000000e+01
-8.920639792916604804e-01 1.823437500000000000e+01
-8.853331461650135736e-01 2.334375000000000000e+01
-8.790588029645256540e-01 1.606250000000000000e+01
-8.726481273723161181e-01 1.981640625000000000e+01
-8.664810252168697602e-01 1.919140625000000000e+01
-8.601592976858372097e-01 1.925000000000000000e+01
-8.531826932903934235e-01 1.900195312500000000e+01
-8.468309823408519676e-01 1.972656250000000000e+01
-8.405413472854137424e-01 1.956835937500000000e+01
-8.339409948070102274e-01 2.035937500000000000e+01
-8.274461693891854708e-01 2.124023437500000000e+01
-8.210967462689842122e-01 2.248437500000000000e+01
-8.146312006649738535e-01 1.980859375000000000e+01
-8.080488771669092074e-01 2.025781250000000000e+01
-8.014198632764832908e-01 2.203515625000000000e+01
-7.950853143492135899e-01 2.435546875000000000e+01
-7.890925782069038164e-01 1.997265625000000000e+01
-7.823809884897743316e-01 2.108398437500000000e+01
-7.758869129802956621e-01 2.345703125000000000e+01
-7.697326357215361625e-01 1.891992187500000000e+01
-7.631566998232566235e-01 2.444921875000000000e+01
-7.567963464509963600e-01 2.154882812500000000e+01
-7.502664913961343274e-01 1.917187500000000000e+01
-7.438776435967318079e-01 2.381640625000000000e+01
-7.376511278483217637e-01 2.147070312500000000e+01
-7.306703657877529068e-01 2.283593750000000000e+01
-7.244643285876186667e-01 2.009765625000000000e+01
-7.181923530158940139e-01 1.988476562500000000e+01
-7.115283843186546164e-01 1.850195312500000000e+01
-7.051482125027801473e-01 2.243750000000000000e+01
-6.987145602168061131e-01 1.799609375000000000e+01
-6.920668931504687649e-01 1.652539062500000000e+01
-6.857127683907995319e-01 1.867578125000000000e+01
-6.790334959688468786e-01 2.267578125000000000e+01
-6.728830070703040178e-01 2.001171875000000000e+01
-6.667277544081811058e-01 2.148828125000000000e+01
-6.601186777302263664e-01 1.933203125000000000e+01
-6.535529574327387792e-01 2.039062500000000000e+01
-6.472865014924762406e-01 1.753515625000000000e+01
-6.407660195819220306e-01 1.843164062500000000e+01
-6.344291565453232806e-01 2.186328125000000000e+01
-6.280039612313990105e-01 1.990429687500000000e+01
-6.216628283651912668e-01 1.794921875000000000e+01
-6.150941764973323345e-01 1.917187500000000000e+01
-6.083686389793987459e-01 1.708984375000000000e+01
-6.018181985813990664e-01 1.907812500000000000e+01
-5.957850982938985851e-01 1.898828125000000000e+01
-5.892467067460520624e-01 1.664843750000000000e+01
-5.826699025517987351e-01 2.179687500000000000e+01
-5.763658286661224039e-01 1.797460937500000000e+01
-5.697869387812684039e-01 1.663476562500000000e+01
-5.633056747549423093e-01 1.966210937500000000e+01
-5.571467000233925049e-01 2.099804687500000000e+01
-5.505713307248827348e-01 1.602148437500000000e+01
-5.441577734037954528e-01 1.966796875000000000e+01
-5.378756006205085427e-01 2.260156250000000000e+01
-5.312018296486256119e-01 1.870312500000000000e+01
-5.248011655488058480e-01 2.031640625000000000e+01
-5.185230681486840965e-01 1.989257812500000000e+01
-5.119549888608210253e-01 1.587109375000000000e+01
-5.055665449863138150e-01 1.871289062500000000e+01
-4.991211198023899343e-01 1.885742187500000000e+01
-4.926741603596305197e-01 1.557421875000000000e+01
-4.861167488935356218e-01 1.673242187500000000e+01
-4.798595219046788429e-01 2.019140625000000000e+01
-4.733798552733690101e-01 1.821679687500000000e+01
-4.669204606469330443e-01 1.425976562500000000e+01
-4.603544816103504189e-01 1.659765625000000000e+01
-4.541215769695847726e-01 1.702929687500000000e+01
-4.476458212978622342e-01 1.511718750000000000e+01
-4.411505935864576955e-01 1.737500000000000000e+01
-4.346191702455088901e-01 1.679492187500000000e+01
-4.284608460682948206e-01 1.344921875000000000e+01
-4.219759142923145134e-01 1.916796875000000000e+01
-4.153779737752678614e-01 1.894531250000000000e+01
-4.088076424318822788e-01 1.621875000000000000e+01
-4.023814217876831023e-01 2.163671875000000000e+01
-3.961846396691086625e-01 1.833593750000000000e+01
-3.897034165416997098e-01 1.223828125000000000e+01
-3.831314672043548697e-01 2.092578125000000000e+01
-3.768225998637726448e-01 1.970312500000000000e+01
-3.701703719579638729e-01 1.324609375000000000e+01
-3.635227715538560389e-01 1.735937500000000000e+01
-3.573920227069624644e-01 1.850195312500000000e+01
-3.509469173437818057e-01 1.293750000000000000e+01
-3.446784694972508944e-01 1.730468750000000000e+01
-3.379040900090570787e-01 2.054687500000000000e+01
-3.315200069755812606e-01 1.592382812500000000e+01
-3.252854268418170491e-01 1.486718750000000000e+01
-3.186624786225218386e-01 1.739843750000000000e+01
-3.122472292606817135e-01 1.490820312500000000e+01
-3.058952863638024766e-01 1.447851562500000000e+01
-2.996053290903004651e-01 1.394921875000000000e+01
-2.929379522511874612e-01 1.767578125000000000e+01
-2.864647066779433260e-01 1.220312500000000000e+01
-2.800652056321126793e-01 1.554492187500000000e+01
-2.741543292869339510e-01 1.533789062500000000e+01
-2.674618951876706063e-01 1.148828125000000000e+01
-2.606795933690948530e-01 1.439453125000000000e+01
-2.543386908807727664e-01 1.762890625000000000e+01
-2.479953255320408445e-01 1.467187500000000000e+01
-2.414743127624801033e-01 1.402929687500000000e+01
-2.349031613507683858e-01 1.276562500000000000e+01
-2.285211299898142201e-01 1.534960937500000000e+01
-2.224156498968081763e-01 9.283203125000000000e+00
-2.154689610546096645e-01 1.209765625000000000e+01
-2.090234334519029957e-01 1.253515625000000000e+01
-2.029223366723416078e-01 1.368945312500000000e+01
-1.963451405483267465e-01 1.317382812500000000e+01
-1.900200504253533040e-01 1.567773437500000000e+01
-1.834963578177237764e-01 1.006250000000000000e+01
-1.771265013346612349e-01 8.824218750000000000e+00
-1.706203562114261274e-01 1.162890625000000000e+01
-1.642243441431352480e-01 9.585937500000000000e+00
-1.576070861240390641e-01 1.259179687500000000e+01
-1.513520460706407889e-01 1.658203125000000000e+01
-1.449740742111460534e-01 9.761718750000000000e+00
-1.383631932871729475e-01 9.179687500000000000e+00
-1.318324229318514895e-01 1.742578125000000000e+01
-1.256666626381965912e-01 9.726562500000000000e+00
-1.192107360076146705e-01 1.213281250000000000e+01
-1.126784312753548178e-01 1.123437500000000000e+01
-1.061351517979360892e-01 9.267578125000000000e+00
-9.992696784853816183e-02 1.249023437500000000e+01
-9.314333717352862863e-02 7.304687500000000000e+00
-8.685521872127832665e-02 1.067187500000000000e+01
-8.047750260386443699e-02 8.054687500000000000e+00
-7.420491654390470870e-02 8.910156250000000000e+00
-6.771264827401513031e-02 1.376562500000000000e+01
-6.103425571347642631e-02 8.789062500000000000e+00
-5.481521056727611807e-02 7.421875000000000000e+00
-4.834450071037110774e-02 1.324023437500000000e+01
-4.195498308891298933e-02 5.476562500000000000e+00
-3.555535358693706627e-02 1.067187500000000000e+01
-2.908489859862140037e-02 8.451171875000000000e+00
-2.252697247979096318e-02 4.003906250000000000e+00
-1.598412710095775680e-02 7.843750000000000000e+00
-9.421983026426161700e-03 8.027343750000000000e+00
-3.102415387070678321e-03 5.296875000000000000e+00
3.264351010687782662e-03 7.375000000000000000e+00
9.904960039435195540e-03 8.861328125000000000e+00
1.632506318454041150e-02 5.046875000000000000e+00
2.267439652690361740e-02 6.476562500000000000e+00
2.926193700726420488e-02 5.970703125000000000e+00
3.554135961491766693e-02 6.785156250000000000e+00
4.186503875016089893e-02 6.710937500000000000e+00
4.839143181546123884e-02 3.933593750000000000e+00
5.488536636695551252e-02 5.457031250000000000e+00
6.130212340936225246e-02 2.347656250000000000e+00
6.777529616437316662e-02 8.449218750000000000e+00
7.425188027093909682e-02 5.046875000000000000e+00
8.064134847299575526e-02 4.083984375000000000e+00
8.702097075703951745e-02 3.332031250000000000e+00
9.350640533730558701e-02 8.539062500000000000e+00
9.997425932292047790e-02 5.923828125000000000e+00
1.067820254812597014e-01 9.636718750000000000e+00
1.126657435594387024e-01 5.902343750000000000e+00
1.190607567091390706e-01 1.507812500000000000e+00
1.256719144083491280e-01 3.716796875000000000e+00
1.321734273673937921e-01 6.037109375000000000e+00
1.387465199213790967e-01 3.683593750000000000e+00
1.449272644291914602e-01 5.285156250000000000e+00
1.514309440537191520e-01 5.068359375000000000e+00
1.580212446745039578e-01 2.052734375000000000e+00
1.640750851412065003e-01 4.457031250000000000e+00
1.705929287813772177e-01 1.347656250000000000e+00
1.772972908333301234e-01 8.406250000000000000e+00
1.837056805071650700e-01 5.171875000000000000e+00
1.901131575255323725e-01 9.687500000000000000e-01
1.964692228314803835e-01 4.517578125000000000e+00
2.030668684622423115e-01 3.078125000000000000e+00
2.094196649183590608e-01 3.988281250000000000e+00
2.157922644183205563e-01 3.261718750000000000e+00
2.222494488012003444e-01 -4.726562500000000000e-01
2.290581223234555708e-01 -8.632812500000000000e-01
2.351808431697559598e-01 5.011718750000000000e+00
2.415576308931228766e-01 -9.765625000000000000e-01
2.481786597459105792e-01 2.005859375000000000e+00
2.546848869332949405e-01 4.515625000000000000e+00
2.611602865698428033e-01 4.820312500000000000e+00
2.674632999761374919e-01 3.191406250000000000e+00
2.739352053709955825e-01 2.523437500000000000e+00
2.803229312301462883e-01 1.949218750000000000e+00
2.866609143685576733e-01 -3.820312500000000000e+00
2.929899730457323770e-01 2.460937500000000000e-01
2.996734625472585734e-01 3.396484375000000000e+00
3.061051469254998381e-01 -2.707031250000000000e+00
3.125272925488795650e-01 -9.765625000000000000e-01
3.186834868533194864e-01 2.031250000000000000e+00
3.250876875082671091e-01 -2.656250000000000000e+00
3.319491939134651126e-01 1.347656250000000000e+00
3.382226724060304335e-01 3.070312500000000000e+00
3.445985944048759464e-01 -1.179687500000000000e+00
3.511785378029155247e-01 2.189453125000000000e+00
3.576587926843535215e-01 2.546875000000000000e+00
3.639375621004372618e-01 -3.859375000000000000e+00
3.704323635109632029e-01 -7.890625000000000000e-01
3.769653938129264859e-01 2.773437500000000000e+00
3.834952052828750624e-01 -3.347656250000000000e+00
3.896464675356767771e-01 9.648437500000000000e-01
3.959325852364576903e-01 1.830078125000000000e+00
4.026873087150182329e-01 -1.289062500000000000e-01
4.091288058540363259e-01 -3.140625000000000000e+00
4.154608761978568765e-01 -7.656250000000000000e-01
4.219996703701380802e-01 8.339843750000000000e-01
4.282204692945201785e-01 -7.187500000000000000e-01
4.349563561738407635e-01 -3.103515625000000000e+00
4.412017030512473958e-01 2.564453125000000000e+00
4.476076047710959571e-01 -4.476562500000000000e+00
4.542305262090531315e-01 -1.441406250000000000e+00
4.606362095923168809e-01 -3.828125000000000000e-01
4.668503298014226033e-01 -3.636718750000000000e+00
4.734194248629646218e-01 -3.021484375000000000e+00
4.799006666426861578e-01 4.667968750000000000e-01
4.863979893282044387e-01 -3.847656250000000000e+00
4.927608476019518235e-01 -2.484375000000000000e+00
4.992896944252986913e-01 -1.667968750000000000e+00
5.055585612802531159e-01 1.093750000000000000e-01
5.122187854660742445e-01 -2.496093750000000000e+00
5.184650674854989205e-01 -8.789062500000000000e-01
5.250118012262245948e-01 -1.962890625000000000e+00
5.315749377176368640e-01 -4.523437500000000000e+00
5.377684880476323315e-01 -3.660156250000000000e+00
5.443563352711322523e-01 -2.957031250000000000e+00
5.506738460287037285e-01 -5.226562500000000000e+00
5.571195787699738666e-01 7.812500000000000000e-02
5.634978335348295175e-01 -1.144531250000000000e+00
5.700610526760634400e-01 -4.689453125000000000e+00
5.765956897017963101e-01 -4.164062500000000000e+00
5.829915361423378961e-01 -2.552734375000000000e+00
5.893702823106572453e-01 -6.460937500000000000e+00
5.957497451127968802e-01 -4.457031250000000000e+00
6.022404626505255543e-01 -7.207031250000000000e-01
6.086712007170418381e-01 -2.917968750000000000e+00
6.151133852136223545e-01 -6.812500000000000000e+00
6.217342835289465519e-01 -5.484375000000000000e+00
6.278960541901192904e-01 -2.726562500000000000e+00
6.343954710813846098e-01 -5.964843750000000000e+00
6.405773643293208863e-01 -3.578125000000000000e+00
6.472850239416150231e-01 -5.652343750000000000e+00
6.539825001481842648e-01 -4.285156250000000000e+00
6.602135070981400844e-01 -5.054687500000000000e+00
6.666691313328438895e-01 -4.019531250000000000e+00
6.729311436914313660e-01 -7.951171875000000000e+00
6.795556330430159164e-01 -3.128906250000000000e+00
6.860069235196486481e-01 -2.587890625000000000e+00
6.926406418896293715e-01 -6.894531250000000000e+00
6.989462917276729748e-01 -6.250000000000000000e+00
7.053801810578539389e-01 -4.568359375000000000e+00
7.116124272847699217e-01 -8.324218750000000000e+00
7.182138901684540500e-01 -4.812500000000000000e+00
7.245839569817063008e-01 -6.107421875000000000e+00
7.310077131122447724e-01 -6.140625000000000000e+00
7.374370607495652763e-01 -4.347656250000000000e+00
7.439772253405525504e-01 -5.871093750000000000e+00
7.503421236497542779e-01 -6.970703125000000000e+00
7.566833671163570862e-01 -4.691406250000000000e+00
7.629758188135804531e-01 -5.234375000000000000e+00
7.698647206965958389e-01 -5.136718750000000000e+00
7.761605917182632375e-01 -8.710937500000000000e+00
7.824937558278586280e-01 -8.941406250000000000e+00
7.889148660120284262e-01 -6.015625000000000000e+00
7.953776074437111099e-01 -1.069335937500000000e+01
8.018454877153642357e-01 -3.195312500000000000e+00
8.083235952226450749e-01 -4.000000000000000000e+00
8.147725567407526626e-01 -6.988281250000000000e+00
8.212329794574610986e-01 -4.207031250000000000e+00
8.276377136188610706e-01 -5.650390625000000000e+00
8.338702917269302795e-01 -6.878906250000000000e+00
8.404496556002065688e-01 -7.761718750000000000e+00
8.470931340781731045e-01 -4.332031250000000000e+00
8.532577392142193240e-01 -7.121093750000000000e+00
8.596452281694393349e-01 -4.171875000000000000e+00
8.661869164708200231e-01 -5.300781250000000000e+00
8.727234534948555833e-01 -6.326171875000000000e+00
8.792357920962592388e-01 -7.167968750000000000e+00
8.855854007938974704e-01 -5.988281250000000000e+00
8.919929507869168717e-01 -6.023437500000000000e+00
8.986297004457899362e-01 -5.625000000000000000e+00
9.050396943527578841e-01 -5.386718750000000000e+00
9.112600456202049060e-01 -5.230468750000000000e+00
9.176373132778739006e-01 -8.140625000000000000e+00
9.245047835526976066e-01 -5.601562500000000000e+00
9.306898515672124006e-01 -7.070312500000000000e+00
9.368270649244410109e-01 -8.347656250000000000e+00
9.435754740064181689e-01 -7.011718750000000000e+00
9.499523153013962329e-01 -4.281250000000000000e+00
9.563020199962739554e-01 -8.394531250000000000e+00
9.630161118036424384e-01 -5.144531250000000000e+00
9.693950041982195565e-01 -5.455078125000000000e+00
9.760595081141811846e-01 -7.695312500000000000e+00
9.822792396112909330e-01 -4.804687500000000000e+00
9.884388270332200577e-01 -6.042968750000000000e+00
9.951375968784605952e-01 -7.544921875000000000e+00
1.001767994219024960e+00 -5.496093750000000000e+00
1.007891876862533564e+00 -7.085937500000000000e+00
1.014432499300804480e+00 -6.916015625000000000e+00
1.020737822946069961e+00 -4.875000000000000000e+00
1.027407003336746172e+00 -7.140625000000000000e+00
1.033850671300956314e+00 -6.457031250000000000e+00
1.040074394925513346e+00 -3.496093750000000000e+00
1.046410909347447848e+00 -3.949218750000000000e+00
1.053246476236692875e+00 -2.189453125000000000e+00
1.059405652017446631e+00 -7.212890625000000000e+00
1.065914661721665269e+00 -6.722656250000000000e+00
1.072442476387993615e+00 -7.529296875000000000e+00
1.078783047948853824e+00 -5.328125000000000000e+00
1.085343192475612284e+00 -8.460937500000000000e+00
1.091718257423171856e+00 -3.757812500000000000e+00
1.097967846038272022e+00 -4.691406250000000000e+00
1.104810983627722010e+00 -5.488281250000000000e+00
1.110792813565315562e+00 -6.060546875000000000e+00
1.117280769134788798e+00 -7.136718750000000000e+00
1.124148753273747303e+00 -4.035156250000000000e+00
1.130333676103228324e+00 -3.480468750000000000e+00
1.136847010680607895e+00 -7.113281250000000000e+00
1.143217135710344223e+00 -5.644531250000000000e+00
1.149753080776491743e+00 -7.031250000000000000e+00
1.156080547860374175e+00 -6.359375000000000000e+00
1.162493107301856288e+00 -6.033203125000000000e+00
1.168979064291207681e+00 -5.781250000000000000e+00
1.175660718790875414e+00 -2.691406250000000000e+00
1.181583691107278788e+00 -5.458984375000000000e+00
1.188255938558768321e+00 -6.625000000000000000e+00
1.194795436702661195e+00 -4.597656250000000000e+00
1.201175899939415981e+00 -6.855468750000000000e+00
1.207691951882154058e+00 -5.462890625000000000e+00
1.214097418215861257e+00 -6.990234375000000000e+00
1.220436188900238861e+00 -7.937500000000000000e+00
1.226969297028603911e+00 -4.417968750000000000e+00
1.233322355707068940e+00 -5.626953125000000000e+00
1.239867464862138391e+00 -7.425781250000000000e+00
1.246476394262529652e+00 -5.773437500000000000e+00
1.252678266597257117e+00 -5.759765625000000000e+00
1.259223258417284441e+00 -3.007812500000000000e+00
1.265326977628922656e+00 -7.363281250000000000e+00
1.272088786245931136e+00 -6.640625000000000000e+00
1.278459457002425026e+00 -4.511718750000000000e+00
1.284835610240158132e+00 -5.351562500000000000e+00
1.291540669243300243e+00 -5.542968750000000000e+00
1.297941089393388925e+00 -4.433593750000000000e+00
1.303985479975098283e+00 -6.738281250000000000e+00
1.310743705436736128e+00 -6.765625000000000000e+00
1.317062622180097176e+00 -7.111328125000000000e+00
1.323429636760896422e+00 -2.761718750000000000e+00
1.330230999023816807e+00 -1.025585937500000000e+01
1.336498955543262035e+00 -7.136718750000000000e+00
1.342877199528309085e+00 -5.667968750000000000e+00
1.349275368638630290e+00 -4.281250000000000000e+00
1.355553798524348430e+00 -6.265625000000000000e+00
1.362219449186276243e+00 -5.871093750000000000e+00
1.368666931602685821e+00 -2.082031250000000000e+00
1.375060467757834637e+00 -9.449218750000000000e+00
1.381357261645622447e+00 -4.535156250000000000e+00
1.387452796856579518e+00 -7.894531250000000000e+00
1.394413664290389043e+00 -8.609375000000000000e+00
1.400856377147765564e+00 -5.771484375000000000e+00
1.406944995993083758e+00 -8.550781250000000000e+00
1.413762301784448283e+00 -5.527343750000000000e+00
1.420222734238440587e+00 -3.472656250000000000e+00
1.426314302721245930e+00 -7.808593750000000000e+00
1.432936739479237165e+00 -6.300781250000000000e+00
1.439363898407379327e+00 -4.464843750000000000e+00
1.446013126213853361e+00 -3.082031250000000000e+00
1.452593140807354910e+00 -6.808593750000000000e+00
1.458647534355316466e+00 -8.591796875000000000e+00
1.465266311637593688e+00 -7.328125000000000000e+00
1.471740711702343329e+00 -2.746093750000000000e+00
1.477986376261059220e+00 -7.117187500000000000e+00
1.484585345159248781e+00 -4.164062500000000000e+00
1.491196465926813985e+00 -9.351562500000000000e+00
1.497640570445766706e+00 -7.062500000000000000e+00
1.503835631831956121e+00 -3.726562500000000000e+00
1.510167553765117354e+00 -6.929687500000000000e+00
1.516902785162722367e+00 -7.927734375000000000e+00
1.523333705820319572e+00 -6.328125000000000000e+00
1.529118489770044942e+00 -6.132812500000000000e+00
1.535878488542850917e+00 -7.203125000000000000e+00
1.542483201040030671e+00 -4.822265625000000000e+00
1.548820569201828867e+00 -5.777343750000000000e+00
1.555395221630472058e+00 -7.390625000000000000e+00
1.561656498138342730e+00 -7.830078125000000000e+00
1.568204834004906623e+00 -2.359375000000000000e+00
1.574776402661264285e+00 -5.828125000000000000e+00
1.581073110140295057e+00 -3.046875000000000000e+00
1.587627699136190174e+00 -5.605468750000000000e+00
1.594333437194054071e+00 -3.859375000000000000e+00
1.600446290794327098e+00 -7.566406250000000000e+00
1.606881038480174162e+00 -4.457031250000000000e+00
1.613269709268100982e+00 -2.898437500000000000e+00
1.619707593091362696e+00 -5.910156250000000000e+00
1.626318217400167132e+00 -2.777343750000000000e+00
1.632646631335989973e+00 -1.976562500000000000e+00
1.639140168292084088e+00 -6.191406250000000000e+00
1.645414101775648064e+00 -4.089843750000000000e+00
1.651551747471729392e+00 -3.521484375000000000e+00
1.658252134071225736e+00 -8.058593750000000000e+00
1.665004591171498127e+00 -5.107421875000000000e+00
1.671197624135645210e+00 4.218750000000000000e-01
1.677722012786289074e+00 -7.960937500000000000e+00
1.684192668950754701e+00 -5.492187500000000000e+00
1.690429287752250431e+00 -6.328125000000000000e+00
1.697097550585755954e+00 -4.121093750000000000e-01
1.703286384265093378e+00 -5.652343750000000000e+00
1.709962355071768858e+00 -5.019531250000000000e+00
1.716737196409040322e+00 -2.714843750000000000e+00
1.722903931142982792e+00 -5.917968750000000000e+00
1.729389950245533214e+00 -2.630859375000000000e+00
1.735757470108555633e+00 -3.982421875000000000e+00
1.742202514691344017e+00 -5.367187500000000000e+00
1.748663293439794764e+00 -1.955078125000000000e+00
1.754881755781800390e+00 -6.082031250000000000e+00
1.761455271529023481e+00 -6.593750000000000000e+00
1.767773735474087005e+00 -4.656250000000000000e+00
1.773993863909901769e+00 -3.183593750000000000e+00
1.780751653421657643e+00 -2.968750000000000000e+00
1.787032025062367691e+00 -1.589843750000000000e+00
1.793559519899616372e+00 -1.988281250000000000e+00
1.799986785335116579e+00 -3.542968750000000000e+00
1.806471159192638787e+00 -3.804687500000000000e+00
1.812988590056838767e+00 -3.656250000000000000e+00
1.819369990694109873e+00 -3.146484375000000000e+00
1.825609585756431841e+00 -7.978515625000000000e+00
1.832449585756942056e+00 -3.789062500000000000e-01
1.838826247321895480e+00 -1.748046875000000000e+00
1.845027292972049260e+00 -1.300781250000000000e+00
1.851777232299161469e+00 -9.296875000000000000e-01
1.858078793503710635e+00 -1.146484375000000000e+00
1.864558452596550175e+00 -3.365234375000000000e+00
1.870791667078058218e+00 -1.271484375000000000e+00
1.877362579355793315e+00 -3.789062500000000000e+00
1.884014751122212949e+00 -7.464843750000000000e+00
1.890187588192010715e+00 -3.945312500000000000e+00
1.896512975227929942e+00 -2.105468750000000000e+00
1.903296450212921265e+00 -5.742187500000000000e+00
1.909632878199923223e+00 -1.134765625000000000e+00
1.916332059820756051e+00 -3.308593750000000000e+00
1.922174192248553126e+00 -3.593750000000000000e+00
1.928480248190517443e+00 -7.371093750000000000e+00
1.935439143756863878e+00 1.386718750000000000e+00
1.941698215710098374e+00 -1.074218750000000000e+00
1.948072485671487719e+00 -6.744140625000000000e+00
1.954829114947695956e+00 5.507812500000000000e-01
1.961171744292950159e+00 -9.414062500000000000e-01
1.967620681325754184e+00 -3.332031250000000000e+00
1.973924136557049014e+00 -7.148437500000000000e-01
1.980142752052840738e+00 -1.023437500000000000e+00
1.986984506177598142e+00 -2.894531250000000000e+00
1.993191453893150111e+00 4.179687500000000000e-01
1.999350828311148298e+00 -1.753906250000000000e+00
2.006265006174030585e+00 -1.447265625000000000e+00
2.012478566619305020e+00 -1.609375000000000000e+00
2.018915583139073266e+00 -2.519531250000000000e+00
2.025457049532599640e+00 -3.589843750000000000e+00
2.031732265996411879e+00 -1.429687500000000000e+00
2.038588497891372420e+00 -1.951171875000000000e+00
2.044725595368378723e+00 -3.029296875000000000e+00
2.050987551200065262e+00 -1.730468750000000000e+00
2.057917879744177725e+00 -1.511718750000000000e+00
2.064278329508731247e+00 -4.859375000000000000e+00
2.070548516561347085e+00 -3.949218750000000000e+00
2.077261762270938839e+00 2.265625000000000000e-01
2.083393340465609533e+00 -1.734375000000000000e+00
2.089863080338456136e+00 -4.968750000000000000e+00
2.096385364798538653e+00 -1.484375000000000000e-01
2.102736204860912395e+00 -4.097656250000000000e+00
2.109477165544570099e+00 -4.439453125000000000e+00
2.115746278073324937e+00 -2.855468750000000000e+00
2.121924955472979324e+00 1.121093750000000000e+00
2.128767805183367834e+00 -3.636718750000000000e+00
2.134959523650508117e+00 4.687500000000000000e-01
2.141419184234158557e+00 -1.152343750000000000e+00
2.147920110858159148e+00 -3.042968750000000000e+00
2.154332547854879376e+00 -1.248046875000000000e+00
2.161158328254583871e+00 -3.003906250000000000e+00
2.166903030518129825e+00 -3.960937500000000000e+00
2.173395534822547326e+00 -2.027343750000000000e+00
2.180399607619781133e+00 -2.498046875000000000e+00
2.186441329258241861e+00 -2.968750000000000000e-01
2.192669326167722588e+00 -4.281250000000000000e+00
2.199442768772974510e+00 -1.441406250000000000e+00
2.205711979982342807e+00 -3.964843750000000000e-01
2.212050941198740350e+00 -3.281250000000000000e+00
2.218642658042999649e+00 -1.689453125000000000e+00
2.225181055932817564e+00 -5.117187500000000000e-01
2.231705804719109398e+00 3.906250000000000000e-01
2.238096425622182029e+00 -3.457031250000000000e-01
2.244447793348183673e+00 3.230468750000000000e+00
2.250923348696916015e+00 -3.244140625000000000e+00
2.257225730254480034e+00 -2.613281250000000000e+00
2.263766264101398917e+00 -3.750000000000000000e-01
2.269961080571286871e+00 -4.257812500000000000e+00
2.276681489672374159e+00 -2.318359375000000000e+00
2.283118140170016908e+00 -1.640625000000000000e-01
2.289302115122306525e+00 -3.246093750000000000e+00
2.295707184881567997e+00 -9.062500000000000000e-01
2.302634499876343277e+00 -1.472656250000000000e+00
2.308700784709554643e+00 -2.757812500000000000e+00
2.314997406511067446e+00 -9.062500000000000000e-01
2.321707300398370588e+00 -2.218750000000000000e+00
2.328209274192249989e+00 -4.632812500000000000e+00
2.334636753808059240e+00 -8.710937500000000000e-01
2.341018664481381961e+00 1.613281250000000000e+00
2.347449851525896136e+00 -4.255859375000000000e+00
2.354043028974597718e+00 -6.917968750000000000e+00
2.360332049908514307e+00 -7.500000000000000000e-01
2.366671320456141814e+00 7.148437500000000000e-01
2.373252000603216949e+00 -7.480468750000000000e+00
2.379803271287787680e+00 -9.804687500000000000e-01
2.386351556479904268e+00 8.554687500000000000e-01
2.392183279090733805e+00 -4.828125000000000000e+00
2.398977442115188374e+00 -5.703125000000000000e-01
2.405521193295729887e+00 -2.529296875000000000e+00
2.411726964423991149e+00 -6.457031250000000000e+00
2.418107775994436714e+00 -8.925781250000000000e-01
2.424980409366363610e+00 -3.759765625000000000e+00
2.431139914099428978e+00 -2.785156250000000000e+00
2.437498385389686995e+00 3.125000000000000000e-02
2.443967200053130284e+00 -4.710937500000000000e+00
2.450635579350986859e+00 -4.443359375000000000e+00
2.456934080006941024e+00 -5.179687500000000000e+00
2.463373604214914359e+00 -5.072265625000000000e+00
2.469986915014275919e+00 -3.720703125000000000e+00
2.476560736921359585e+00 -5.589843750000000000e+00
2.482654499413001759e+00 -4.289062500000000000e+00
2.489089612828939480e+00 -5.667968750000000000e+00
2.495412463949799431e+00 -9.593750000000000000e+00
2.502203007734502105e+00 -2.302734375000000000e+00
2.508554682307353900e+00 -4.492187500000000000e+00
2.514707811629087075e+00 -6.773437500000000000e+00
2.521346716296744006e+00 -5.351562500000000000e-01
2.527889049927448895e+00 -3.582031250000000000e+00
2.534107168829340395e+00 -4.210937500000000000e+00
2.540591707835577751e+00 -1.056640625000000000e+00
2.547298672712972056e+00 -8.546875000000000000e+00
2.553486953624497957e+00 -2.980468750000000000e+00
2.559989579800655779e+00 -5.148437500000000000e+00
2.566238541810362594e+00 -3.203125000000000000e+00
2.573065321790970472e+00 -4.429687500000000000e+00
2.579366306273791487e+00 -5.777343750000000000e+00
2.585728003414571763e+00 -7.052734375000000000e+00
2.591904657461326700e+00 -1.917968750000000000e+00
2.598400705392708065e+00 -8.304687500000000000e+00
2.605027903523168042e+00 -2.332031250000000000e+00
2.611494804826702154e+00 -5.933593750000000000e+00
2.618000688108990559e+00 -6.738281250000000000e+00
2.624578268265824299e+00 -5.605468750000000000e+00
2.631143586265427103e+00 -5.082031250000000000e+00
2.637225497187207779e+00 -3.550781250000000000e+00
2.643535076611419399e+00 -3.265625000000000000e+00
2.650289755938836755e+00 -7.371093750000000000e+00
2.656695554734000986e+00 -5.474609375000000000e+00
2.662901861732973163e+00 -2.849609375000000000e+00
2.669514962151940729e+00 -6.757812500000000000e+00
2.675857166133504439e+00 -7.113281250000000000e+00
2.682199099389868557e+00 -6.097656250000000000e+00
2.688720597899569853e+00 -5.789062500000000000e+00
2.695212586662125709e+00 -6.324218750000000000e+00
2.701548878622976879e+00 -6.187500000000000000e+00
2.708064355166691417e+00 -6.173828125000000000e+00
2.714510660490927485e+00 -5.125000000000000000e+00
2.721002643812101329e+00 -5.943359375000000000e+00
2.727509666755253193e+00 -5.058593750000000000e+00
2.733917243177670819e+00 -6.019531250000000000e+00
2.740363334420303776e+00 -9.521484375000000000e+00
2.746783062686503740e+00 -1.804687500000000000e+00
2.753227025239354475e+00 -2.980468750000000000e+00
2.759291371015176075e+00 -4.957031250000000000e+00
2.765944904740380572e+00 -5.542968750000000000e+00
2.772407279791034185e+00 -7.308593750000000000e+00
2.778889626210639285e+00 -4.044921875000000000e+00
2.785232982369537424e+00 -4.945312500000000000e+00
2.791776371014710101e+00 -7.972656250000000000e+00
2.798239618255510042e+00 -7.847656250000000000e+00
2.804644740023417349e+00 -6.476562500000000000e+00
2.811078855597630266e+00 -7.031250000000000000e+00
2.817783678414472526e+00 -4.371093750000000000e+00
2.823995918576297726e+00 -6.007812500000000000e+00
2.830517599418206132e+00 -7.250000000000000000e+00
2.837039190614740303e+00 -5.587890625000000000e+00
2.843392095699236233e+00 -5.857421875000000000e+00
2.849813886468813173e+00 -5.468750000000000000e+00
2.856305737685810975e+00 -4.246093750000000000e+00
2.862151060656817236e+00 -6.910156250000000000e+00
2.869148728886799837e+00 -4.562500000000000000e+00
2.875522484440006021e+00 -9.205078125000000000e+00
2.881852402077059061e+00 -6.033203125000000000e+00
2.888306816319571091e+00 -4.492187500000000000e+00
2.894954841047558958e+00 -6.734375000000000000e+00
2.901283018589066121e+00 -5.197265625000000000e+00
2.907581447210943359e+00 -6.078125000000000000e+00
2.913920239132103518e+00 -9.023437500000000000e+00
2.920749750194141292e+00 -7.343750000000000000e+00
2.926971844934714184e+00 -2.953125000000000000e+00
2.933358148604502169e+00 -4.236328125000000000e+00
2.939985902972963139e+00 -4.671875000000000000e+00
2.946460996371179863e+00 -9.367187500000000000e+00
2.952681278480559612e+00 -3.148437500000000000e+00
2.959200228718156467e+00 -7.906250000000000000e+00
2.965804506487885739e+00 -7.261718750000000000e+00
2.972286135854242062e+00 -5.816406250000000000e+00
2.978927480132996575e+00 -6.574218750000000000e+00
2.984889892664420064e+00 -6.544921875000000000e+00
2.991598563807400968e+00 -4.017578125000000000e+00
2.997944887396603253e+00 -9.468750000000000000e+00
3.004272771727283242e+00 -6.615234375000000000e+00
3.010641154734238434e+00 -5.648437500000000000e+00
3.017293374710035447e+00 -8.328125000000000000e+00
3.023696289346697874e+00 -7.343750000000000000e+00
3.030108931201553446e+00 -7.578125000000000000e+00
3.036320713028021423e+00 -4.617187500000000000e+00
3.042862982714337416e+00 -5.087890625000000000e+00
3.049347988760623629e+00 -5.945312500000000000e+00
3.055688861586843164e+00 -4.568359375000000000e+00
3.062380733792720910e+00 -5.533203125000000000e+00
3.068787838279439129e+00 -7.226562500000000000e+00
3.075282451044581311e+00 -3.982421875000000000e+00
3.081656173426857492e+00 -8.294921875000000000e+00
3.087967493574691247e+00 -7.316406250000000000e+00
3.094773263579705169e+00 -7.429687500000000000e+00
3.101101912986525377e+00 -1.123046875000000000e+01
3.107307093071333348e+00 -7.990234375000000000e+00
3.113934398475162624e+00 -5.015625000000000000e+00
3.120461281457078684e+00 -1.080468750000000000e+01
3.126673748897560223e+00 -1.016796875000000000e+01
3.133003801942496835e+00 -5.019531250000000000e+00
3.139584793249141192e+00 -9.414062500000000000e+00
3.146006162331774103e+00 -8.792968750000000000e+00
3.152438222026443970e+00 -7.785156250000000000e+00
3.158647307027746542e+00 -9.109375000000000000e+00
3.165307424102851819e+00 -7.191406250000000000e+00
3.171798035092548762e+00 -7.976562500000000000e+00
3.178188858988558074e+00 -8.597656250000000000e+00
3.184678070989590104e+00 -1.253320312500000000e+01
3.190983896999926905e+00 -1.014062500000000000e+01
3.197559916674412861e+00 -6.847656250000000000e+00
3.204001981973168434e+00 -1.060156250000000000e+01
3.210340049639976545e+00 -9.541015625000000000e+00
3.217014785537086752e+00 -8.171875000000000000e+00
3.223264009316086920e+00 -1.232421875000000000e+01
3.229790014648609375e+00 -8.927734375000000000e+00
3.236137114181743435e+00 -8.242187500000000000e+00
3.242551520725295511e+00 -1.162500000000000000e+01
3.249130358388021556e+00 -8.306640625000000000e+00
3.255319446481927947e+00 -9.812500000000000000e+00
3.261735740118600013e+00 -1.020312500000000000e+01
3.268392886843317413e+00 -6.218750000000000000e+00
3.274764218692778783e+00 -1.404296875000000000e+01
3.281113979330597896e+00 -1.043359375000000000e+01
3.287773427139372373e+00 -7.552734375000000000e+00
3.294038791499489083e+00 -8.341796875000000000e+00
3.300472693787858347e+00 -1.079687500000000000e+01
3.307088786679623915e+00 -7.593750000000000000e+00
3.313351274981058303e+00 -1.107031250000000000e+01
3.319928585165515589e+00 -7.841796875000000000e+00
3.326532663251013489e+00 -1.016015625000000000e+01
3.332718989278698807e+00 -1.217187500000000000e+01
3.339312173712565723e+00 -8.242187500000000000e+00
3.345666764106907998e+00 -1.261914062500000000e+01
3.352057834750427290e+00 -8.609375000000000000e+00
3.358494218400509546e+00 -1.316015625000000000e+01
3.364906506248481755e+00 -8.626953125000000000e+00
3.371353686836711994e+00 -1.032031250000000000e+01
3.377768146977521369e+00 -1.064843750000000000e+01
3.384054518788004007e+00 -9.160156250000000000e+00
3.390763182911814777e+00 -1.126562500000000000e+01
3.397218501832452553e+00 -1.113281250000000000e+01
3.403491716996983385e+00 -9.695312500000000000e+00
3.410314925376051853e+00 -6.154296875000000000e+00
3.416545252027031410e+00 -1.144921875000000000e+01
3.422839544322533456e+00 -6.201171875000000000e+00
3.429476978618768879e+00 -8.353515625000000000e+00
3.435815769792582408e+00 -7.515625000000000000e+00
3.442322800782337211e+00 -6.914062500000000000e+00
3.448897443054060652e+00 -8.070312500000000000e+00
3.455114172217784940e+00 -8.558593750000000000e+00
3.461700284302984265e+00 -1.124218750000000000e+01
3.468039478510681839e+00 -1.009375000000000000e+01
3.474288438449308014e+00 -8.390625000000000000e+00
3.480632567046321846e+00 -6.175781250000000000e+00
3.487362358867293288e+00 -1.230078125000000000e+01
3.493943986531857782e+00 -1.008593750000000000e+01
3.500072483755516828e+00 -7.638671875000000000e+00
3.506424998686430872e+00 -1.365234375000000000e+01
3.513312555807993398e+00 -5.664062500000000000e+00
3.519494509361741130e+00 -9.410156250000000000e+00
3.525757143612588962e+00 -1.398632812500000000e+01
3.532556009334045566e+00 -7.761718750000000000e+00
3.538873370216714775e+00 -1.154296875000000000e+01
3.545237743629513716e+00 -1.211328125000000000e+01
3.551666480570821349e+00 -7.273437500000000000e+00
3.557930123617264684e+00 -1.173242187500000000e+01
3.564854812671123696e+00 -6.498046875000000000e+00
3.571451945862473387e+00 -1.003515625000000000e+01
3.577318938590526187e+00 -1.145312500000000000e+01
3.583917573522835909e+00 -7.781250000000000000e+00
3.590525418821691073e+00 -9.033203125000000000e+00
3.596804865832294418e+00 -9.560546875000000000e+00
3.603177600053943941e+00 -4.812500000000000000e+00
3.609773303439726355e+00 -1.229296875000000000e+01
3.616234169679041432e+00 -8.652343750000000000e+00
3.622421592273805224e+00 -9.269531250000000000e+00
3.628757689835238498e+00 -9.414062500000000000e+00
3.635574689368120005e+00 -5.023437500000000000e+00
3.641933202352142906e+00 -6.375000000000000000e+00
3.648242283382632678e+00 -7.328125000000000000e+00
3.654564705422356674e+00 -6.382812500000000000e+00
3.661215698735595048e+00 -1.123828125000000000e+01
3.667634136195101924e+00 -1.085546875000000000e+01
3.674063577683755355e+00 -1.002343750000000000e+01
3.680529102206204328e+00 -9.726562500000000000e+00
3.687294794232628625e+00 -7.957031250000000000e+00
3.693658080074857963e+00 -7.488281250000000000e+00
3.699839540139983285e+00 -7.695312500000000000e+00
3.705959816473206825e+00 -9.853515625000000000e+00
3.712911152630274270e+00 -8.410156250000000000e+00
3.719288909820878786e+00 -9.355468750000000000e+00
3.725525029522790632e+00 -5.003906250000000000e+00
3.732150205180577274e+00 -9.300781250000000000e+00
3.738453769338129007e+00 -8.490234375000000000e+00
3.744888487767058738e+00 -5.880859375000000000e+00
3.751176929772245483e+00 -1.350976562500000000e+01
3.757783589630611321e+00 -9.691406250000000000e+00
3.764300106533969625e+00 -8.421875000000000000e+00
3.770427768679772029e+00 -1.060156250000000000e+01
3.777033509315228521e+00 -8.832031250000000000e+00
3.783572160083525482e+00 -7.902343750000000000e+00
3.790013513030174863e+00 -5.519531250000000000e+00
3.796512694229163376e+00 -5.224609375000000000e+00
3.802908038811914970e+00 -6.949218750000000000e+00
3.809324263218499595e+00 -8.117187500000000000e+00
3.815824224905867368e+00 -6.714843750000000000e+00
3.822177030200230252e+00 -8.519531250000000000e+00
3.828711126406139975e+00 -6.958984375000000000e+00
3.835371253862374985e+00 -1.001562500000000000e+01
3.841497456148270651e+00 -9.484375000000000000e+00
3.847897749012383350e+00 -7.369140625000000000e+00
3.854555171275678926e+00 -1.315039062500000000e+01
3.860800735487186941e+00 -6.929687500000000000e+00
3.867213185080959903e+00 -4.734375000000000000e+00
3.873552737699407444e+00 -1.147656250000000000e+01
3.880314168278474973e+00 -8.429687500000000000e+00
3.886497986214276779e+00 -6.757812500000000000e+00
3.892812613417964585e+00 -1.121289062500000000e+01
3.899596269339338228e+00 -7.082031250000000000e+00
3.905952325384760115e+00 -9.050781250000000000e+00
3.912341883297930867e+00 -9.416015625000000000e+00
3.919000099037329488e+00 -5.640625000000000000e+00
3.925089042079983770e+00 -6.253906250000000000e+00
3.931691104112011281e+00 -5.593750000000000000e+00
3.938266850094843452e+00 -6.679687500000000000e+00
3.944538346439999010e+00 -1.010937500000000000e+01
3.950964974384022277e+00 -7.958984375000000000e+00
3.957638167929547368e+00 -1.006445312500000000e+01
3.963922272827522519e+00 -1.032421875000000000e+01
3.970191337500002859e+00 -7.681640625000000000e+00
3.976610005748333343e+00 -7.164062500000000000e+00
3.983320289784661572e+00 -9.101562500000000000e+00
3.989463984072265212e+00 -8.210937500000000000e+00
3.995842878859460434e+00 -9.052734375000000000e+00
4.002533404949914164e+00 -5.226562500000000000e+00
4.008978674954603250e+00 -5.914062500000000000e+00
4.015244798966695505e+00 -7.402343750000000000e+00
4.021734971450550589e+00 -3.269531250000000000e+00
4.028118261227804808e+00 -6.765625000000000000e+00
4.034767892153142910e+00 -8.421875000000000000e+00
4.041489186606535888e+00 -6.578125000000000000e+00
4.047611606555935992e+00 -5.771484375000000000e+00
4.054214037633267154e+00 -5.824218750000000000e+00
4.060680662369760441e+00 -4.242187500000000000e+00
4.066826892500994717e+00 -6.894531250000000000e+00
4.073389427548931963e+00 -4.695312500000000000e+00
4.080064761347266256e+00 -4.496093750000000000e+00
4.086213389286665887e+00 -9.648437500000000000e+00
4.092635505669036888e+00 -7.849609375000000000e+00
4.098965373645826027e+00 -5.496093750000000000e+00
4.105575681599489712e+00 -5.664062500000000000e+00
4.112044515910285192e+00 -4.781250000000000000e+00
4.118222593312943935e+00 -6.734375000000000000e+00
4.124754479006966790e+00 -5.232421875000000000e+00
4.131378500742192372e+00 -6.816406250000000000e+00
4.137687603174475370e+00 -9.035156250000000000e+00
4.144205354407425546e+00 -3.353515625000000000e+00
4.150491841562764961e+00 -7.039062500000000000e+00
4.157010737522710997e+00 -8.113281250000000000e+00
4.163826692010786701e+00 -7.603515625000000000e+00
4.169846122493664708e+00 -2.681640625000000000e+00
4.176469485562446238e+00 -2.847656250000000000e+00
4.183205733864364007e+00 -4.857421875000000000e+00
4.189274565679060203e+00 -4.457031250000000000e+00
4.195467255555816344e+00 -5.650390625000000000e+00
4.202344668271837058e+00 -3.638671875000000000e+00
4.208555351456216620e+00 -3.566406250000000000e+00
4.214954987484132332e+00 -7.410156250000000000e+00
4.221175892481747738e+00 -6.101562500000000000e+00
4.227865411615115754e+00 -1.960937500000000000e+00
4.234405005378101272e+00 -4.031250000000000000e+00
4.240807287431691108e+00 -7.138671875000000000e+00
4.246999085733651924e+00 1.341796875000000000e+00
4.253682003382533772e+00 -6.402343750000000000e+00
4.260060784009163548e+00 -1.083593750000000000e+01
4.266600487222652838e+00 -9.296875000000000000e-01
4.272899952226475229e+00 -5.898437500000000000e+00
4.279294645852118606e+00 -4.148437500000000000e+00
4.286183786640524573e+00 -4.625000000000000000e+00
4.292322284892145845e+00 -4.880859375000000000e+00
4.298712593566797580e+00 -5.722656250000000000e+00
4.305353650790037179e+00 -3.601562500000000000e+00
4.311685214728306015e+00 3.828125000000000000e-01
4.317975516615016218e+00 -4.074218750000000000e+00
4.324573965611207882e+00 -6.765625000000000000e+00
4.330973383883214289e+00 -2.445312500000000000e+00
4.337364948328941594e+00 -6.517578125000000000e+00
4.343772350198756627e+00 -9.144531250000000000e+00
4.350308312432522584e+00 -2.111328125000000000e+00
4.356450797934126484e+00 -7.421875000000000000e-01
4.362799300504310196e+00 -4.699218750000000000e+00
4.369576411535047278e+00 -5.859375000000000000e-01
4.375900716335017648e+00 -1.664062500000000000e+00
4.382316296873913331e+00 -3.289062500000000000e+00
4.389091153448341665e+00 -2.355468750000000000e+00
4.395294697714903442e+00 -1.195312500000000000e+00
4.401810293070780311e+00 8.750000000000000000e-01
4.408254271013030134e+00 -1.609375000000000000e+00
4.414551943462734940e+00 -3.417968750000000000e-01
4.421273059141547002e+00 -3.765625000000000000e+00
4.427665015453579933e+00 9.960937500000000000e-01
4.433895760494243277e+00 1.197265625000000000e+00
4.440328272191305103e+00 -7.851562500000000000e-01
4.446772467399965123e+00 -3.728515625000000000e+00
4.453316897599776780e+00 -1.992187500000000000e+00
4.459599271750251503e+00 3.105468750000000000e+00
4.466073490368918542e+00 -2.218750000000000000e+00
4.472848793492640418e+00 6.757812500000000000e-01
4.479033405636592136e+00 2.152343750000000000e+00
4.485212204303929084e+00 -3.345703125000000000e+00
4.492001763363120403e+00 1.503906250000000000e+00
4.498393125503253209e+00 1.289062500000000000e-01
4.504791816966767115e+00 -2.769531250000000000e+00
4.511413876917474752e+00 -3.925781250000000000e+00
4.517575755149071171e+00 9.785156250000000000e-01
4.524236765366858037e+00 5.859375000000000000e-03
4.530653259236324004e+00 -1.513671875000000000e+00
4.536915758195735116e+00 -1.230468750000000000e+00
4.543331808775801228e+00 3.187500000000000000e+00
4.550151556669399966e+00 -1.250000000000000000e-01
4.556269114507204954e+00 1.503906250000000000e-01
4.562697887772195315e+00 4.261718750000000000e+00
4.569161367099403570e+00 -2.343750000000000000e+00
4.575839407336666831e+00 -4.218750000000000000e-01
4.582022514876998187e+00 3.019531250000000000e+00
4.588382469813278242e+00 1.589843750000000000e+00
4.595080334049097104e+00 5.320312500000000000e+00
4.601517205206040018e+00 1.802734375000000000e+00
4.607714915761582652e+00 1.472656250000000000e+00
4.614284787927510401e+00 3.710937500000000000e-01
4.620480588940521827e+00 3.511718750000000000e+00
4.627215395325664282e+00 2.542968750000000000e+00
4.633955313051965952e+00 3.617187500000000000e+00
4.639882456704276237e+00 1.878906250000000000e+00
4.646466352050385495e+00 2.535156250000000000e+00
4.653178031268092596e+00 3.667968750000000000e+00
4.659322572526449768e+00 3.525390625000000000e+00
4.665761637279960183e+00 4.378906250000000000e+00
4.672432819934042136e+00 2.361328125000000000e+00
4.678787760290398445e+00 5.824218750000000000e+00
4.685198660412439153e+00 4.597656250000000000e+00
4.691425710574026020e+00 2.183593750000000000e+00
4.697842837259289972e+00 6.726562500000000000e+00
4.704441027122713059e+00 3.916015625000000000e+00
4.710536295547619545e+00 3.818359375000000000e+00
4.717085100557281585e+00 6.281250000000000000e+00
4.723787987090057428e+00 5.115234375000000000e+00
4.730063204278604161e+00 7.876953125000000000e+00
4.736680501383828457e+00 3.533203125000000000e+00
4.743069513998977804e+00 6.363281250000000000e+00
4.749592335398548748e+00 7.859375000000000000e+00
4.756195242671286572e+00 2.837890625000000000e+00
4.762412889138841976e+00 8.400390625000000000e+00
4.768691783191769673e+00 8.833984375000000000e+00
4.775553984664707485e+00 8.066406250000000000e+00
4.781855965609585368e+00 8.861328125000000000e+00
4.788128994516402059e+00 1.135742187500000000e+01
4.794722746660577073e+00 8.820312500000000000e+00
4.801071518407272976e+00 7.193359375000000000e+00
4.807362615856141552e+00 7.226562500000000000e+00
4.813725364335747159e+00 5.710937500000000000e+00
4.820318294595102415e+00 8.736328125000000000e+00
4.826806355468338694e+00 1.469921875000000000e+01
