#Time Flux
-6.575438706528046851e+00 -4.750000000000000000e+00
-6.547472624665459762e+00 -1.321875000000000000e+01
-6.522534619085476493e+00 -1.000000000000000000e+00
-6.495665155233268706e+00 -1.896875000000000000e+01
-6.470264160330359005e+00 -1.926562500000000000e+01
-6.442433691903673321e+00 -2.478125000000000000e+01
-6.416541562025614098e+00 -3.456250000000000000e+01
-6.391435728959869778e+00 -4.459375000000000000e+01
-6.363569033214961479e+00 -5.064062500000000000e+01
-6.338538130347256327e+00 -2.771875000000000000e+01
-6.311239165926195938e+00 -6.075000000000000000e+01
-6.285645764877674679e+00 -4.320312500000000000e+01
-6.258648336485158836e+00 -4.637500000000000000e+01
-6.232645763181736243e+00 -6.778125000000000000e+01
-6.206541631431118589e+00 -6.982812500000000000e+01
-6.179123751429116851e+00 -6.195312500000000000e+01
-6.154317380220099665e+00 -3.668750000000000000e+01
-6.126332939208033679e+00 -7.512500000000000000e+01
-6.101743099247634916e+00 -5.431250000000000000e+01
-6.074616895770262204e+00 -4.925000000000000000e+01
-6.048749862037894331e+00 -5.459375000000000000e+01
-6.022632144586477665e+00 -4.473437500000000000e+01
-5.995215162204814874e+00 -3.534375000000000000e+01
-5.969336937230327322e+00 -2.132812500000000000e+01
-5.942113982791475735e+00 -1.396875000000000000e+01
-5.914056825615915614e+00 -1.000000000000000000e+01
-5.889126283725612865e+00 3.625000000000000000e+00
-5.862462159285470875e+00 -1.406250000000000000e+00
-5.837520524366055952e+00 1.831250000000000000e+01
-5.809093199246810002e+00 1.839062500000000000e+01
-5.785428224434799205e+00 2.146875000000000000e+01
-5.758218188815213523e+00 2.446875000000000000e+01
-5.730982713353256486e+00 2.042187500000000000e+01
-5.705230847970209851e+00 4.065625000000000000e+01
-5.678293532792281439e+00 1.712500000000000000e+01
-5.652235220835393648e+00 4.478125000000000000e+01
-5.625305653037457887e+00 4.687500000000000000e+01
-5.599842129192925455e+00 5.300000000000000000e+01
-5.574265719612547798e+00 3.253125000000000000e+01
-5.546257279666978235e+00 5.260937500000000000e+01
-5.521198063959996460e+00 4.062500000000000000e+01
-5.494384971627710001e+00 6.750000000000000000e+00
-5.468340351917106545e+00 7.062500000000000000e+00
-5.441154647305623371e+00 1.475000000000000000e+01
-5.415338667604338241e+00 -6.281250000000000000e+00
-5.390150402591054046e+00 -6.531250000000000000e+00
-5.362352141340615219e+00 -1.034375000000000000e+01
-5.337296553285664658e+00 -1.421875000000000000e+00
-5.310476420009194953e+00 -2.506250000000000000e+01
-5.284445381833904776e+00 -4.487500000000000000e+01
-5.257246208493555173e+00 -4.096875000000000000e+01
-5.231434889322500226e+00 -5.856250000000000000e+01
-5.205256542207589376e+00 -6.662500000000000000e+01
-5.177843324770194045e+00 -7.117187500000000000e+01
-5.151964827703995553e+00 -6.520312500000000000e+01
-5.125449200134532646e+00 -8.168750000000000000e+01
-5.097542325917999051e+00 -8.507812500000000000e+01
-5.072191741283258892e+00 -6.612500000000000000e+01
-5.046308853522301519e+00 -8.364062500000000000e+01
-5.022331204925968962e+00 -8.262500000000000000e+01
-4.993934599983887779e+00 -7.032812500000000000e+01
-4.968056055478445643e+00 -6.925000000000000000e+01
-4.941554003332491618e+00 -7.915625000000000000e+01
-4.913640279627685459e+00 -4.825000000000000000e+01
-4.887917973309935604e+00 -5.698437500000000000e+01
-4.862406066561330675e+00 -6.582812500000000000e+01
-4.835583635185273010e+00 -2.610937500000000000e+01
-4.809934613139169812e+00 -3.503125000000000000e+01
-4.784147342511932521e+00 -2.984375000000000000e+00
-4.756952687714480987e+00 -9.000000000000000000e+00
-4.729738227571175457e+00 4.187500000000000000e+00
-4.704022555042296716e+00 2.209375000000000000e+01
-4.676546773348633224e+00 1.968750000000000000e+00
-4.651020790126469961e+00 3.539062500000000000e+01
-4.626025062444362845e+00 3.168750000000000000e+01
-4.598052812241022025e+00 3.037500000000000000e+01
-4.572774673948835300e+00 2.640625000000000000e+01
-4.545131361691836958e+00 2.904687500000000000e+01
-4.520123382455480510e+00 4.731250000000000000e+01
-4.492182869500481956e+00 2.315625000000000000e+01
-4.467113737767760995e+00 3.598437500000000000e+01
-4.441113414574612506e+00 1.934375000000000000e+01
-4.414119865009652699e+00 -9.062500000000000000e-01
-4.386896679663848886e+00 3.000000000000000000e+00
-4.361235272857392431e+00 -7.109375000000000000e+00
-4.335881034382261134e+00 3.375000000000000000e+00
-4.308285925071629663e+00 -1.365625000000000000e+01
-4.283217868026952146e+00 -2.046875000000000000e+01
-4.256084688723014153e+00 -1.731250000000000000e+01
-4.230223988109301558e+00 -3.762500000000000000e+01
-4.202884351838228838e+00 -3.907812500000000000e+01
-4.176657021520050250e+00 -3.953125000000000000e+01
-4.151747751231532391e+00 -4.200000000000000000e+01
-4.123589910051656204e+00 -5.706250000000000000e+01
-4.097811681459962330e+00 -5.751562500000000000e+01
-4.072059226593367498e+00 -6.056250000000000000e+01
-4.043803043113413764e+00 -8.200000000000000000e+01
-4.019077676674285726e+00 -7.343750000000000000e+01
-3.992749344646263410e+00 -6.012500000000000000e+01
-3.967951491542706322e+00 -5.967187500000000000e+01
-3.939610821942885366e+00 -6.779687500000000000e+01
-3.911777099163700200e+00 -4.543750000000000000e+01
-3.888150878818080969e+00 -3.893750000000000000e+01
-3.862421038398970552e+00 -4.000000000000000000e+01
-3.833718736773846558e+00 -2.918750000000000000e+01
-3.807647259284532737e+00 -3.456250000000000000e+01
-3.781804612185723613e+00 -5.843750000000000000e+00
-3.755509251656576453e+00 -2.571875000000000000e+01
-3.727750651142486049e+00 -5.937500000000000000e+00
-3.702814178251696120e+00 1.460937500000000000e+01
-3.675859002335322145e+00 -5.593750000000000000e+00
-3.649802512531444165e+00 4.125000000000000000e+00
-3.622735958696239322e+00 2.375000000000000000e+01
-3.597896795497135258e+00 1.856250000000000000e+01
-3.571600432719378659e+00 1.973437500000000000e+01
-3.543855787928549717e+00 5.468750000000000000e+00
-3.518917717752614749e+00 3.731250000000000000e+01
-3.491950110020091813e+00 1.968750000000000000e+01
-3.465898387829604133e+00 1.950000000000000000e+01
-3.438711874658430645e+00 2.740625000000000000e+01
-3.412936577098253821e+00 1.529687500000000000e+01
-3.386496158123865285e+00 5.265625000000000000e+00
-3.359948634733090245e+00 8.171875000000000000e+00
-3.334812800740433403e+00 3.687500000000000000e+00
-3.307916866883147122e+00 -1.221875000000000000e+01
-3.282006737566518950e+00 -7.312500000000000000e+00
-3.254802996953323202e+00 3.515625000000000000e+00
-3.229041421361717568e+00 -1.231250000000000000e+01
-3.201504420490465463e+00 -4.690625000000000000e+01
-3.175281864768450646e+00 -4.764062500000000000e+01
-3.150578723596780151e+00 -4.584375000000000000e+01
-3.122775629876525016e+00 -5.573437500000000000e+01
-3.097284304583361347e+00 -7.550000000000000000e+01
-3.070133728143915164e+00 -5.996875000000000000e+01
-3.045103717826641798e+00 -7.981250000000000000e+01
-3.019760999681558644e+00 -7.700000000000000000e+01
-2.990271454492141601e+00 -7.531250000000000000e+01
-2.965495073936398995e+00 -7.295312500000000000e+01
-2.939140390192839902e+00 -8.768750000000000000e+01
-2.910558702524539854e+00 -7.446875000000000000e+01
-2.885500895308336311e+00 -7.192187500000000000e+01
-2.858486019723180505e+00 -7.326562500000000000e+01
-2.833100707555374242e+00 -5.467187500000000000e+01
-2.805135595786808267e+00 -4.496875000000000000e+01
-2.779536027093072903e+00 -4.231250000000000000e+01
-2.754464903517479968e+00 -3.900000000000000000e+01
-2.728063529888398620e+00 -2.946875000000000000e+01
-2.701372258106808033e+00 -1.001562500000000000e+01
-2.674454494552605865e+00 -3.284375000000000000e+01
-2.648618142085581439e+00 -1.000000000000000000e+00
-2.623454106677648667e+00 5.781250000000000000e+00
-2.595624692939555445e+00 8.328125000000000000e+00
-2.570319075007091669e+00 2.653125000000000000e+01
-2.542764149633839565e+00 3.496875000000000000e+01
-2.517114844415416997e+00 3.409375000000000000e+01
-2.489748947831628811e+00 3.865625000000000000e+01
-2.465285013800855296e+00 4.051562500000000000e+01
-2.437015572414324538e+00 5.789062500000000000e+01
-2.409052706413760347e+00 3.965625000000000000e+01
-2.386294952468553277e+00 3.203125000000000000e+01
-2.358810951203430761e+00 3.601562500000000000e+01
-2.333088091334438730e+00 3.256250000000000000e+01
-2.305788042181600161e+00 1.206250000000000000e+01
-2.280802135732649560e+00 3.018750000000000000e+01
-2.253411151184948835e+00 2.778125000000000000e+01
-2.227786194626169447e+00 1.825000000000000000e+01
-2.200420029190652826e+00 1.571875000000000000e+01
-2.174104367980881136e+00 -5.406250000000000000e+00
-2.149178749023057833e+00 -8.937500000000000000e+00
-2.121024532511334826e+00 -1.239062500000000000e+01
-2.096446537884844474e+00 -4.578125000000000000e+01
-2.069210633945417044e+00 -2.660937500000000000e+01
-2.041113046900839834e+00 -2.779687500000000000e+01
-2.016510586296433871e+00 -5.828125000000000000e+01
-1.990567391434119315e+00 -5.685937500000000000e+01
-1.965388199767701849e+00 -7.367187500000000000e+01
-1.937272983961143780e+00 -6.837500000000000000e+01
-1.909287192732826099e+00 -9.142187500000000000e+01
-1.884296377516861298e+00 -9.746875000000000000e+01
-1.858658799127393735e+00 -7.715625000000000000e+01
-1.832411722499756479e+00 -9.315625000000000000e+01
-1.804075179698656939e+00 -7.925000000000000000e+01
-1.780306387774107435e+00 -8.134375000000000000e+01
-1.753063643397716476e+00 -8.321875000000000000e+01
-1.725443500798391483e+00 -8.509375000000000000e+01
-1.700401405687429701e+00 -6.662500000000000000e+01
-1.672429540216342048e+00 -7.703125000000000000e+01
-1.647398215467521965e+00 -5.656250000000000000e+01
-1.620165489370947398e+00 -3.784375000000000000e+01
-1.594890019939271042e+00 -4.434375000000000000e+01
-1.568919651645366287e+00 -4.250000000000000000e+01
-1.541443863487728549e+00 -2.096875000000000000e+01
-1.516495544568137177e+00 -1.918750000000000000e+01
-1.488472681628561389e+00 -1.357812500000000000e+01
-1.463503030001422900e+00 -6.437500000000000000e+00
-1.436148756022113560e+00 1.614062500000000000e+01
-1.410504930470743545e+00 1.550000000000000000e+01
-1.385010245312834343e+00 3.046875000000000000e+01
-1.357535192396543522e+00 3.578125000000000000e+01
-1.332599431402890389e+00 3.190625000000000000e+01
-1.303853819497440725e+00 2.065625000000000000e+01
-1.279100647675591063e+00 3.246875000000000000e+01
-1.252239924515698988e+00 4.239062500000000000e+01
-1.226609640536445056e+00 2.275000000000000000e+01
-1.199134802029519165e+00 2.546875000000000000e+01
-1.173226958367699524e+00 2.320312500000000000e+01
-1.146964624400350630e+00 1.667187500000000000e+01
-1.120290215260276057e+00 2.523437500000000000e+01
-1.095197822439445190e+00 2.370312500000000000e+01
-1.067703797541540212e+00 2.593750000000000000e+01
-1.041194347295775202e+00 2.876562500000000000e+01
-1.015043290187833236e+00 1.450000000000000000e+01
-9.877009348681546896e-01 -3.078125000000000000e+00
-9.618851661535785524e-01 -1.140625000000000000e+01
-9.363947886107339968e-01 -2.515625000000000000e+01
-9.108074769478733401e-01 -4.762500000000000000e+01
-8.830829946615033066e-01 -2.434375000000000000e+01
-8.559223427735318523e-01 -4.871875000000000000e+01
-8.306184004482446426e-01 -6.214062500000000000e+01
-8.037914429921890758e-01 -5.121875000000000000e+01
-7.771832868492865032e-01 -5.775000000000000000e+01
-7.517850742325649094e-01 -6.293750000000000000e+01
-7.242259656326126560e-01 -7.031250000000000000e+01
-6.991791807551308580e-01 -7.896875000000000000e+01
-6.712135044799083516e-01 -8.453125000000000000e+01
-6.461649098142174807e-01 -8.145312500000000000e+01
-6.198819013632252961e-01 -7.821875000000000000e+01
-5.933456715472686938e-01 -8.918750000000000000e+01
-5.676348701002567054e-01 -9.300000000000000000e+01
-5.402375727396417915e-01 -6.296875000000000000e+01
-5.149784115419109298e-01 -7.960937500000000000e+01
-4.872616007574173125e-01 -7.493750000000000000e+01
-4.622689384137288471e-01 -5.029687500000000000e+01
-4.347641363273879733e-01 -7.068750000000000000e+01
-4.093152777655184593e-01 -6.209375000000000000e+01
-3.827421264307666604e-01 -4.126562500000000000e+01
-3.563285320334479422e-01 -3.421875000000000000e+01
-3.307653071940208633e-01 -3.475000000000000000e+01
-3.033657306673624987e-01 -3.662500000000000000e+01
-2.773423885241825815e-01 -2.031250000000000000e+01
-2.508561439680789817e-01 -2.084375000000000000e+01
-2.254201547453256183e-01 -1.939062500000000000e+01
-1.978491881730661817e-01 -1.712500000000000000e+01
-1.715499755533258508e-01 3.250000000000000000e+00
-1.455644392240351692e-01 2.328125000000000000e+00
-1.194164475119734448e-01 7.781250000000000000e+00
-9.446481527697159208e-02 6.718750000000000000e+00
-6.648959522273401035e-02 4.312500000000000000e+00
-3.866416910311443189e-02 1.290625000000000000e+01
-1.279032663438783857e-02 -1.437500000000000000e+00
1.458600916816976678e-02 -1.262500000000000000e+01
3.938910810838081034e-02 -2.143750000000000000e+01
6.536750565795301782e-02 -1.485937500000000000e+01
9.319274998494719853e-02 -1.406250000000000000e+01
1.187888782472086291e-01 1.968750000000000000e+00
1.454732927464874592e-01 -3.925000000000000000e+01
1.711376075633026517e-01 -2.709375000000000000e+01
1.984955373293360026e-01 -4.178125000000000000e+01
2.239755572693127306e-01 -5.568750000000000000e+01
2.494937836353088301e-01 -4.515625000000000000e+01
2.770879401549528609e-01 -7.187500000000000000e+01
3.026974292254394072e-01 -7.031250000000000000e+01
3.293814797522145454e-01 -6.881250000000000000e+01
3.549996544228974926e-01 -5.484375000000000000e+01
3.826047156690464135e-01 -7.531250000000000000e+01
4.080213433255899247e-01 -6.635937500000000000e+01
4.345096919853510542e-01 -7.696875000000000000e+01
4.614543860174720180e-01 -6.143750000000000000e+01
4.868550751271598642e-01 -6.546875000000000000e+01
5.138986174716251298e-01 -6.900000000000000000e+01
5.389566509213707945e-01 -6.012500000000000000e+01
5.665127479515348341e-01 -7.271875000000000000e+01
5.919617072592515683e-01 -6.356250000000000000e+01
6.196096785716420641e-01 -5.050000000000000000e+01
6.458196414663959217e-01 -4.087500000000000000e+01
6.728485230313623333e-01 -4.300000000000000000e+01
6.985692208894889177e-01 -3.440625000000000000e+01
7.228531820758306026e-01 -1.868750000000000000e+01
7.515309697410117451e-01 -2.550000000000000000e+01
7.787115063009224514e-01 -2.059375000000000000e+01
8.036002280263971898e-01 -1.240625000000000000e+01
8.319620160139038489e-01 -6.437500000000000000e+00
8.567560911659626299e-01 -9.593750000000000000e+00
8.824654454059910336e-01 -1.975000000000000000e+01
9.104137018672560089e-01 -8.437500000000000000e+00
9.354543793641241223e-01 3.750000000000000000e+00
9.615144590301660799e-01 1.312500000000000000e+01
9.875079014077243755e-01 -1.312500000000000000e+00
1.015968486631798839e+00 -2.968750000000000000e+00
1.041364351772816832e+00 1.515625000000000000e+00
1.066612990527239901e+00 -9.500000000000000000e+00
1.094310553047435519e+00 -3.750000000000000000e+00
1.119709844904768659e+00 -2.082812500000000000e+01
1.147035849219577130e+00 -3.281250000000000000e-01
1.172310753644012493e+00 -1.103125000000000000e+01
1.199973499438826252e+00 -1.918750000000000000e+01
1.225327536150906838e+00 -3.353125000000000000e+01
1.250898847956023019e+00 -3.239062500000000000e+01
1.278207488628723354e+00 -3.143750000000000000e+01
1.303977523373099245e+00 -5.581250000000000000e+01
1.330938243340682448e+00 -5.632812500000000000e+01
1.356257978796236330e+00 -4.226562500000000000e+01
1.383881370726200544e+00 -7.928125000000000000e+01
1.409280645429753065e+00 -6.668750000000000000e+01
1.435918530781837177e+00 -7.596875000000000000e+01
1.462154125107236524e+00 -6.512500000000000000e+01
1.490215177215659992e+00 -6.696875000000000000e+01
1.515113579516821574e+00 -7.246875000000000000e+01
1.540743223534150275e+00 -8.104687500000000000e+01
1.567967035534152842e+00 -7.543750000000000000e+01
1.593147686115898409e+00 -7.626562500000000000e+01
1.619827984615458405e+00 -6.834375000000000000e+01
1.647097846302521873e+00 -6.200000000000000000e+01
1.674122778535902967e+00 -5.968750000000000000e+01
1.699440941165129004e+00 -6.501562500000000000e+01
1.724646211897265857e+00 -5.395312500000000000e+01
1.752736751972420848e+00 -5.171875000000000000e+01
1.777776846269269129e+00 -2.790625000000000000e+01
1.804875361891816965e+00 -2.756250000000000000e+01
1.833247643490949486e+00 -2.440625000000000000e+01
1.858617235611035312e+00 -1.943750000000000000e+01
1.882995488781382676e+00 -7.468750000000000000e+00
1.909887908967402126e+00 -1.170312500000000000e+01
1.937440616350862399e+00 4.375000000000000000e-01
1.961684822330433065e+00 1.034375000000000000e+01
1.989202443283332400e+00 2.882812500000000000e+01
2.017341810795230117e+00 2.562500000000000000e+01
2.042600697536599341e+00 2.415625000000000000e+01
2.068144236419222182e+00 2.096875000000000000e+01
2.095526771090263196e+00 2.240625000000000000e+01
2.121476574922482428e+00 1.434375000000000000e+01
2.147922335395584525e+00 7.218750000000000000e+00
2.173517012297850215e+00 2.718750000000000000e+01
2.201249620389759798e+00 1.103125000000000000e+01
2.226534667868726558e+00 9.468750000000000000e+00
2.252052725813747713e+00 -2.131250000000000000e+01
2.278942496453986166e+00 -6.359375000000000000e+00
2.306828256214107142e+00 -3.871875000000000000e+01
2.332184197232749057e+00 -2.140625000000000000e+01
2.357411998046188728e+00 -3.068750000000000000e+01
2.385157415767068301e+00 -3.537500000000000000e+01
2.411237913183875037e+00 -4.325000000000000000e+01
2.436218159282041995e+00 -6.481250000000000000e+01
2.463365451727486999e+00 -8.890625000000000000e+01
2.489422225167864156e+00 -8.437500000000000000e+01
2.516411388581111908e+00 -8.431250000000000000e+01
2.541386797823413701e+00 -9.715625000000000000e+01
2.569702860312872872e+00 -8.267187500000000000e+01
2.597372523535184996e+00 -7.912500000000000000e+01
2.620127538264249267e+00 -7.415625000000000000e+01
2.647305680357440849e+00 -1.015312500000000000e+02
2.675937598173931065e+00 -9.606250000000000000e+01
2.701300392529113026e+00 -8.140625000000000000e+01
2.725283602728502785e+00 -9.156250000000000000e+01
2.753254203371838571e+00 -7.500000000000000000e+01
2.781282035783831930e+00 -6.046875000000000000e+01
2.806541576554494100e+00 -6.117187500000000000e+01
2.832284850372552398e+00 -4.421875000000000000e+01
2.859912352931914370e+00 -3.950000000000000000e+01
2.885774263022220509e+00 -2.196875000000000000e+01
2.912386509749943286e+00 -3.592187500000000000e+01
2.937494102930259032e+00 2.875000000000000000e+00
2.965191751759292060e+00 -7.843750000000000000e+00
2.990828294647542407e+00 -8.437500000000000000e-01
3.016437193570915554e+00 2.218750000000000000e+00
3.043769556043152136e+00 3.584375000000000000e+01
3.069683625931837412e+00 3.590625000000000000e+01
3.096742336283242025e+00 2.662500000000000000e+01
3.122204360006485047e+00 3.467187500000000000e+01
3.149749399373888537e+00 4.671875000000000000e+01
3.174809050123492682e+00 4.393750000000000000e+01
3.202438965837835383e+00 5.034375000000000000e+01
3.227702646418819654e+00 4.740625000000000000e+01
3.253592882095880157e+00 3.928125000000000000e+01
3.280709301238740494e+00 2.900000000000000000e+01
3.306107017808294302e+00 3.331250000000000000e+01
3.333213971034297174e+00 2.143750000000000000e+01
3.358705811489251403e+00 1.812500000000000000e+01
3.386347664416142322e+00 5.109375000000000000e+00
3.412076115608236648e+00 1.920312500000000000e+01
3.438488363668202652e+00 1.718750000000000000e-01
3.464617191870694057e+00 -1.034375000000000000e+01
3.490576620302519473e+00 -9.000000000000000000e+00
3.517579668050959896e+00 4.390625000000000000e+00
3.545393423903448138e+00 -5.918750000000000000e+01
3.570570809685236213e+00 -9.781250000000000000e+00
3.596423514041823921e+00 -1.253125000000000000e+01
3.621411474284876419e+00 -4.550000000000000000e+01
3.649902871172550078e+00 -4.193750000000000000e+01
3.674614798488683221e+00 -2.693750000000000000e+01
3.701859373284285937e+00 -3.851562500000000000e+01
3.729733605785462203e+00 -5.396875000000000000e+01
3.754357823159139684e+00 -4.704687500000000000e+01
3.779879429013838887e+00 -4.304687500000000000e+01
3.807424114811936988e+00 -5.309375000000000000e+01
3.835818943417734772e+00 -3.650000000000000000e+01
3.859787740542419243e+00 -4.568750000000000000e+01
3.887058245958222358e+00 -2.034375000000000000e+01
3.914087183513821344e+00 -2.643750000000000000e+01
3.938259753772641147e+00 -2.578125000000000000e+01
3.963781091639269505e+00 -4.328125000000000000e+00
3.991683172056994522e+00 -7.750000000000000000e+00
4.019893151868060954e+00 2.821875000000000000e+01
4.044948455021966538e+00 3.868750000000000000e+01
4.070704485352372615e+00 3.262500000000000000e+01
4.098621387011412764e+00 5.071875000000000000e+01
4.122993289461042821e+00 6.640625000000000000e+01
4.150963140098667736e+00 8.006250000000000000e+01
4.176657160129302326e+00 8.551562500000000000e+01
4.203638218557216533e+00 7.646875000000000000e+01
4.228845329019549126e+00 8.275000000000000000e+01
4.254876690649005866e+00 8.784375000000000000e+01
4.281916078646528234e+00 7.720312500000000000e+01
4.306889853619246367e+00 8.640625000000000000e+01
4.334859478352939277e+00 9.290625000000000000e+01
4.361254228830595991e+00 8.209375000000000000e+01
4.387628177480699776e+00 8.153125000000000000e+01
4.412843742997246466e+00 9.928125000000000000e+01
4.440760271268729298e+00 8.709375000000000000e+01
4.466424837263225811e+00 7.970312500000000000e+01
4.491257520832782291e+00 6.845312500000000000e+01
4.518789222659027160e+00 8.531250000000000000e+01
4.545920820381478933e+00 6.768750000000000000e+01
4.571699631057768443e+00 6.695312500000000000e+01
4.597701501239505717e+00 8.378125000000000000e+01
4.624669888320269706e+00 6.028125000000000000e+01
4.650934805015303652e+00 5.668750000000000000e+01
4.675767598038575557e+00 5.035937500000000000e+01
4.703068867851150969e+00 6.721875000000000000e+01
4.730983716257490812e+00 4.293750000000000000e+01
4.755601550087945384e+00 5.804687500000000000e+01
4.781121890126108553e+00 8.304687500000000000e+01
4.808697919680042787e+00 6.125000000000000000e+01
4.836100670446501937e+00 5.904687500000000000e+01
4.862267975909361439e+00 7.062500000000000000e+01
4.888341923187589089e+00 8.818750000000000000e+01
4.915320582217901801e+00 9.131250000000000000e+01
4.939575332964963650e+00 9.743750000000000000e+01
4.964529152719514116e+00 1.089062500000000000e+02
4.992943279401554690e+00 1.187031250000000000e+02
5.021014391556718692e+00 1.402187500000000000e+02
5.046164780989073506e+00 1.475625000000000000e+02
5.071985175546480207e+00 1.550000000000000000e+02
5.099227687748562943e+00 1.623750000000000000e+02
5.124176490737614387e+00 1.728593750000000000e+02
5.151924392734549940e+00 1.908281250000000000e+02
5.178627450476135152e+00 1.749687500000000000e+02
5.204923990389261235e+00 1.965937500000000000e+02
5.230089222121058867e+00 2.017500000000000000e+02
5.256160289880106973e+00 2.122812500000000000e+02
5.283122854966560311e+00 2.044531250000000000e+02
5.308104958615182056e+00 2.158125000000000000e+02
5.336072934093010645e+00 2.509687500000000000e+02
5.363295405104917535e+00 2.234218750000000000e+02
5.388908603466596503e+00 2.261250000000000000e+02
5.414031325372388181e+00 2.326093750000000000e+02
5.439936053654719217e+00 2.246562500000000000e+02
5.467667758710781811e+00 2.053125000000000000e+02
5.493140763160837992e+00 1.900468750000000000e+02
5.520028261574118744e+00 2.235937500000000000e+02
5.545706210348775755e+00 1.606875000000000000e+02
5.573330507569380643e+00 1.861093750000000000e+02
5.600104453990223163e+00 1.924843750000000000e+02
5.625955791708904030e+00 1.748750000000000000e+02
5.652214439722619943e+00 1.845937500000000000e+02
5.678383899199292983e+00 1.436406250000000000e+02
5.703923061167081698e+00 1.695000000000000000e+02
5.730354412210083126e+00 1.418750000000000000e+02
5.757226028995546585e+00 1.306406250000000000e+02
5.784013418126431105e+00 1.381718750000000000e+02
5.809971167260727043e+00 1.335937500000000000e+02
5.838390598607702486e+00 1.298125000000000000e+02
5.863508879629115711e+00 1.078281250000000000e+02
5.889491376506384768e+00 1.256093750000000000e+02
5.916509219392956709e+00 9.412500000000000000e+01
5.941456107953868582e+00 9.284375000000000000e+01
5.967922440193813571e+00 1.168437500000000000e+02
5.993878629930321722e+00 1.093125000000000000e+02
6.020160865497771852e+00 1.170156250000000000e+02
6.047380650600842955e+00 1.021875000000000000e+02
6.073534631550181473e+00 1.365625000000000000e+02
6.100405093157370118e+00 9.918750000000000000e+01
6.125948942553854693e+00 1.140937500000000000e+02
6.153389599428976453e+00 1.637500000000000000e+02
6.178363532886603338e+00 1.370937500000000000e+02
6.206209911407540858e+00 1.675625000000000000e+02
6.231324244862534556e+00 1.436250000000000000e+02
6.257443770374855774e+00 1.853125000000000000e+02
6.284329642073199551e+00 1.721562500000000000e+02
6.309851764064710267e+00 1.941250000000000000e+02
6.337696866432132481e+00 2.054375000000000000e+02
6.363048566272532014e+00 2.075312500000000000e+02
6.390215107298779174e+00 2.248593750000000000e+02
6.415803523836096645e+00 2.429531250000000000e+02
6.442342445037557042e+00 2.400937500000000000e+02
6.468235627732120463e+00 2.577812500000000000e+02
6.494423050409452003e+00 2.666562500000000000e+02
6.521233591532002549e+00 2.960000000000000000e+02
6.547727339557688708e+00 2.926562500000000000e+02
6.574206595744257697e+00 3.005000000000000000e+02
6.600258572332684537e+00 3.200937500000000000e+02
6.626251817940701727e+00 3.177968750000000000e+02
6.653755496593682039e+00 3.307812500000000000e+02
6.679632933153374807e+00 3.386562500000000000e+02
6.705128476108150437e+00 3.473125000000000000e+02
6.732722073182291211e+00 3.441562500000000000e+02
6.758434957816689348e+00 3.445625000000000000e+02
6.785295771102408224e+00 3.671093750000000000e+02
6.811455594823250692e+00 3.473437500000000000e+02
6.839676545302836530e+00 3.560625000000000000e+02
6.864720386132866281e+00 3.618906250000000000e+02
6.890638650115626263e+00 3.844375000000000000e+02
6.917746268319088898e+00 3.700156250000000000e+02
6.942742967662375975e+00 3.708750000000000000e+02
6.968075354088803408e+00 3.990625000000000000e+02
6.995060856259144089e+00 3.928125000000000000e+02
7.022580119311204072e+00 3.990625000000000000e+02
7.048616378517216674e+00 3.921718750000000000e+02
7.074547436136391809e+00 4.112812500000000000e+02
7.101651721945437146e+00 4.146562500000000000e+02
7.127197995541841635e+00 4.048750000000000000e+02
7.154422967293108115e+00 4.529218750000000000e+02
7.180391015848776703e+00 4.233281250000000000e+02
7.207560864703616232e+00 4.273281250000000000e+02
7.232512367478229010e+00 4.247187500000000000e+02
7.258456232576328659e+00 4.669375000000000000e+02
7.285546651457899259e+00 4.225312500000000000e+02
7.311232164849982951e+00 4.593750000000000000e+02
7.338521213185661196e+00 4.926093750000000000e+02
7.365100184483246437e+00 4.526250000000000000e+02
7.391463744713171025e+00 4.571093750000000000e+02
7.416463350578887059e+00 4.817500000000000000e+02
7.443626961163008815e+00 4.853125000000000000e+02
7.469441577594317039e+00 4.632500000000000000e+02
7.495573932577165976e+00 4.672500000000000000e+02
7.522416753587524596e+00 4.867187500000000000e+02
7.547380830861236234e+00 4.692187500000000000e+02
7.575748244699980205e+00 4.536718750000000000e+02
7.601537636604923875e+00 4.680000000000000000e+02
7.628799646772726817e+00 4.253125000000000000e+02
7.657052807476475209e+00 4.465937500000000000e+02
7.679745512279687603e+00 4.141875000000000000e+02
7.706333716891897723e+00 4.231562500000000000e+02
7.733969700377262058e+00 3.934375000000000000e+02
7.759643774580808895e+00 3.806718750000000000e+02
7.785446140202118670e+00 3.764687500000000000e+02
7.812702083469098113e+00 3.456562500000000000e+02
7.839955557846440826e+00 3.560781250000000000e+02
7.865914493474718938e+00 3.144687500000000000e+02
7.890959467962979090e+00 3.608125000000000000e+02
7.918943869425930870e+00 3.113125000000000000e+02
7.943959449684221852e+00 3.109687500000000000e+02
7.970487252363835040e+00 2.887500000000000000e+02
7.996604423413423035e+00 2.834218750000000000e+02
8.022857792554738410e+00 2.762500000000000000e+02
8.049827810682508300e+00 2.245625000000000000e+02
8.075828985970339602e+00 2.211250000000000000e+02
8.102839168396968716e+00 2.150000000000000000e+02
8.129038217880655282e+00 2.050937500000000000e+02
8.155672015249770368e+00 2.070000000000000000e+02
8.180797410417305571e+00 1.910000000000000000e+02
8.207774372301390287e+00 1.778125000000000000e+02
8.233739764499532043e+00 1.631250000000000000e+02
8.259245303912059910e+00 1.847031250000000000e+02
8.286743650093622904e+00 1.742968750000000000e+02
8.313078449200176578e+00 1.438437500000000000e+02
8.339729855013931825e+00 1.774687500000000000e+02
8.364692575903625027e+00 1.618437500000000000e+02
8.392691476790105298e+00 1.533125000000000000e+02
8.418289142930028390e+00 1.567968750000000000e+02
8.443918881219040884e+00 1.420312500000000000e+02
8.470647533277279706e+00 1.506875000000000000e+02
8.496987357253303230e+00 1.515312500000000000e+02
8.523625355456236008e+00 1.527656250000000000e+02
8.549439028225656045e+00 1.256875000000000000e+02
8.576628618726758191e+00 1.215000000000000000e+02
8.603951853993219601e+00 1.285156250000000000e+02
8.630046213595100824e+00 1.214218750000000000e+02
8.656189305104661003e+00 1.255937500000000000e+02
8.681027466336736609e+00 1.139062500000000000e+02
8.707908438189086553e+00 1.219687500000000000e+02
8.734199244913263271e+00 1.031875000000000000e+02
8.760852440445205502e+00 9.539062500000000000e+01
8.786725744474104260e+00 1.019375000000000000e+02
8.813948667972049122e+00 6.854687500000000000e+01
8.841240326764125967e+00 7.470312500000000000e+01
8.867143191386311685e+00 4.868750000000000000e+01
8.893202038719074665e+00 5.878125000000000000e+01
8.920152067304371712e+00 3.775000000000000000e+01
8.945176334670428275e+00 1.703125000000000000e+01
8.970634227582202413e+00 3.625000000000000000e+01
8.996639374208516671e+00 3.003125000000000000e+01
9.024141390978208221e+00 2.556250000000000000e+01
9.051052395229689296e+00 1.112500000000000000e+01
9.076591179696727352e+00 2.103125000000000000e+01
9.104055465680058745e+00 4.750000000000000000e+00
9.129697063093821896e+00 -9.812500000000000000e+00
9.156920902575116372e+00 5.609375000000000000e+00
9.182004012787380987e+00 -1.409375000000000000e+01
9.210047529033985825e+00 1.218750000000000000e+01
9.234935053795233273e+00 -8.656250000000000000e+00
9.261019841001008501e+00 1.353125000000000000e+01
9.287950695114769673e+00 8.015625000000000000e+00
9.314360550955527174e+00 2.117187500000000000e+01
9.340938483592683639e+00 4.001562500000000000e+01
9.367662797469613167e+00 3.140625000000000000e+01
9.393977483664684769e+00 5.640625000000000000e+01
9.419532109459417768e+00 6.109375000000000000e+01
9.445201603151552661e+00 5.368750000000000000e+01
9.471845878274390174e+00 5.129687500000000000e+01
9.498138711841669135e+00 5.928125000000000000e+01
9.524833896112316012e+00 6.629687500000000000e+01
9.551571477494228191e+00 6.384375000000000000e+01
9.578492291133457570e+00 8.553125000000000000e+01
9.603433896183581453e+00 8.328125000000000000e+01
9.631099145875552381e+00 6.715625000000000000e+01
9.658588417071637622e+00 8.484375000000000000e+01
9.682309242387482584e+00 3.456250000000000000e+01
9.708744125750747855e+00 7.687500000000000000e+01
9.736464019126348290e+00 7.265625000000000000e+01
9.762092058126320637e+00 7.895312500000000000e+01
9.789143834006988953e+00 7.228125000000000000e+01
9.815195299321253231e+00 4.685937500000000000e+01
9.843466301272641772e+00 3.993750000000000000e+01
9.868354410824430545e+00 3.232812500000000000e+01
9.894484124296333505e+00 3.209375000000000000e+01
9.921360653486118508e+00 5.025000000000000000e+01
9.946393832292265813e+00 2.871875000000000000e+01
9.971237432117071364e+00 3.459375000000000000e+01
9.999097774863962229e+00 2.118750000000000000e+01
1.002639332202384637e+01 3.859375000000000000e+00
1.005223982879689970e+01 -2.240625000000000000e+01
1.007797656393452712e+01 -8.500000000000000000e+00
1.010526924091978884e+01 -1.053125000000000000e+01
1.013160332850682011e+01 -5.678125000000000000e+01
1.015810137705996397e+01 -6.090625000000000000e+01
1.018321056277056158e+01 -4.103125000000000000e+01
1.021130575860740208e+01 -5.204687500000000000e+01
1.023614629455918390e+01 -6.751562500000000000e+01
1.026230213073436204e+01 -7.431250000000000000e+01
1.028915795049840298e+01 -6.206250000000000000e+01
1.031577314896282616e+01 -7.990625000000000000e+01
1.034213379715953351e+01 -7.193750000000000000e+01
1.036894370949311650e+01 -8.437500000000000000e+01
1.039553374730679280e+01 -6.803125000000000000e+01
1.042191517695976799e+01 -7.690625000000000000e+01
1.044648396744891983e+01 -3.896875000000000000e+01
1.047305901047953824e+01 -4.975000000000000000e+01
1.049942163870152712e+01 -2.981250000000000000e+01
1.052597515090969438e+01 -6.406250000000000000e+00
1.055380820131910369e+01 -2.414062500000000000e+01
1.057943612160091362e+01 3.125000000000000000e-02
1.060467700801748236e+01 1.487500000000000000e+01
1.063238491450617573e+01 2.056250000000000000e+01
1.065983506294001515e+01 3.920312500000000000e+01
1.068566967283917535e+01 2.857812500000000000e+01
1.071128359953002729e+01 4.159375000000000000e+01
1.073771066057458157e+01 5.118750000000000000e+01
1.076333854902043896e+01 5.598437500000000000e+01
1.078928592512966844e+01 5.746875000000000000e+01
1.081644207848153627e+01 5.196875000000000000e+01
1.084279863431877544e+01 8.100000000000000000e+01
1.086955721112755668e+01 4.084375000000000000e+01
1.089576659010786130e+01 5.593750000000000000e+01
1.092256964024571175e+01 5.146875000000000000e+01
1.094761185198589004e+01 4.140625000000000000e+01
1.097319453676028189e+01 3.506250000000000000e+01
1.100034457211227590e+01 2.695312500000000000e+01
1.102763986352224990e+01 4.004687500000000000e+01
1.105346143584396401e+01 5.578125000000000000e+00
1.107967558896493898e+01 3.106250000000000000e+01
1.110647480685152999e+01 1.434375000000000000e+01
1.113288631094044234e+01 3.750000000000000000e-01
1.115941814326510695e+01 4.187500000000000000e+00
1.118441687213054792e+01 -3.500000000000000000e+00
1.121246762091185190e+01 -3.434375000000000000e+01
1.123735741420026812e+01 -3.745312500000000000e+01
1.126299248729049651e+01 -8.625000000000000000e+00
1.129036978258087487e+01 -2.659375000000000000e+01
1.131679555627786016e+01 -5.403125000000000000e+01
1.134335484535265337e+01 -4.314062500000000000e+01
1.137022411336374006e+01 -5.762500000000000000e+01
1.139645635762723686e+01 -4.664062500000000000e+01
1.142201836148890237e+01 -5.675000000000000000e+01
1.144776606515520001e+01 -7.234375000000000000e+01
1.147426475667312928e+01 -5.306250000000000000e+01
1.150083390158185637e+01 -5.125000000000000000e+01
1.152725023805257720e+01 -3.881250000000000000e+01
1.155597634196023193e+01 -3.615625000000000000e+01
1.158068273651736746e+01 -4.179687500000000000e+01
1.160592029368856259e+01 -3.053125000000000000e+01
1.163267289984438335e+01 -5.656250000000000000e+01
1.166199040716900015e+01 -2.256250000000000000e+01
1.168688719883799365e+01 -2.303125000000000000e+01
1.171154031757910019e+01 -1.600000000000000000e+01
1.173988323012170554e+01 -9.937500000000000000e+00
1.176458518103175521e+01 -1.398437500000000000e+01
1.178905135058890608e+01 1.721875000000000000e+01
1.181658214052518829e+01 1.062500000000000000e+01
1.184599615899866620e+01 2.681250000000000000e+01
1.187077668202986303e+01 2.418750000000000000e+01
1.189643625393876647e+01 3.223437500000000000e+01
1.192466589862892334e+01 2.553125000000000000e+01
1.194883030287459036e+01 3.781250000000000000e+01
1.197372387074576494e+01 3.559375000000000000e+01
1.200368725252200619e+01 2.093750000000000000e+01
1.202989879515086358e+01 2.587500000000000000e+01
1.205467825926903913e+01 1.784375000000000000e+01
1.208095837292498942e+01 1.093750000000000000e+01
1.210945502377438032e+01 2.278125000000000000e+01
1.213416963065835574e+01 2.531250000000000000e+00
1.215952194518471075e+01 1.523437500000000000e+01
1.218759578191247073e+01 1.065625000000000000e+01
1.221412448090780600e+01 2.187500000000000000e+00
1.223856841979071675e+01 -1.257812500000000000e+01
1.226361730373756842e+01 -4.906250000000000000e+00
1.229336391398685890e+01 -2.506250000000000000e+01
1.231820703610144108e+01 -1.767187500000000000e+01
1.234456995979861205e+01 -9.406250000000000000e+00
1.237329206246944580e+01 -2.087500000000000000e+01
1.239783529090641423e+01 -3.515625000000000000e+01
1.242249356276446548e+01 -3.368750000000000000e+01
1.244877659342896692e+01 -4.137500000000000000e+01
1.247637163588519371e+01 -4.140625000000000000e+01
1.250125516814301108e+01 -2.232812500000000000e+01
1.252845806173943188e+01 -3.460937500000000000e+01
1.255718804356150997e+01 -5.106250000000000000e+01
1.258211378508714517e+01 -3.578125000000000000e+01
1.260793874617957755e+01 -4.525000000000000000e+01
1.263495642459172075e+01 -3.515625000000000000e+01
1.266348261066309533e+01 -3.150000000000000000e+01
1.268809174574929699e+01 -3.331250000000000000e+01
1.271238092047211055e+01 -1.837500000000000000e+01
1.274108401254638068e+01 -1.987500000000000000e+01
1.276600899576443737e+01 -1.931250000000000000e+01
1.279028345927512333e+01 8.125000000000000000e-01
1.281886601475132181e+01 8.156250000000000000e+00
1.284739222305802286e+01 9.750000000000000000e+00
1.287198770824765148e+01 3.656250000000000000e+00
1.289667622231501909e+01 1.578125000000000000e+01
1.292590974115450564e+01 1.296875000000000000e+01
1.295079662512221574e+01 4.656250000000000000e+00
1.297496727738327849e+01 1.917187500000000000e+01
1.300277560287365475e+01 2.556250000000000000e+01
1.303028754953560409e+01 2.812500000000000000e+01
1.305587985143503715e+01 1.200000000000000000e+01
1.308057960509324502e+01 1.973437500000000000e+01
1.311073707657345011e+01 2.003125000000000000e+01
1.313545307694882780e+01 3.593750000000000000e+00
1.316076763648019110e+01 2.056250000000000000e+01
1.318974167214770787e+01 -2.734375000000000000e+00
1.321537119897914891e+01 6.968750000000000000e+00
1.323977952895078403e+01 -4.437500000000000000e+00
1.326413125238180157e+01 -1.821875000000000000e+01
1.329464611917358496e+01 -8.500000000000000000e+00
1.331936230515864139e+01 -1.912500000000000000e+01
1.334577053766631494e+01 -2.671875000000000000e+00
1.337450731458962849e+01 -2.850000000000000000e+01
1.339895167336441517e+01 -3.604687500000000000e+01
1.342450516216924683e+01 -3.465625000000000000e+01
1.345032952459737174e+01 -4.065625000000000000e+01
1.347882852235782281e+01 -4.787500000000000000e+01
1.350327144057816753e+01 -4.462500000000000000e+01
1.352972422040407352e+01 -3.473437500000000000e+01
1.355839958357104535e+01 -4.781250000000000000e+01
1.358296593237250960e+01 -4.381250000000000000e+01
1.360759418626552275e+01 -4.128125000000000000e+01
1.363524017753448803e+01 -4.851562500000000000e+01
1.366452330335093279e+01 -3.681250000000000000e+01
1.368930283581361351e+01 -3.407812500000000000e+01
1.371368819896163416e+01 -3.537500000000000000e+01
1.374229861171265910e+01 -1.803125000000000000e+01
1.376687444318381637e+01 -2.550000000000000000e+01
1.379148927171630845e+01 -1.425000000000000000e+01
1.381914940430002403e+01 -4.421875000000000000e+00
1.384854490822040418e+01 -3.875000000000000000e+00
1.387320122380047849e+01 9.062500000000000000e+00
1.389825829592010820e+01 2.968750000000000000e+00
1.392811052641484793e+01 1.562500000000000000e+00
1.395196971264671859e+01 2.075000000000000000e+01
1.397703756513511308e+01 1.737500000000000000e+01
1.400407346212892179e+01 1.804687500000000000e+01
1.403220001768066538e+01 2.343750000000000000e+01
1.405709464531904729e+01 2.625000000000000000e+00
1.408215543837142292e+01 1.496875000000000000e+01
1.411105668992682283e+01 8.109375000000000000e+00
1.413686214297347021e+01 1.556250000000000000e+01
1.416308533757263177e+01 7.375000000000000000e+00
1.419098717441017143e+01 2.828125000000000000e+00
1.421622757748488652e+01 9.390625000000000000e+00
1.424099252838355767e+01 -1.793750000000000000e+01
1.426674317346772369e+01 -1.189062500000000000e+01
1.429495911471608949e+01 -3.209375000000000000e+01
1.432064590583038211e+01 -1.168750000000000000e+01
1.434698018373172346e+01 -2.759375000000000000e+01
1.437488935374500798e+01 -4.456250000000000000e+01
1.440026707684451424e+01 -4.868750000000000000e+01
1.442574885201613455e+01 -4.359375000000000000e+01
1.445260928831707403e+01 -7.201562500000000000e+01
1.448011079503633169e+01 -6.093750000000000000e+01
1.450455517938396355e+01 -6.878125000000000000e+01
1.453087503070572239e+01 -5.546875000000000000e+01
1.455879147155434694e+01 -7.071875000000000000e+01
1.458431677933845094e+01 -7.790625000000000000e+01
1.460965070381646314e+01 -7.073437500000000000e+01
1.463751552916078680e+01 -5.915625000000000000e+01
1.466561782424695082e+01 -6.918750000000000000e+01
1.469051379104352151e+01 -5.759375000000000000e+01
1.471527667905104053e+01 -5.268750000000000000e+01
1.474350748173170444e+01 -6.521875000000000000e+01
1.476822647753147066e+01 -5.962500000000000000e+01
1.479441029140435404e+01 -4.862500000000000000e+01
1.482139892726848984e+01 -3.996875000000000000e+01
1.484951322372806715e+01 -4.418750000000000000e+01
1.487440969118328127e+01 9.515625000000000000e+00
1.490018766841024700e+01 -2.671875000000000000e+00
1.492740533738185249e+01 1.179687500000000000e+01
1.495222799330952768e+01 1.159375000000000000e+01
1.497935691449677975e+01 4.148437500000000000e+01
1.500532061109338855e+01 3.839062500000000000e+01
1.503356747334916577e+01 3.910937500000000000e+01
1.505830677172058074e+01 5.434375000000000000e+01
1.508409092887962544e+01 4.071875000000000000e+01
1.511230317954401059e+01 5.081250000000000000e+01
1.513802050650999576e+01 5.896875000000000000e+01
1.516429052154570201e+01 6.496875000000000000e+01
1.519223154322251190e+01 6.962500000000000000e+01
1.521746888667118469e+01 6.490625000000000000e+01
1.524220148906173478e+01 6.579687500000000000e+01
1.526799410220122155e+01 7.973437500000000000e+01
1.529620571146083918e+01 5.596875000000000000e+01
1.532205314040918154e+01 6.129687500000000000e+01
1.534818592943344129e+01 5.650000000000000000e+01
1.537613318841474808e+01 4.867187500000000000e+01
1.540161704999704995e+01 1.792187500000000000e+01
1.542611070234128334e+01 2.596875000000000000e+01
1.545481691274329705e+01 1.478125000000000000e+01
1.548139259495221864e+01 -9.000000000000000000e+00
1.550583911943547122e+01 -1.862500000000000000e+01
1.553221604505819897e+01 -4.125000000000000000e+00
1.556003482787352965e+01 -2.890625000000000000e+01
1.558566994117212090e+01 -5.153125000000000000e+01
1.561000557259834665e+01 -6.268750000000000000e+01
1.563871232083914720e+01 -5.362500000000000000e+01
1.566682633897879384e+01 -7.375000000000000000e+01
1.569172477208488914e+01 -6.696875000000000000e+01
1.571652898415925037e+01 -8.035937500000000000e+01
1.574471500818986058e+01 -7.125000000000000000e+01
1.576957250591443227e+01 -9.810937500000000000e+01
1.579479637461192709e+01 -9.543750000000000000e+01
1.582260803897810320e+01 -9.143750000000000000e+01
1.585072178665585341e+01 -9.290625000000000000e+01
1.587562020308106980e+01 -9.087500000000000000e+01
1.590143893657808150e+01 -9.329687500000000000e+01
1.592861890463544228e+01 -9.553125000000000000e+01
1.595446168166531109e+01 -9.185937500000000000e+01
1.597960120746575541e+01 -8.825000000000000000e+01
1.600656796291155359e+01 -7.300000000000000000e+01
1.603461712501892578e+01 -5.468750000000000000e+01
1.605951646513134534e+01 -2.185937500000000000e+01
1.608534221702723954e+01 -3.250000000000000000e+01
1.611251488211863148e+01 -3.259375000000000000e+01
1.613930466831813959e+01 -2.000000000000000000e+01
1.616549984561430620e+01 -2.059375000000000000e+01
1.619347376347148071e+01 -1.025000000000000000e+01
1.621871029783730478e+01 2.343750000000000000e-01
1.624341258122591114e+01 2.190625000000000000e+01
1.627000100429436458e+01 1.456250000000000000e+01
1.629745251957215757e+01 2.131250000000000000e+01
1.632345608100883538e+01 3.190625000000000000e+01
1.634939540435158278e+01 2.187500000000000000e+01
1.637662200392377798e+01 2.784375000000000000e+01
1.640289718518111073e+01 4.278125000000000000e+01
1.642823641584256933e+01 1.559375000000000000e+01
1.645602611265934456e+01 3.746875000000000000e+01
1.648267431326824095e+01 4.031250000000000000e+01
1.650712334997231068e+01 1.828125000000000000e+01
1.653329095330997234e+01 1.281250000000000000e+01
1.656127703476384028e+01 2.520312500000000000e+01
1.658680580798759507e+01 2.134375000000000000e+01
1.661213831491843251e+01 9.937500000000000000e+00
1.664001016044863235e+01 -1.281250000000000000e+00
1.666803467594444044e+01 -4.468750000000000000e+00
1.669293572342290588e+01 -1.750000000000000000e+00
1.671778159741517911e+01 -1.715625000000000000e+01
1.674592305885385102e+01 -2.498437500000000000e+01
1.677081951631920020e+01 -2.648437500000000000e+01
1.679604026842209663e+01 -3.434375000000000000e+01
1.682381735042002902e+01 -3.031250000000000000e+01
1.685214876303368214e+01 -4.518750000000000000e+01
1.687683163477417025e+01 -5.360937500000000000e+01
1.690346637985644662e+01 -5.375000000000000000e+01
1.692982984683047221e+01 -4.646875000000000000e+01
1.695473649985071063e+01 -5.237500000000000000e+01
1.698088346458826692e+01 -6.165625000000000000e+01
1.700781531844045702e+01 -4.620312500000000000e+01
1.703582536268230285e+01 -4.915625000000000000e+01
1.706072748015507301e+01 -5.335937500000000000e+01
1.708659383566703838e+01 -3.701562500000000000e+01
1.711479714311722589e+01 -4.375000000000000000e+01
1.714058891382162386e+01 -2.375000000000000000e+01
1.716670898048329263e+01 -3.553125000000000000e+01
1.719471586181177969e+01 -2.582812500000000000e+01
1.722026887153410968e+01 -3.317187500000000000e+01
1.724462358420279884e+01 4.156250000000000000e+00
1.727049729876092243e+01 4.968750000000000000e+00
1.729762185398001861e+01 0.000000000000000000e+00
1.732351285456174494e+01 9.781250000000000000e+00
1.735080861410683184e+01 1.737500000000000000e+01
1.737790057657411324e+01 1.896875000000000000e+01
1.740417467167502252e+01 9.218750000000000000e-01
1.743043881964695885e+01 5.375000000000000000e+00
1.745728585110634867e+01 1.450000000000000000e+01
1.748368676603279681e+01 7.468750000000000000e+00
1.750742208513043963e+01 8.140625000000000000e+00
1.753471116302757338e+01 9.578125000000000000e+00
1.756072761283219918e+01 8.046875000000000000e+00
1.758799837257397769e+01 -2.593750000000000000e+00
1.761434780348646001e+01 -1.153125000000000000e+01
1.764117650921548019e+01 -4.593750000000000000e+00
1.766786438726851571e+01 -4.200000000000000000e+01
1.769414626706280558e+01 -1.500000000000000000e+01
1.772084112142770351e+01 -2.434375000000000000e+01
1.774712414243409597e+01 -3.387500000000000000e+01
1.777306910124321959e+01 -3.257812500000000000e+01
1.779825679643546010e+01 -4.115625000000000000e+01
1.782507785490019714e+01 -5.014062500000000000e+01
1.785177322340607731e+01 -5.190625000000000000e+01
1.787804220164694868e+01 -4.746875000000000000e+01
1.790500698186374251e+01 -5.175000000000000000e+01
1.793103699925855921e+01 -6.265625000000000000e+01
1.795596922974585397e+01 -6.017187500000000000e+01
1.798216589842196100e+01 -4.196875000000000000e+01
1.800910621233858677e+01 -4.209375000000000000e+01
1.803568184929756768e+01 -6.462500000000000000e+01
1.806193769960376727e+01 -4.003125000000000000e+01
1.808878765964550439e+01 -4.307812500000000000e+01
1.811493282802117477e+01 -3.857812500000000000e+01
1.814088810155523035e+01 -3.925000000000000000e+01
1.816815348381573614e+01 -3.490625000000000000e+01
1.819527044918367409e+01 -3.078125000000000000e+01
1.822145828854850436e+01 -1.965625000000000000e+01
1.824583366959416608e+01 3.937500000000000000e+00
1.827368695267072596e+01 3.171875000000000000e+00
1.829882860826770496e+01 2.640625000000000000e+00
1.832479757870465775e+01 1.271875000000000000e+01
1.835205600829289807e+01 1.292187500000000000e+01
1.837917878112647685e+01 1.456250000000000000e+01
1.840541675344796602e+01 1.328125000000000000e+01
1.843172137431248103e+01 1.396875000000000000e+01
1.845846993797896829e+01 2.550000000000000000e+01
1.848497020350480824e+01 1.471875000000000000e+01
1.851069067342182706e+01 1.451562500000000000e+01
1.853834287029462757e+01 1.164062500000000000e+01
1.856093163781194733e+01 2.034375000000000000e+01
1.858931856414641004e+01 6.125000000000000000e+00
1.861652877587989252e+01 9.078125000000000000e+00
1.864236481161207593e+01 2.975000000000000000e+01
1.866901247698554300e+01 -8.359375000000000000e+00
1.869535353415270862e+01 -6.468750000000000000e+00
1.872225177485893255e+01 -1.182812500000000000e+01
1.874832984649261647e+01 -3.015625000000000000e+01
1.877331393416682914e+01 -4.870312500000000000e+01
1.880132193158795673e+01 -3.034375000000000000e+01
1.882624830224451884e+01 -2.829687500000000000e+01
1.885292141607062888e+01 -5.631250000000000000e+01
1.887925088457491185e+01 -5.776562500000000000e+01
1.890628671494928170e+01 -5.400000000000000000e+01
1.893224764174234309e+01 -6.651562500000000000e+01
1.895826366428014964e+01 -6.190625000000000000e+01
1.898522400672161226e+01 -6.495312500000000000e+01
1.901022054023928476e+01 -7.237500000000000000e+01
1.903760193481216945e+01 -7.362500000000000000e+01
1.906314928773359441e+01 -6.762500000000000000e+01
1.909019518228310375e+01 -5.065625000000000000e+01
1.911614342952676537e+01 -7.267187500000000000e+01
1.914315801288037022e+01 -5.581250000000000000e+01
1.916959592104688426e+01 -3.923437500000000000e+01
1.919439774498611939e+01 -2.928125000000000000e+01
1.922275764188383107e+01 -4.842187500000000000e+01
1.924909511941951479e+01 -3.793750000000000000e+01
1.927410383820974715e+01 -1.965625000000000000e+01
1.930002441101173716e+01 -1.212500000000000000e+01
1.932706734241516955e+01 -2.068750000000000000e+01
1.935350457295719906e+01 -3.406250000000000000e+00
1.937938181553188954e+01 -2.468750000000000000e+00
1.940665935866421421e+01 1.096875000000000000e+01
1.943473757370237109e+01 5.718750000000000000e+00
1.945966567549842452e+01 2.314062500000000000e+01
1.948393526086007199e+01 4.468750000000000000e+00
1.951193274713300951e+01 2.421875000000000000e+01
1.953962490236449412e+01 1.439062500000000000e+01
1.956329072640808775e+01 3.551562500000000000e+01
1.959054988320572477e+01 1.943750000000000000e+01
1.961777287152512628e+01 2.762500000000000000e+01
1.964356103101820494e+01 2.834375000000000000e+01
1.967042602259900974e+01 1.259375000000000000e+01
1.969655909763972801e+01 1.425000000000000000e+01
1.972240670960385600e+01 2.021875000000000000e+01
1.974890414606350220e+01 2.065625000000000000e+01
