#Time Flux
-1.699304595728023948e+00 7.833984375000000000e+00
-1.692150042500054852e+00 7.742187500000000000e+00
-1.685515163484585521e+00 7.898437500000000000e+00
-1.678870629126465452e+00 6.880859375000000000e+00
-1.671821108282078860e+00 8.091796875000000000e+00
-1.665081595736471520e+00 7.906250000000000000e+00
-1.658407737801690374e+00 7.832031250000000000e+00
-1.651388033778407483e+00 7.638671875000000000e+00
-1.644684809745062815e+00 5.560546875000000000e+00
-1.638031293635925145e+00 9.281250000000000000e+00
-1.630955009515223431e+00 5.707031250000000000e+00
-1.624288519108123552e+00 8.132812500000000000e+00
-1.617646688623551654e+00 8.388671875000000000e+00
-1.610727577957512757e+00 3.390625000000000000e+00
-1.603855546933520060e+00 6.777343750000000000e+00
-1.597212995648931155e+00 4.527343750000000000e+00
-1.590242826654641561e+00 5.216796875000000000e+00
-1.583384848171822235e+00 7.169921875000000000e+00
-1.576700847792523952e+00 6.339843750000000000e+00
-1.569655937991687900e+00 5.871093750000000000e+00
-1.562989302822135329e+00 5.710937500000000000e+00
-1.556345759984594679e+00 2.294921875000000000e+00
-1.549375736782305779e+00 3.302734375000000000e+00
-1.542518156963756049e+00 7.966796875000000000e+00
-1.535859321947703471e+00 6.304687500000000000e+00
-1.528992872255693136e+00 3.808593750000000000e+00
-1.522046512498552495e+00 5.832031250000000000e+00
-1.515608270315341066e+00 4.535156250000000000e+00
-1.508559170040606467e+00 6.109375000000000000e+00
-1.501690089097284186e+00 6.375000000000000000e+00
-1.494990432414545545e+00 3.734375000000000000e+00
-1.488025136245183511e+00 3.488281250000000000e+00
-1.481218194804800881e+00 3.939453125000000000e+00
-1.474666140726378138e+00 5.925781250000000000e+00
-1.467591849167134477e+00 4.570312500000000000e+00
-1.460823947547797985e+00 4.234375000000000000e+00
-1.454233350625337984e+00 3.144531250000000000e+00
-1.447208361934965382e+00 4.806640625000000000e+00
-1.440481292105084243e+00 4.623046875000000000e+00
-1.433800460530812337e+00 5.296875000000000000e+00
-1.426834153219741275e+00 3.242187500000000000e+00
-1.419918232529430391e+00 5.824218750000000000e+00
-1.413310211390978566e+00 1.056640625000000000e+00
-1.406341321888387341e+00 3.626953125000000000e+00
-1.399484911636368345e+00 3.625000000000000000e+00
-1.392876618860952931e+00 3.900390625000000000e+00
-1.385956950128965026e+00 -3.554687500000000000e-01
-1.379051640798256706e+00 3.427734375000000000e+00
-1.372442926366545635e+00 4.910156250000000000e+00
-1.365523145701225793e+00 2.773437500000000000e+00
-1.358618319788779338e+00 2.306640625000000000e+00
-1.352068802924088153e+00 3.183593750000000000e+00
-1.345040836733598866e+00 1.433593750000000000e+00
-1.338144367913689514e+00 1.003906250000000000e+00
-1.331636013987201217e+00 3.792968750000000000e+00
-1.324607391567180770e+00 3.087890625000000000e+00
-1.317710894687540879e+00 3.609375000000000000e+00
-1.311203025056067339e+00 -1.992187500000000000e-01
-1.304222030448507930e+00 2.777343750000000000e+00
-1.297277221117899337e+00 2.683593750000000000e+00
-1.290770136584080241e+00 3.308593750000000000e+00
-1.283692278059375802e+00 1.648437500000000000e+00
-1.276884985746851164e+00 1.986328125000000000e+00
-1.270369531149026621e+00 8.593750000000000000e-02
-1.263259093783331899e+00 -3.164062500000000000e-01
-1.256410173035026112e+00 3.437500000000000000e+00
-1.249977104246278614e+00 1.941406250000000000e+00
-1.242920912285407020e+00 3.906250000000000000e-03
-1.235976498417646674e+00 2.636718750000000000e+00
-1.229538451931941445e+00 6.230468750000000000e-01
-1.222498972144447471e+00 -1.738281250000000000e-01
-1.215585022307327456e+00 3.191406250000000000e+00
-1.209108852894638986e+00 1.066406250000000000e+00
-1.202168008168281510e+00 1.562500000000000000e-01
-1.195151651177416063e+00 6.777343750000000000e-01
-1.188666237341011289e+00 7.304687500000000000e-01
-1.181631942109587108e+00 8.964843750000000000e-01
-1.174760886946788929e+00 6.757812500000000000e-01
-1.168240400617429842e+00 6.796875000000000000e-01
-1.161198426570106967e+00 -8.398437500000000000e-02
-1.154272042931459019e+00 6.093750000000000000e-01
-1.147802362393915310e+00 -8.457031250000000000e-01
-1.140764910797796183e+00 3.867187500000000000e-01
-1.133894753779205899e+00 1.410156250000000000e+00
-1.127368390160765621e+00 -6.308593750000000000e-01
-1.120435800571921270e+00 6.972656250000000000e-01
-1.113347386636955427e+00 -1.035156250000000000e+00
-1.106934317861370864e+00 -6.796875000000000000e-01
-1.100094723653801232e+00 -2.882812500000000000e+00
-1.092970784426049669e+00 -1.333984375000000000e+00
-1.086500295624202472e+00 2.138671875000000000e+00
-1.079464361498165381e+00 1.320312500000000000e+00
-1.072689467698489274e+00 7.617187500000000000e-01
-1.066066323387414805e+00 -1.423828125000000000e+00
-1.059229211969413775e+00 -1.058593750000000000e+00
-1.052256542788506444e+00 -3.150390625000000000e+00
-1.045629063982404183e+00 -4.960937500000000000e-01
-1.038703639370704757e+00 -1.751953125000000000e+00
-1.031669526720995655e+00 -1.373046875000000000e+00
-1.025195197621713739e+00 3.437500000000000000e-01
-1.018270598485595535e+00 -1.689453125000000000e+00
-1.011390843384412541e+00 8.906250000000000000e-01
-1.004767082424729452e+00 -2.972656250000000000e+00
-9.977440713721961174e-01 -1.984375000000000000e+00
-9.910525419329436758e-01 -6.640625000000000000e-02
-9.843301347217421338e-01 -2.427734375000000000e+00
-9.774044660856260336e-01 -5.078125000000000000e-02
-9.706198576607070194e-01 -2.121093750000000000e+00
-9.638961126009890634e-01 -1.546875000000000000e+00
-9.569714245165767963e-01 -4.027343750000000000e+00
-9.501872734983711766e-01 -3.429687500000000000e+00
-9.434645467886699777e-01 -3.355468750000000000e+00
-9.364440918673579972e-01 -3.503906250000000000e+00
-9.296592964304517537e-01 -5.478515625000000000e+00
-9.230302677356636565e-01 -3.652343750000000000e+00
-9.160106647489527631e-01 -4.687500000000000000e+00
-9.093218052878304647e-01 -1.980468750000000000e+00
-9.025920043615665023e-01 -3.035156250000000000e+00
-8.955774372755485047e-01 -1.125000000000000000e+00
-8.890000230298626960e-01 -4.160156250000000000e+00
-8.821352742549608550e-01 -2.498046875000000000e+00
-8.751291764611126567e-01 -2.167968750000000000e+00
-8.684564372017424816e-01 -1.894531250000000000e+00
-8.617242753727518689e-01 5.117187500000000000e-01
-8.547107813958945144e-01 -5.742187500000000000e+00
-8.479277518702810212e-01 -5.425781250000000000e+00
-8.412920303934443567e-01 -2.677734375000000000e+00
-8.342774529976821896e-01 -4.648437500000000000e-01
-8.275909693477236928e-01 -2.945312500000000000e+00
-8.208580085637295909e-01 -4.304687500000000000e+00
-8.138441242429479416e-01 -6.871093750000000000e+00
-8.071583855346338154e-01 -6.777343750000000000e+00
-8.004239366135807998e-01 -4.029296875000000000e+00
-7.935031227765136919e-01 -3.441406250000000000e+00
-7.867257017207824887e-01 -4.312500000000000000e+00
-7.799911083316661831e-01 -2.886718750000000000e+00
-7.731612913852501379e-01 -5.414062500000000000e+00
-7.663988757689965681e-01 -5.656250000000000000e+00
-7.595559428963243320e-01 -3.841796875000000000e+00
-7.526354844715967829e-01 -3.632812500000000000e+00
-7.459654682592971042e-01 -3.982421875000000000e+00
-7.391210956167819646e-01 -6.394531250000000000e+00
-7.321107062037270907e-01 -4.246093750000000000e+00
-7.254276505266110675e-01 -5.136718750000000000e+00
-7.188853695618879769e-01 -5.335937500000000000e+00
-7.118585158172123784e-01 -4.507812500000000000e+00
-7.050984033616858326e-01 -4.128906250000000000e+00
-6.982538274031613312e-01 -5.740234375000000000e+00
-6.913341014636387172e-01 -4.289062500000000000e+00
-6.845622832481543796e-01 -5.695312500000000000e+00
-6.778194093469105397e-01 -3.644531250000000000e+00
-6.709957383836302469e-01 -7.205078125000000000e+00
-6.641337372726141552e-01 -8.296875000000000000e+00
-6.573857839729244645e-01 -6.587890625000000000e+00
-6.505557418789891244e-01 -6.257812500000000000e+00
-6.435011358320856800e-01 -4.523437500000000000e+00
-6.369517622596250206e-01 -5.148437500000000000e+00
-6.301213841292252482e-01 -7.324218750000000000e+00
-6.231661542581941049e-01 -5.628906250000000000e+00
-6.165177405426875978e-01 -4.875000000000000000e+00
-6.096871268531600663e-01 -6.859375000000000000e+00
-6.028314492871080787e-01 -5.628906250000000000e+00
-5.960833727845571417e-01 -5.664062500000000000e+00
-5.892527695690574774e-01 -9.136718750000000000e+00
-5.823004111365088775e-01 -5.720703125000000000e+00
-5.756341780055516111e-01 -3.171875000000000000e+00
-5.688186125193084308e-01 -5.414062500000000000e+00
-5.619661825914894493e-01 -7.500000000000000000e+00
-5.552006458150424706e-01 -6.146484375000000000e+00
-5.482975388852935339e-01 -7.097656250000000000e+00
-5.415333992498139182e-01 -5.660156250000000000e+00
-5.347808234114896919e-01 -7.230468750000000000e+00
-5.279568725245047389e-01 -9.318359375000000000e+00
-5.211007160180392006e-01 -8.300781250000000000e+00
-5.143467399434999976e-01 -6.695312500000000000e+00
-5.075158425392061190e-01 -7.792968750000000000e+00
-5.006680327862644830e-01 -7.339843750000000000e+00
-4.939125561182269308e-01 -6.535156250000000000e+00
-4.870815861944635117e-01 -7.066406250000000000e+00
-4.803297792118117471e-01 -8.160156250000000000e+00
-4.734795892990151245e-01 -6.197265625000000000e+00
-4.666472300745141411e-01 -9.011718750000000000e+00
-4.598026664464063273e-01 -7.921875000000000000e+00
-4.530441878928801458e-01 -7.058593750000000000e+00
-4.461285636692480239e-01 -1.299023437500000000e+01
-4.393698834467008041e-01 -7.898437500000000000e+00
-4.326100033691151481e-01 -6.808593750000000000e+00
-4.257863464853874902e-01 -7.660156250000000000e+00
-4.188373947102599359e-01 -6.224609375000000000e+00
-4.121757187281733792e-01 -9.058593750000000000e+00
-4.052609231560779790e-01 -9.474609375000000000e+00
-3.985046173404347414e-01 -5.554687500000000000e+00
-3.917416338631998229e-01 -8.335937500000000000e+00
-3.849180677215775503e-01 -1.018945312500000000e+01
-3.780718344571445400e-01 -7.031250000000000000e+00
-3.713095321808141946e-01 -4.791015625000000000e+00
-3.644760522878556230e-01 -8.128906250000000000e+00
-3.575387847152677878e-01 -7.617187500000000000e+00
-3.508731633015091944e-01 -8.964843750000000000e+00
-3.438772763277455624e-01 -7.023437500000000000e+00
-3.372952383565150924e-01 -9.339843750000000000e+00
-3.304414395687418349e-01 -5.291015625000000000e+00
-3.235257913086968529e-01 -7.154296875000000000e+00
-3.166729955476847991e-01 -6.765625000000000000e+00
-3.099915259083099173e-01 -8.792968750000000000e+00
-3.030106033423152212e-01 -8.648437500000000000e+00
-2.963412030587582180e-01 -7.882812500000000000e+00
-2.895646765558774760e-01 -9.357421875000000000e+00
-2.827389336383845375e-01 -9.457031250000000000e+00
-2.762069454833406823e-01 -8.986328125000000000e+00
-2.691310941940026069e-01 -8.835937500000000000e+00
-2.622243542840294594e-01 -1.052929687500000000e+01
-2.555611171105427459e-01 -9.091796875000000000e+00
-2.487023331310016516e-01 -9.523437500000000000e+00
-2.418792738653285923e-01 -8.693359375000000000e+00
-2.350431548841092066e-01 -1.019921875000000000e+01
-2.282680463945840899e-01 -7.671875000000000000e+00
-2.213567124902908745e-01 -1.124218750000000000e+01
-2.144068277688724322e-01 -1.012890625000000000e+01
-2.078338594333732914e-01 -7.308593750000000000e+00
-2.010020177844040745e-01 -8.207031250000000000e+00
-1.941776897003668623e-01 -8.976562500000000000e+00
-1.873997722328173410e-01 -1.097656250000000000e+01
-1.805769369502234767e-01 -1.152929687500000000e+01
-1.736428628786024220e-01 -1.080078125000000000e+01
-1.669654847979078482e-01 -9.285156250000000000e+00
-1.601698765707064709e-01 -1.032421875000000000e+01
-1.533123246410772467e-01 -8.527343750000000000e+00
-1.465351987361573904e-01 -9.615234375000000000e+00
-1.397181692677778031e-01 -1.081250000000000000e+01
-1.329600883022665769e-01 -9.910156250000000000e+00
-1.261012276016773015e-01 -8.371093750000000000e+00
-1.192842993054883394e-01 -1.059765625000000000e+01
-1.123442581805074170e-01 -1.014648437500000000e+01
-1.056671066443160001e-01 -1.050390625000000000e+01
-9.885022980006130666e-02 -9.832031250000000000e+00
-9.201427739775080994e-02 -1.225000000000000000e+01
-8.522987194756925788e-02 -1.048437500000000000e+01
-7.843641221637742689e-02 -1.158007812500000000e+01
-7.158159509729866699e-02 -1.002343750000000000e+01
-6.479699559005158704e-02 -1.061718750000000000e+01
-5.797226940644062410e-02 -1.224609375000000000e+01
-5.114891280412248165e-02 -9.761718750000000000e+00
-4.480332736614300870e-02 -8.890625000000000000e+00
-3.754832245749373243e-02 -8.925781250000000000e+00
-3.071623050367033869e-02 -9.695312500000000000e+00
-2.393361105596358840e-02 -9.998046875000000000e+00
-1.711435388415072367e-02 -1.112890625000000000e+01
-1.028354831963351756e-02 -9.324218750000000000e+00
-3.498267433507784574e-03 -1.031250000000000000e+01
3.330061335014899981e-03 -1.148242187500000000e+01
1.014923385788879528e-02 -9.921875000000000000e+00
1.693321722750606995e-02 -9.253906250000000000e+00
2.376422112052400948e-02 -9.095703125000000000e+00
3.058181592474884525e-02 -1.053515625000000000e+01
3.736738366550351742e-02 -8.859375000000000000e+00
4.419838078597981834e-02 -1.046679687500000000e+01
5.101449810878566637e-02 -1.031250000000000000e+01
5.780035885962941933e-02 -1.037109375000000000e+01
6.463238998827014470e-02 -1.123046875000000000e+01
7.137500173260713510e-02 -1.104492187500000000e+01
7.823338152485259656e-02 -8.761718750000000000e+00
8.506654918806466625e-02 -1.240625000000000000e+01
9.187986212033738553e-02 -8.917968750000000000e+00
9.867305235013867915e-02 -9.476562500000000000e+00
1.055007081550285442e-01 -1.149218750000000000e+01
1.122420085426107939e-01 -1.182226562500000000e+01
1.191010837381432097e-01 -9.800781250000000000e+00
1.259235186576033172e-01 -1.418359375000000000e+01
1.327453260162352322e-01 -1.030468750000000000e+01
1.395333460289291949e-01 -8.582031250000000000e+00
1.463573851347090837e-01 -1.217968750000000000e+01
1.533881188384462746e-01 -1.010156250000000000e+01
1.599646320608263395e-01 -1.114843750000000000e+01
1.667913513797456559e-01 -1.083984375000000000e+01
1.736106898022322653e-01 -1.128515625000000000e+01
1.804026348571019511e-01 -1.017578125000000000e+01
1.872254171526064326e-01 -1.069140625000000000e+01
1.939087703606681146e-01 -1.076953125000000000e+01
2.008334822869981551e-01 -1.207226562500000000e+01
2.076592829312202682e-01 -1.090625000000000000e+01
2.144759533473612478e-01 -1.210546875000000000e+01
2.212632534645200266e-01 -9.593750000000000000e+00
2.281053567231139390e-01 -8.595703125000000000e+00
2.348430266406773548e-01 -1.303906250000000000e+01
2.416962270288314230e-01 -8.957031250000000000e+00
2.485395140602633113e-01 -1.161523437500000000e+01
2.553414167775978072e-01 -1.127734375000000000e+01
2.621335664492105977e-01 -7.234375000000000000e+00
2.689735711674585694e-01 -1.457226562500000000e+01
2.756459653785903186e-01 -1.073828125000000000e+01
2.825620732399221069e-01 -1.286328125000000000e+01
2.894076779221506079e-01 -1.143164062500000000e+01
2.962067800979335530e-01 -1.137500000000000000e+01
3.027736536340213114e-01 -9.345703125000000000e+00
3.098543617303306519e-01 -1.205078125000000000e+01
3.165770867067601024e-01 -1.352734375000000000e+01
3.234277187437220036e-01 -1.089453125000000000e+01
3.302759410863074230e-01 -1.210351562500000000e+01
3.370105889785315334e-01 -1.050976562500000000e+01
3.438606913839867829e-01 -1.143359375000000000e+01
3.506970354560534631e-01 -1.237500000000000000e+01
3.572354454414155001e-01 -1.424804687500000000e+01
3.642934635497914186e-01 -1.188281250000000000e+01
3.711441031983269134e-01 -1.160351562500000000e+01
3.776690134259981235e-01 -1.136132812500000000e+01
3.845047747116310255e-01 -1.254296875000000000e+01
3.915187425944339772e-01 -1.009765625000000000e+01
3.982520027814651087e-01 -9.066406250000000000e+00
4.049376046958328423e-01 -1.107226562500000000e+01
4.119990253370842126e-01 -1.093359375000000000e+01
4.186863252573864713e-01 -1.077343750000000000e+01
4.256004466454212931e-01 -1.133593750000000000e+01
4.324464196243353875e-01 -1.283203125000000000e+01
4.389698675009414686e-01 -1.392773437500000000e+01
4.455812786962916050e-01 -1.247656250000000000e+01
4.527749863621552961e-01 -1.271093750000000000e+01
4.594034857187354604e-01 -1.148828125000000000e+01
4.662359444763111149e-01 -8.056640625000000000e+00
4.732095551437938141e-01 -1.062500000000000000e+01
4.798936342541191280e-01 -1.251953125000000000e+01
4.866686742269208388e-01 -1.002929687500000000e+01
4.936440239464987556e-01 -1.156250000000000000e+01
5.004786536387961782e-01 -1.151953125000000000e+01
5.068226454020878791e-01 -1.118164062500000000e+01
5.140777432127126012e-01 -1.368554687500000000e+01
5.209121550374526954e-01 -1.307226562500000000e+01
5.273120327673233021e-01 -9.093750000000000000e+00
5.345129616537720452e-01 -1.206640625000000000e+01
5.415075929783257358e-01 -1.380078125000000000e+01
5.479670631928725832e-01 -1.009179687500000000e+01
5.549463581803339984e-01 -9.996093750000000000e+00
5.617791574782438069e-01 -9.955078125000000000e+00
5.681774101448091585e-01 -1.237890625000000000e+01
5.754262098952551696e-01 -1.370703125000000000e+01
5.822644188808832055e-01 -1.246484375000000000e+01
5.888326221309667652e-01 -1.075585937500000000e+01
5.958149237332892589e-01 -1.106835937500000000e+01
6.024442087763000053e-01 -1.369140625000000000e+01
6.090428877486111503e-01 -1.260546875000000000e+01
6.162475761949597342e-01 -1.038671875000000000e+01
6.230295399757785901e-01 -1.184375000000000000e+01
6.299208850175892493e-01 -1.164843750000000000e+01
6.366834898683211286e-01 -1.336914062500000000e+01
6.434639605898162529e-01 -1.251953125000000000e+01
6.498542960978630489e-01 -1.082226562500000000e+01
6.571157709614769971e-01 -1.175000000000000000e+01
6.638982809629858650e-01 -1.193750000000000000e+01
6.707865237693004801e-01 -1.316406250000000000e+01
6.775520565817916285e-01 -1.146875000000000000e+01
6.843325013426699854e-01 -1.067578125000000000e+01
6.907736436240803357e-01 -1.230468750000000000e+01
6.979380574799174397e-01 -1.204687500000000000e+01
7.048137131219243123e-01 -1.428125000000000000e+01
7.112063327348288055e-01 -9.609375000000000000e+00
7.184206738231497802e-01 -1.254882812500000000e+01
7.252472634695856790e-01 -1.229882812500000000e+01
7.318620762187761919e-01 -9.494140625000000000e+00
7.388050066024911544e-01 -9.566406250000000000e+00
7.454849286039952894e-01 -1.040039062500000000e+01
7.520197215633634968e-01 -1.170703125000000000e+01
7.592386312267658255e-01 -1.145703125000000000e+01
7.660698807624619633e-01 -1.122656250000000000e+01
7.724529062468610263e-01 -1.086914062500000000e+01
7.797204614390782496e-01 -1.046484375000000000e+01
7.863537045776447520e-01 -1.199609375000000000e+01
7.928858908633520386e-01 -1.082421875000000000e+01
8.001056805829316332e-01 -1.032812500000000000e+01
8.069386196541934453e-01 -1.230859375000000000e+01
8.133697792053418141e-01 -1.049609375000000000e+01
8.205886601709924122e-01 -1.387500000000000000e+01
8.273728388697243474e-01 -1.330859375000000000e+01
8.337521596838888271e-01 -1.149414062500000000e+01
8.410227600535424841e-01 -9.953125000000000000e+00
8.478071578531860553e-01 -1.378515625000000000e+01
8.541851948391814275e-01 -1.167187500000000000e+01
8.614607135561729301e-01 -1.034570312500000000e+01
8.682414765965411618e-01 -1.277734375000000000e+01
8.746182789725827078e-01 -1.355468750000000000e+01
8.818909604152711523e-01 -1.013281250000000000e+01
8.886757953471722260e-01 -1.200781250000000000e+01
8.951006373880510125e-01 -8.781250000000000000e+00
9.023250608798978334e-01 -1.032031250000000000e+01
9.091100138642111972e-01 -1.289843750000000000e+01
9.157571836575058022e-01 -9.871093750000000000e+00
9.227592617018078869e-01 -1.241015625000000000e+01
9.295444321426664658e-01 -1.087109375000000000e+01
9.359660168246328737e-01 -1.287500000000000000e+01
9.431932627550256854e-01 -1.315234375000000000e+01
9.498288547436950502e-01 -1.463476562500000000e+01
9.563506142874649285e-01 -1.302734375000000000e+01
9.636321389582209740e-01 -9.460937500000000000e+00
9.704130682469447322e-01 -1.309765625000000000e+01
9.768312965296637174e-01 -1.285937500000000000e+01
9.840073527544186405e-01 -1.109375000000000000e+01
9.906975786760576774e-01 -1.341406250000000000e+01
9.972168312595277584e-01 -1.211718750000000000e+01
1.004495567423086655e+00 -1.016406250000000000e+01
1.011281703878285754e+00 -1.308984375000000000e+01
1.017921024208435110e+00 -1.108984375000000000e+01
1.024940322290885497e+00 -1.145703125000000000e+01
1.031896421831936639e+00 -1.295312500000000000e+01
1.038129366473977910e+00 -1.011718750000000000e+01
1.045369281763871339e+00 -1.224609375000000000e+01
1.052183256529618749e+00 -1.125976562500000000e+01
1.058786680062284713e+00 -9.646484375000000000e+00
1.065797874303038739e+00 -1.200390625000000000e+01
1.072648854562218368e+00 -1.246093750000000000e+01
1.078949113681836103e+00 -1.282421875000000000e+01
1.086232077213148628e+00 -1.002734375000000000e+01
1.093195000918660842e+00 -1.094335937500000000e+01
1.099652185551194261e+00 -1.339453125000000000e+01
1.106666080245426897e+00 -1.380859375000000000e+01
1.113514314972932517e+00 -1.098046875000000000e+01
1.119860227239652062e+00 -1.003906250000000000e+01
1.127100183511297260e+00 -1.108203125000000000e+01
1.134060719593128486e+00 -1.104492187500000000e+01
1.140517740702152505e+00 -1.045507812500000000e+01
1.147534387119899080e+00 -1.151171875000000000e+01
1.154607582307615843e+00 -1.134375000000000000e+01
1.160950568274374373e+00 -9.505859375000000000e+00
1.167968490967846051e+00 -1.152734375000000000e+01
1.174926437743727181e+00 -1.095312500000000000e+01
1.181383295740333406e+00 -1.175781250000000000e+01
1.188402594924932387e+00 -1.218359375000000000e+01
1.195359346639327303e+00 -1.052929687500000000e+01
1.201590989001370957e+00 -1.158593750000000000e+01
1.208776175621609106e+00 -1.223632812500000000e+01
1.215906695216798283e+00 -9.996093750000000000e+00
1.222248900444200981e+00 -1.100390625000000000e+01
1.229270803901394871e+00 -1.177343750000000000e+01
1.236110395373331450e+00 -1.128906250000000000e+01
1.242456370213286476e+00 -1.099218750000000000e+01
1.249704908680664417e+00 -9.792968750000000000e+00
1.256657872236849105e+00 -9.562500000000000000e+00
1.262804748586590975e+00 -1.119921875000000000e+01
1.270146535981641289e+00 -1.071484375000000000e+01
1.277090780612218257e+00 -1.302929687500000000e+01
1.283321851695173876e+00 -1.151171875000000000e+01
1.290588427960128293e+00 -1.031250000000000000e+01
1.297638842349950750e+00 -1.239843750000000000e+01
1.303754442515010936e+00 -7.664062500000000000e+00
1.311022897817847088e+00 -1.150000000000000000e+01
1.317956446663322456e+00 -1.152343750000000000e+01
1.324668166177889184e+00 -9.597656250000000000e+00
1.331457467669051375e+00 -1.095312500000000000e+01
1.338504914515905142e+00 -1.184375000000000000e+01
1.344845612907037857e+00 -1.062500000000000000e+01
1.351891837526008722e+00 -1.287500000000000000e+01
1.359014373704436007e+00 -1.079882812500000000e+01
1.365278389733093345e+00 -1.055078125000000000e+01
1.372318025124716012e+00 -1.139257812500000000e+01
1.379139054348130777e+00 -1.015234375000000000e+01
1.385711166457285426e+00 -9.378906250000000000e+00
1.392752263428721715e+00 -1.212500000000000000e+01
1.399804020672998917e+00 -1.311328125000000000e+01
1.406143943228771231e+00 -1.082226562500000000e+01
1.413186551765849952e+00 -1.027929687500000000e+01
1.420120784649645973e+00 -1.034179687500000000e+01
1.426576719894755652e+00 -1.184179687500000000e+01
1.433620890332551578e+00 -6.496093750000000000e+00
1.440553591798254818e+00 -9.527343750000000000e+00
1.446783380013467735e+00 -8.257812500000000000e+00
1.454045970646925312e+00 -1.070312500000000000e+01
1.460986498896693409e+00 -1.133203125000000000e+01
1.467216071336107319e+00 -9.394531250000000000e+00
1.474498757357022960e+00 -9.214843750000000000e+00
1.481419355645505309e+00 -1.067578125000000000e+01
1.487648662708917158e+00 -1.166015625000000000e+01
1.494933227447572399e+00 -9.820312500000000000e+00
1.501852262445629638e+00 -1.196093750000000000e+01
1.508307875747804783e+00 -8.505859375000000000e+00
1.515357995794349488e+00 -1.017382812500000000e+01
1.522285069077645492e+00 -8.888671875000000000e+00
1.528740602111456237e+00 -7.455078125000000000e+00
1.535792335034077194e+00 -9.535156250000000000e+00
1.542717975473954173e+00 -8.869140625000000000e+00
1.549173428399471586e+00 -1.049609375000000000e+01
1.556146100118497522e+00 -8.462890625000000000e+00
1.563020845450895369e+00 -1.073632812500000000e+01
1.569606204585242804e+00 -9.035156250000000000e+00
1.576508530617495296e+00 -1.026562500000000000e+01
1.583454291723259022e+00 -1.027148437500000000e+01
1.590265740865823396e+00 -1.029687500000000000e+01
1.597013200293589286e+00 -7.441406250000000000e+00
1.603898629589608937e+00 -1.075781250000000000e+01
1.610698601165302613e+00 -1.005859375000000000e+01
1.617374412560813823e+00 -9.527343750000000000e+00
1.624449399955358420e+00 -1.048828125000000000e+01
1.630904532651429317e+00 -5.802734375000000000e+00
1.637880200584334922e+00 -8.953125000000000000e+00
1.644763988246055852e+00 -8.914062500000000000e+00
1.651337358637492425e+00 -1.085546875000000000e+01
1.658313675669490728e+00 -8.708984375000000000e+00
1.665595170034005257e+00 -9.308593750000000000e+00
1.671770084517292698e+00 -1.103710937500000000e+01
1.678821267661200878e+00 -1.007812500000000000e+01
1.685629446903264217e+00 -9.398437500000000000e+00
1.692202860310162205e+00 -9.906250000000000000e+00
1.699180775902790153e+00 -9.089843750000000000e+00
1.706062126176917992e+00 -1.022656250000000000e+01
1.712635686034290838e+00 -8.087890625000000000e+00
1.719689488512026188e+00 -7.871093750000000000e+00
1.726494805334156446e+00 -9.480468750000000000e+00
1.733068411666708553e+00 -8.298828125000000000e+00
1.740123699338377961e+00 -9.632812500000000000e+00
1.746927484600534264e+00 -9.269531250000000000e+00
1.753501187328610822e+00 -7.074218750000000000e+00
1.760557710403313436e+00 -9.968750000000000000e+00
1.767360163757772717e+00 -9.605468750000000000e+00
1.773934062903963049e+00 -7.939453125000000000e+00
1.780991821701841005e+00 -8.054687500000000000e+00
1.787792842915011171e+00 -1.062109375000000000e+01
1.794594335922545802e+00 -7.070312500000000000e+00
1.801360525706196203e+00 -1.015039062500000000e+01
1.808225521948558345e+00 -9.527343750000000000e+00
1.815027194352103912e+00 -9.367187500000000000e+00
1.821860044990112115e+00 -1.049609375000000000e+01
1.828658200989381477e+00 -6.578125000000000000e+00
1.834980541224533468e+00 -8.494140625000000000e+00
1.842294157103546937e+00 -7.492187500000000000e+00
1.848941928928847123e+00 -7.751953125000000000e+00
1.855665114365210311e+00 -5.847656250000000000e+00
1.862728369326882571e+00 -7.898437500000000000e+00
1.869643709928516362e+00 -6.517578125000000000e+00
1.875869910776483351e+00 -8.000000000000000000e+00
1.883082552789859143e+00 -9.449218750000000000e+00
1.889957510512704886e+00 -7.351562500000000000e+00
1.896302703402280798e+00 -6.050781250000000000e+00
1.903609663938570673e+00 -8.111328125000000000e+00
1.910388917087190386e+00 -6.832031250000000000e+00
1.916735396121904245e+00 -5.914062500000000000e+00
1.923949553426212766e+00 -1.212109375000000000e+01
1.930677239097428277e+00 -6.492187500000000000e+00
1.937147939813244069e+00 -4.845703125000000000e+00
1.944383078748217919e+00 -6.271484375000000000e+00
1.951257408241448221e+00 -8.093750000000000000e+00
1.957600781706670290e+00 -5.921875000000000000e+00
1.964816654008758157e+00 -6.441406250000000000e+00
1.971686953794930197e+00 -7.628906250000000000e+00
1.978033474622744592e+00 -8.050781250000000000e+00
1.985333048395782285e+00 -5.921875000000000000e+00
1.991920624407437668e+00 -9.082031250000000000e+00
1.998466267575960131e+00 -7.027343750000000000e+00
2.005767162488277577e+00 -6.406250000000000000e+00
2.012411553007120268e+00 -4.914062500000000000e+00
2.018882366147395135e+00 -5.505859375000000000e+00
2.026201376690673683e+00 -6.300781250000000000e+00
2.032984990211631704e+00 -4.933593750000000000e+00
2.039331553676557718e+00 -6.363281250000000000e+00
2.046635391248068814e+00 -6.226562500000000000e+00
2.053424829483932346e+00 -8.419921875000000000e+00
2.059749579449075885e+00 -6.246093750000000000e+00
2.067069506039056037e+00 -7.890625000000000000e+00
2.073850447704686850e+00 -6.644531250000000000e+00
2.080654436773136773e+00 -2.703125000000000000e+00
2.087417856039395225e+00 -4.966796875000000000e+00
2.094283026453710228e+00 -6.707031250000000000e+00
2.101135442820395660e+00 -5.943359375000000000e+00
2.107952637800937890e+00 -5.687500000000000000e+00
2.114734917089027277e+00 -6.816406250000000000e+00
2.121520148051593502e+00 -4.964843750000000000e+00
2.128284856974063111e+00 -5.644531250000000000e+00
2.135393221100056138e+00 -6.179687500000000000e+00
2.141953003461629201e+00 -2.269531250000000000e+00
2.148821224188597778e+00 -4.482421875000000000e+00
2.155592298252971606e+00 -5.533203125000000000e+00
2.162385958632319749e+00 -3.539062500000000000e+00
2.169063731866110345e+00 -5.578125000000000000e+00
2.176037842599999550e+00 -4.609375000000000000e+00
2.182868799505103929e+00 -4.789062500000000000e+00
2.189585433165633255e+00 -3.867187500000000000e+00
2.196582224396870231e+00 -4.359375000000000000e+00
2.202793100774098178e+00 -4.882812500000000000e+00
2.209929500770151378e+00 -5.375000000000000000e+00
2.216892828373178137e+00 -4.529296875000000000e+00
2.223735526336258594e+00 -5.636718750000000000e+00
2.230452484035198246e+00 -2.140625000000000000e+00
2.237340766481157317e+00 -1.828125000000000000e+00
2.243887932828174225e+00 -4.912109375000000000e+00
2.250976650196330198e+00 -4.726562500000000000e+00
2.257883223816342877e+00 -5.292968750000000000e+00
2.264320656859881264e+00 -2.060546875000000000e+00
2.271410767541178544e+00 -4.808593750000000000e+00
2.278177333544378236e+00 -4.785156250000000000e+00
2.284983085722877227e+00 -4.539062500000000000e+00
2.291861330773119487e+00 -5.482421875000000000e+00
2.298481521107611947e+00 -3.429687500000000000e+00
2.305468827316235370e+00 -1.039062500000000000e+00
2.312186586072642491e+00 -6.820312500000000000e+00
2.318932739308233071e+00 -7.382812500000000000e-01
2.325848693282558166e+00 -2.589843750000000000e+00
2.332713120754428715e+00 -2.937500000000000000e+00
2.339512403184290434e+00 -2.781250000000000000e+00
2.346281646823434208e+00 -7.304687500000000000e-01
2.353147238921460271e+00 -3.183593750000000000e+00
2.359927328566785665e+00 -2.929687500000000000e+00
2.366714400137232666e+00 -1.957031250000000000e+00
2.373487162729873923e+00 -5.494140625000000000e+00
2.380340625422619816e+00 -4.625000000000000000e+00
2.387257195698849976e+00 -1.089843750000000000e+00
2.393825900258882200e+00 -4.253906250000000000e+00
2.400794363520193375e+00 -4.177734375000000000e+00
2.407690915259819597e+00 2.148437500000000000e-01
2.414092691729178508e+00 -1.558593750000000000e+00
2.421227805747124595e+00 -3.945312500000000000e-01
2.428012958909483210e+00 -1.839843750000000000e+00
2.434691664280755674e+00 -3.066406250000000000e+00
2.441661297978074519e+00 -1.103515625000000000e+00
2.448445911526312635e+00 3.046875000000000000e-01
2.454794095658686892e+00 -3.644531250000000000e+00
2.461950091796176743e+00 -2.083984375000000000e+00
2.468878663901512560e+00 -1.230468750000000000e+00
2.475557627598384158e+00 -3.105468750000000000e+00
2.482504116654824067e+00 2.695312500000000000e-01
2.489311616052680698e+00 -2.183593750000000000e+00
2.495826100276912651e+00 -2.566406250000000000e+00
2.502817171482171865e+00 -3.134765625000000000e+00
2.509802288184164176e+00 1.824218750000000000e+00
2.516423489983928619e+00 -3.511718750000000000e+00
2.523369472982964545e+00 -2.230468750000000000e+00
2.530177319880556830e+00 1.593750000000000000e+00
2.537054414278040682e+00 -1.808593750000000000e+00
2.543802151092465103e+00 -1.664062500000000000e+00
2.550610071331710138e+00 1.550781250000000000e+00
2.557388843225056441e+00 -7.910156250000000000e-01
2.564262299225023245e+00 2.912109375000000000e+00
2.571043022784386345e+00 -1.304687500000000000e+00
2.577722281819653460e+00 -8.710937500000000000e-01
2.584667507245982598e+00 3.566406250000000000e+00
2.591253501122940506e+00 9.355468750000000000e-01
2.597830612194772293e+00 -8.554687500000000000e-01
2.605100085296514045e+00 -1.355468750000000000e+00
2.611465497808329594e+00 -7.343750000000000000e-01
2.618426214526420548e+00 -7.421875000000000000e-01
2.625532863290360730e+00 -9.648437500000000000e-01
2.631900067317563874e+00 8.750000000000000000e-01
2.639122995895889723e+00 7.832031250000000000e-01
2.645852174157050207e+00 -1.523437500000000000e-01
2.652321939567876541e+00 9.414062500000000000e-01
2.659292969588290756e+00 9.433593750000000000e-01
2.666398319270016692e+00 1.402343750000000000e+00
2.673207277002609850e+00 5.027343750000000000e+00
2.680093364367289510e+00 7.421875000000000000e-02
2.686830897204132818e+00 1.929687500000000000e+00
2.693640127290371389e+00 2.011718750000000000e+00
2.700319759436744960e+00 1.234375000000000000e+00
2.706958360996512436e+00 1.169921875000000000e+00
2.714072977570856970e+00 4.210937500000000000e+00
2.720752788189194860e+00 1.343750000000000000e+00
2.727501927480996624e+00 3.128906250000000000e+00
2.734072514496891593e+00 4.058593750000000000e+00
2.741026330289327628e+00 1.566406250000000000e+00
2.748128930885074261e+00 1.492187500000000000e+00
2.754499729053519363e+00 3.414062500000000000e+00
2.761618545218873066e+00 1.554687500000000000e+00
2.768453560447675876e+00 4.181640625000000000e+00
2.774934026820288668e+00 3.527343750000000000e+00
2.781892985932512996e+00 1.154296875000000000e+00
2.788887174623675413e+00 2.736328125000000000e+00
2.795375922491165177e+00 4.359375000000000000e+00
2.802326388898376930e+00 5.244140625000000000e+00
2.809426964391392723e+00 4.703125000000000000e+00
2.815810391766807363e+00 5.136718750000000000e+00
2.822564978032765737e+00 1.900390625000000000e+00
2.829859642144371357e+00 4.625000000000000000e+00
2.836236919473036355e+00 5.308593750000000000e+00
2.843193094771135687e+00 2.359375000000000000e+00
2.850292419905387398e+00 5.285156250000000000e+00
2.856671266829094780e+00 4.687500000000000000e+00
2.863626447856672197e+00 5.271484375000000000e+00
2.870725097607434328e+00 4.175781250000000000e+00
2.877105563951941836e+00 4.804687500000000000e+00
2.883903590915539716e+00 4.980468750000000000e+00
2.891054995108867764e+00 4.632812500000000000e+00
2.897548168628508058e+00 7.324218750000000000e+00
2.904337270313223307e+00 6.031250000000000000e+00
2.911488559022552103e+00 6.972656250000000000e+00
2.917974207910616347e+00 6.169921875000000000e+00
2.925081964274788504e+00 5.242187500000000000e+00
2.931922172932979187e+00 6.703125000000000000e+00
2.938399802369779934e+00 5.539062500000000000e+00
2.945514890690894561e+00 3.917968750000000000e+00
2.952455808284654815e+00 6.167968750000000000e+00
2.959059419990756723e+00 6.630859375000000000e+00
2.965947816881445931e+00 3.847656250000000000e+00
2.972789250636275860e+00 7.613281250000000000e+00
2.979493128430425131e+00 9.462890625000000000e+00
2.986226566879208288e+00 5.453125000000000000e+00
2.993222864404821770e+00 5.873046875000000000e+00
2.999720614178021272e+00 5.015625000000000000e+00
3.006506271831855592e+00 6.324218750000000000e+00
3.013558915245455161e+00 7.035156250000000000e+00
3.020155083220832815e+00 6.027343750000000000e+00
3.026897206640875027e+00 7.621093750000000000e+00
3.034089991846564693e+00 7.771484375000000000e+00
3.040579986696853698e+00 4.087890625000000000e+00
3.047373834696005979e+00 6.750000000000000000e+00
3.054331293137809933e+00 6.367187500000000000e+00
3.061014232684270642e+00 6.736328125000000000e+00
3.067807616539172777e+00 9.871093750000000000e+00
3.074862364508960333e+00 1.110156250000000000e+01
3.081399290303917127e+00 1.208984375000000000e+01
3.088393334038568749e+00 8.982421875000000000e+00
3.095100659249373720e+00 1.040234375000000000e+01
3.101882874431054038e+00 9.828125000000000000e+00
3.108675181149552991e+00 5.773437500000000000e+00
3.115731263821005292e+00 9.269531250000000000e+00
3.122306912068118834e+00 8.640625000000000000e+00
3.129260041199172004e+00 1.012890625000000000e+01
3.136257809657842621e+00 9.439453125000000000e+00
3.142740934308925205e+00 9.195312500000000000e+00
3.149693444801682229e+00 1.051171875000000000e+01
3.156499827831001692e+00 1.084375000000000000e+01
3.163123360267298345e+00 1.390625000000000000e+01
3.169976530513483048e+00 9.363281250000000000e+00
3.177034612152426440e+00 9.968750000000000000e+00
3.183630734376582616e+00 1.038671875000000000e+01
3.190410314219294996e+00 6.761718750000000000e+00
3.197367222365872674e+00 9.826171875000000000e+00
3.204054351288674329e+00 1.190820312500000000e+01
3.210796271774903232e+00 8.708984375000000000e+00
3.217903510649564147e+00 1.210937500000000000e+01
3.224477520474714254e+00 1.328515625000000000e+01
3.231181121529584921e+00 1.069921875000000000e+01
3.238337959785355658e+00 1.323437500000000000e+01
3.244911541544091449e+00 1.186718750000000000e+01
3.251522270777580381e+00 9.771484375000000000e+00
3.258772408921147168e+00 1.291796875000000000e+01
3.265345762389436857e+00 1.377734375000000000e+01
3.272046474074227440e+00 1.101953125000000000e+01
3.279206857933247399e+00 1.114843750000000000e+01
3.285753121329500814e+00 1.085937500000000000e+01
3.292389405324295915e+00 1.256835937500000000e+01
3.299535710085482076e+00 1.364062500000000000e+01
3.306186480195785649e+00 1.439843750000000000e+01
3.312911826800768900e+00 1.033203125000000000e+01
3.319863060014403899e+00 1.346093750000000000e+01
3.326591654671457121e+00 1.488281250000000000e+01
3.333395706071620168e+00 1.234179687500000000e+01
3.340403055835057256e+00 1.468554687500000000e+01
3.347021145251154017e+00 1.402539062500000000e+01
3.353602884094535774e+00 1.032812500000000000e+01
3.360836809098262545e+00 1.498437500000000000e+01
3.367454165236074992e+00 1.580273437500000000e+01
3.374123623944409012e+00 1.320703125000000000e+01
3.381270557180986014e+00 1.428320312500000000e+01
3.387920164746057949e+00 1.522656250000000000e+01
3.394557115971632122e+00 1.562500000000000000e+01
3.401594666557665292e+00 1.563671875000000000e+01
3.408353573205269882e+00 1.291796875000000000e+01
3.415075108951055149e+00 1.208203125000000000e+01
3.422028348341862980e+00 1.490820312500000000e+01
3.428755142905966835e+00 1.601562500000000000e+01
3.435424249994478707e+00 1.545312500000000000e+01
3.442461930241714541e+00 1.303125000000000000e+01
3.449187940777729722e+00 1.600781250000000000e+01
3.455857741872544686e+00 1.539257812500000000e+01
3.462893793619377547e+00 1.475000000000000000e+01
3.469653798004467049e+00 1.808203125000000000e+01
3.476291233783352475e+00 1.321875000000000000e+01
3.483331847248434698e+00 1.551171875000000000e+01
3.490052028909945037e+00 1.667578125000000000e+01
3.496643836054382781e+00 1.735156250000000000e+01
3.503766163496136343e+00 1.596875000000000000e+01
3.510485369189796145e+00 1.685546875000000000e+01
3.517000343412435726e+00 1.412890625000000000e+01
3.524200379910423564e+00 1.639843750000000000e+01
3.530918771106178689e+00 1.681445312500000000e+01
3.537512549924096028e+00 1.587109375000000000e+01
3.544628800020934278e+00 1.617187500000000000e+01
3.551351840127416004e+00 1.611328125000000000e+01
3.557946956677434436e+00 1.596093750000000000e+01
3.565062834019688154e+00 1.718359375000000000e+01
3.571784908955840443e+00 1.809179687500000000e+01
3.578381363321633479e+00 1.484765625000000000e+01
3.585491488933120863e+00 1.851953125000000000e+01
3.592218027697334115e+00 1.717968750000000000e+01
3.598815869842902693e+00 1.566406250000000000e+01
3.605930801543497211e+00 1.859765625000000000e+01
3.612725880150058799e+00 1.734765625000000000e+01
3.619326075892398187e+00 1.741796875000000000e+01
3.626361112060547676e+00 1.704101562500000000e+01
3.633082224883647626e+00 1.916796875000000000e+01
3.639759617450702756e+00 1.736523437500000000e+01
3.646794603847664185e+00 1.643164062500000000e+01
3.653517233345872306e+00 1.806445312500000000e+01
3.660193208954818367e+00 1.754882812500000000e+01
3.667223290545598147e+00 1.749218750000000000e+01
3.673909088988543736e+00 1.958593750000000000e+01
3.680509129673386948e+00 1.791601562500000000e+01
3.687661637436829842e+00 1.905078125000000000e+01
3.694380320934097739e+00 1.873437500000000000e+01
3.700942859595320211e+00 1.624804687500000000e+01
3.708095079107150305e+00 1.926562500000000000e+01
3.714816438063087922e+00 1.914062500000000000e+01
3.721422306899577315e+00 1.790625000000000000e+01
3.728522144314274200e+00 1.875000000000000000e+01
3.735249556018778172e+00 1.988085937500000000e+01
3.741856712612453784e+00 1.861718750000000000e+01
3.748904830980766878e+00 1.730859375000000000e+01
3.755682573908223354e+00 1.954101562500000000e+01
3.762291018324568803e+00 1.982031250000000000e+01
3.769395604483432471e+00 1.975976562500000000e+01
3.776111116696366565e+00 2.126171875000000000e+01
3.782863390664783942e+00 1.552343750000000000e+01
3.789821000178426047e+00 2.017578125000000000e+01
3.796509887170791409e+00 2.033984375000000000e+01
3.803159929278145945e+00 1.746484375000000000e+01
3.810254052672325642e+00 2.057421875000000000e+01
3.816981776857381270e+00 1.907421875000000000e+01
3.823661539711404878e+00 1.590039062500000000e+01
3.830686905288393618e+00 1.905468750000000000e+01
3.837409314304633057e+00 2.136328125000000000e+01
3.844028739881715673e+00 1.963671875000000000e+01
3.851119958255230458e+00 2.156250000000000000e+01
3.857842013659929847e+00 1.905859375000000000e+01
3.864463145012515533e+00 1.933593750000000000e+01
3.871552911454136492e+00 1.872265625000000000e+01
3.878280928853008014e+00 1.975585937500000000e+01
3.884846482596562733e+00 2.219335937500000000e+01
3.891985764877835763e+00 2.062109375000000000e+01
3.898720779290401950e+00 2.191406250000000000e+01
3.905331954924869287e+00 1.851171875000000000e+01
3.912430046738589517e+00 1.808593750000000000e+01
3.919147162967226983e+00 2.013476562500000000e+01
3.925829245152793412e+00 1.885546875000000000e+01
3.932881124281636609e+00 2.113476562500000000e+01
3.939572711858883025e+00 1.972265625000000000e+01
3.946147675032638968e+00 1.891601562500000000e+01
3.953296980086887125e+00 2.044726562500000000e+01
3.960021081498512174e+00 2.049218750000000000e+01
3.966487171631373432e+00 2.037695312500000000e+01
3.973730521823452655e+00 1.966406250000000000e+01
3.980454515027036066e+00 2.033593750000000000e+01
3.987015087138947589e+00 1.818359375000000000e+01
3.994177391596810622e+00 2.091406250000000000e+01
4.000879529801557588e+00 2.016015625000000000e+01
4.007448868225415239e+00 1.847851562500000000e+01
4.014597455229957923e+00 2.094726562500000000e+01
4.021278080496663243e+00 2.410937500000000000e+01
4.027882599544332365e+00 2.302148437500000000e+01
4.035045348410410071e+00 2.145312500000000000e+01
4.041736311299128914e+00 2.254687500000000000e+01
4.048259775432741847e+00 2.052343750000000000e+01
4.055464438644119873e+00 2.128906250000000000e+01
4.062169111419162704e+00 2.294921875000000000e+01
4.068614478055596173e+00 1.983203125000000000e+01
4.075913504061379200e+00 2.207031250000000000e+01
4.082601711632261043e+00 2.157421875000000000e+01
4.089125993241539803e+00 2.240625000000000000e+01
4.096315412329067485e+00 1.825000000000000000e+01
4.102989598177190445e+00 1.792187500000000000e+01
4.109617525212902578e+00 1.680273437500000000e+01
4.116764963554740753e+00 2.138476562500000000e+01
4.123467212242641011e+00 2.235546875000000000e+01
4.129992012205692120e+00 1.934375000000000000e+01
4.137198455225441940e+00 2.044140625000000000e+01
4.143899912674779529e+00 2.222265625000000000e+01
4.150386883543463412e+00 1.922656250000000000e+01
4.157631896903038360e+00 2.011914062500000000e+01
4.164332513178916173e+00 2.017968750000000000e+01
4.170858132218343783e+00 2.092187500000000000e+01
4.178047238032240429e+00 2.092578125000000000e+01
4.184765313750059335e+00 1.982812500000000000e+01
4.191291192519345898e+00 1.866406250000000000e+01
4.198498930252097416e+00 2.041796875000000000e+01
4.205197914428818962e+00 2.237500000000000000e+01
4.211686753967144980e+00 1.932812500000000000e+01
4.218913152346294382e+00 2.001562500000000000e+01
4.225630715167309148e+00 2.121875000000000000e+01
4.232120110657918488e+00 2.000195312500000000e+01
4.239293542833340922e+00 2.277539062500000000e+01
4.246029265966898336e+00 2.142187500000000000e+01
4.252653648388891483e+00 1.825585937500000000e+01
4.259726454355561742e+00 1.891992187500000000e+01
4.266496016882111775e+00 2.095703125000000000e+01
4.273151224185377295e+00 1.955859375000000000e+01
4.280159215931210070e+00 1.986523437500000000e+01
4.286928817853432605e+00 2.107421875000000000e+01
4.293456498782832753e+00 2.063281250000000000e+01
4.300592177042720010e+00 1.969726562500000000e+01
4.307375514919647763e+00 2.188671875000000000e+01
4.313889560830064696e+00 1.985937500000000000e+01
4.321099879897954743e+00 2.076562500000000000e+01
4.327794120048448434e+00 1.821875000000000000e+01
4.334322523109365832e+00 1.751171875000000000e+01
4.341533371517724227e+00 1.908007812500000000e+01
4.348226921238047993e+00 1.659375000000000000e+01
4.354719951040381787e+00 1.830664062500000000e+01
4.361890762299456270e+00 1.818359375000000000e+01
4.368674708992137390e+00 2.112695312500000000e+01
4.375188748594299071e+00 1.877343750000000000e+01
4.382323624112334670e+00 1.850195312500000000e+01
4.389080583829886528e+00 1.920312500000000000e+01
4.395551217159581192e+00 1.961718750000000000e+01
4.402756436037609689e+00 1.921484375000000000e+01
4.409525025350259142e+00 1.842968750000000000e+01
4.415984867104188361e+00 1.577343750000000000e+01
4.423242838440136993e+00 1.576171875000000000e+01
4.429915010421497712e+00 1.699023437500000000e+01
4.436453127750640490e+00 1.901757812500000000e+01
4.443675798391131693e+00 1.907421875000000000e+01
4.450371665894452988e+00 1.848046875000000000e+01
4.456851865819689174e+00 2.043750000000000000e+01
4.464108758574957037e+00 1.552734375000000000e+01
4.470814518578513308e+00 1.771484375000000000e+01
4.477285514832973767e+00 1.869921875000000000e+01
4.484487934093497330e+00 1.749804687500000000e+01
4.491248040127934438e+00 1.650976562500000000e+01
4.497719063612666268e+00 1.825390625000000000e+01
4.504974679750239019e+00 1.603125000000000000e+01
4.511649833939261001e+00 1.627929687500000000e+01
4.518186354224811296e+00 1.823437500000000000e+01
4.525353708472696468e+00 1.646875000000000000e+01
4.532108631574191193e+00 1.847265625000000000e+01
4.538725856665783098e+00 1.556054687500000000e+01
4.545786570747598176e+00 1.699414062500000000e+01
4.552491620936010897e+00 1.665234375000000000e+01
4.559053017376784922e+00 1.558789062500000000e+01
4.566219383083964800e+00 1.678125000000000000e+01
4.572924892763652771e+00 1.876953125000000000e+01
4.579453155223663252e+00 1.446484375000000000e+01
4.586652295359247233e+00 1.557421875000000000e+01
4.593411358014963142e+00 1.708203125000000000e+01
4.599919530407563073e+00 1.489062500000000000e+01
4.607030828909134179e+00 1.533593750000000000e+01
4.613791137457114111e+00 1.724218750000000000e+01
4.620320349284074091e+00 1.677343750000000000e+01
4.627380058260119888e+00 1.601757812500000000e+01
4.634279843354123685e+00 1.813281250000000000e+01
4.640753795734698706e+00 1.534765625000000000e+01
4.647950882827874608e+00 1.687109375000000000e+01
4.654685884821335051e+00 1.748242187500000000e+01
4.661148068133481814e+00 1.393945312500000000e+01
4.668329116899346154e+00 1.289062500000000000e+01
4.675090656655769727e+00 1.545312500000000000e+01
4.681652856536887342e+00 1.814453125000000000e+01
4.688761779292778265e+00 1.403125000000000000e+01
4.695523930346056751e+00 1.637890625000000000e+01
4.702086112935861095e+00 1.429492187500000000e+01
4.709167771205704511e+00 1.547070312500000000e+01
4.715885227026976878e+00 1.347460937500000000e+01
4.722519369334834849e+00 1.483398437500000000e+01
4.729769710849066833e+00 1.467382812500000000e+01
4.736318694777967409e+00 1.544140625000000000e+01
4.742921524259062771e+00 1.225390625000000000e+01
4.750060065536760412e+00 1.288281250000000000e+01
4.756752012822492048e+00 1.437304687500000000e+01
4.763386082254358556e+00 1.422265625000000000e+01
4.770548109042440643e+00 1.239062500000000000e+01
4.777108426365747285e+00 1.279296875000000000e+01
4.783715141963417850e+00 1.307031250000000000e+01
4.790980921960883876e+00 1.283984375000000000e+01
4.797547696702615383e+00 1.378515625000000000e+01
4.804185845629401541e+00 1.337695312500000000e+01
4.811469219026411892e+00 1.353515625000000000e+01
4.817971689947812663e+00 1.627734375000000000e+01
4.824619863497357386e+00 1.255078125000000000e+01
4.831902183634019465e+00 1.169531250000000000e+01
4.838406125950500680e+00 1.542187500000000000e+01
4.845053781226308587e+00 1.086718750000000000e+01
4.852335148467181725e+00 1.321875000000000000e+01
4.858811375225434048e+00 1.593750000000000000e+01
4.865414919233100655e+00 1.110156250000000000e+01
4.872712424033100120e+00 1.007226562500000000e+01
4.879275098218572637e+00 1.194140625000000000e+01
4.885956231235385694e+00 1.286328125000000000e+01
4.893089495522960242e+00 1.347656250000000000e+01
4.899709534483195128e+00 1.246875000000000000e+01
4.906321494327945842e+00 1.151171875000000000e+01
4.913522256403754618e+00 1.129296875000000000e+01
4.920143870812539788e+00 1.274609375000000000e+01
4.926755986821168776e+00 1.222656250000000000e+01
4.934067010266380393e+00 9.523437500000000000e+00
4.940578407252546711e+00 1.329296875000000000e+01
4.947190379437321539e+00 7.816406250000000000e+00
4.954443876981688533e+00 1.098632812500000000e+01
4.961012843757275803e+00 1.261718750000000000e+01
4.967657586103452871e+00 1.059179687500000000e+01
4.974608938535324043e+00 9.660156250000000000e+00
4.981448475893420103e+00 1.112890625000000000e+01
4.988059165047976862e+00 1.078515625000000000e+01
4.995147714446879661e+00 8.562500000000000000e+00
5.001881717035944419e+00 1.154296875000000000e+01
5.008493558035203463e+00 9.675781250000000000e+00
5.015580740405361837e+00 8.593750000000000000e+00
5.022281473301211108e+00 9.187500000000000000e+00
5.028927851116256065e+00 1.005468750000000000e+01
5.035908813732033806e+00 9.210937500000000000e+00
5.042750468759997773e+00 9.933593750000000000e+00
5.049424663949966252e+00 1.118359375000000000e+01
5.056446841791562008e+00 6.785156250000000000e+00
5.063184035234819191e+00 9.335937500000000000e+00
5.069796737739030945e+00 9.527343750000000000e+00
5.076775295796336351e+00 9.886718750000000000e+00
5.083619464582811887e+00 6.859375000000000000e+00
5.090291644039015573e+00 7.199218750000000000e+00
5.097312942137300240e+00 8.337890625000000000e+00
5.104051269109270095e+00 6.941406250000000000e+00
