#Time Flux
-3.920669357736603189e+00 -5.212890625000000000e+00
-3.902649032045694355e+00 -5.759765625000000000e+00
-3.889580219670762062e+00 5.136718750000000000e+00
-3.875212216991318570e+00 -4.033203125000000000e+00
-3.858124049692904123e+00 -4.462890625000000000e+00
-3.841163620409384194e+00 -4.128906250000000000e+00
-3.826617155803653247e+00 -2.132812500000000000e+00
-3.811561555074767682e+00 1.412109375000000000e+00
-3.796076229433316129e+00 -1.865234375000000000e+00
-3.779118637227064426e+00 -9.406250000000000000e+00
-3.764164096659616376e+00 -2.707031250000000000e+00
-3.750021806858413242e+00 2.523437500000000000e+00
-3.734254477712553921e+00 -6.226562500000000000e+00
-3.715875194740725362e+00 -4.794921875000000000e+00
-3.698349776534737288e+00 -4.818359375000000000e+00
-3.685302931285644235e+00 6.180664062500000000e+00
-3.670968871950442747e+00 -4.056640625000000000e+00
-3.653717270858326316e+00 -5.240234375000000000e+00
-3.636666581577120638e+00 -1.505859375000000000e+00
-3.621356718276818043e+00 2.093750000000000000e+00
-3.607224628180738080e+00 -3.410156250000000000e+00
-3.591985617843945988e+00 2.157226562500000000e+00
-3.574806995846563140e+00 -6.656250000000000000e+00
-3.559882564198664667e+00 -1.705078125000000000e+00
-3.545680820554835577e+00 3.609375000000000000e+00
-3.529953546099671158e+00 -1.345703125000000000e+00
-3.511779457202598209e+00 -1.213867187500000000e+00
-3.494012048477738830e+00 -3.986328125000000000e+00
-3.481086867932500439e+00 5.898437500000000000e+00
-3.466598539061498840e+00 -2.409179687500000000e+00
-3.449443009859225029e+00 -5.761718750000000000e-01
-3.432483154605757036e+00 1.180664062500000000e+00
-3.419070259066987916e+00 7.104492187500000000e+00
-3.402902484939104966e+00 4.560546875000000000e+00
-3.387769147133571579e+00 1.275390625000000000e+00
-3.370466864497108972e+00 -2.438476562500000000e+00
-3.355541487793265887e+00 2.345703125000000000e+00
-3.340872659238932840e+00 5.132812500000000000e+00
-3.325621652651273408e+00 6.187500000000000000e+00
-3.307219458509131016e+00 1.589843750000000000e+00
-3.289759209814290486e+00 1.770507812500000000e+00
-3.277114705544175166e+00 8.339843750000000000e+00
-3.262743719201338877e+00 1.789062500000000000e+00
-3.245190246728796524e+00 5.117187500000000000e+00
-3.228142868478494520e+00 1.967773437500000000e+00
-3.214559896409252104e+00 5.994140625000000000e+00
-3.198562194162505534e+00 2.286132812500000000e+00
-3.183177663516300271e+00 3.218750000000000000e+00
-3.166143082395524999e+00 3.238281250000000000e+00
-3.151267594101916814e+00 4.914062500000000000e+00
-3.136999017106418819e+00 5.121093750000000000e+00
-3.121273639269517730e+00 3.347656250000000000e+00
-3.103122797539205280e+00 8.182617187500000000e+00
-3.085458400208793250e+00 5.783203125000000000e+00
-3.072616202715940048e+00 1.075976562500000000e+01
-3.058896617586066569e+00 6.422851562500000000e+00
-3.040838052007535097e+00 3.456054687500000000e+00
-3.023802663601850682e+00 1.983398437500000000e+00
-3.010398678455434407e+00 3.119140625000000000e+00
-2.994229727155563126e+00 4.347656250000000000e+00
-2.978833033245802397e+00 5.273437500000000000e+00
-2.961786757976630824e+00 8.666992187500000000e+00
-2.946859370547349144e+00 4.706054687500000000e+00
-2.932682256588998726e+00 7.745117187500000000e+00
-2.916946665470774747e+00 2.324218750000000000e+00
-2.899025378851053603e+00 9.333984375000000000e+00
-2.881374514617045079e+00 3.733398437500000000e+00
-2.868425645666814461e+00 1.333984375000000000e+01
-2.854568357430759207e+00 6.034179687500000000e+00
-2.836877046412439540e+00 6.236328125000000000e+00
-2.819596448644645648e+00 1.168359375000000000e+01
-2.804047244337287026e+00 8.236328125000000000e+00
-2.789706570463064139e+00 5.847656250000000000e+00
-2.774763053434202931e+00 9.296875000000000000e+00
-2.757750790214487324e+00 1.326953125000000000e+01
-2.742518279851969609e+00 1.180664062500000000e+01
-2.726960030556245584e+00 1.354296875000000000e+01
-2.712619694415067784e+00 7.484375000000000000e+00
-2.695440464981784245e+00 1.206250000000000000e+01
-2.677501666099050937e+00 7.660156250000000000e+00
-2.664081160908192913e+00 9.226562500000000000e+00
-2.650189211727330019e+00 9.519531250000000000e+00
-2.632741965813305995e+00 1.314062500000000000e+01
-2.615436409154824560e+00 1.173242187500000000e+01
-2.599719776784784386e+00 1.506835937500000000e+01
-2.585453224453589272e+00 8.137695312500000000e+00
-2.570202121171481835e+00 8.222656250000000000e+00
-2.553454506758749076e+00 1.119921875000000000e+01
-2.538251980306775124e+00 1.058789062500000000e+01
-2.523768831953258740e+00 8.708007812500000000e+00
-2.508056922262005273e+00 9.818359375000000000e+00
-2.491105676928254908e+00 1.101367187500000000e+01
-2.473968912269842946e+00 1.067382812500000000e+01
-2.459846269199896795e+00 1.178125000000000000e+01
-2.445860268006718741e+00 1.155859375000000000e+01
-2.427755886998451018e+00 1.370019531250000000e+01
-2.410998872034202378e+00 1.054394531250000000e+01
-2.397543696186513529e+00 1.541015625000000000e+01
-2.381110159383455382e+00 8.066406250000000000e+00
-2.365626298143080675e+00 9.693359375000000000e+00
-2.349061644568138263e+00 1.436328125000000000e+01
-2.334028560973731459e+00 1.773828125000000000e+01
-2.319635588201336418e+00 1.403906250000000000e+01
-2.303717197962361851e+00 9.404296875000000000e+00
-2.286261955258595435e+00 1.348144531250000000e+01
-2.270235617523427507e+00 1.664453125000000000e+01
-2.255513366550712107e+00 1.315625000000000000e+01
-2.241583698935352587e+00 7.927734375000000000e+00
-2.223480587366410077e+00 1.464843750000000000e+01
-2.206773328309679982e+00 1.620312500000000000e+01
-2.193208353888342899e+00 1.322656250000000000e+01
-2.176861250171342022e+00 1.304980468750000000e+01
-2.161755916609642725e+00 9.562500000000000000e+00
-2.144574100350578050e+00 1.821679687500000000e+01
-2.129687789456422564e+00 1.673632812500000000e+01
-2.115294864181478829e+00 1.427343750000000000e+01
-2.099377348803647791e+00 9.952148437500000000e+00
-2.082420754033856625e+00 1.821875000000000000e+01
-2.066403359152726438e+00 1.607421875000000000e+01
-2.051416733127652492e+00 1.381835937500000000e+01
-2.038018816914568987e+00 1.427929687500000000e+01
-2.019983864293758202e+00 1.452441406250000000e+01
-2.002452523472900481e+00 1.589453125000000000e+01
-1.988578769789807410e+00 1.589843750000000000e+01
-1.972336839065288672e+00 9.666015625000000000e+00
-1.957192572847311851e+00 1.582910156250000000e+01
-1.940611907014240245e+00 1.570996093750000000e+01
-1.925439293283577769e+00 1.734570312500000000e+01
-1.911023099305012352e+00 1.207910156250000000e+01
-1.895171063504692555e+00 1.330371093750000000e+01
-1.878092186047334522e+00 1.855175781250000000e+01
-1.861580216022263201e+00 1.706054687500000000e+01
-1.847076099009527184e+00 1.384863281250000000e+01
-1.833705354581606883e+00 1.473046875000000000e+01
-1.815033394000122868e+00 1.721484375000000000e+01
-1.798109924125899539e+00 1.992773437500000000e+01
-1.784527736708417578e+00 1.835644531250000000e+01
-1.768180988058148273e+00 1.579785156250000000e+01
-1.752916508244597438e+00 1.483984375000000000e+01
-1.736211734986948585e+00 1.929296875000000000e+01
-1.720962928362018474e+00 2.018554687500000000e+01
-1.706682484020703328e+00 1.101464843750000000e+01
-1.690829932733338481e+00 1.004296875000000000e+01
-1.673495978561714281e+00 2.092578125000000000e+01
-1.658046950743997883e+00 2.341015625000000000e+01
-1.642885164684461330e+00 1.134375000000000000e+01
-1.629395971033920532e+00 1.943945312500000000e+01
-1.610698130211742907e+00 1.923242187500000000e+01
-1.593767405680271310e+00 1.872656250000000000e+01
-1.580196177089661091e+00 1.999414062500000000e+01
-1.564088226911696466e+00 1.285937500000000000e+01
-1.548723153258713126e+00 1.618164062500000000e+01
-1.531989638120773378e+00 2.051171875000000000e+01
-1.516665524039037649e+00 1.328515625000000000e+01
-1.502341941554178106e+00 1.886328125000000000e+01
-1.486635215978560964e+00 1.855273437500000000e+01
-1.469700394764668516e+00 2.432617187500000000e+01
-1.453717468082292186e+00 1.751953125000000000e+01
-1.438542164868753304e+00 1.707031250000000000e+01
-1.425025002534969332e+00 1.608398437500000000e+01
-1.406362864968171422e+00 2.013281250000000000e+01
-1.389431685515504000e+00 2.316015625000000000e+01
-1.375948989595578098e+00 2.001757812500000000e+01
-1.359905124739523075e+00 1.296093750000000000e+01
-1.344378816893247119e+00 1.738281250000000000e+01
-1.327672928444773248e+00 2.159375000000000000e+01
-1.312390740999944683e+00 2.227246093750000000e+01
-1.298001372017452582e+00 2.072851562500000000e+01
-1.282147581026963579e+00 1.591406250000000000e+01
-1.265096965803804707e+00 2.062011718750000000e+01
-1.249906473868703571e+00 1.810156250000000000e+01
-1.234337453501311188e+00 1.413867187500000000e+01
-1.220694912990307301e+00 1.771484375000000000e+01
-1.202234921617957752e+00 2.399609375000000000e+01
-1.184981912834173201e+00 2.397265625000000000e+01
-1.171692663607618812e+00 1.558398437500000000e+01
-1.155488761942358167e+00 1.258789062500000000e+01
-1.140034573070686008e+00 2.216796875000000000e+01
-1.123211288478426439e+00 2.348632812500000000e+01
-1.108129287660720053e+00 2.508203125000000000e+01
-1.093664702540305456e+00 1.669140625000000000e+01
-1.077919839897358401e+00 2.233300781250000000e+01
-1.061044628874840967e+00 2.446484375000000000e+01
-1.045350102725318919e+00 2.341210937500000000e+01
-1.030099902228336362e+00 1.495996093750000000e+01
-1.016363944232448802e+00 2.044531250000000000e+01
-9.983368267120429351e-01 2.565527343750000000e+01
-9.807504240095141768e-01 2.511718750000000000e+01
-9.673953293514578888e-01 2.588671875000000000e+01
-9.512461677875982957e-01 1.978125000000000000e+01
-9.360187614783992416e-01 1.997753906250000000e+01
-9.190954063456633349e-01 2.349316406250000000e+01
-9.037223841942250147e-01 2.756835937500000000e+01
-8.893204021027401041e-01 1.847265625000000000e+01
-8.735566948228559170e-01 2.133984375000000000e+01
-8.567100719602951386e-01 2.500585937500000000e+01
-8.415437040318565209e-01 1.788281250000000000e+01
-8.256542084746882892e-01 1.842382812500000000e+01
-8.120019708199741615e-01 2.267773437500000000e+01
-7.935746009873696494e-01 2.274609375000000000e+01
-7.764377971525373567e-01 2.495117187500000000e+01
-7.630914771178431977e-01 2.023437500000000000e+01
-7.469121037718871037e-01 1.904296875000000000e+01
-7.316837025221403223e-01 2.476757812500000000e+01
-7.148957747128434903e-01 2.317285156250000000e+01
-6.993881791704552597e-01 2.462500000000000000e+01
-6.849799517170964691e-01 1.979492187500000000e+01
-6.692131265438554522e-01 1.831835937500000000e+01
-6.524296091886778726e-01 2.866796875000000000e+01
-6.369183958769450982e-01 2.763476562500000000e+01
-6.212411755420195192e-01 2.008300781250000000e+01
-6.076615250327357387e-01 2.407812500000000000e+01
-5.887996526984657919e-01 2.390234375000000000e+01
-5.720689167507799766e-01 2.543359375000000000e+01
-5.589627083677726205e-01 2.316015625000000000e+01
-5.425872579376580518e-01 2.273339843750000000e+01
-5.271673443061750675e-01 2.189648437500000000e+01
-5.105468368046715000e-01 2.301562500000000000e+01
-4.969670347094385932e-01 2.506054687500000000e+01
-4.808041475117548202e-01 1.709765625000000000e+01
-4.647832697555873693e-01 1.933496093750000000e+01
-4.481274147301554933e-01 2.135937500000000000e+01
-4.333448814373817015e-01 2.644531250000000000e+01
-4.168987446152474519e-01 1.919238281250000000e+01
-4.026896161343778147e-01 2.460937500000000000e+01
-3.844593595389902418e-01 2.349804687500000000e+01
-3.678010847321004917e-01 2.161132812500000000e+01
-3.545169501427896108e-01 2.212500000000000000e+01
-3.382697132067526979e-01 2.023437500000000000e+01
-3.227354232059447270e-01 2.331835937500000000e+01
-3.062153736434112261e-01 2.727832031250000000e+01
-2.908193108724823617e-01 2.347656250000000000e+01
-2.763024469400399141e-01 1.905078125000000000e+01
-2.605598284222558902e-01 2.863964843750000000e+01
-2.438023010438765681e-01 3.294042968750000000e+01
-2.291135942853816942e-01 4.925781250000000000e+00
-2.128813304460379641e-01 -7.020312500000000000e+01
-1.986713208143520148e-01 -1.958408203125000000e+02
-1.800596747994660518e-01 -3.885703125000000000e+02
-1.634325379764032249e-01 -5.854619140625000000e+02
-1.501786795831154819e-01 -7.939941406250000000e+02
-1.339425833532708054e-01 -9.926933593750000000e+02
-1.184879221331662791e-01 -1.188980468750000000e+03
-1.018911191298812469e-01 -1.368767578125000000e+03
-8.830618334139828107e-02 -1.544341796875000000e+03
-7.196383969997910413e-02 -1.670365234375000000e+03
-5.638673531743876310e-02 -1.786212890625000000e+03
-3.946186952115304791e-02 -1.834683593750000000e+03
-2.467176082574340512e-02 -1.897955078125000000e+03
-8.419202807068870698e-03 -1.920459960937500000e+03
6.027313807356549091e-03 -1.923515625000000000e+03
2.428257100147845904e-02 -1.901462890625000000e+03
4.095344779425147408e-02 -1.867453125000000000e+03
5.455066842649003434e-02 -1.802394531250000000e+03
7.083439787249545816e-02 -1.704613281250000000e+03
8.598389549842444524e-02 -1.577807617187500000e+03
1.027775475315912956e-01 -1.441803710937500000e+03
1.179488696443513618e-01 -1.276841796875000000e+03
1.323818179167659537e-01 -1.087562500000000000e+03
1.481200248366896233e-01 -8.629355468750000000e+02
1.654710091306874631e-01 -6.449375000000000000e+02
1.816963136059381867e-01 -4.433505859375000000e+02
1.962097179980109019e-01 -2.878437500000000000e+02
2.096617315630986411e-01 -1.284140625000000000e+02
2.286246373991360770e-01 -1.626562500000000000e+01
2.452942832817797125e-01 2.079101562500000000e+01
2.588570251125332788e-01 2.275195312500000000e+01
2.748844954418103725e-01 1.965234375000000000e+01
2.906803202413250631e-01 1.858203125000000000e+01
3.072698138018612468e-01 2.639355468750000000e+01
3.221634134478357225e-01 2.510546875000000000e+01
3.365696906693287360e-01 2.147460937500000000e+01
3.525793815683044841e-01 2.383007812500000000e+01
3.698008160709100878e-01 2.984179687500000000e+01
3.860239119146751108e-01 1.871582031250000000e+01
4.003957689600525782e-01 1.600000000000000000e+01
4.138805657971005303e-01 1.610644531250000000e+01
4.326540891662506993e-01 2.371191406250000000e+01
4.498692543647919706e-01 2.639843750000000000e+01
4.632326477857340308e-01 2.212304687500000000e+01
4.790386832653190652e-01 1.919335937500000000e+01
4.946080679381843481e-01 2.510937500000000000e+01
5.114556132218304185e-01 2.385937500000000000e+01
5.267868757015730097e-01 1.807324218750000000e+01
5.408605915632591632e-01 1.933789062500000000e+01
5.567518890348956973e-01 1.819140625000000000e+01
5.739161519255322474e-01 2.129589843750000000e+01
5.898505233273603210e-01 1.918750000000000000e+01
6.040219718348307509e-01 1.561718750000000000e+01
6.182912839646679259e-01 1.665625000000000000e+01
6.373036263806248769e-01 1.882031250000000000e+01
6.542423045003769033e-01 2.563476562500000000e+01
6.674775086949225056e-01 1.932226562500000000e+01
6.828342886684826141e-01 1.671679687500000000e+01
6.987876896142140026e-01 2.069433593750000000e+01
7.159528605591649608e-01 2.211328125000000000e+01
7.311688098955002602e-01 2.280664062500000000e+01
7.452565283819225783e-01 2.390429687500000000e+01
7.611396441920170730e-01 1.913769531250000000e+01
7.780413540878186041e-01 2.618945312500000000e+01
7.946791272677398155e-01 1.921582031250000000e+01
8.090560939299713539e-01 1.232031250000000000e+01
8.226165092202286644e-01 1.956054687500000000e+01
8.406476533874993606e-01 1.703125000000000000e+01
8.584912115162168789e-01 2.002343750000000000e+01
8.718472032795752114e-01 2.179589843750000000e+01
8.877457313412264739e-01 1.855078125000000000e+01
9.031092845305757066e-01 1.592968750000000000e+01
9.201438662838548055e-01 1.846484375000000000e+01
9.354670873450867674e-01 2.204589843750000000e+01
9.496642310907024154e-01 1.585156250000000000e+01
9.653708991245206761e-01 1.619042968750000000e+01
9.823783293101886471e-01 2.275390625000000000e+01
9.990066445477747692e-01 2.099414062500000000e+01
1.013396024688550057e+00 1.117187500000000000e+01
1.026947853301084734e+00 2.022265625000000000e+01
1.044975923820096853e+00 1.711132812500000000e+01
1.062827988350896646e+00 1.714648437500000000e+01
1.076088749236356890e+00 1.495312500000000000e+01
1.092019917862419476e+00 1.738085937500000000e+01
1.107400981111160476e+00 2.121289062500000000e+01
1.124471823529606951e+00 1.832519531250000000e+01
1.139807082834222385e+00 1.820312500000000000e+01
1.153943410681584680e+00 1.773828125000000000e+01
1.169711133323273700e+00 1.643359375000000000e+01
1.186580156870798319e+00 2.082910156250000000e+01
1.202566194248387177e+00 2.248339843750000000e+01
1.217735982579174703e+00 1.388281250000000000e+01
1.231312675262657308e+00 1.626953125000000000e+01
1.248631698664468104e+00 2.050585937500000000e+01
1.267097305721899048e+00 1.988671875000000000e+01
1.280348969443256379e+00 1.480078125000000000e+01
1.296387776843811679e+00 1.456347656250000000e+01
1.311699145727025950e+00 2.287500000000000000e+01
1.328669557095945919e+00 2.465820312500000000e+01
1.344108326193325098e+00 1.942968750000000000e+01
1.358423220617268612e+00 1.466210937500000000e+01
1.374005856599836761e+00 1.894531250000000000e+01
1.390896107251771596e+00 2.093164062500000000e+01
1.406120347831389950e+00 1.675000000000000000e+01
1.422075867710223207e+00 1.113671875000000000e+01
1.435567360080696631e+00 1.668066406250000000e+01
1.453402537736886657e+00 2.001562500000000000e+01
1.471339689035900733e+00 1.922265625000000000e+01
1.484768751716361024e+00 1.657128906250000000e+01
1.499521368970574642e+00 1.699511718750000000e+01
1.516037644344315538e+00 1.482812500000000000e+01
1.533006728909510841e+00 1.463085937500000000e+01
1.548487402918608424e+00 2.217968750000000000e+01
1.562743131230003968e+00 1.483789062500000000e+01
1.578200654229855004e+00 1.835937500000000000e+01
1.595249304259592549e+00 2.089453125000000000e+01
1.611225280992979236e+00 1.880468750000000000e+01
1.626431213824128363e+00 1.659667968750000000e+01
1.639867605518428917e+00 1.918750000000000000e+01
1.657960939710541481e+00 2.196289062500000000e+01
1.675872614155577978e+00 1.610839843750000000e+01
1.689111786347526234e+00 2.207324218750000000e+01
1.703938628293670376e+00 2.089453125000000000e+01
1.720323565976670466e+00 1.629492187500000000e+01
1.737515174347873170e+00 1.858203125000000000e+01
1.752827527454128287e+00 2.170117187500000000e+01
1.766825125359282822e+00 1.683593750000000000e+01
1.782357774293814145e+00 1.535546875000000000e+01
1.799535160648154886e+00 1.894335937500000000e+01
1.815296380646646668e+00 1.949609375000000000e+01
1.830755818990869699e+00 1.251953125000000000e+01
1.844211001968414365e+00 1.645507812500000000e+01
1.862059218875268485e+00 2.098828125000000000e+01
1.880233585100771876e+00 1.781445312500000000e+01
1.893454855433988726e+00 1.671582031250000000e+01
1.908178298790273786e+00 1.856542968750000000e+01
1.924627227477680336e+00 1.809082031250000000e+01
1.941683794763646276e+00 1.758593750000000000e+01
1.957226075850574176e+00 1.754394531250000000e+01
1.971419823463715915e+00 1.776562500000000000e+01
1.986691445873475459e+00 1.560937500000000000e+01
2.003862665009727095e+00 1.762109375000000000e+01
2.019101361246654847e+00 1.804687500000000000e+01
2.035095785146982195e+00 8.595703125000000000e+00
2.048406013727909425e+00 1.510351562500000000e+01
2.066387585496025636e+00 1.774902343750000000e+01
2.084536495730771932e+00 1.477148437500000000e+01
2.097720706941043289e+00 1.797070312500000000e+01
2.112506851220798509e+00 1.475585937500000000e+01
2.129008352858747344e+00 1.735156250000000000e+01
2.146120596979660178e+00 1.871875000000000000e+01
2.161542881421375739e+00 1.905273437500000000e+01
2.175758128023939975e+00 1.445312500000000000e+01
2.191017124349844636e+00 1.262792968750000000e+01
2.208147758663459470e+00 1.698437500000000000e+01
2.223428472502789077e+00 1.700390625000000000e+01
2.238658764687519565e+00 1.193945312500000000e+01
2.252897551087425398e+00 1.951367187500000000e+01
2.270945914739208149e+00 1.686718750000000000e+01
2.288868460046996844e+00 2.146875000000000000e+01
2.302140897102249895e+00 1.640332031250000000e+01
2.315920908955771296e+00 1.819726562500000000e+01
2.333269905527746602e+00 1.635351562500000000e+01
2.350486227717482279e+00 2.094335937500000000e+01
2.365881977140126935e+00 2.091796875000000000e+01
2.379794546806062172e+00 1.758105468750000000e+01
2.395232895354233449e+00 1.624804687500000000e+01
2.412483346439318055e+00 2.149121093750000000e+01
2.427755587331418496e+00 2.139453125000000000e+01
2.442561757011400658e+00 1.590429687500000000e+01
2.457240903998080483e+00 1.636328125000000000e+01
2.475489480685087784e+00 1.751464843750000000e+01
2.493261566219308278e+00 1.814453125000000000e+01
2.506372475166781300e+00 1.663671875000000000e+01
2.520664495121454962e+00 1.741406250000000000e+01
2.537610566450499761e+00 1.205859375000000000e+01
2.554611745065820116e+00 1.599218750000000000e+01
2.570221301265739555e+00 1.639062500000000000e+01
2.584099962720795673e+00 1.491601562500000000e+01
2.599676609564063767e+00 1.484765625000000000e+01
2.616844526277780858e+00 2.172656250000000000e+01
2.632077786394155794e+00 1.870507812500000000e+01
2.645884159185460049e+00 1.461035156250000000e+01
2.661584141766706324e+00 1.865625000000000000e+01
2.679602621139714813e+00 2.037695312500000000e+01
2.697541641458204964e+00 1.962890625000000000e+01
2.710730380198473455e+00 1.123339843750000000e+01
2.724993402083928373e+00 2.052148437500000000e+01
2.741912661870117063e+00 1.906347656250000000e+01
2.759153740020991563e+00 1.856445312500000000e+01
2.774497030077416326e+00 1.908007812500000000e+01
2.788444158478380785e+00 1.725000000000000000e+01
2.804027043825954024e+00 1.695703125000000000e+01
2.821171896521626365e+00 2.171289062500000000e+01
2.836408665632269788e+00 1.838378906250000000e+01
2.850257120327903237e+00 1.329687500000000000e+01
2.865838742733476607e+00 1.838476562500000000e+01
2.884364052889111463e+00 1.859375000000000000e+01
2.901860288531302956e+00 2.267773437500000000e+01
2.914744065406811302e+00 1.243457031250000000e+01
2.928000145303748525e+00 2.142968750000000000e+01
2.946335113019808105e+00 1.803906250000000000e+01
2.963299799478598118e+00 2.173046875000000000e+01
2.978869122701935268e+00 2.043945312500000000e+01
2.992641326939169844e+00 1.793750000000000000e+01
3.008352487900072703e+00 2.256347656250000000e+01
3.025611319465493665e+00 2.517968750000000000e+01
3.040323209342814081e+00 2.304394531250000000e+01
3.054412322044722572e+00 2.074023437500000000e+01
3.070174180893566529e+00 1.852636718750000000e+01
3.088259500300559068e+00 2.075781250000000000e+01
3.106155639393094248e+00 2.222167968750000000e+01
3.118993071494010394e+00 1.570507812500000000e+01
3.132748534852922262e+00 2.158789062500000000e+01
3.150632800079225859e+00 2.482421875000000000e+01
3.167714630365351169e+00 2.613476562500000000e+01
3.182750544272405335e+00 2.112304687500000000e+01
3.197132325661225849e+00 2.292968750000000000e+01
3.212751347326042506e+00 2.399707031250000000e+01
3.229646139801719329e+00 2.769628906250000000e+01
3.244663264585751605e+00 2.074414062500000000e+01
3.258859336137547302e+00 2.253125000000000000e+01
3.274507895252220635e+00 2.389062500000000000e+01
3.292805666069785531e+00 2.777734375000000000e+01
3.310360454170623967e+00 2.669531250000000000e+01
3.323327293019652018e+00 1.771875000000000000e+01
3.337077443990907000e+00 2.876171875000000000e+01
3.355018422475035678e+00 2.579492187500000000e+01
3.371987794694184970e+00 2.666015625000000000e+01
3.386197325175778872e+00 2.421191406250000000e+01
3.401476496847902098e+00 2.264648437500000000e+01
3.417011384467492974e+00 2.861718750000000000e+01
3.434093321750093963e+00 3.004296875000000000e+01
3.449003244009572811e+00 2.391406250000000000e+01
3.462951222730128009e+00 2.299414062500000000e+01
3.478757845736364374e+00 2.848437500000000000e+01
3.496916352984193566e+00 2.565820312500000000e+01
3.514699993897412611e+00 2.740429687500000000e+01
3.527232429788876189e+00 1.908007812500000000e+01
3.540826675951027624e+00 2.607031250000000000e+01
3.559360110410120015e+00 2.519335937500000000e+01
3.576451100537003214e+00 3.219140625000000000e+01
3.591634379820789036e+00 2.279492187500000000e+01
3.605527742625952214e+00 2.466210937500000000e+01
3.621344981650487682e+00 3.366015625000000000e+01
3.638481096143003413e+00 3.173632812500000000e+01
3.653392054190032212e+00 2.773437500000000000e+01
3.667136866209313339e+00 2.514843750000000000e+01
3.683094378873631669e+00 3.206835937500000000e+01
3.701947692763495112e+00 3.471679687500000000e+01
3.719091988298984575e+00 2.968652343750000000e+01
3.731543306389834669e+00 1.874218750000000000e+01
3.744787275080316391e+00 3.335156250000000000e+01
3.763655359096052422e+00 3.096679687500000000e+01
3.780729902219588823e+00 2.694042968750000000e+01
3.795968932140567631e+00 2.658984375000000000e+01
3.809872284828259126e+00 2.330078125000000000e+01
3.825678650203350628e+00 3.316406250000000000e+01
3.842832492920921439e+00 2.858398437500000000e+01
3.858063025945092761e+00 3.095800781250000000e+01
3.871476821884408892e+00 2.910546875000000000e+01
3.887287156199413118e+00 3.329589843750000000e+01
3.905342534676359278e+00 3.628808593750000000e+01
3.923378957161222758e+00 2.952343750000000000e+01
3.935782405797940697e+00 2.708886718750000000e+01
3.949010477226025273e+00 3.234179687500000000e+01
3.967838213834792072e+00 3.513085937500000000e+01
3.985196121728886709e+00 3.620703125000000000e+01
4.000545366878302644e+00 2.566015625000000000e+01
4.013981868649761253e+00 2.725683593750000000e+01
4.029624626282252819e+00 3.157421875000000000e+01
4.047200459913778303e+00 2.876171875000000000e+01
4.062683431769167797e+00 2.958203125000000000e+01
4.075812201593219442e+00 2.577734375000000000e+01
4.091400445714249656e+00 3.210937500000000000e+01
4.109240121276599211e+00 3.578125000000000000e+01
4.127774459512963290e+00 2.577050781250000000e+01
4.140214706266601041e+00 2.743750000000000000e+01
4.153319124197862422e+00 3.160156250000000000e+01
4.171640888317313056e+00 2.753125000000000000e+01
4.189593495960522773e+00 3.233007812500000000e+01
4.204886887637346859e+00 2.256250000000000000e+01
4.218561364649019652e+00 2.613281250000000000e+01
4.233741846356416261e+00 2.748437500000000000e+01
4.251503656067130876e+00 2.928808593750000000e+01
4.266750741285733284e+00 2.208593750000000000e+01
4.280298392048965894e+00 1.954492187500000000e+01
4.295967509407596197e+00 1.773632812500000000e+01
4.313569315348360078e+00 2.201269531250000000e+01
4.332057932066565087e+00 2.337304687500000000e+01
4.344372835411146383e+00 1.116406250000000000e+01
4.357632938845835469e+00 2.250390625000000000e+01
4.375749685814685819e+00 2.050292968750000000e+01
4.393823963112225783e+00 2.030273437500000000e+01
4.409252208906464077e+00 1.544824218750000000e+01
4.422128148155962890e+00 1.872656250000000000e+01
4.438189209038940319e+00 2.101269531250000000e+01
4.455790070726287411e+00 2.102343750000000000e+01
4.471350747680029158e+00 1.067382812500000000e+01
4.484825621091303560e+00 9.595703125000000000e+00
4.500178384266281029e+00 1.099414062500000000e+01
4.517700838899163074e+00 1.224218750000000000e+01
4.536441183934446286e+00 6.078125000000000000e+00
4.548801311061684061e+00 2.735351562500000000e+00
4.561774787365578732e+00 8.976562500000000000e+00
4.580560199858153325e+00 2.390625000000000000e+00
4.598272927708691782e+00 7.454101562500000000e+00
4.613592794741334657e+00 -4.532226562500000000e+00
4.626138707323939059e+00 1.821289062500000000e+00
4.642631627973312192e+00 8.164062500000000000e-01
4.660117470663315942e+00 3.710937500000000000e+00
4.675684426764840751e+00 -3.087890625000000000e+00
4.688844478495450829e+00 -9.179687500000000000e+00
4.704522987128246569e+00 -5.095703125000000000e+00
4.721926375365139705e+00 -4.998046875000000000e+00
4.740601763078693409e+00 -5.402343750000000000e+00
4.752915412950674323e+00 -1.207031250000000000e+01
4.766118931085514987e+00 -7.281250000000000000e+00
4.784629511103673849e+00 -9.718750000000000000e+00
4.802491513079729657e+00 -7.602539062500000000e+00
4.817373049461732393e+00 -1.316601562500000000e+01
4.830467990213314522e+00 -1.474707031250000000e+01
4.846764192574866570e+00 -1.413671875000000000e+01
4.864359840004794933e+00 -1.172656250000000000e+01
4.879717942890501092e+00 -1.428710937500000000e+01
4.893493153645218641e+00 -1.865625000000000000e+01
4.909108255149586597e+00 -1.682617187500000000e+01
4.926361543241927876e+00 -1.692578125000000000e+01
4.944813536481490246e+00 -1.497265625000000000e+01
4.957289521649890673e+00 -2.020703125000000000e+01
4.970604787330032082e+00 -1.492578125000000000e+01
4.989216922320336423e+00 -2.082714843750000000e+01
5.006780130392787242e+00 -1.769726562500000000e+01
5.019970014961494087e+00 -2.255273437500000000e+01
5.034797263833119985e+00 -1.745312500000000000e+01
5.051319309318639483e+00 -2.240039062500000000e+01
5.068692396791334431e+00 -2.045117187500000000e+01
5.083674897011237093e+00 -2.274023437500000000e+01
5.097532585135052585e+00 -2.325000000000000000e+01
5.113473826288084112e+00 -4.026367187500000000e+01
5.131080553670056332e+00 -9.792382812500000000e+01
5.148440290357129356e+00 -1.646523437500000000e+02
5.161595914235508786e+00 -2.091015625000000000e+02
5.175021683851793952e+00 -2.128261718750000000e+02
5.193922381168192715e+00 -2.141015625000000000e+02
5.210977882251697224e+00 -2.156718750000000000e+02
5.224312127459619148e+00 -2.191171875000000000e+02
5.239858653022313462e+00 -2.145136718750000000e+02
5.255546825033105662e+00 -2.169404296875000000e+02
5.272941246512210967e+00 -2.129023437500000000e+02
5.288013362861251565e+00 -2.197958984375000000e+02
5.302213278433837829e+00 -2.123398437500000000e+02
5.317978582050656655e+00 -1.836435546875000000e+02
5.334933469246745830e+00 -1.157441406250000000e+02
5.351690640232241947e+00 -5.557226562500000000e+01
5.365966069062942267e+00 -3.274414062500000000e+01
5.379432778010968974e+00 -1.904687500000000000e+01
5.397873874004288197e+00 -1.519238281250000000e+01
5.415208645810331234e+00 -1.687500000000000000e+01
5.428627819917140940e+00 -2.127734375000000000e+01
5.444185618148114969e+00 -1.183789062500000000e+01
5.459993879343134182e+00 -1.755371093750000000e+01
5.477026799946418834e+00 -1.240625000000000000e+01
5.491946874500172271e+00 -1.310742187500000000e+01
5.506547811366827361e+00 -1.680859375000000000e+01
5.522316028979204816e+00 -1.536132812500000000e+01
5.539185780247212421e+00 -1.845312500000000000e+01
5.555645676778638631e+00 -1.239355468750000000e+01
5.570215450721173411e+00 -1.837207031250000000e+01
5.583713661733114009e+00 -1.628515625000000000e+01
5.601723897658690277e+00 -1.447753906250000000e+01
5.619540549833681453e+00 -1.132031250000000000e+01
5.632958388548662043e+00 -2.125195312500000000e+01
5.648512682459770673e+00 -1.112109375000000000e+01
5.664135011582786206e+00 -1.662109375000000000e+01
5.681273667417642059e+00 -1.519140625000000000e+01
5.696598141663043791e+00 -1.697851562500000000e+01
5.710882278932613687e+00 -1.378125000000000000e+01
5.726536009136765415e+00 -1.462695312500000000e+01
5.743604956726041877e+00 -1.442187500000000000e+01
5.759603423008066159e+00 -1.056250000000000000e+01
5.774259317861465846e+00 -1.082617187500000000e+01
5.788042938318524122e+00 -1.319140625000000000e+01
5.806530705729526787e+00 -1.283886718750000000e+01
5.824110377205858669e+00 -9.474609375000000000e+00
5.837393134750417545e+00 -1.065234375000000000e+01
5.852114368633287711e+00 -8.344726562500000000e+00
5.868566049915115101e+00 -8.532226562500000000e+00
5.885613473204372781e+00 -1.140136718750000000e+01
5.901029085621134485e+00 -1.234472656250000000e+01
5.915026184026604739e+00 -1.462109375000000000e+01
5.930880098141500412e+00 -1.054101562500000000e+01
5.947940778031036047e+00 -8.912109375000000000e+00
5.963933978149562165e+00 -8.468750000000000000e+00
5.978325658556201461e+00 -1.339453125000000000e+01
5.992206984388889879e+00 -8.816406250000000000e+00
6.010859189340406417e+00 -1.442382812500000000e+01
6.028442944462501174e+00 -7.210937500000000000e+00
6.041643862251234509e+00 -1.284375000000000000e+01
6.056443497781678786e+00 -8.595703125000000000e+00
6.072792850280812615e+00 -1.170703125000000000e+01
6.089846116644121565e+00 -1.157617187500000000e+01
6.105367718061474491e+00 -1.128710937500000000e+01
6.119215322213841901e+00 -7.121093750000000000e+00
6.135121700765122199e+00 -1.246875000000000000e+01
6.152276401022529484e+00 -1.105273437500000000e+01
6.168632903687083058e+00 -9.547851562500000000e+00
6.182655614391620702e+00 -1.242187500000000000e+01
6.196629850667179085e+00 -8.832031250000000000e+00
6.214935215643606625e+00 -1.204687500000000000e+01
6.232669941073645248e+00 -1.018750000000000000e+01
6.245854213044520264e+00 -1.160546875000000000e+01
6.260372965259859868e+00 -6.381835937500000000e+00
6.277147697811930271e+00 -8.449218750000000000e+00
6.294108583287204794e+00 -1.303906250000000000e+01
6.309605449307216674e+00 -1.310937500000000000e+01
6.323704056159359155e+00 -7.666015625000000000e+00
6.339066076282009021e+00 -8.902343750000000000e+00
6.356457560152584563e+00 -4.066406250000000000e+00
6.372451408871716794e+00 -9.394531250000000000e+00
6.386985447408875416e+00 -5.337890625000000000e+00
6.401063606201841338e+00 -7.507812500000000000e+00
6.419913748146036880e+00 -7.958984375000000000e+00
6.436907801096960924e+00 -1.123828125000000000e+01
6.450065354146854446e+00 -1.164453125000000000e+01
6.464701215421639446e+00 -1.082128906250000000e+01
6.481488628323464951e+00 -7.841796875000000000e+00
6.498452728964373648e+00 -1.053125000000000000e+01
6.513156976175585200e+00 -8.628906250000000000e+00
6.527940716415326250e+00 -1.142578125000000000e+01
6.543708269231096608e+00 -1.101562500000000000e+01
6.560822604712743811e+00 -1.265917968750000000e+01
6.576242106316090741e+00 -1.144531250000000000e+01
6.590430340950671706e+00 -8.611328125000000000e+00
6.605406745024719584e+00 -1.353320312500000000e+01
6.623844412133619741e+00 -1.391894531250000000e+01
6.641251019948096967e+00 -1.180859375000000000e+01
6.654577996861817724e+00 -1.129687500000000000e+01
6.669029509457443439e+00 -7.269531250000000000e+00
6.685925295693904147e+00 -7.974609375000000000e+00
6.702824373206448527e+00 -9.221679687500000000e+00
6.717492615985454663e+00 -1.403808593750000000e+01
6.732381600029343716e+00 -7.055664062500000000e+00
6.747844195000398670e+00 -1.177343750000000000e+01
6.765061188186985319e+00 -1.086132812500000000e+01
6.780574853434405469e+00 -1.526171875000000000e+01
6.794758721679510671e+00 -1.026171875000000000e+01
6.809749567772723111e+00 -1.115429687500000000e+01
6.828172927391277014e+00 -1.283007812500000000e+01
6.845571485243986842e+00 -1.105664062500000000e+01
6.858737492453283124e+00 -1.526953125000000000e+01
6.873297209365670568e+00 -9.011718750000000000e+00
6.890149431869495800e+00 -1.361328125000000000e+01
6.907163976270448202e+00 -1.254492187500000000e+01
6.921828278208911556e+00 -1.330761718750000000e+01
6.936717305730285332e+00 -1.057812500000000000e+01
6.952312932246957899e+00 -1.430859375000000000e+01
6.969316656172846791e+00 -1.154687500000000000e+01
6.984907830829502728e+00 -1.560156250000000000e+01
6.999087186118241988e+00 -1.402148437500000000e+01
7.014157430999263809e+00 -1.550683593750000000e+01
7.032027218707685989e+00 -1.575390625000000000e+01
7.049909170707529427e+00 -1.084765625000000000e+01
7.063018286658291345e+00 -1.892187500000000000e+01
7.078089365291184265e+00 -9.648437500000000000e+00
7.094383795113298419e+00 -1.421875000000000000e+01
7.111485314490899157e+00 -1.119531250000000000e+01
7.126983424977579418e+00 -1.559179687500000000e+01
7.141133247241548077e+00 -1.267187500000000000e+01
7.156657398786581581e+00 -1.210937500000000000e+01
7.173653393309901816e+00 -1.363867187500000000e+01
7.188659734579495364e+00 -1.465332031250000000e+01
7.203860044516281036e+00 -1.042675781250000000e+01
7.218425210550760696e+00 -1.482812500000000000e+01
7.236581788378941837e+00 -1.773828125000000000e+01
7.254246786780264244e+00 -1.479296875000000000e+01
7.267362334677557101e+00 -1.953515625000000000e+01
7.282073242242020683e+00 -1.290234375000000000e+01
7.298792155034915297e+00 -1.721484375000000000e+01
7.315829493921235382e+00 -1.584375000000000000e+01
7.331324342763464230e+00 -2.080468750000000000e+01
7.345507038406562828e+00 -1.415625000000000000e+01
7.360700877805768982e+00 -1.797656250000000000e+01
7.377735519958804389e+00 -1.497265625000000000e+01
7.392835888733058525e+00 -2.129785156250000000e+01
7.407351419109827972e+00 -1.362792968750000000e+01
7.422841371125791454e+00 -1.532519531250000000e+01
7.440911100896016706e+00 -1.233593750000000000e+01
7.458525073309321129e+00 -1.623925781250000000e+01
7.471409545893454407e+00 -1.486132812500000000e+01
7.485913078136951171e+00 -1.269824218750000000e+01
7.503056084872422815e+00 -1.713085937500000000e+01
7.520183259785762075e+00 -1.393945312500000000e+01
7.535656142004970803e+00 -1.625585937500000000e+01
7.549816202484331384e+00 -1.292871093750000000e+01
7.565192328781050080e+00 -1.705566406250000000e+01
7.582079846450795912e+00 -1.808203125000000000e+01
7.597168352143595982e+00 -2.081445312500000000e+01
7.611298940020043702e+00 -1.837109375000000000e+01
7.627121394879122107e+00 -1.314843750000000000e+01
7.645240192696917347e+00 -1.934765625000000000e+01
7.662807287691336455e+00 -1.614843750000000000e+01
7.675702052032159273e+00 -1.550976562500000000e+01
7.690241012391203057e+00 -1.046093750000000000e+01
7.707392203378457651e+00 -1.618945312500000000e+01
7.724401657968616774e+00 -1.372460937500000000e+01
7.739997950899212498e+00 -1.686718750000000000e+01
7.754182042508968919e+00 -1.378515625000000000e+01
7.769368837483209944e+00 -1.733886718750000000e+01
7.786323490469293063e+00 -1.690234375000000000e+01
7.801558964111833916e+00 -1.896484375000000000e+01
7.816020400565214743e+00 -1.441210937500000000e+01
7.831464135205077781e+00 -1.408398437500000000e+01
7.849569464243074890e+00 -1.869531250000000000e+01
7.867142805732209254e+00 -1.571972656250000000e+01
7.880041368590775974e+00 -1.914257812500000000e+01
7.894943004213825333e+00 -1.651757812500000000e+01
7.911780301790319214e+00 -1.991601562500000000e+01
7.928673761267809539e+00 -1.325292968750000000e+01
7.943506624178032993e+00 -1.811718750000000000e+01
7.958442420087401104e+00 -1.691015625000000000e+01
7.973727295155306649e+00 -1.510742187500000000e+01
7.990884317160505290e+00 -1.345019531250000000e+01
8.005780546742595760e+00 -1.616406250000000000e+01
8.019982160117027803e+00 -1.901171875000000000e+01
8.035785969175760712e+00 -1.385937500000000000e+01
8.054143431043483403e+00 -1.735644531250000000e+01
8.071409604084553990e+00 -1.754003906250000000e+01
8.084223149836383016e+00 -1.872656250000000000e+01
8.098804294441210416e+00 -1.540917968750000000e+01
8.116064637729049736e+00 -2.262988281250000000e+01
8.133011518384982708e+00 -2.516406250000000000e+01
8.147842420450094991e+00 -2.097363281250000000e+01
8.162731145644515962e+00 -1.833789062500000000e+01
8.178071879267129418e+00 -1.906054687500000000e+01
8.195112887852445738e+00 -1.586523437500000000e+01
8.210057350232832007e+00 -1.810644531250000000e+01
8.224317424393674969e+00 -1.734179687500000000e+01
8.240149965815998456e+00 -1.796484375000000000e+01
8.258001442255068270e+00 -1.696289062500000000e+01
8.275669748139311110e+00 -1.725390625000000000e+01
8.288562153339647409e+00 -1.366894531250000000e+01
8.302664243447672732e+00 -1.650585937500000000e+01
8.320400753499324509e+00 -2.162011718750000000e+01
8.337466415929810637e+00 -1.854003906250000000e+01
8.351055378511153648e+00 -2.055859375000000000e+01
8.367097107613396645e+00 -1.833984375000000000e+01
8.382416466471234173e+00 -1.885156250000000000e+01
8.399311059514854350e+00 -1.469531250000000000e+01
8.414336493903867620e+00 -2.191210937500000000e+01
8.428543671128771564e+00 -1.600390625000000000e+01
8.444492755851296550e+00 -1.499023437500000000e+01
8.462330580098228694e+00 -1.664257812500000000e+01
8.479355003444503325e+00 -1.508300781250000000e+01
8.492699290819894387e+00 -1.375488281250000000e+01
8.506599327903145991e+00 -1.525000000000000000e+01
8.524804547897989693e+00 -1.621484375000000000e+01
8.541800230874940780e+00 -1.875488281250000000e+01
8.555390189673124368e+00 -2.033300781250000000e+01
8.571424239445939008e+00 -1.625195312500000000e+01
8.586675488941843071e+00 -1.369726562500000000e+01
8.603613236364367367e+00 -2.124414062500000000e+01
8.618676533867294154e+00 -1.969921875000000000e+01
8.632941469176106608e+00 -1.350000000000000000e+01
8.648777150155424920e+00 -1.718359375000000000e+01
8.666433089713031279e+00 -1.979492187500000000e+01
8.683252564724439182e+00 -1.604003906250000000e+01
8.696901005062532164e+00 -1.840234375000000000e+01
8.710279078205145353e+00 -1.648046875000000000e+01
8.728834719282140497e+00 -1.989257812500000000e+01
8.746024852502550573e+00 -2.054101562500000000e+01
8.759458233454896714e+00 -1.728320312500000000e+01
8.775737841269306116e+00 -1.764941406250000000e+01
8.791022926675395865e+00 -2.072265625000000000e+01
8.807943958092550929e+00 -1.614062500000000000e+01
8.823074310371170625e+00 -2.123437500000000000e+01
8.837170317767654382e+00 -1.852343750000000000e+01
8.853178485173611278e+00 -1.487304687500000000e+01
8.870988707144011443e+00 -1.878222656250000000e+01
8.887635841229084122e+00 -2.236328125000000000e+01
8.901133229383338730e+00 -1.614843750000000000e+01
8.914629375572619807e+00 -1.498437500000000000e+01
8.933409245237907470e+00 -2.007910156250000000e+01
8.950330454692586812e+00 -1.639257812500000000e+01
8.963798219518029242e+00 -1.928906250000000000e+01
8.980068029605757118e+00 -1.290625000000000000e+01
8.995403911448708101e+00 -1.738281250000000000e+01
9.012274662940512826e+00 -1.800000000000000000e+01
9.027354568979417238e+00 -1.683398437500000000e+01
9.041539906348754485e+00 -1.534570312500000000e+01
9.057486473346200384e+00 -1.416113281250000000e+01
9.074273350211132794e+00 -1.783593750000000000e+01
9.090949568361930133e+00 -1.699804687500000000e+01
9.105581314873266052e+00 -1.572851562500000000e+01
9.118956317415356949e+00 -1.900781250000000000e+01
9.137493306797814796e+00 -1.594628906250000000e+01
9.154631431218939852e+00 -1.841308593750000000e+01
9.168394718401321697e+00 -1.805957031250000000e+01
9.184409009246751410e+00 -1.145214843750000000e+01
9.199643819389578425e+00 -1.473046875000000000e+01
9.216597253041847182e+00 -1.616015625000000000e+01
9.231697113590819015e+00 -1.655078125000000000e+01
9.245879981935269498e+00 -1.385644531250000000e+01
9.261826556143189393e+00 -1.827734375000000000e+01
9.278579064359041340e+00 -1.661132812500000000e+01
9.295277790856880884e+00 -1.561425781250000000e+01
9.309708144609462721e+00 -1.784082031250000000e+01
9.323283354478551388e+00 -1.258203125000000000e+01
9.341822491727334921e+00 -1.448925781250000000e+01
9.358927032566121795e+00 -1.730859375000000000e+01
9.372465910294932812e+00 -1.427050781250000000e+01
9.388818368752939847e+00 -1.251367187500000000e+01
9.404027474030044687e+00 -1.215429687500000000e+01
9.420931535329010842e+00 -1.409179687500000000e+01
9.436091526735994606e+00 -1.680078125000000000e+01
9.450257662538113834e+00 -1.372656250000000000e+01
9.466166466128909107e+00 -9.332031250000000000e+00
9.482935340819512504e+00 -1.215429687500000000e+01
9.499540003528942123e+00 -1.399414062500000000e+01
9.514048955999019341e+00 -1.589843750000000000e+01
9.527610386892408911e+00 -1.337304687500000000e+01
9.546151821044595920e+00 -1.360644531250000000e+01
9.563360711025008953e+00 -1.473632812500000000e+01
9.576693591162197094e+00 -9.742187500000000000e+00
9.592968704118533196e+00 -1.301464843750000000e+01
9.608307865652911062e+00 -1.226367187500000000e+01
9.625265688751689197e+00 -1.090234375000000000e+01
9.640483878173096599e+00 -1.259375000000000000e+01
9.654703007409972670e+00 -7.689453125000000000e+00
9.670638329431685776e+00 -1.387109375000000000e+01
9.687252281828227396e+00 -8.322265625000000000e+00
9.703012585516267663e+00 -1.520507812500000000e+01
9.718378779494905473e+00 -1.045898437500000000e+01
9.731938813255514020e+00 -1.258203125000000000e+01
9.750654210203567374e+00 -1.366015625000000000e+01
9.767653669977216069e+00 -1.189843750000000000e+01
9.781011830003491170e+00 -1.531835937500000000e+01
9.797299800995091346e+00 -1.261230468750000000e+01
9.812669001486018061e+00 -1.400390625000000000e+01
9.829565979152778965e+00 -1.148437500000000000e+01
9.844719033391511331e+00 -1.713378906250000000e+01
9.858899871315935926e+00 -1.160253906250000000e+01
9.874929320211002448e+00 -1.564843750000000000e+01
9.891588821648587881e+00 -1.362207031250000000e+01
9.907341651440225050e+00 -1.668945312500000000e+01
9.922730550132687455e+00 -1.233789062500000000e+01
9.936291302677984660e+00 -1.577148437500000000e+01
9.954810262702785906e+00 -1.074414062500000000e+01
9.971994410615360849e+00 -1.157324218750000000e+01
9.985335485176772607e+00 -1.095117187500000000e+01
1.000154670764761278e+01 -1.125390625000000000e+01
1.001691504659799214e+01 -1.327636718750000000e+01
1.003391051792810984e+01 -1.721875000000000000e+01
1.004906022132642640e+01 -1.340722656250000000e+01
1.006328587305315381e+01 -1.000976562500000000e+01
1.007929335201660948e+01 -1.462890625000000000e+01
1.009592541559479706e+01 -1.149511718750000000e+01
1.011134802991221804e+01 -1.123437500000000000e+01
1.012703000048508351e+01 -1.038085937500000000e+01
1.014084933873099459e+01 -1.407617187500000000e+01
1.015931575192174208e+01 -1.004296875000000000e+01
1.017624676742929424e+01 -1.447265625000000000e+01
1.018955247253653695e+01 -1.167382812500000000e+01
1.020586787995921796e+01 -1.204101562500000000e+01
1.022129249609562507e+01 -1.309082031250000000e+01
1.023824890199139048e+01 -1.327343750000000000e+01
1.025249871991854889e+01 -1.708300781250000000e+01
1.026771143501683525e+01 -1.444335937500000000e+01
1.028376843201008306e+01 -1.273535156250000000e+01
1.030024401443928639e+01 -1.488476562500000000e+01
1.031567824867164163e+01 -1.370703125000000000e+01
1.033132859250342150e+01 -1.120117187500000000e+01
1.034544958762178446e+01 -1.015039062500000000e+01
1.036346868256584486e+01 -1.509863281250000000e+01
1.038055633952107826e+01 -1.322265625000000000e+01
1.039385591378001017e+01 -7.476562500000000000e+00
1.041036949110991117e+01 -1.343945312500000000e+01
1.042544614203402453e+01 -1.567187500000000000e+01
1.044211467050849151e+01 -9.932617187500000000e+00
1.045570429867286144e+01 -1.151660156250000000e+01
1.047205072188954489e+01 -1.641992187500000000e+01
1.048794738028263751e+01 -1.158398437500000000e+01
1.050458645129272561e+01 -9.020507812500000000e+00
1.051954516460392774e+01 -1.198925781250000000e+01
1.053585512414120551e+01 -1.083984375000000000e+01
1.055031164486225670e+01 -1.178222656250000000e+01
1.056761877413128659e+01 -7.029296875000000000e+00
1.058471361866199700e+01 -9.716796875000000000e+00
1.059819385512443013e+01 -6.433593750000000000e+00
1.061469675040995497e+01 -9.437500000000000000e+00
1.062966890121644781e+01 -3.552734375000000000e+00
1.064625730880432997e+01 -1.154882812500000000e+01
1.066003915267930857e+01 -1.005566406250000000e+01
1.067635190489523112e+01 -7.231445312500000000e+00
1.069216507558641815e+01 -9.979492187500000000e+00
1.070892096755973455e+01 -5.375000000000000000e+00
1.072356328153996685e+01 -1.247656250000000000e+01
1.074000483772309522e+01 -3.697265625000000000e+00
1.075459646282865123e+01 -1.172265625000000000e+01
1.077230757950549744e+01 -5.199218750000000000e+00
1.078920168949338532e+01 -7.652343750000000000e+00
1.080254821889285566e+01 -6.605468750000000000e+00
1.081902400319801671e+01 -1.064843750000000000e+01
1.083401211920174489e+01 -8.136718750000000000e+00
1.085079407989036682e+01 -9.481445312500000000e+00
1.086458882222246558e+01 -6.324218750000000000e+00
1.088069281348794348e+01 -6.512695312500000000e+00
1.089629165559198931e+01 -7.363281250000000000e+00
1.091325272426094628e+01 -9.464843750000000000e+00
1.092781427349690304e+01 -9.861328125000000000e+00
1.094307819764852319e+01 -4.384765625000000000e+00
1.095793752691952605e+01 -8.622070312500000000e+00
1.097645627274830105e+01 -1.456835937500000000e+01
1.099358292825426986e+01 -6.560546875000000000e+00
1.100705436029188711e+01 -5.690429687500000000e+00
1.102322640620400662e+01 -7.366210937500000000e+00
1.103824182239505802e+01 -1.019726562500000000e+01
1.105505191512968821e+01 -5.603515625000000000e+00
1.107075977790668020e+01 -8.810546875000000000e+00
1.108503374996576341e+01 -8.214843750000000000e+00
1.110048561020953883e+01 -6.525390625000000000e+00
1.111723613543537681e+01 -1.357812500000000000e+01
1.113256052877551561e+01 -1.041796875000000000e+01
1.114786531122641122e+01 -4.101562500000000000e+00
1.116213640310499677e+01 -7.083007812500000000e+00
1.118013294206565433e+01 -7.408203125000000000e+00
1.119792516520764991e+01 -1.053906250000000000e+01
1.121139379341563469e+01 -3.714843750000000000e+00
1.122756597014518221e+01 -8.542968750000000000e+00
1.124254767394774390e+01 -4.074218750000000000e+00
1.125938957447254296e+01 -3.402343750000000000e+00
1.127510789089289567e+01 -1.623046875000000000e+00
1.128937466455386485e+01 -4.535156250000000000e+00
1.130484958715857502e+01 -2.996093750000000000e+00
1.132183290049540503e+01 -9.029296875000000000e+00
1.133697946047605321e+01 -9.870117187500000000e+00
1.135299052237796857e+01 4.408203125000000000e+00
1.136650740412863492e+01 -1.023144531250000000e+01
1.138423605698556074e+01 -6.334960937500000000e+00
1.140228810033517348e+01 -8.618164062500000000e+00
1.141564047809244897e+01 -4.892578125000000000e+00
1.143162299590198749e+01 -7.376953125000000000e+00
1.144690541807098150e+01 -8.122070312500000000e+00
1.146381328946376144e+01 -3.491210937500000000e+00
1.147944527518497537e+01 -8.413085937500000000e+00
1.149371555679022450e+01 -3.708984375000000000e+00
1.150913507007873804e+01 -7.720703125000000000e+00
1.152596123117369409e+01 -3.225585937500000000e+00
1.154101396319969552e+01 -5.003906250000000000e+00
1.155606415999553427e+01 2.929687500000000000e-02
1.157076621970332297e+01 -7.530273437500000000e+00
1.158879068293998671e+01 -7.242187500000000000e+00
1.160676363013811141e+01 -6.494140625000000000e+00
1.161989155693964904e+01 -1.269531250000000000e-01
1.163424884629928613e+01 -4.183593750000000000e+00
1.165132311445956148e+01 -7.086914062500000000e+00
1.166820695322597246e+01 -5.753906250000000000e+00
1.168377728361251400e+01 3.125000000000000000e-02
1.169789022162009573e+01 -1.205078125000000000e+00
1.171335130191721596e+01 -6.524414062500000000e+00
1.173030136828206871e+01 -3.423828125000000000e+00
1.174528099262256831e+01 -7.714843750000000000e-01
1.175967912370823143e+01 2.976562500000000000e+00
1.177517130226027042e+01 -3.720703125000000000e+00
