#Time Flux
-1.256418631375936457e+01 -2.507812500000000000e+00
-1.251423759175135331e+01 -3.719238281250000000e+00
-1.246369930326147824e+01 -3.561523437500000000e+00
-1.241225895256650347e+01 -2.602539062500000000e+00
-1.236283174996174239e+01 -2.632324218750000000e+00
-1.231147215898025138e+01 -3.365234375000000000e+00
-1.226130120001846535e+01 -3.572753906250000000e+00
-1.221040770554834864e+01 -3.933593750000000000e+00
-1.216105960696967259e+01 -2.691406250000000000e+00
-1.211113126656255190e+01 -3.835449218750000000e+00
-1.206068733753490108e+01 -2.201416015625000000e+00
-1.201143695488849517e+01 -1.866210937500000000e+00
-1.195907782198889890e+01 -2.224121093750000000e+00
-1.191006212563547706e+01 -2.753417968750000000e+00
-1.185736263198407414e+01 -1.937988281250000000e+00
-1.180814654887711868e+01 -2.489013671875000000e+00
-1.175816710574727608e+01 -1.840820312500000000e+00
-1.170829753370384196e+01 -2.907226562500000000e+00
-1.165689758783305763e+01 -2.847167968750000000e+00
-1.160705636596628665e+01 -2.172363281250000000e+00
-1.155540961948216250e+01 -2.947265625000000000e+00
-1.150689835228422453e+01 -3.901855468750000000e+00
-1.145665279926187452e+01 -3.447265625000000000e+00
-1.140499310306785219e+01 -3.981689453125000000e+00
-1.135505967635526758e+01 -2.979980468750000000e+00
-1.130494940632001999e+01 -3.675292968750000000e+00
-1.125540904504660489e+01 -4.484375000000000000e+00
-1.120479599674541760e+01 -3.835205078125000000e+00
-1.115427053247316280e+01 -2.978515625000000000e+00
-1.110392663861421170e+01 -4.706054687500000000e+00
-1.105441553278109268e+01 -2.998535156250000000e+00
-1.100233912647820489e+01 -2.101562500000000000e+00
-1.095224649645064119e+01 -3.624023437500000000e+00
-1.090151792401528041e+01 -2.456542968750000000e+00
-1.085170079088398154e+01 -1.482666015625000000e+00
-1.080256229433612702e+01 -1.419433593750000000e+00
-1.075083361883025646e+01 -2.270507812500000000e+00
-1.070243206977779948e+01 -3.259033203125000000e+00
-1.065050419850061303e+01 -2.223144531250000000e+00
-1.060154821893327437e+01 -2.220214843750000000e+00
-1.054890065086169670e+01 -2.198730468750000000e+00
-1.050013659659339282e+01 -2.286132812500000000e+00
-1.044745670134500415e+01 -2.357421875000000000e+00
-1.039822642569691880e+01 -2.354492187500000000e+00
-1.034785506354091922e+01 -9.653320312500000000e-01
-1.029836463266150304e+01 -2.483886718750000000e+00
-1.024629579714530792e+01 -2.247070312500000000e+00
-1.019717504334710156e+01 -2.269287109375000000e+00
-1.014757642065865184e+01 -2.104492187500000000e+00
-1.009693987736409326e+01 -2.402832031250000000e+00
-1.004674915668591950e+01 -1.902587890625000000e+00
-9.995972193033551889e+00 -2.354248046875000000e+00
-9.945087895796859812e+00 -1.361816406250000000e+00
-9.895020918698946844e+00 -2.390136718750000000e+00
-9.845518121831517533e+00 -2.237304687500000000e+00
-9.794546141268028805e+00 -2.383789062500000000e+00
-9.744248075280097510e+00 -2.515136718750000000e+00
-9.693955287104472518e+00 -1.441406250000000000e+00
-9.643770119204077673e+00 -1.589355468750000000e+00
-9.592387711334367850e+00 -1.533691406250000000e+00
-9.543313702996499615e+00 -1.220947265625000000e+00
-9.491564634808383971e+00 -1.883789062500000000e+00
-9.442593352628492198e+00 -1.840332031250000000e+00
-9.391639930260055280e+00 -1.495361328125000000e+00
-9.341396685132508537e+00 -5.073242187500000000e-01
-9.291187834404809109e+00 -1.598632812500000000e+00
-9.241141352660861230e+00 -1.388183593750000000e+00
-9.191625995994314735e+00 8.740234375000000000e-02
-9.140000725032052742e+00 -1.164550781250000000e+00
-9.089518112121595550e+00 -5.761718750000000000e-01
-9.038475285139384141e+00 -7.602539062500000000e-01
-8.988175371276497572e+00 -2.170410156250000000e+00
-8.937883895276172552e+00 -1.904296875000000000e-01
-8.889162531552983637e+00 -1.711425781250000000e+00
-8.837673587534737862e+00 -5.478515625000000000e-01
-8.787544794100654144e+00 -1.196289062500000000e+00
-8.737622549840807551e+00 -4.604492187500000000e-01
-8.686109069212562872e+00 -2.083984375000000000e+00
-8.637005582856204455e+00 1.699218750000000000e-01
-8.586053837838292679e+00 6.813964843750000000e-01
-8.535115831919938501e+00 -1.265625000000000000e+00
-8.485093568113597939e+00 -3.466796875000000000e-01
-8.435624950602758076e+00 3.676757812500000000e-01
-8.383678580284254167e+00 4.492187500000000000e-01
-8.334274620269184197e+00 -3.139648437500000000e-01
-8.283194242896911419e+00 6.533203125000000000e-01
-8.235296252111993454e+00 -8.452148437500000000e-01
-8.182503572244627321e+00 -2.246093750000000000e-01
-8.133129685412541221e+00 -1.719238281250000000e+00
-8.081612409513837747e+00 -1.242187500000000000e+00
-8.032243750081562439e+00 -4.589843750000000000e-01
-7.981721024904175010e+00 -7.812500000000000000e-03
-7.930918242685038422e+00 -5.493164062500000000e-01
-7.881215649099431175e+00 -1.318359375000000000e+00
-7.830988581269039628e+00 1.440429687500000000e-01
-7.779078902145101893e+00 7.304687500000000000e-01
-7.730242239100277857e+00 6.584472656250000000e-01
-7.679642432826085496e+00 -2.509765625000000000e-01
-7.628504947941792125e+00 -8.798828125000000000e-01
-7.578384921694521381e+00 -2.727050781250000000e-01
-7.528123712995878236e+00 3.945312500000000000e-01
-7.478501610814817013e+00 -9.414062500000000000e-01
-7.429838416584743754e+00 -4.140625000000000000e-01
-7.376332801672504047e+00 -1.104492187500000000e+00
-7.327845611080476829e+00 5.590820312500000000e-01
-7.276618560619127152e+00 -4.777832031250000000e-01
-7.225858187340122640e+00 -8.417968750000000000e-01
-7.175361507226057256e+00 6.630859375000000000e-01
-7.125180015901833031e+00 -6.555175781250000000e-01
-7.075790030689859123e+00 -3.574218750000000000e-01
-7.025787432159859236e+00 1.068847656250000000e+00
-6.974187357602147586e+00 1.228759765625000000e+00
-6.924301249302857286e+00 8.911132812500000000e-01
-6.874446164080296739e+00 1.904296875000000000e-02
-6.825397896850745383e+00 1.884765625000000000e-01
-6.772605798654467435e+00 -9.497070312500000000e-02
-6.723231518402144502e+00 6.064453125000000000e-01
-6.671661065839799676e+00 2.277832031250000000e+00
-6.621718910687832249e+00 1.379882812500000000e+00
-6.571802194228723693e+00 9.462890625000000000e-01
-6.520961969869858876e+00 1.757324218750000000e+00
-6.471298542631529926e+00 1.446044921875000000e+00
-6.421091014721596935e+00 8.620605468750000000e-01
-6.370560173799162840e+00 1.369628906250000000e+00
-6.320301818690438722e+00 9.812011718750000000e-01
-6.270059802604464494e+00 1.501464843750000000e+00
-6.219324302532527327e+00 2.268798828125000000e+00
-6.168463637307866065e+00 9.799804687500000000e-01
-6.118165113158468671e+00 1.610595703125000000e+00
-6.069835833845104389e+00 1.330078125000000000e+00
-6.018826726727198206e+00 1.204101562500000000e+00
-5.967666159096665979e+00 1.687988281250000000e+00
-5.917711901554639553e+00 3.137207031250000000e+00
-5.866691230224560627e+00 3.333251953125000000e+00
-5.816959448905578256e+00 1.353027343750000000e+00
-5.765394308803820422e+00 1.854980468750000000e+00
-5.715247914156179831e+00 2.843505859375000000e+00
-5.665242801999056610e+00 1.842773437500000000e+00
-5.616192009356836934e+00 1.648437500000000000e+00
-5.563858336877387956e+00 3.486816406250000000e+00
-5.514327691089761174e+00 2.476074218750000000e+00
-5.464669852008242401e+00 2.287597656250000000e+00
-5.413881739150042449e+00 2.802246093750000000e+00
-5.363755656764737978e+00 2.629882812500000000e+00
-5.311710618988968235e+00 2.577636718750000000e+00
-5.264283912177120328e+00 3.231445312500000000e+00
-5.211734297031227925e+00 3.464599609375000000e+00
-5.162118555156553157e+00 3.680664062500000000e+00
-5.112342362202937807e+00 3.595458984375000000e+00
-5.061461710115963797e+00 3.020507812500000000e+00
-5.011194390265146126e+00 4.016113281250000000e+00
-4.961979748434785620e+00 3.343750000000000000e+00
-4.909986136087468367e+00 4.455566406250000000e+00
-4.860420973817554113e+00 4.350585937500000000e+00
-4.807711378464773588e+00 3.726562500000000000e+00
-4.758252037840748017e+00 4.194335937500000000e+00
-4.708619961973468548e+00 3.693359375000000000e+00
-4.657239978260861335e+00 4.311523437500000000e+00
-4.608828504419705041e+00 4.709960937500000000e+00
-4.557303270231614079e+00 3.726074218750000000e+00
-4.507755070477060144e+00 3.945312500000000000e+00
-4.456721695315025045e+00 5.520019531250000000e+00
-4.407181062783479319e+00 5.104980468750000000e+00
-4.355426717399836889e+00 3.511718750000000000e+00
-4.305431917665828223e+00 5.923339843750000000e+00
-4.255319097425172004e+00 4.408691406250000000e+00
-4.205864235616814995e+00 4.581542968750000000e+00
-4.155095785979540324e+00 4.825195312500000000e+00
-4.104362427795024360e+00 3.767089843750000000e+00
-4.054550690989714212e+00 5.383789062500000000e+00
-4.002811630120504560e+00 5.981445312500000000e+00
-3.953383459727774607e+00 4.603515625000000000e+00
-3.902594043611713914e+00 6.433349609375000000e+00
-3.852784013054531442e+00 4.543457031250000000e+00
-3.801996358595260972e+00 4.635253906250000000e+00
-3.753245229524651450e+00 4.865722656250000000e+00
-3.700953655536594056e+00 6.250000000000000000e+00
-3.651568173168470821e+00 5.715820312500000000e+00
-3.601442049683328150e+00 7.392089843750000000e+00
-3.549263844620554664e+00 4.679199218750000000e+00
-3.501209678215275289e+00 6.569091796875000000e+00
-3.450020903814447593e+00 5.244628906250000000e+00
-3.400174879177939147e+00 5.368164062500000000e+00
-3.348281614140773854e+00 5.957519531250000000e+00
-3.298490965948445819e+00 5.687011718750000000e+00
-3.247854554836180796e+00 5.305175781250000000e+00
-3.197872507392531816e+00 5.550292968750000000e+00
-3.147595397231896186e+00 5.368652343750000000e+00
-3.097797299862349973e+00 5.893066406250000000e+00
-3.046511412163255272e+00 6.023437500000000000e+00
-2.997236224266899285e+00 6.113037109375000000e+00
-2.947303933470294623e+00 6.270019531250000000e+00
-2.895381509120170449e+00 6.962402343750000000e+00
-2.845726392635299362e+00 6.582275390625000000e+00
-2.795959061095260267e+00 6.278808593750000000e+00
-2.746523819168217528e+00 7.392089843750000000e+00
-2.694409278435671240e+00 5.853759765625000000e+00
-2.645015072617411533e+00 7.319824218750000000e+00
-2.593450197649019628e+00 7.097167968750000000e+00
-2.543983544658914298e+00 7.598632812500000000e+00
-2.492666533882982094e+00 8.969970703125000000e+00
-2.441821335773170176e+00 7.673339843750000000e+00
-2.392643566586940551e+00 8.050292968750000000e+00
-2.342045825602610876e+00 8.967529296875000000e+00
-2.291018315174895292e+00 6.087158203125000000e+00
-2.241270428658097558e+00 6.314697265625000000e+00
-2.191288056034437659e+00 7.947753906250000000e+00
-2.140798776975955775e+00 8.071044921875000000e+00
-2.090158565151000403e+00 6.954589843750000000e+00
-2.040148818718307666e+00 7.468261718750000000e+00
-1.990711332544748302e+00 9.578613281250000000e+00
-1.938308416749691787e+00 7.914062500000000000e+00
-1.888975676601717169e+00 9.564453125000000000e+00
-1.837894457661263914e+00 6.613281250000000000e+00
-1.787924696923511192e+00 7.965820312500000000e+00
-1.736618715164183868e+00 7.092529296875000000e+00
-1.686817073378676923e+00 8.539794921875000000e+00
-1.636608499358572999e+00 7.798828125000000000e+00
-1.587365505021040235e+00 7.475097656250000000e+00
-1.537436550738249252e+00 8.241210937500000000e+00
-1.485252192632287915e+00 7.381835937500000000e+00
-1.436192705415010096e+00 8.516113281250000000e+00
-1.384765566750232324e+00 8.294433593750000000e+00
-1.336307027399016079e+00 9.423339843750000000e+00
-1.284407879422701626e+00 7.305664062500000000e+00
-1.234877339797108675e+00 9.306640625000000000e+00
-1.183068719782113476e+00 7.630371093750000000e+00
-1.134036321970853578e+00 7.837402343750000000e+00
-1.083650597226778700e+00 7.397949218750000000e+00
-1.033944412858318174e+00 8.722656250000000000e+00
-9.822737106928798312e-01 8.589843750000000000e+00
-9.321270191088046886e-01 8.962402343750000000e+00
-8.810820718377527783e-01 8.529785156250000000e+00
-8.313517068190776627e-01 8.090820312500000000e+00
-7.819713704917035102e-01 8.245849609375000000e+00
-7.293986548414324034e-01 9.013427734375000000e+00
-6.802108833917372976e-01 8.004394531250000000e+00
-6.301490795786577337e-01 8.609375000000000000e+00
-5.809965614062235773e-01 8.038574218750000000e+00
-5.282242561400494196e-01 8.435546875000000000e+00
-4.790654169497656767e-01 7.750000000000000000e+00
-4.270501389423770888e-01 1.006982421875000000e+01
-3.780262002953378442e-01 9.482666015625000000e+00
-3.262533928044604181e-01 8.410888671875000000e+00
-2.759087288160344542e-01 1.004589843750000000e+01
-2.271982225634729957e-01 9.097167968750000000e+00
-1.774090159158845381e-01 1.002026367187500000e+01
-1.276470956130566492e-01 5.995117187500000000e+00
-7.574538537255648407e-02 -4.438730468750000000e+02
-2.632919460563698522e-02 -7.420717773437500000e+02
2.662455459874024655e-02 -7.376486816406250000e+02
7.622345251405704403e-02 -4.403298339843750000e+02
1.273008800147152897e-01 4.883544921875000000e+00
1.769001854594876022e-01 9.072021484375000000e+00
2.279045103875887435e-01 8.748535156250000000e+00
2.774714505154349808e-01 9.174316406250000000e+00
3.285431995381600245e-01 8.645263671875000000e+00
3.788592248694158116e-01 9.826171875000000000e+00
4.302885913206182522e-01 9.176269531250000000e+00
4.791523253380205460e-01 9.710449218750000000e+00
5.297517351450551359e-01 7.807128906250000000e+00
5.803576065920879046e-01 9.211914062500000000e+00
6.314989986114767362e-01 8.053222656250000000e+00
6.808242098924779384e-01 7.396484375000000000e+00
7.316657114261460038e-01 7.754882812500000000e+00
7.811673721464984510e-01 8.873535156250000000e+00
8.318423732279143223e-01 8.418457031250000000e+00
8.820482089177801299e-01 8.543457031250000000e+00
9.329564946423829497e-01 8.993164062500000000e+00
9.832390005861952886e-01 7.672363281250000000e+00
1.033271789568956933e+00 9.331787109375000000e+00
1.083226298178090019e+00 9.189941406250000000e+00
1.134137589776145205e+00 6.878417968750000000e+00
1.184436253321791810e+00 7.332519531250000000e+00
1.236145212727819853e+00 8.059082031250000000e+00
1.285368525923530569e+00 7.911621093750000000e+00
1.334738095890656950e+00 8.059570312500000000e+00
1.386828670238003269e+00 6.771728515625000000e+00
1.436506902298489763e+00 8.249267578125000000e+00
1.486577334367765957e+00 8.700927734375000000e+00
1.535915414908316734e+00 8.886718750000000000e+00
1.587885525151136790e+00 7.629394531250000000e+00
1.637742360075833403e+00 7.882324218750000000e+00
1.687424126089894116e+00 7.375000000000000000e+00
1.738075803354490745e+00 7.726562500000000000e+00
1.788721889863268188e+00 8.445312500000000000e+00
1.840246624561018507e+00 8.486328125000000000e+00
1.889077160046383597e+00 8.621826171875000000e+00
1.939238354285606647e+00 7.208007812500000000e+00
1.990318661042920212e+00 7.440917968750000000e+00
2.040926448828940920e+00 6.219726562500000000e+00
2.090545837595385592e+00 6.452636718750000000e+00
2.141583481805398037e+00 7.905761718750000000e+00
2.189782252211529112e+00 8.721679687500000000e+00
2.241737074366938032e+00 7.141113281250000000e+00
2.291788041499714268e+00 8.130615234375000000e+00
2.341592867768483188e+00 6.880615234375000000e+00
2.393144827702940347e+00 6.980468750000000000e+00
2.442918464379886245e+00 7.669433593750000000e+00
2.493150321795440050e+00 6.970214843750000000e+00
2.543975372263318491e+00 6.725097656250000000e+00
2.594247927159187839e+00 9.028564453125000000e+00
2.644664055935663782e+00 7.780517578125000000e+00
2.695045890414448309e+00 7.154541015625000000e+00
2.745065394881066823e+00 7.323974609375000000e+00
2.796788787821981259e+00 6.578613281250000000e+00
2.846561596818759199e+00 7.363769531250000000e+00
2.896042089147442766e+00 6.684326171875000000e+00
2.948385665644764231e+00 6.448242187500000000e+00
2.996747728424963952e+00 6.504638671875000000e+00
3.047644155043371939e+00 6.054687500000000000e+00
3.097082969041352385e+00 6.162597656250000000e+00
3.148033034260492968e+00 5.507324218750000000e+00
3.197969038614900228e+00 6.427734375000000000e+00
3.249196138054287530e+00 5.386962890625000000e+00
3.298109097373753684e+00 5.464843750000000000e+00
3.350228207858776841e+00 6.076171875000000000e+00
3.399796909294025227e+00 6.755859375000000000e+00
3.451313488081922287e+00 5.017089843750000000e+00
3.500723722262932824e+00 5.294433593750000000e+00
3.551693136633943482e+00 5.023193359375000000e+00
3.600967104112257289e+00 4.795410156250000000e+00
3.651681102689394720e+00 5.064941406250000000e+00
3.701583155328648900e+00 5.730468750000000000e+00
3.751837192809034605e+00 4.291992187500000000e+00
3.803531578546653691e+00 4.148437500000000000e+00
3.852824744381337041e+00 4.196289062500000000e+00
3.902050040435597111e+00 3.761718750000000000e+00
3.953759237219742317e+00 4.124511718750000000e+00
4.004117479791489131e+00 4.773925781250000000e+00
4.053168540354022298e+00 4.280273437500000000e+00
4.104765192819286312e+00 4.342773437500000000e+00
4.154623189595611166e+00 3.445068359375000000e+00
4.205378725033540377e+00 4.124267578125000000e+00
4.256274667253521216e+00 3.935546875000000000e+00
4.306363344741612309e+00 4.437500000000000000e+00
4.358440234218207365e+00 3.968750000000000000e+00
4.407659138526469178e+00 3.712158203125000000e+00
4.457655253339567025e+00 3.400878906250000000e+00
4.507354265567869334e+00 4.560546875000000000e+00
4.556950317360644931e+00 4.559082031250000000e+00
4.608179104588472796e+00 4.368408203125000000e+00
4.658077246602942978e+00 1.990722656250000000e+00
4.708929875702835943e+00 4.635253906250000000e+00
4.759196382161789529e+00 3.667724609375000000e+00
4.810242913856427549e+00 3.060058593750000000e+00
4.860642893909073337e+00 3.363037109375000000e+00
4.910656345072652584e+00 2.764160156250000000e+00
4.960236921560635892e+00 2.618164062500000000e+00
5.010867032781149533e+00 3.094970703125000000e+00
5.061443161907959620e+00 2.354003906250000000e+00
5.111746264479819502e+00 2.113769531250000000e+00
5.161525032640213340e+00 2.661376953125000000e+00
5.213628327114463445e+00 2.818115234375000000e+00
5.263073632966552395e+00 2.181884765625000000e+00
5.311938380835954376e+00 2.572265625000000000e+00
5.363809412111820052e+00 2.218750000000000000e+00
5.414085469304438902e+00 2.889160156250000000e+00
5.464977989912824796e+00 4.388427734375000000e+00
5.514713191299051687e+00 2.541503906250000000e+00
5.564613935694978863e+00 1.979492187500000000e+00
5.616532829819902872e+00 2.947265625000000000e+00
5.666297903505295608e+00 2.860351562500000000e+00
5.716248380698388587e+00 2.388671875000000000e+00
5.768462428127207886e+00 3.940429687500000000e+00
5.817552928218901798e+00 1.577148437500000000e+00
5.867369357741608837e+00 1.897949218750000000e+00
5.917591078298585217e+00 2.794189453125000000e+00
5.968199517616938010e+00 2.665283203125000000e+00
6.018765374019835690e+00 2.845214843750000000e+00
6.070115351380422908e+00 2.174316406250000000e+00
6.118857747133972680e+00 2.315917968750000000e+00
6.170127340108479075e+00 1.501953125000000000e+00
6.221026497752120576e+00 8.190917968750000000e-01
6.270771771279214590e+00 1.849609375000000000e+00
6.320150289774431940e+00 6.953125000000000000e-01
6.371377541396384458e+00 1.260253906250000000e+00
6.420767031302872851e+00 9.277343750000000000e-01
6.471417106057742785e+00 2.237548828125000000e+00
6.521585389915216524e+00 2.009765625000000000e+00
6.571202828681293795e+00 1.393554687500000000e+00
6.623405187835942343e+00 1.846435546875000000e+00
6.672633642998675896e+00 6.811523437500000000e-01
6.722927319022460324e+00 1.324707031250000000e+00
6.773908790994681794e+00 5.449218750000000000e-01
6.824004355509998732e+00 1.225341796875000000e+00
6.874102572681522361e+00 1.323242187500000000e+00
6.924832840712596749e+00 2.478027343750000000e+00
6.974527862170532444e+00 4.645996093750000000e-01
7.026504359510568065e+00 4.628906250000000000e-01
7.076046549512895467e+00 3.706054687500000000e-01
7.126136838794636219e+00 5.173339843750000000e-01
7.175507893811385429e+00 1.373535156250000000e+00
7.226495234698234071e+00 1.683837890625000000e+00
7.277449719644607740e+00 6.369628906250000000e-01
7.326884228234121110e+00 1.209960937500000000e+00
7.378331884310227906e+00 1.250488281250000000e+00
7.428419262509351029e+00 5.798339843750000000e-01
7.480069801131662643e+00 9.448242187500000000e-01
7.528786637028190398e+00 2.032226562500000000e+00
7.578970291299228279e+00 3.337402343750000000e-01
7.630170349290210652e+00 3.256835937500000000e-01
7.680561217381011829e+00 7.331542968750000000e-01
7.730517952240347768e+00 5.371093750000000000e-01
7.780063354071671711e+00 7.128906250000000000e-02
7.830667158172488485e+00 1.162353515625000000e+00
7.881175175626708551e+00 7.753906250000000000e-01
7.931538774628364763e+00 5.532226562500000000e-01
7.982536991154631778e+00 4.638671875000000000e-02
8.033310097625417256e+00 1.023925781250000000e+00
8.083330964969377419e+00 -6.538085937500000000e-01
8.132880093029712043e+00 -5.639648437500000000e-02
8.183643658950401800e+00 -5.092773437500000000e-01
8.236131886835551086e+00 -6.093750000000000000e-01
8.285604885049792756e+00 -6.088867187500000000e-01
8.335076078076326667e+00 -3.891601562500000000e-01
8.384560365401739546e+00 -9.873046875000000000e-01
8.433782102037611139e+00 -9.375000000000000000e-02
8.486037312543743383e+00 -7.324218750000000000e-01
8.537296993525202993e+00 -5.822753906250000000e-01
8.588099953716366031e+00 -8.054199218750000000e-01
8.636410956869951860e+00 -1.801025390625000000e+00
8.687569207122663784e+00 -1.656250000000000000e+00
8.736403698929620987e+00 -7.592773437500000000e-01
8.787852822912441297e+00 -1.591796875000000000e+00
8.837882664296031976e+00 -1.310546875000000000e+00
8.887860262944627721e+00 -2.587890625000000000e+00
8.939469479495414816e+00 -2.071289062500000000e+00
8.988925480511625210e+00 -9.667968750000000000e-01
9.040135055813379950e+00 -1.401855468750000000e+00
9.091089556767201429e+00 -1.122070312500000000e+00
9.140539908650850975e+00 -2.030517578125000000e+00
9.189953062170161502e+00 -9.907226562500000000e-01
9.241867626355542598e+00 -6.811523437500000000e-01
9.289527756955067161e+00 -8.222656250000000000e-01
9.341471023653525663e+00 -2.241699218750000000e+00
9.391118130269774156e+00 -2.273437500000000000e+00
9.442683686247050900e+00 -2.304687500000000000e+00
9.493289043153367857e+00 -1.882324218750000000e+00
9.543914433641816686e+00 -1.417968750000000000e+00
9.593334357645176169e+00 -2.815917968750000000e+00
9.643922103827094361e+00 -2.283691406250000000e+00
9.695500639352644612e+00 -1.004394531250000000e+00
9.744744944625153948e+00 -1.248046875000000000e+00
9.794430008503866247e+00 -2.493164062500000000e+00
9.843824695435387184e+00 -1.365234375000000000e+00
9.895908121618816722e+00 -2.539062500000000000e+00
9.945254257000556208e+00 -1.658691406250000000e+00
9.996637730313580050e+00 -2.146972656250000000e+00
1.004559534654254094e+01 -1.137695312500000000e+00
1.009750282535775057e+01 -1.930175781250000000e+00
1.014674370756620192e+01 -1.613281250000000000e+00
1.019914579299233992e+01 -1.129882812500000000e+00
1.024789308569791046e+01 -1.753417968750000000e+00
1.030025511331541566e+01 -1.783203125000000000e+00
1.034960357273239140e+01 -1.266601562500000000e+00
1.039985945810377643e+01 -1.845947265625000000e+00
1.044938930488723372e+01 -2.449462890625000000e+00
1.050095292781998069e+01 -1.138671875000000000e+00
1.055037455645958744e+01 -1.916992187500000000e+00
1.059976097697436614e+01 -2.135742187500000000e+00
1.064927050691005661e+01 -2.276855468750000000e+00
1.069949149257445242e+01 -1.921875000000000000e+00
1.075132644142658478e+01 -2.149414062500000000e+00
1.080107704047406969e+01 -2.884277343750000000e+00
1.085247197116007101e+01 -2.535644531250000000e+00
1.090324811750326717e+01 -1.828613281250000000e+00
1.095386643506242308e+01 -2.533691406250000000e+00
1.100347827045997917e+01 -1.583740234375000000e+00
1.105387570060327107e+01 -1.215820312500000000e+00
1.110469787701100586e+01 -2.572998046875000000e+00
1.115424843291532397e+01 -1.769042968750000000e+00
1.120469573042566935e+01 -2.209472656250000000e+00
1.125362098861806714e+01 -7.270507812500000000e-01
1.130603374060768829e+01 -2.280273437500000000e+00
1.135542674890545811e+01 -2.794677734375000000e+00
1.140781265346640794e+01 -1.938476562500000000e+00
1.145713833356694522e+01 -1.717285156250000000e+00
1.150743463902277597e+01 -9.692382812500000000e-01
1.155743620026333929e+01 -1.597900390625000000e+00
1.160849085077973086e+01 -2.761718750000000000e+00
1.165806253798677972e+01 -1.120605468750000000e+00
1.170992724113636996e+01 -2.274414062500000000e+00
1.175926364680151437e+01 -2.588378906250000000e+00
1.180851693158069793e+01 -2.592041015625000000e+00
1.185854860603933503e+01 -2.131347656250000000e+00
1.191032063404111341e+01 -1.838867187500000000e+00
1.196064599682546259e+01 -2.957031250000000000e+00
1.200952088280561725e+01 -3.431640625000000000e+00
1.206046243194219869e+01 -3.088378906250000000e+00
1.211100437745608360e+01 -1.451416015625000000e+00
1.216131577259680796e+01 -2.413818359375000000e+00
1.221055347430592519e+01 -2.749755859375000000e+00
1.226164723563886128e+01 -2.006347656250000000e+00
1.231320796258080463e+01 -2.573242187500000000e+00
1.236256439320601430e+01 -2.850585937500000000e+00
1.241366182897829162e+01 -4.336425781250000000e+00
1.246347669473357200e+01 -1.011230468750000000e+00
1.251529633834240940e+01 -1.373046875000000000e+00
1.256443716703051905e+01 -2.633300781250000000e+00
1.261456578034187714e+01 -1.456054687500000000e+00
1.266639280137007972e+01 -1.819824218750000000e+00
1.271555468191991167e+01 -2.754882812500000000e+00
1.276567188188492707e+01 -2.364990234375000000e+00
1.281531244885229626e+01 -2.145019531250000000e+00
1.286727961337680881e+01 -1.969726562500000000e+00
1.291697979571010535e+01 -1.427001953125000000e+00
1.296660259367490653e+01 -2.650634765625000000e+00
1.301662746889826394e+01 -3.016113281250000000e+00
1.306877136914772564e+01 -3.593750000000000000e+00
1.311771816810858127e+01 -1.684082031250000000e+00
1.316943847941301726e+01 -1.329833984375000000e+00
1.321852934249942280e+01 -3.065185546875000000e+00
1.326841841765337904e+01 -3.305175781250000000e+00
1.332058693836620478e+01 -2.179199218750000000e+00
1.337058284708393785e+01 -1.638671875000000000e+00
1.342246523040796546e+01 -2.066894531250000000e+00
1.347040268111965133e+01 -2.893554687500000000e+00
1.352064696559421009e+01 -2.711425781250000000e+00
1.357110935033060173e+01 -2.352050781250000000e+00
1.362099765315508648e+01 -3.172363281250000000e+00
1.367165396342801387e+01 -2.497802734375000000e+00
1.372179939264628956e+01 -2.227294921875000000e+00
1.377161081480505800e+01 -1.951171875000000000e+00
1.382302943273487017e+01 -3.192871093750000000e+00
1.387335840306218415e+01 -2.612304687500000000e+00
1.392456378642333448e+01 -1.358642578125000000e+00
1.397437856091983122e+01 -2.489257812500000000e+00
1.402444353329161686e+01 -2.139892578125000000e+00
1.407495771906923210e+01 -1.682128906250000000e+00
1.412546527650602002e+01 -7.504882812500000000e-01
1.417555630729621896e+01 -2.716064453125000000e+00
1.422763274367071062e+01 -2.937500000000000000e+00
1.427721018156523769e+01 -2.699707031250000000e+00
1.432729587139861849e+01 -3.697998046875000000e+00
1.437599941939549808e+01 -2.677734375000000000e+00
1.442769597023192318e+01 -2.772949218750000000e+00
1.447782276210959651e+01 -1.956054687500000000e+00
1.452721630188784729e+01 -1.735839843750000000e+00
1.457906318725679284e+01 -3.985839843750000000e+00
1.462846074254613882e+01 -2.283691406250000000e+00
1.468061540695003941e+01 -2.443115234375000000e+00
1.473043381863226386e+01 -2.418457031250000000e+00
1.478045179873799952e+01 -2.044921875000000000e+00
1.483101216949961554e+01 -1.779541015625000000e+00
1.488034332621833755e+01 -1.427001953125000000e+00
1.493080413944971951e+01 -1.972167968750000000e+00
1.498071317639089273e+01 -3.118164062500000000e+00
1.503095930377605782e+01 -2.652343750000000000e+00
1.508157022185235974e+01 -2.108154296875000000e+00
1.513258051434968365e+01 -1.601074218750000000e+00
1.518156750711557379e+01 -1.548828125000000000e+00
1.523321013366512489e+01 -2.958007812500000000e+00
1.528348864293849374e+01 -3.962402343750000000e-01
1.533389903619195138e+01 -2.736328125000000000e+00
1.538435755695422813e+01 -2.052734375000000000e+00
1.543416574040497835e+01 -3.148925781250000000e+00
1.548489703705143938e+01 -2.154541015625000000e+00
1.553579455936333886e+01 -1.361328125000000000e+00
1.558562251767921225e+01 -2.852539062500000000e+00
1.563639872095887995e+01 -2.862060546875000000e+00
1.568653414866741969e+01 -3.000000000000000000e+00
1.573722532625275505e+01 -2.265136718750000000e+00
1.578702597019730547e+01 -1.925292968750000000e+00
1.583653320402129339e+01 -2.278808593750000000e+00
1.588806156938369440e+01 -1.677734375000000000e+00
1.593870372493449850e+01 -1.085937500000000000e+00
1.598896504894753434e+01 -2.015625000000000000e+00
1.603831406106142765e+01 -2.351806640625000000e+00
1.608914672098092069e+01 -3.735839843750000000e+00
1.614037347024986957e+01 -2.201660156250000000e+00
1.619032026995330398e+01 -2.747070312500000000e+00
1.624095124390095179e+01 -2.941894531250000000e+00
1.629141776199730884e+01 -1.387207031250000000e+00
1.634070552287721512e+01 -2.837646484375000000e+00
1.639110530906133079e+01 -2.274902343750000000e+00
1.644034067652683007e+01 -9.448242187500000000e-01
1.649149452841845687e+01 -1.906738281250000000e+00
1.654161054512546514e+01 -1.951171875000000000e+00
1.659123934689461066e+01 -2.121582031250000000e+00
1.664309202354706940e+01 -2.530273437500000000e+00
1.669340739223963510e+01 -2.182617187500000000e+00
1.674386717078982656e+01 -2.517578125000000000e+00
1.679426176197239329e+01 -1.325195312500000000e+00
1.684439657066559448e+01 -1.808105468750000000e+00
1.689631171303028623e+01 -2.883300781250000000e+00
1.694529088176977893e+01 -2.940429687500000000e+00
1.699700524071903374e+01 -2.337402343750000000e+00
1.704743343828417323e+01 -2.674804687500000000e+00
1.709538005383365089e+01 -2.345703125000000000e+00
1.714739360953501546e+01 -3.504882812500000000e+00
1.719579001473027802e+01 -1.136230468750000000e+00
1.724750383548007449e+01 -1.656250000000000000e+00
1.729734556757532005e+01 -2.384277343750000000e+00
1.734758974604835657e+01 -3.165039062500000000e+00
1.739831698221047418e+01 -2.037841796875000000e+00
1.744872195231299372e+01 -2.024658203125000000e+00
1.749816006987208539e+01 -2.974609375000000000e+00
1.755029446082221511e+01 -3.276855468750000000e+00
1.760018788854279137e+01 -1.318847656250000000e+00
1.765238420405205488e+01 -8.759765625000000000e-01
1.770128911962351026e+01 -1.485839843750000000e+00
1.775113143832956553e+01 -1.387695312500000000e+00
1.780213954889227068e+01 -3.479248046875000000e+00
1.784965380475330221e+01 -1.887207031250000000e+00
1.790136401720292270e+01 -2.000488281250000000e+00
1.795152345439741737e+01 -1.575439453125000000e+00
1.800148369473379262e+01 -1.673339843750000000e+00
1.805297468677599682e+01 -2.712646484375000000e+00
1.810299741171797905e+01 -2.669433593750000000e+00
1.815383594180843829e+01 -6.127929687500000000e-01
1.820419630969536229e+01 -1.489746093750000000e+00
1.825436859587080107e+01 -1.848632812500000000e+00
1.830628487630440304e+01 -2.450683593750000000e+00
1.835562225610732412e+01 -1.321044921875000000e+00
1.840520512464500769e+01 -1.055419921875000000e+00
1.845730991997956494e+01 -2.411132812500000000e+00
1.850627678234479845e+01 -1.829101562500000000e+00
1.855841864281431697e+01 -2.520263671875000000e+00
1.860568347973310210e+01 -6.972656250000000000e-01
1.865638388802170766e+01 -2.612792968750000000e+00
1.870784971266255070e+01 -2.789062500000000000e+00
1.875754868087449267e+01 -1.525878906250000000e+00
1.880825369507607547e+01 -1.497558593750000000e+00
1.885862272563689146e+01 -2.353515625000000000e+00
1.890908738917335086e+01 -2.207275390625000000e+00
1.896021754217491662e+01 -1.133056640625000000e+00
1.900998482508771303e+01 -1.585205078125000000e+00
1.906230752931378447e+01 -7.543945312500000000e-01
1.911120688003363455e+01 -2.196044921875000000e+00
1.916013065947947780e+01 -2.074218750000000000e+00
1.921101891276742890e+01 -2.041015625000000000e+00
1.926019766873287153e+01 -1.599121093750000000e+00
1.931131920806268454e+01 -1.185302734375000000e+00
1.936143511121512972e+01 1.147460937500000000e-01
1.941242982520333271e+01 -2.159912109375000000e+00
1.946264199174572695e+01 -9.780273437500000000e-01
1.951287527427371060e+01 -9.492187500000000000e-01
1.956502350974187721e+01 -1.019042968750000000e+00
1.961410964539010138e+01 -2.216064453125000000e+00
1.966390614593467490e+01 -1.517089843750000000e+00
1.971620850796131208e+01 -2.287597656250000000e+00
1.976507217783152726e+01 -2.005615234375000000e+00
1.981441289032800057e+01 -1.670898437500000000e+00
1.986515921818465813e+01 -7.646484375000000000e-01
1.991572392671747593e+01 -1.206787109375000000e+00
1.996676260129486025e+01 -7.917480468750000000e-01
2.001719295330696013e+01 -1.723876953125000000e+00
2.006727764791639856e+01 -2.151855468750000000e+00
2.011908783202090945e+01 -9.960937500000000000e-01
2.016847596154246958e+01 -1.040039062500000000e+00
2.021853971661992944e+01 -7.678222656250000000e-01
2.026852367195031945e+01 -1.520751953125000000e+00
2.031824012032029714e+01 -1.420410156250000000e+00
2.037015896603099918e+01 -1.799804687500000000e+00
2.041893783872880874e+01 -1.958007812500000000e-01
2.047076502841827050e+01 -6.225585937500000000e-02
2.052104394694728740e+01 -1.726074218750000000e+00
2.057042850204588547e+01 -2.832031250000000000e-02
2.062072981303322194e+01 -1.018066406250000000e+00
2.067136311887588818e+01 1.437988281250000000e+00
2.072123561601523534e+01 -5.734863281250000000e-01
2.077325920699951212e+01 -1.371093750000000000e+00
2.082330466968187466e+01 -3.650878906250000000e+00
2.087309560383202722e+01 -2.023437500000000000e+00
2.092275210038383193e+01 -1.127441406250000000e+00
2.097509956496844552e+01 -1.251464843750000000e+00
2.102413355526424255e+01 -8.020019531250000000e-01
2.107374049854593068e+01 -6.430664062500000000e-01
2.112454614571390721e+01 -9.987792968750000000e-01
2.117497027307551605e+01 -7.006835937500000000e-01
2.122470750551308072e+01 -1.718750000000000000e+00
2.127609641430284171e+01 -9.511718750000000000e-01
2.132686574298665505e+01 -1.017578125000000000e+00
2.137704532658648304e+01 -1.173339843750000000e+00
2.142742744313000003e+01 -9.975585937500000000e-01
2.147623223574618123e+01 -1.178955078125000000e+00
2.152763306324629866e+01 -7.768554687500000000e-01
2.157703851656816596e+01 -1.564697265625000000e+00
2.162831135659433812e+01 -6.384277343750000000e-01
2.167801884234852139e+01 -1.252441406250000000e+00
2.172791721895015371e+01 -3.156738281250000000e-01
2.177999937540766950e+01 -1.264404296875000000e+00
2.182976926782180271e+01 -7.043457031250000000e-01
2.188057081546423888e+01 -7.446289062500000000e-02
2.193092297831285009e+01 -1.778808593750000000e+00
2.198071429999933457e+01 -3.759765625000000000e-01
2.203119660304184890e+01 6.054687500000000000e-02
2.208077843336070600e+01 -5.312500000000000000e-01
2.213115214242765205e+01 1.447753906250000000e-01
2.218322063609667794e+01 -3.071289062500000000e-01
2.222973843714628117e+01 -1.093261718750000000e+00
2.228299044896395742e+01 5.468750000000000000e-02
2.233262801216073967e+01 2.929687500000000000e-01
2.238374508727815737e+01 -1.467773437500000000e+00
2.243400327201652544e+01 -5.756835937500000000e-01
2.248363805957262684e+01 -1.318359375000000000e+00
2.253272372819475322e+01 -1.418212890625000000e+00
2.258579355806011790e+01 3.129882812500000000e-01
2.263465127682945877e+01 -1.289550781250000000e+00
2.268509437259456263e+01 4.150390625000000000e-02
2.273521374596748501e+01 -1.143554687500000000e+00
2.278658983212760347e+01 -9.514160156250000000e-01
2.283684703020264806e+01 -6.103515625000000000e-02
2.288719440592370802e+01 -8.632812500000000000e-01
2.293752295848969425e+01 7.226562500000000000e-02
2.298832658289092024e+01 -1.782226562500000000e-02
2.303864446338411653e+01 -4.516601562500000000e-01
2.308796922926687500e+01 -3.935546875000000000e-01
2.313818208456814318e+01 -3.535156250000000000e-01
2.318828896998741129e+01 -6.145019531250000000e-01
2.323966017825773633e+01 5.029296875000000000e-02
2.328899830125351400e+01 -3.618164062500000000e-01
2.334080308814995419e+01 3.964843750000000000e-01
2.339064036425786242e+01 1.037597656250000000e-01
2.344206598074855208e+01 -4.230957031250000000e-01
2.349074424431603347e+01 7.568359375000000000e-01
2.354210653003876530e+01 -1.739013671875000000e+00
2.359215018582108314e+01 -1.356689453125000000e+00
2.364132638344369752e+01 -8.632812500000000000e-01
2.369250459522299934e+01 -7.636718750000000000e-01
2.374219372023297581e+01 9.492187500000000000e-01
2.379371571719480016e+01 -5.283203125000000000e-01
2.384393671473935683e+01 -1.242675781250000000e+00
2.389354145768754734e+01 -5.419921875000000000e-01
2.394286393611014319e+01 -6.103515625000000000e-01
2.399477012887443550e+01 4.082031250000000000e-01
2.404459081633910955e+01 5.317382812500000000e-01
2.409434084246338159e+01 -5.388183593750000000e-01
2.414516997709870338e+01 5.205078125000000000e-01
2.419596030659060659e+01 -4.941406250000000000e-01
2.424681318258228657e+01 -1.044433593750000000e+00
2.429624839430300653e+01 -7.944335937500000000e-01
2.434720027935649966e+01 -4.265136718750000000e-01
2.439687551897924322e+01 4.882812500000000000e-02
2.444838859565595612e+01 -1.029296875000000000e+00
2.449790720991279613e+01 -5.449218750000000000e-01
2.454741499771932922e+01 3.632812500000000000e-01
2.459672940925861440e+01 -2.138183593750000000e+00
2.464913684502226943e+01 -7.922363281250000000e-01
2.470033782508392051e+01 -2.434082031250000000e-01
2.474982138392918785e+01 -8.312988281250000000e-01
2.480054073617809252e+01 -1.362792968750000000e+00
2.485086225369053636e+01 -4.802246093750000000e-01
2.490071078545736327e+01 -1.583984375000000000e+00
2.495161789268036046e+01 2.514648437500000000e-01
2.500106980736704543e+01 3.532714843750000000e-01
2.505075074196912510e+01 -7.871093750000000000e-01
2.510239113814895973e+01 -5.192871093750000000e-01
2.515291877130340481e+01 -3.117675781250000000e-01
2.520286926956453044e+01 -6.127929687500000000e-02
2.525398276295001665e+01 -1.069824218750000000e+00
2.530383972351063449e+01 -9.814453125000000000e-01
2.535563222884456991e+01 -1.123046875000000000e-02
2.540467191029681260e+01 -1.333251953125000000e+00
2.545472951294351560e+01 -1.125000000000000000e+00
2.550475739269717224e+01 1.079833984375000000e+00
2.555460861784524695e+01 -1.748046875000000000e-01
2.560619714140565861e+01 -1.434570312500000000e+00
2.565493922985073993e+01 0.000000000000000000e+00
2.570702775065268497e+01 8.994140625000000000e-01
2.575710631191718392e+01 -6.342773437500000000e-01
2.580919560938394852e+01 6.098632812500000000e-01
2.585830030177555727e+01 -1.411132812500000000e-01
2.590787208625390292e+01 8.540039062500000000e-01
2.595772579373095823e+01 5.031738281250000000e-01
2.600662593342326545e+01 -2.343750000000000000e-01
2.605853983555941511e+01 -1.454589843750000000e+00
2.611022099545073161e+01 1.281738281250000000e-01
2.615892430468340990e+01 4.204101562500000000e-01
2.621044176998491082e+01 5.917968750000000000e-01
2.626082360960612050e+01 -8.691406250000000000e-02
2.630965024391586837e+01 8.405761718750000000e-01
2.636147970913020799e+01 9.370117187500000000e-01
2.641284958338076194e+01 7.519531250000000000e-02
2.646206113361103007e+01 -1.133544921875000000e+00
2.651182957322913580e+01 -1.450463867187500000e+01
2.656225048320516180e+01 -2.674267578125000000e+01
2.661283986803448443e+01 -2.759936523437500000e+01
2.666391371228948515e+01 -2.701171875000000000e+01
2.671255618888289973e+01 -2.706201171875000000e+01
2.676550238991558217e+01 -2.501220703125000000e+01
2.681457495668807667e+01 -1.000634765625000000e+01
2.686464842441483825e+01 1.679687500000000000e-01
2.691444492202685979e+01 9.863281250000000000e-02
2.696528971886669979e+01 6.655273437500000000e-01
2.701532866503998775e+01 2.978515625000000000e-01
2.706699888199437964e+01 -3.967285156250000000e-01
2.711673365525120971e+01 -6.650390625000000000e-01
2.716891918105250170e+01 1.186523437500000000e-01
2.721732036189121118e+01 7.563476562500000000e-01
2.726788557206333508e+01 1.883300781250000000e+00
2.731782446774143125e+01 4.855957031250000000e-01
2.736708197316249880e+01 -5.664062500000000000e-02
2.741935554620658877e+01 -1.806640625000000000e-02
2.746860253291424669e+01 -1.768066406250000000e+00
2.752010385329333531e+01 -5.051269531250000000e-01
2.756966981649860315e+01 3.833007812500000000e-01
2.762034347526802947e+01 -1.347656250000000000e-01
2.767106095116434972e+01 -5.141601562500000000e-01
2.772089380677863346e+01 -5.634765625000000000e-01
2.777134134524544606e+01 1.787109375000000000e-01
2.782306481143024257e+01 -1.181640625000000000e-01
2.787221326749761374e+01 -8.613281250000000000e-01
2.792177215550060509e+01 2.556152343750000000e-01
2.797193874971861760e+01 -7.414550781250000000e-01
2.802199107392971200e+01 -4.399414062500000000e-01
2.807384590482817543e+01 2.114257812500000000e-01
2.812309587083939277e+01 7.065429687500000000e-01
2.817396261076567043e+01 -5.195312500000000000e-01
2.822464927519513367e+01 1.082519531250000000e+00
2.827441689695922378e+01 -1.122558593750000000e+00
2.832409714686825453e+01 6.503906250000000000e-01
2.837478853798239697e+01 -5.541992187500000000e-02
2.842519022903593395e+01 1.078125000000000000e+00
2.847671561702156851e+01 3.017578125000000000e-01
2.852610385378841329e+01 2.502441406250000000e-01
2.857795356447240920e+01 -3.381347656250000000e-01
2.862663068250668630e+01 -3.144531250000000000e-01
2.867812763976496626e+01 -3.891601562500000000e-01
2.872798414915240528e+01 -7.104492187500000000e-01
2.877888152562502455e+01 -2.326660156250000000e+00
2.882641548032165701e+01 6.738281250000000000e-01
2.887910955350446329e+01 -2.788085937500000000e-01
2.892858156074703402e+01 -1.212402343750000000e+00
2.897829712625502907e+01 -6.865234375000000000e-01
2.903024576140903434e+01 -1.743164062500000000e-01
2.907981310611293679e+01 -1.201660156250000000e+00
2.913085441358708749e+01 -1.472656250000000000e+00
2.918109058746728124e+01 4.797363281250000000e-01
2.923302545264306218e+01 -1.380859375000000000e+00
2.928192089140492271e+01 1.660156250000000000e-01
2.933200148864659695e+01 -7.871093750000000000e-01
2.938186111749899965e+01 -9.926757812500000000e-01
2.943420984980548383e+01 -1.521484375000000000e+00
2.948377942892531678e+01 -6.445312500000000000e-02
2.953366179514358691e+01 -9.035644531250000000e-01
2.958244516880563424e+01 -7.031250000000000000e-02
2.963457536802934555e+01 -7.661132812500000000e-01
2.968411365858644047e+01 -7.539062500000000000e-01
2.973489896057401438e+01 -1.446289062500000000e+00
2.978451240873403094e+01 9.877929687500000000e-01
2.983505166282861865e+01 -1.367187500000000000e-01
2.988668415942959200e+01 -5.341796875000000000e-01
2.993721550901113915e+01 -8.911132812500000000e-01
2.998668026008883203e+01 -6.118164062500000000e-01
3.003869158201041500e+01 -9.790039062500000000e-01
3.008777261136589232e+01 -1.999511718750000000e-01
3.013790632572425920e+01 5.712890625000000000e-01
3.018706317109479187e+01 -1.453613281250000000e+00
3.023800715932827643e+01 -2.302246093750000000e-01
3.028897273526592926e+01 -7.099609375000000000e-01
3.033847461876189300e+01 4.345703125000000000e-02
3.038950782470895717e+01 -5.395507812500000000e-01
3.043911463419237862e+01 -2.436523437500000000e-01
3.049096636436991048e+01 -7.778320312500000000e-01
3.054081469444355434e+01 -1.434082031250000000e+00
3.059098978926800783e+01 -6.733398437500000000e-01
3.064175898386019981e+01 -5.505371093750000000e-01
3.069255699252744307e+01 9.082031250000000000e-02
3.074195001116652293e+01 -4.365234375000000000e-01
3.079259212056905426e+01 -5.598144531250000000e-01
3.084357407108132065e+01 -5.688476562500000000e-01
3.089371437247447716e+01 -8.823242187500000000e-01
3.094310137327136090e+01 -1.263671875000000000e+00
3.099233748222809481e+01 -6.962890625000000000e-01
3.104450273119482517e+01 -9.941406250000000000e-01
3.109401693439956205e+01 -1.539306640625000000e+00
3.114459240235413517e+01 -1.602050781250000000e+00
3.119245693195841795e+01 -1.132812500000000000e+00
3.124491300104432412e+01 -1.002929687500000000e+00
3.129563782343029743e+01 -9.572753906250000000e-01
3.134669534885227904e+01 1.308593750000000000e-01
3.139660001108924803e+01 -1.206542968750000000e+00
3.144886332987783817e+01 -5.756835937500000000e-01
3.149747436856364402e+01 -8.569335937500000000e-01
3.154777318317485424e+01 -9.946289062500000000e-01
3.159748515840709615e+01 -2.041503906250000000e+00
3.164969977821293412e+01 -2.326660156250000000e-01
3.169913941176071148e+01 -6.665039062500000000e-01
3.174836630562981554e+01 -1.668457031250000000e+00
3.179875845033495807e+01 -2.228027343750000000e+00
3.184973934711112520e+01 -4.760742187500000000e-01
3.190092964383768503e+01 -1.466308593750000000e+00
3.194848095614577232e+01 -9.130859375000000000e-01
3.200132931544696646e+01 -1.303710937500000000e+00
3.205056093541092821e+01 -1.116455078125000000e+00
3.210245554767379872e+01 -3.583984375000000000e-01
3.215181391198905203e+01 -2.420898437500000000e+00
3.220251043007857561e+01 -2.231933593750000000e+00
3.225189622675407009e+01 -1.731933593750000000e+00
3.230351100555253652e+01 -1.155761718750000000e+00
3.235247382148719453e+01 -2.041259765625000000e+00
3.240395415799082457e+01 -2.150390625000000000e+00
3.245443146317165883e+01 -7.392578125000000000e-01
3.250392081292754654e+01 -1.043457031250000000e+00
3.255482529183757379e+01 -1.209472656250000000e+00
3.260339521955393138e+01 -2.479492187500000000e+00
3.265518141437034672e+01 -1.799072265625000000e+00
3.270556384762676316e+01 -2.453613281250000000e-01
3.275692061760952356e+01 -1.898193359375000000e+00
3.280611485602575783e+01 -2.765136718750000000e+00
3.285907226940651071e+01 -1.140136718750000000e+00
3.290763759377949782e+01 -1.986328125000000000e+00
3.295774927465907922e+01 -3.073730468750000000e+00
3.300742271372672576e+01 -3.251708984375000000e+00
3.305880733688915996e+01 -2.580566406250000000e+00
3.310887252345241905e+01 -2.618896484375000000e+00
3.316022763737177570e+01 -3.076171875000000000e+00
3.320935832893268014e+01 -3.537841796875000000e+00
3.325960048034855276e+01 -2.078125000000000000e+00
3.331062075933408551e+01 -2.805664062500000000e+00
3.336052187619645792e+01 -2.741210937500000000e+00
3.341078567236434083e+01 -2.443847656250000000e+00
3.346039342192008803e+01 -4.423828125000000000e-01
3.351171793085512718e+01 -3.379882812500000000e+00
3.356151296865499489e+01 -1.552978515625000000e+00
3.361244924650986832e+01 -3.318603515625000000e+00
3.366269151320432229e+01 -2.727783203125000000e+00
3.371376956296330718e+01 -2.541992187500000000e+00
3.376347575338530760e+01 -1.187500000000000000e+00
3.381412110783034564e+01 -2.233398437500000000e+00
3.386385738077919427e+01 -2.355468750000000000e+00
3.391428460693327906e+01 -1.574218750000000000e+00
3.396451616842063004e+01 -3.231201171875000000e+00
3.401216055046056397e+01 -2.116699218750000000e+00
3.406506598346662429e+01 -2.552978515625000000e+00
3.411438617724923006e+01 -3.987792968750000000e+00
3.416560042056215707e+01 -2.815917968750000000e+00
3.421558003096652101e+01 -2.758300781250000000e+00
3.426867621292296917e+01 -1.672363281250000000e+00
3.431755638118846718e+01 -1.968994140625000000e+00
3.436767014550940758e+01 -2.522460937500000000e+00
3.441876231596017988e+01 -2.541259765625000000e+00
3.446948189304657717e+01 -3.084960937500000000e+00
3.451840166022503809e+01 -2.504638671875000000e+00
3.457018509995154432e+01 -1.650390625000000000e+00
3.461868256321724857e+01 -2.367187500000000000e+00
3.467026107673234492e+01 -2.386718750000000000e+00
3.472031166987403594e+01 -2.664062500000000000e+00
3.476936803279750166e+01 -3.202148437500000000e+00
3.482068363029708280e+01 -1.959472656250000000e+00
3.486990880527018533e+01 -2.334960937500000000e+00
3.492085168224826930e+01 -2.829589843750000000e+00
3.497143191477806567e+01 -2.843017578125000000e+00
3.502154637532447623e+01 -2.768066406250000000e+00
3.507266141094498835e+01 -2.617675781250000000e+00
3.512363816188621968e+01 -2.335937500000000000e+00
3.517282225763062797e+01 -2.628906250000000000e+00
3.522407806505120220e+01 -2.894042968750000000e+00
3.527429318710392181e+01 -3.459472656250000000e+00
3.532416202093219226e+01 -3.431152343750000000e+00
3.537533110224215704e+01 -1.554687500000000000e+00
3.542324652403112850e+01 -2.012695312500000000e+00
3.547533874075097060e+01 -2.290527343750000000e+00
3.552422527771300054e+01 -2.822753906250000000e+00
3.557666093013699538e+01 -2.520996093750000000e+00
3.562595211004308737e+01 -1.684082031250000000e+00
3.567690500799386655e+01 -2.863281250000000000e+00
3.572739290678532598e+01 -3.194335937500000000e+00
3.577749014587493548e+01 -3.348144531250000000e+00
3.582729512994791321e+01 -2.731933593750000000e+00
3.587797083922245633e+01 -3.986816406250000000e+00
3.592864019597004699e+01 -3.352294921875000000e+00
3.597909098574665165e+01 -3.186279296875000000e+00
3.602920984464184073e+01 -2.504394531250000000e+00
3.607976314062908330e+01 -1.001464843750000000e+00
3.613081450314314225e+01 -3.771972656250000000e+00
3.617948424089189530e+01 -3.312255859375000000e+00
3.623058039838093691e+01 -2.114990234375000000e+00
3.627985930548868510e+01 -3.810058593750000000e+00
3.633078907231998755e+01 -1.503417968750000000e+00
3.638045925663448088e+01 -2.563232421875000000e+00
3.643146648318878533e+01 -2.483642578125000000e+00
3.648117815515087159e+01 -4.070800781250000000e+00
3.653337419012733278e+01 -3.397460937500000000e+00
3.658272660583622837e+01 -3.191406250000000000e+00
3.663403403448805307e+01 -3.802246093750000000e+00
3.668363899537766315e+01 -2.041503906250000000e+00
3.673410096089435228e+01 -1.993164062500000000e+00
3.678443992536307405e+01 -3.501464843750000000e+00
3.683198085001492927e+01 -4.018066406250000000e+00
3.688487248160730303e+01 -1.985351562500000000e+00
3.693412243762172409e+01 -3.032714843750000000e+00
3.698602725838782135e+01 -2.649902343750000000e+00
3.703547518623770429e+01 -2.980957031250000000e+00
3.708684269707833892e+01 -2.721923828125000000e+00
3.713739508293218705e+01 -3.071777343750000000e+00
3.718735516438617594e+01 -2.997558593750000000e+00
3.723723007087045289e+01 -2.562500000000000000e+00
3.728862644389316472e+01 -2.327392578125000000e+00
3.733852292387132366e+01 -2.710693359375000000e+00
3.738799129243932384e+01 -2.887207031250000000e+00
3.743860369505239305e+01 -3.650390625000000000e+00
3.748890474237462911e+01 -2.698730468750000000e+00
3.754050650426182756e+01 -2.987792968750000000e+00
3.758800291330260279e+01 -3.324218750000000000e+00
3.764047669078451008e+01 -3.583251953125000000e+00
3.769015377949794754e+01 -3.110351562500000000e+00
3.774206284191814120e+01 -3.760253906250000000e+00
