#Time Flux
-2.116167008030693353e+00 -2.227000000000000000e+03
-2.107046127995534590e+00 -2.960500000000000000e+03
-2.099752570328796253e+00 -1.829000000000000000e+03
-2.090273300986254412e+00 -3.228000000000000000e+03
-2.082094614629038887e+00 -2.396000000000000000e+03
-2.073239860897189146e+00 -3.782000000000000000e+03
-2.064945572730977119e+00 -2.395000000000000000e+03
-2.055942626280902630e+00 -1.775000000000000000e+03
-2.047541647623582151e+00 -2.987000000000000000e+03
-2.040395715054646786e+00 -2.356000000000000000e+03
-2.030255145288855090e+00 -3.249000000000000000e+03
-2.022200065827810533e+00 -2.328000000000000000e+03
-2.014086830160763952e+00 -1.831500000000000000e+03
-2.005111748735316723e+00 -2.710000000000000000e+03
-1.998092599652004253e+00 -9.740000000000000000e+02
-1.988308667861126366e+00 -2.018000000000000000e+03
-1.980569527814552089e+00 -1.485500000000000000e+03
-1.971622781807575109e+00 -2.667000000000000000e+03
-1.963241704463108306e+00 -1.456000000000000000e+03
-1.954579790553943042e+00 -6.780000000000000000e+02
-1.945601583281781899e+00 -1.533500000000000000e+03
-1.938263031246378887e+00 -1.095000000000000000e+03
-1.928858861581058903e+00 -1.718500000000000000e+03
-1.920755246999220844e+00 -1.073000000000000000e+03
-1.912137188124869880e+00 -7.990000000000000000e+02
-1.903438084184660539e+00 -1.288500000000000000e+03
-1.896427570365986526e+00 1.000000000000000000e+02
-1.886239171299891382e+00 -6.890000000000000000e+02
-1.878359160483441315e+00 -5.350000000000000000e+02
-1.870180038478789442e+00 -1.407000000000000000e+03
-1.861122115581537173e+00 -6.140000000000000000e+02
-1.853664733619144300e+00 6.860000000000000000e+02
-1.843862262618177539e+00 1.850000000000000000e+01
-1.836141335916565254e+00 -7.110000000000000000e+02
-1.826960187811124570e+00 -4.090000000000000000e+02
-1.818801105372681803e+00 1.400000000000000000e+02
-1.810249208728180292e+00 -3.335000000000000000e+02
-1.801271031691346280e+00 4.750000000000000000e+02
-1.794802034369450183e+00 6.400000000000000000e+02
-1.784265167428781496e+00 8.230000000000000000e+02
-1.776542383591227292e+00 9.990000000000000000e+02
-1.768631044864832802e+00 2.333000000000000000e+03
-1.759303874412957214e+00 1.357000000000000000e+03
-1.752126147616959173e+00 1.557000000000000000e+03
-1.742497261172747614e+00 1.721000000000000000e+03
-1.734344472820573912e+00 1.186000000000000000e+03
-1.725797137340116194e+00 1.205500000000000000e+03
-1.717119984602209826e+00 1.473500000000000000e+03
-1.708365421773915926e+00 2.082500000000000000e+03
-1.699735704755958920e+00 2.228000000000000000e+03
-1.692935544315549379e+00 2.404000000000000000e+03
-1.682880167497522450e+00 3.133000000000000000e+03
-1.674775529205163593e+00 3.164000000000000000e+03
-1.666540523965611698e+00 3.163500000000000000e+03
-1.657394275130464223e+00 2.899000000000000000e+03
-1.650405351998767145e+00 3.589000000000000000e+03
-1.640846513536065032e+00 3.494500000000000000e+03
-1.632850640172158307e+00 2.699000000000000000e+03
-1.623711851091826475e+00 2.885000000000000000e+03
-1.615475839944746639e+00 3.742000000000000000e+03
-1.606544337827571667e+00 4.052000000000000000e+03
-1.598044723306280446e+00 3.686000000000000000e+03
-1.590838600043671391e+00 4.342500000000000000e+03
-1.580857890757503270e+00 3.967500000000000000e+03
-1.572680092608671032e+00 5.038000000000000000e+03
-1.564638786465760489e+00 5.121500000000000000e+03
-1.555687770149226878e+00 4.244000000000000000e+03
-1.548561783768086286e+00 6.022000000000000000e+03
-1.538765141894405275e+00 5.572000000000000000e+03
-1.530648019858912079e+00 5.415500000000000000e+03
-1.521819330633046974e+00 5.308000000000000000e+03
-1.513618166139583110e+00 5.416000000000000000e+03
-1.505484345325427853e+00 6.443000000000000000e+03
-1.496312689412555130e+00 5.672000000000000000e+03
-1.488756871557072259e+00 5.677000000000000000e+03
-1.479454516659174601e+00 4.934000000000000000e+03
-1.471063227428896170e+00 6.672500000000000000e+03
-1.462873490941401400e+00 7.462500000000000000e+03
-1.453902883401230639e+00 6.515000000000000000e+03
-1.447219954324943103e+00 7.242000000000000000e+03
-1.436682729496894240e+00 5.924000000000000000e+03
-1.429004345201910553e+00 7.279000000000000000e+03
-1.420886855794087467e+00 6.603000000000000000e+03
-1.411598627147643725e+00 6.410500000000000000e+03
-1.404032871995433140e+00 8.049000000000000000e+03
-1.394205161717465558e+00 7.454000000000000000e+03
-1.386653977694923157e+00 7.654000000000000000e+03
-1.377643981212099078e+00 6.507000000000000000e+03
-1.369086563024154657e+00 7.721000000000000000e+03
-1.360703996396605220e+00 9.449500000000000000e+03
-1.351910360089163987e+00 6.947500000000000000e+03
-1.345442290845070943e+00 7.637000000000000000e+03
-1.334775591007023365e+00 7.973500000000000000e+03
-1.327205544653782709e+00 9.199500000000000000e+03
-1.319161115019166886e+00 9.412500000000000000e+03
-1.309931097736946271e+00 7.005000000000000000e+03
-1.302311920104223475e+00 8.912500000000000000e+03
-1.293339274852868925e+00 7.975000000000000000e+03
-1.285087589529439356e+00 8.239500000000000000e+03
-1.276267459823422712e+00 8.737500000000000000e+03
-1.267416316624295547e+00 7.753500000000000000e+03
-1.258862424106922617e+00 9.859000000000000000e+03
-1.250230976799684868e+00 8.292000000000000000e+03
-1.243407840715377688e+00 8.220000000000000000e+03
-1.232901568859666952e+00 6.759500000000000000e+03
-1.225281837705029631e+00 8.465000000000000000e+03
-1.217264946664755598e+00 9.468000000000000000e+03
-1.208057474639332440e+00 7.237000000000000000e+03
-1.200702640396279719e+00 8.362000000000000000e+03
-1.191345461834270480e+00 8.229500000000000000e+03
-1.183279715925149134e+00 7.820500000000000000e+03
-1.174727652354242480e+00 7.272000000000000000e+03
-1.166121201057606527e+00 8.413000000000000000e+03
-1.157422351301232055e+00 7.988000000000000000e+03
-1.148697649512282482e+00 6.545000000000000000e+03
-1.141306242148324657e+00 8.087000000000000000e+03
-1.131315276002457182e+00 6.222500000000000000e+03
-1.123482471197895904e+00 7.870000000000000000e+03
-1.115335300556004938e+00 8.737000000000000000e+03
-1.106144200970440750e+00 6.219000000000000000e+03
-1.099185212793045707e+00 8.058000000000000000e+03
-1.089244060431116878e+00 6.080500000000000000e+03
-1.081445813785748555e+00 6.240000000000000000e+03
-1.073269862582115763e+00 5.829500000000000000e+03
-1.064139372298203767e+00 6.463500000000000000e+03
-1.055952877861315642e+00 7.051000000000000000e+03
-1.046840386564937830e+00 4.814000000000000000e+03
-1.039200709500093467e+00 5.282000000000000000e+03
-1.030054940818587284e+00 4.348000000000000000e+03
-1.021536721396625325e+00 4.476000000000000000e+03
-1.013210079657412166e+00 6.309000000000000000e+03
-1.004456766558256220e+00 4.246000000000000000e+03
-9.976982631867272744e-01 3.932000000000000000e+03
-9.871264340206806764e-01 3.192000000000000000e+03
-9.794412991244207944e-01 4.551000000000000000e+03
-9.715816066864348954e-01 2.963000000000000000e+03
-9.623325348535658463e-01 2.813000000000000000e+03
-9.544122609018330650e-01 4.311500000000000000e+03
-9.453412213032912348e-01 2.918500000000000000e+03
-9.370648956621536740e-01 3.582000000000000000e+03
-9.283304738260014233e-01 1.337000000000000000e+03
-9.198950506081686740e-01 1.751000000000000000e+03
-9.112802714126750914e-01 3.248500000000000000e+03
-9.028064395801465025e-01 2.256000000000000000e+03
-8.958328212989421502e-01 2.241500000000000000e+03
-8.852716710498249597e-01 1.330000000000000000e+03
-8.776686704037395259e-01 1.030000000000000000e+03
-8.696899939656717038e-01 2.028000000000000000e+03
-8.604678649965720183e-01 -3.570000000000000000e+02
-8.530572280753538905e-01 1.152000000000000000e+03
-8.438770713550596270e-01 -3.750000000000000000e+02
-8.354531004825744844e-01 -3.800000000000000000e+02
-8.266547113951929759e-01 -9.340000000000000000e+02
-8.180880830438965745e-01 -1.838000000000000000e+03
-8.094520732256924589e-01 -8.480000000000000000e+02
-8.009199937634257083e-01 -1.820500000000000000e+03
-7.938690007200186471e-01 -2.618500000000000000e+03
-7.834367204456107459e-01 -3.069000000000000000e+03
-7.759589119776464372e-01 -2.723500000000000000e+03
-7.677193522871981202e-01 -1.461500000000000000e+03
-7.587327869008468895e-01 -3.765500000000000000e+03
-7.511453499448350613e-01 -3.397500000000000000e+03
-7.418232333996321870e-01 -3.358500000000000000e+03
-7.336128960078127648e-01 -3.755000000000000000e+03
-7.246553534725137524e-01 -3.609000000000000000e+03
-7.167075826433801922e-01 -5.533000000000000000e+03
-7.083776339978093972e-01 -3.202000000000000000e+03
-6.987530440029949830e-01 -4.997000000000000000e+03
-6.917347359622709746e-01 -4.740000000000000000e+03
-6.821064082993437694e-01 -5.373500000000000000e+03
-6.739695588224634548e-01 -5.026500000000000000e+03
-6.658128757524259811e-01 -4.888000000000000000e+03
-6.569058545467925114e-01 -7.133000000000000000e+03
-6.496620580814038703e-01 -4.997000000000000000e+03
-6.397123105802720033e-01 -7.157000000000000000e+03
-6.320075665676263554e-01 -6.711500000000000000e+03
-6.239259355237152249e-01 -6.512000000000000000e+03
-6.146148485247984183e-01 -8.587500000000000000e+03
-6.069587974201411384e-01 -7.728000000000000000e+03
-5.974223288194941972e-01 -8.068500000000000000e+03
-5.896113709823893601e-01 -9.622000000000000000e+03
-5.805190508528141891e-01 -1.017300000000000000e+04
-5.720016113087034171e-01 -8.710500000000000000e+03
-5.639050341861597815e-01 -8.015000000000000000e+03
-5.548322829970011583e-01 -9.581000000000000000e+03
-5.480319574532828142e-01 -9.206000000000000000e+03
-5.377278973496402159e-01 -9.946000000000000000e+03
-5.300197039429690449e-01 -1.054300000000000000e+04
-5.221520814787794507e-01 -1.139200000000000000e+04
-5.128369880253842439e-01 -1.110900000000000000e+04
-5.051699378070360069e-01 -1.063450000000000000e+04
-4.959228693979653713e-01 -1.117600000000000000e+04
-4.875782772518597596e-01 -1.099250000000000000e+04
-4.790434475422991056e-01 -1.148600000000000000e+04
-4.701919843685935518e-01 -1.155950000000000000e+04
-4.618385346014051152e-01 -1.050050000000000000e+04
-4.528423299606174623e-01 -1.117450000000000000e+04
-4.462252043353132080e-01 -1.296300000000000000e+04
-4.359545105512339092e-01 -1.223100000000000000e+04
-4.281319328180082096e-01 -1.246350000000000000e+04
-4.202412908870094554e-01 -1.112500000000000000e+04
-4.109198073013615726e-01 -1.268500000000000000e+04
-4.032028674125456291e-01 -1.179400000000000000e+04
-3.943836425321762817e-01 -1.179200000000000000e+04
-3.860152931940952215e-01 -1.331050000000000000e+04
-3.772924956730605572e-01 -1.293100000000000000e+04
-3.687431904190923149e-01 -1.368300000000000000e+04
-3.599103191933039625e-01 -1.342550000000000000e+04
-3.511335909617727680e-01 -1.310300000000000000e+04
-3.442957674982665139e-01 -1.483100000000000000e+04
-3.345493487918105302e-01 -1.408900000000000000e+04
-3.265781278283625966e-01 -1.437400000000000000e+04
-3.181750962507372549e-01 -1.365450000000000000e+04
-3.091686459417815058e-01 -1.486900000000000000e+04
-3.016149412198672053e-01 -1.435400000000000000e+04
-2.922861856219434173e-01 -1.413100000000000000e+04
-2.842087005585050008e-01 -1.536100000000000000e+04
-2.761557237989364921e-01 -1.362300000000000000e+04
-2.672079649785672473e-01 -1.508100000000000000e+04
-2.590562536352507550e-01 -1.402200000000000000e+04
-2.494451136638744515e-01 -1.402000000000000000e+04
-2.421911726918679619e-01 -1.558800000000000000e+04
-2.328994753399022954e-01 -1.565800000000000000e+04
-2.244351819066281450e-01 -1.499000000000000000e+04
-2.162684674447241662e-01 -1.409700000000000000e+04
-2.070303398471615708e-01 -1.570050000000000000e+04
-2.001092400824333595e-01 -1.432950000000000000e+04
-1.901856451975589835e-01 -1.478200000000000000e+04
-1.823647249358231193e-01 -1.550000000000000000e+04
-1.744158202818795189e-01 -1.642500000000000000e+04
-1.650845820998299018e-01 -1.922900000000000000e+04
-1.576071622864319011e-01 -2.066500000000000000e+04
-1.481447237334556633e-01 -6.068900000000000000e+04
-1.400544777207741731e-01 -1.121470000000000000e+05
-1.314303475942253385e-01 -2.180270000000000000e+05
-1.226733399920760803e-01 -3.322100000000000000e+05
-1.143699971423330908e-01 -4.576570000000000000e+05
-1.051428425312579407e-01 -5.678710000000000000e+05
-9.865497777511933464e-02 -7.074680000000000000e+05
-8.827342972272589350e-02 -7.915870000000000000e+05
-8.102949011247417843e-02 -8.511465000000000000e+05
-7.264279911987614469e-02 -9.047270000000000000e+05
-6.336621667558972604e-02 -9.170020000000000000e+05
-5.564124614985743733e-02 -9.464425000000000000e+05
-4.673160578365553874e-02 -9.513690000000000000e+05
-3.809888480563472513e-02 -9.646150000000000000e+05
-2.992966174602429419e-02 -9.742300000000000000e+05
-2.110154201874081537e-02 -9.725030000000000000e+05
-1.229294927659196901e-02 -9.924230000000000000e+05
-3.563528182933595190e-03 -9.810235000000000000e+05
3.471961429511338793e-03 -9.925620000000000000e+05
1.376438144858127544e-02 -9.815300000000000000e+05
2.140456820815117567e-02 -9.769620000000000000e+05
2.952521112229078426e-02 -9.783310000000000000e+05
3.880421756640828335e-02 -9.600300000000000000e+05
4.627817933771183334e-02 -9.529735000000000000e+05
5.531872044947760969e-02 -9.381240000000000000e+05
6.379040405726144058e-02 -9.144315000000000000e+05
7.169891789681770433e-02 -8.955080000000000000e+05
8.121200050532806358e-02 -8.576225000000000000e+05
8.987660061641378206e-02 -8.027885000000000000e+05
9.842484552298458311e-02 -6.764340000000000000e+05
1.052861149853576705e-01 -5.615135000000000000e+05
1.152947277467788467e-01 -4.287000000000000000e+05
1.233012390408241288e-01 -3.159675000000000000e+05
1.314761976665401733e-01 -2.060100000000000000e+05
1.407980825358023935e-01 -1.116210000000000000e+05
1.483991846152576954e-01 -5.123000000000000000e+04
1.573023970548845796e-01 -2.012000000000000000e+04
1.655894686824126438e-01 -1.630000000000000000e+04
1.736215792646724765e-01 -1.340700000000000000e+04
1.824679132222826183e-01 -1.427900000000000000e+04
1.914031241109341863e-01 -1.499800000000000000e+04
2.003154733818810485e-01 -1.460600000000000000e+04
2.074160575370349591e-01 -1.490650000000000000e+04
2.167861789877676415e-01 -1.395000000000000000e+04
2.250990532117072007e-01 -1.375050000000000000e+04
2.334144472473766996e-01 -1.268700000000000000e+04
2.425049424269936083e-01 -1.504700000000000000e+04
2.497403079799198622e-01 -1.395500000000000000e+04
2.594017882925427898e-01 -1.385200000000000000e+04
2.674969680778360726e-01 -1.365600000000000000e+04
2.751550731701648544e-01 -1.281350000000000000e+04
2.845215435733763343e-01 -1.368600000000000000e+04
2.926411377920459245e-01 -1.343900000000000000e+04
3.020761145983534846e-01 -1.274100000000000000e+04
3.095313227899332276e-01 -1.392650000000000000e+04
3.183278672019476119e-01 -1.230250000000000000e+04
3.269000049431838306e-01 -1.313600000000000000e+04
3.354657086471277694e-01 -1.101700000000000000e+04
3.446546843442845898e-01 -1.265300000000000000e+04
3.508665184838477558e-01 -1.185900000000000000e+04
3.613292386620408081e-01 -1.185250000000000000e+04
3.690485354421184638e-01 -1.156050000000000000e+04
3.770763436795974144e-01 -1.002400000000000000e+04
3.864669932826068077e-01 -1.212250000000000000e+04
3.944470355551139562e-01 -1.034200000000000000e+04
4.037154278644905503e-01 -1.145700000000000000e+04
4.116391552884834937e-01 -1.107900000000000000e+04
4.197716335994954306e-01 -1.120400000000000000e+04
4.290111463384107537e-01 -1.121900000000000000e+04
4.373661993563402461e-01 -8.638000000000000000e+03
4.462986748939457016e-01 -1.156200000000000000e+04
4.528244580127953611e-01 -1.129100000000000000e+04
4.630347851301443995e-01 -9.465000000000000000e+03
4.707709471729089046e-01 -9.803000000000000000e+03
4.790104221355271363e-01 -7.919000000000000000e+03
4.882487725882427299e-01 -1.040300000000000000e+04
4.958502793081436266e-01 -8.283000000000000000e+03
5.047366665632750937e-01 -8.537000000000000000e+03
5.130777012106868540e-01 -8.166000000000000000e+03
5.217646085864942052e-01 -8.835000000000000000e+03
5.306119721157216418e-01 -8.344000000000000000e+03
5.394221744124720885e-01 -7.276500000000000000e+03
5.479344537223269640e-01 -7.561000000000000000e+03
5.548005828072071210e-01 -7.950500000000000000e+03
5.648381500167047875e-01 -6.543000000000000000e+03
5.727561518041781596e-01 -6.775000000000000000e+03
5.809210249226168798e-01 -5.482000000000000000e+03
5.904161666768530381e-01 -7.308500000000000000e+03
5.979742016626161671e-01 -6.352500000000000000e+03
6.068286963476374751e-01 -5.943500000000000000e+03
6.145477162834964702e-01 -5.977000000000000000e+03
6.227429707809406523e-01 -5.112500000000000000e+03
6.320022204293458401e-01 -5.865500000000000000e+03
6.407180417667923678e-01 -5.635000000000000000e+03
6.498496303273277874e-01 -5.609500000000000000e+03
6.569166169032705227e-01 -4.550500000000000000e+03
6.659615037648833891e-01 -6.807000000000000000e+03
6.749942012398371105e-01 -4.564500000000000000e+03
6.830907458952140132e-01 -1.287000000000000000e+03
6.920517755163473339e-01 -5.066000000000000000e+03
6.987882192307637297e-01 -3.100500000000000000e+03
7.089266294471627816e-01 -4.425000000000000000e+03
7.165989052887020705e-01 -2.767000000000000000e+03
7.246969869629396044e-01 -3.297000000000000000e+03
7.340890901504018018e-01 -3.249000000000000000e+03
7.425755343847058043e-01 -1.791000000000000000e+03
7.512621296898380763e-01 -3.340500000000000000e+03
7.590233180158776349e-01 -1.612000000000000000e+03
7.673861470624068204e-01 -3.411500000000000000e+03
7.767721998715231280e-01 -1.371000000000000000e+03
7.851263586884655865e-01 6.410000000000000000e+02
7.938842723776105004e-01 -2.228000000000000000e+03
8.003879518785410596e-01 -4.430000000000000000e+02
8.108307681433828407e-01 -5.050000000000000000e+02
8.185176655866186479e-01 -4.980000000000000000e+02
8.266287459946184413e-01 1.256000000000000000e+03
8.359287870421390210e-01 -1.010500000000000000e+03
8.439755932728267851e-01 5.875000000000000000e+02
8.528387718880061641e-01 -2.650000000000000000e+02
8.607517745679018617e-01 5.120000000000000000e+02
8.688614512235979248e-01 1.100000000000000000e+01
8.785319752974771745e-01 1.711000000000000000e+03
8.870260407026400173e-01 2.848500000000000000e+03
8.956904015752442660e-01 1.449000000000000000e+03
9.023245067239855643e-01 1.185000000000000000e+03
9.125816183107922086e-01 2.513000000000000000e+03
9.201910248380720247e-01 2.251500000000000000e+03
9.285046648822614657e-01 4.209000000000000000e+03
9.377853546394661066e-01 2.544000000000000000e+03
9.458729359998443442e-01 3.493000000000000000e+03
9.542923492983561573e-01 4.067500000000000000e+03
9.623321275115941376e-01 4.037000000000000000e+03
9.705202209682646242e-01 2.315500000000000000e+03
9.797279153151237097e-01 4.042000000000000000e+03
9.887479677234480846e-01 4.965000000000000000e+03
9.974685072327602597e-01 3.391000000000000000e+03
1.004341931680080791e+00 4.508000000000000000e+03
1.013884138219825815e+00 3.972000000000000000e+03
1.022030081181036110e+00 4.740000000000000000e+03
1.030467309263229936e+00 7.234000000000000000e+03
1.039670566581065714e+00 3.894000000000000000e+03
1.047541785475260667e+00 6.472000000000000000e+03
1.056378492581835360e+00 5.129000000000000000e+03
1.064087866817217787e+00 6.469000000000000000e+03
1.072131526529716439e+00 4.848000000000000000e+03
1.081542167583886993e+00 6.796500000000000000e+03
1.090777563905536596e+00 6.043500000000000000e+03
1.099613707100616011e+00 5.701000000000000000e+03
1.106466595061874614e+00 6.988000000000000000e+03
1.115229546588739851e+00 4.675000000000000000e+03
1.124167849116602724e+00 7.419000000000000000e+03
1.132617090316820452e+00 8.994000000000000000e+03
1.141709771592829270e+00 6.293500000000000000e+03
1.148214594748068862e+00 8.175000000000000000e+03
1.158431636690572475e+00 6.320000000000000000e+03
1.165950041370081181e+00 7.114000000000000000e+03
1.174206416504283368e+00 7.419000000000000000e+03
1.183622468065884448e+00 7.975000000000000000e+03
1.191811386402871875e+00 9.882000000000000000e+03
1.201147243935597686e+00 8.151500000000000000e+03
1.208338078240501545e+00 8.506000000000000000e+03
1.216917913830311448e+00 7.549000000000000000e+03
1.225933543315321117e+00 8.387500000000000000e+03
1.234553371237446129e+00 1.261800000000000000e+04
1.243424626638145014e+00 8.163000000000000000e+03
1.249810714415254154e+00 8.782000000000000000e+03
1.260244248038233650e+00 9.761000000000000000e+03
1.267654177823693828e+00 9.284000000000000000e+03
1.276050461480409126e+00 1.175300000000000000e+04
1.285481379168704308e+00 9.033000000000000000e+03
1.293503904542941285e+00 1.056850000000000000e+04
1.301864055200038450e+00 1.064200000000000000e+04
1.309886276130384886e+00 9.256000000000000000e+03
1.318832778285624840e+00 9.346000000000000000e+03
1.327813147271378114e+00 9.484000000000000000e+03
1.336461388888430690e+00 1.337600000000000000e+04
1.345228147193971324e+00 1.007600000000000000e+04
1.351805292995713614e+00 8.634000000000000000e+03
1.361755634471457199e+00 1.125500000000000000e+04
1.369804355341528890e+00 1.071500000000000000e+04
1.378098441593376577e+00 1.284850000000000000e+04
1.387321833084691036e+00 9.826500000000000000e+03
1.394868380410223097e+00 1.185100000000000000e+04
1.403800763618058056e+00 1.062700000000000000e+04
1.411781259788064347e+00 1.014800000000000000e+04
1.420292778834216563e+00 9.959000000000000000e+03
1.429080401511978238e+00 1.034000000000000000e+04
1.438020063124643144e+00 1.181000000000000000e+04
1.447002515457633365e+00 1.009050000000000000e+04
1.453880456931912590e+00 1.077000000000000000e+04
1.463232965574370326e+00 1.027600000000000000e+04
1.471535281921788396e+00 1.073850000000000000e+04
1.480002087256767851e+00 1.361900000000000000e+04
1.489080699561032617e+00 1.013050000000000000e+04
1.496507098910825562e+00 1.203400000000000000e+04
1.505936081956143369e+00 1.044300000000000000e+04
1.513627881377843210e+00 1.104800000000000000e+04
1.522219590059048500e+00 1.124250000000000000e+04
1.531056920528687471e+00 1.123450000000000000e+04
1.539787441408822843e+00 1.165350000000000000e+04
1.548685871816509518e+00 1.076000000000000000e+04
1.556012342694959472e+00 1.225900000000000000e+04
1.564992146684602403e+00 1.057100000000000000e+04
1.573702210199954266e+00 1.099750000000000000e+04
1.581927948094410397e+00 1.297200000000000000e+04
1.591110868295462666e+00 1.047750000000000000e+04
1.597534700343452130e+00 1.166100000000000000e+04
1.607986617604971968e+00 1.099800000000000000e+04
1.615484262282109285e+00 1.101550000000000000e+04
1.623611616708462435e+00 1.197250000000000000e+04
1.633107126128706454e+00 1.047400000000000000e+04
1.640866986263628036e+00 1.202700000000000000e+04
1.650513369446258594e+00 1.008600000000000000e+04
1.658026022930464194e+00 1.202000000000000000e+04
1.666019897324844123e+00 1.028000000000000000e+04
1.675517430429920296e+00 1.059300000000000000e+04
1.683839335037639273e+00 1.225700000000000000e+04
1.692781498557000219e+00 1.084200000000000000e+04
1.699311568865990552e+00 1.118450000000000000e+04
1.709794190257397872e+00 1.053300000000000000e+04
1.717398649150840839e+00 1.080700000000000000e+04
1.725558307243836964e+00 1.242500000000000000e+04
1.734905690046783633e+00 1.075250000000000000e+04
1.742264212450464811e+00 1.231900000000000000e+04
1.751249322172395040e+00 1.100900000000000000e+04
1.759431207841373634e+00 1.097300000000000000e+04
1.767180733752113042e+00 1.010600000000000000e+04
1.777355225286306961e+00 1.017000000000000000e+04
1.785631790851450518e+00 1.362350000000000000e+04
1.794369806810927059e+00 1.095800000000000000e+04
1.801313242905592915e+00 9.830000000000000000e+03
1.811564433558658038e+00 1.015300000000000000e+04
1.819339023761330054e+00 1.104900000000000000e+04
1.827377284141736169e+00 1.282600000000000000e+04
1.836858407801749138e+00 1.003400000000000000e+04
1.844608698375960643e+00 1.182900000000000000e+04
1.853357652332199734e+00 1.027600000000000000e+04
1.861394475175451646e+00 1.067800000000000000e+04
1.869074080209117028e+00 1.043000000000000000e+04
1.878441528322770893e+00 1.084850000000000000e+04
1.887155075721654640e+00 1.140700000000000000e+04
1.896284329747533803e+00 1.011500000000000000e+04
1.903446973873624160e+00 1.141300000000000000e+04
1.912962591303173809e+00 9.499500000000000000e+03
1.921209667754887107e+00 1.099600000000000000e+04
1.929302446494723711e+00 1.181300000000000000e+04
1.938488259529556501e+00 9.850000000000000000e+03
1.945520363418332010e+00 1.095950000000000000e+04
1.955468175697848920e+00 9.514500000000000000e+03
1.963306388949284553e+00 1.047750000000000000e+04
1.971235837125721702e+00 1.011200000000000000e+04
1.980588644244445362e+00 9.929000000000000000e+03
1.988794144795026142e+00 1.015600000000000000e+04
1.998218312629127524e+00 9.501000000000000000e+03
2.005569352259119142e+00 1.121650000000000000e+04
2.014297693132608202e+00 8.984500000000000000e+03
2.023236530359682206e+00 1.024050000000000000e+04
2.031471430900303687e+00 1.262700000000000000e+04
2.040486013698192380e+00 9.199500000000000000e+03
2.046880082048062377e+00 1.078600000000000000e+04
2.057482111781336442e+00 9.315500000000000000e+03
2.065069112203914869e+00 9.527000000000000000e+03
2.073114548834361415e+00 1.156300000000000000e+04
2.082552590209182597e+00 9.110000000000000000e+03
2.090488518075094504e+00 1.086200000000000000e+04
2.099882327265493842e+00 9.243000000000000000e+03
2.107380612897550520e+00 9.493000000000000000e+03
2.115286280250689543e+00 9.199500000000000000e+03
2.125056937412466596e+00 9.121000000000000000e+03
2.133496072518628495e+00 1.242400000000000000e+04
2.141946041930129496e+00 1.015800000000000000e+04
2.148756132386488105e+00 9.314500000000000000e+03
2.159344024683250041e+00 9.409000000000000000e+03
2.166934170072767785e+00 9.193000000000000000e+03
2.174979336438177313e+00 1.148900000000000000e+04
2.184320784952706873e+00 9.111500000000000000e+03
2.191790414216740146e+00 1.095100000000000000e+04
2.200833240086971898e+00 9.263000000000000000e+03
2.208821636302310765e+00 9.785000000000000000e+03
2.216715128712323235e+00 8.957000000000000000e+03
2.226621690426682676e+00 9.060000000000000000e+03
2.235299477200886287e+00 1.075950000000000000e+04
2.243923086857265048e+00 9.199000000000000000e+03
2.250841046007970192e+00 9.243000000000000000e+03
2.261333181467783504e+00 8.383000000000000000e+03
2.268873657132843391e+00 9.599000000000000000e+03
2.276907499469565721e+00 9.957000000000000000e+03
2.286365975499101921e+00 8.735000000000000000e+03
2.293955344924398787e+00 1.057100000000000000e+04
2.302904187820526971e+00 9.091000000000000000e+03
2.310539413626329974e+00 9.318000000000000000e+03
2.318620963480942265e+00 8.542000000000000000e+03
2.328037314957821735e+00 9.291500000000000000e+03
2.336941683955465976e+00 9.592500000000000000e+03
2.345615418138962127e+00 8.694000000000000000e+03
2.352966430720925928e+00 9.792000000000000000e+03
2.362308564503273089e+00 7.768000000000000000e+03
2.370738150337423633e+00 9.776000000000000000e+03
2.378828718984760116e+00 1.144450000000000000e+04
2.388030805650494415e+00 8.961000000000000000e+03
2.394975337869205134e+00 1.024100000000000000e+04
2.404951910310987984e+00 7.760500000000000000e+03
2.412573621827032611e+00 9.642500000000000000e+03
2.420699691577873125e+00 8.160000000000000000e+03
2.430123053264985344e+00 9.725000000000000000e+03
2.439082712110234752e+00 9.587000000000000000e+03
2.447586904045497391e+00 9.067500000000000000e+03
2.454993378301342233e+00 1.017100000000000000e+04
2.463600565746226323e+00 7.250000000000000000e+03
2.472770909774808956e+00 9.308500000000000000e+03
2.480981032790467111e+00 1.092300000000000000e+04
2.489505372304243735e+00 8.949000000000000000e+03
2.496369744164081084e+00 9.064000000000000000e+03
2.506921604981801721e+00 8.368500000000000000e+03
2.514588947041616507e+00 8.944000000000000000e+03
2.522427740475450264e+00 9.111000000000000000e+03
2.531910518385622311e+00 7.956000000000000000e+03
2.540488359888474434e+00 1.043350000000000000e+04
2.548851496810190298e+00 7.898000000000000000e+03
2.556915454248386510e+00 9.883500000000000000e+03
2.565078281454447051e+00 7.211000000000000000e+03
2.574524112602219361e+00 9.414500000000000000e+03
2.582906040423853966e+00 9.068000000000000000e+03
2.591289680533535034e+00 8.293000000000000000e+03
2.598368316214205720e+00 1.000300000000000000e+04
2.608965786108480955e+00 7.576000000000000000e+03
2.616256881723508343e+00 1.010000000000000000e+04
2.624312022833663605e+00 1.024500000000000000e+04
2.633764157297385111e+00 7.598500000000000000e+03
2.641746387625325099e+00 1.021600000000000000e+04
2.650399205423632054e+00 7.578000000000000000e+03
2.658290447592129624e+00 9.549500000000000000e+03
2.666249670697808938e+00 6.708000000000000000e+03
2.675687440028514885e+00 8.479500000000000000e+03
2.684690214151018495e+00 9.957000000000000000e+03
2.693217406422828475e+00 7.985000000000000000e+03
2.700389537783021154e+00 9.538500000000000000e+03
2.710767836574955680e+00 7.700000000000000000e+03
2.718300580109438869e+00 9.563000000000000000e+03
2.726319055735981323e+00 1.127000000000000000e+04
2.735681457434424146e+00 7.372000000000000000e+03
2.743224640242974743e+00 9.682500000000000000e+03
2.752461292892544265e+00 6.923000000000000000e+03
2.759941908007458977e+00 9.219000000000000000e+03
2.768150860171001426e+00 8.190500000000000000e+03
2.777569476704570661e+00 8.771000000000000000e+03
2.786451029555450987e+00 9.527000000000000000e+03
2.794955304720392775e+00 7.794000000000000000e+03
2.802511217571083790e+00 9.641000000000000000e+03
2.811430625648284831e+00 5.846000000000000000e+03
2.819950086915444132e+00 9.487500000000000000e+03
2.828250226332475137e+00 1.048400000000000000e+04
2.837549662337213618e+00 7.580000000000000000e+03
2.844226029726641514e+00 9.939000000000000000e+03
2.854553117421684050e+00 7.189000000000000000e+03
2.861971064656309238e+00 8.921000000000000000e+03
2.870099238304778311e+00 8.703000000000000000e+03
2.879610105064713821e+00 7.594000000000000000e+03
2.887470887004042197e+00 9.973000000000000000e+03
2.896962164902930681e+00 7.785000000000000000e+03
2.904548439422260486e+00 9.727000000000000000e+03
2.913365352070901082e+00 7.911000000000000000e+03
2.922117292091090945e+00 8.930000000000000000e+03
2.930125129849471932e+00 8.543000000000000000e+03
2.939096006352997392e+00 7.594500000000000000e+03
2.945848083933562123e+00 9.678000000000000000e+03
2.956529504543624398e+00 7.865000000000000000e+03
2.964122980910058658e+00 8.944500000000000000e+03
2.971968000788820063e+00 8.733000000000000000e+03
2.981519566795686416e+00 7.371500000000000000e+03
2.989190219841887597e+00 9.295500000000000000e+03
2.997956570041630187e+00 7.314000000000000000e+03
3.006230833356372756e+00 8.989000000000000000e+03
3.014347408929712202e+00 7.103000000000000000e+03
3.023972712759672277e+00 8.421000000000000000e+03
3.032167049892287025e+00 9.258000000000000000e+03
3.040805047798848193e+00 7.677500000000000000e+03
3.047854716651208662e+00 9.007000000000000000e+03
3.058350749771935995e+00 7.539000000000000000e+03
3.065806803042264050e+00 9.098000000000000000e+03
3.073857539065983246e+00 9.378000000000000000e+03
3.083300673344758991e+00 7.075500000000000000e+03
3.090803924050263163e+00 1.020300000000000000e+04
3.099942970016449806e+00 6.965000000000000000e+03
3.107861215166487057e+00 8.477000000000000000e+03
3.115784359955952709e+00 7.374000000000000000e+03
3.125070423485382776e+00 8.278000000000000000e+03
3.133819365037766147e+00 9.401000000000000000e+03
3.142551723767830651e+00 8.079000000000000000e+03
3.149955299734990888e+00 9.707000000000000000e+03
3.160063610560445824e+00 7.487500000000000000e+03
3.167629696861844479e+00 8.283000000000000000e+03
3.175763391629182308e+00 1.004300000000000000e+04
3.184754411674894925e+00 7.077500000000000000e+03
3.192279437561968081e+00 9.950500000000000000e+03
3.202001395299138409e+00 6.834500000000000000e+03
3.209742022948056217e+00 8.521500000000000000e+03
3.217707319672765465e+00 7.859000000000000000e+03
3.227079618983864862e+00 7.349000000000000000e+03
3.235404710676412776e+00 8.391000000000000000e+03
3.244920026644305011e+00 7.415500000000000000e+03
3.252089087404254286e+00 9.225000000000000000e+03
3.260965449824510642e+00 6.639000000000000000e+03
3.269672760233916620e+00 8.589500000000000000e+03
3.277656511380786952e+00 8.509000000000000000e+03
3.286921277212478287e+00 7.559500000000000000e+03
3.293824827088528195e+00 9.062000000000000000e+03
3.304127891989573129e+00 6.204000000000000000e+03
3.311483684032889840e+00 8.526500000000000000e+03
3.319340044215550733e+00 7.979000000000000000e+03
3.329002026557514426e+00 7.419000000000000000e+03
3.336815704350211576e+00 9.299500000000000000e+03
3.346501393187196527e+00 7.112000000000000000e+03
3.354103484186826023e+00 9.580500000000000000e+03
3.361712055268686328e+00 6.737000000000000000e+03
3.371052962031679812e+00 8.293000000000000000e+03
3.379612103220996033e+00 7.329000000000000000e+03
3.388630021795620451e+00 7.306000000000000000e+03
3.395375977485343810e+00 9.438500000000000000e+03
3.406026468103267035e+00 7.207500000000000000e+03
3.413373566385548230e+00 7.904000000000000000e+03
3.421216314196104946e+00 8.299500000000000000e+03
3.430860156110625780e+00 7.392000000000000000e+03
3.438423313650023516e+00 9.171500000000000000e+03
3.447401922479812697e+00 7.464000000000000000e+03
3.455539110452402696e+00 8.321000000000000000e+03
3.463385731296821035e+00 6.860000000000000000e+03
3.473222082530408983e+00 7.344500000000000000e+03
3.481673335838106453e+00 8.771000000000000000e+03
3.490796782381153207e+00 7.288500000000000000e+03
3.497410111181970649e+00 8.170000000000000000e+03
3.507575853745208860e+00 7.448000000000000000e+03
3.515309910461127174e+00 8.095000000000000000e+03
3.523252732505532947e+00 9.270000000000000000e+03
3.532836999623746976e+00 6.904000000000000000e+03
3.540589004204125700e+00 8.835000000000000000e+03
3.549497940620817360e+00 6.685000000000000000e+03
3.557276257805657593e+00 7.987500000000000000e+03
3.565225246752937949e+00 6.952000000000000000e+03
3.574532923063582501e+00 7.357500000000000000e+03
3.582895159263252083e+00 9.051000000000000000e+03
3.592488430894263729e+00 7.335000000000000000e+03
3.599496071038558398e+00 9.247000000000000000e+03
3.609307997309482374e+00 6.252000000000000000e+03
3.617083114829618751e+00 7.260000000000000000e+03
3.625279239201361747e+00 8.117000000000000000e+03
3.634489011416015103e+00 5.961000000000000000e+03
3.641409621388397966e+00 8.957000000000000000e+03
3.651536122369975601e+00 6.088000000000000000e+03
3.659394599945159143e+00 8.184000000000000000e+03
3.667263837207567434e+00 6.117500000000000000e+03
3.676623604754574615e+00 6.675000000000000000e+03
3.684554156628976784e+00 8.031000000000000000e+03
3.694218029492233768e+00 6.512500000000000000e+03
3.701625020807188804e+00 7.871500000000000000e+03
3.710031174219245997e+00 5.610000000000000000e+03
3.719163800913413809e+00 6.791000000000000000e+03
3.727161923933905996e+00 6.879000000000000000e+03
3.736455313373390652e+00 5.480500000000000000e+03
3.743317306183243431e+00 7.510000000000000000e+03
3.753665722045635533e+00 5.839000000000000000e+03
3.760963584693772788e+00 7.264500000000000000e+03
3.768830971481570202e+00 5.612000000000000000e+03
3.778555706989077834e+00 5.056500000000000000e+03
3.786084147365230024e+00 7.122500000000000000e+03
3.796193717002356749e+00 5.654500000000000000e+03
3.803414257707636636e+00 7.349000000000000000e+03
3.811242980644852452e+00 4.714000000000000000e+03
3.820851031884188842e+00 5.697000000000000000e+03
3.829101146165903913e+00 4.405000000000000000e+03
3.838353495465792520e+00 5.230000000000000000e+03
3.844858864258881681e+00 6.650000000000000000e+03
3.855521605805002139e+00 4.626000000000000000e+03
3.862909105588318681e+00 5.700500000000000000e+03
3.870626963317953084e+00 6.169500000000000000e+03
3.880409275506295330e+00 4.618000000000000000e+03
3.887706646103609387e+00 6.762000000000000000e+03
3.897007758776506847e+00 5.154000000000000000e+03
3.904861033731851450e+00 5.868500000000000000e+03
3.912919361466574486e+00 4.019000000000000000e+03
3.922408650631091120e+00 5.088000000000000000e+03
3.931135194129602439e+00 5.726000000000000000e+03
3.940284194718820743e+00 4.030000000000000000e+03
3.946944532677445494e+00 5.783500000000000000e+03
3.957236719433563366e+00 3.646000000000000000e+03
3.965076301621724753e+00 4.836000000000000000e+03
3.972680438951677218e+00 5.733000000000000000e+03
3.982363022576087985e+00 3.005000000000000000e+03
3.989457423999390073e+00 5.299000000000000000e+03
3.999052980557785020e+00 3.007000000000000000e+03
4.006900942634821661e+00 5.339000000000000000e+03
4.014771427713107244e+00 2.933500000000000000e+03
4.024088799062649713e+00 3.485000000000000000e+03
4.032360697317130871e+00 4.383500000000000000e+03
4.042022783937682107e+00 3.124000000000000000e+03
4.049040275080720619e+00 4.592000000000000000e+03
4.058290596114765947e+00 1.761000000000000000e+03
4.066687060003609133e+00 3.355500000000000000e+03
4.074721774050576784e+00 4.676000000000000000e+03
4.084031055561361256e+00 2.334000000000000000e+03
4.090693510650098119e+00 4.194000000000000000e+03
4.101109338755314582e+00 1.738000000000000000e+03
4.108810440390378460e+00 4.105500000000000000e+03
4.116802571177672121e+00 1.823000000000000000e+03
4.126164819658725946e+00 2.446000000000000000e+03
4.133707351180984091e+00 3.769000000000000000e+03
4.143712067775290109e+00 1.523000000000000000e+03
4.151041641266974835e+00 4.211500000000000000e+03
4.159214034542106475e+00 1.032500000000000000e+03
4.168695267438927488e+00 2.314000000000000000e+03
4.176788315151945596e+00 1.601000000000000000e+03
4.185989295990530934e+00 9.495000000000000000e+02
4.192397519297418995e+00 3.334500000000000000e+03
4.203202494228392538e+00 1.500000000000000000e+03
4.210535226695963473e+00 2.644500000000000000e+03
4.218421337367090018e+00 1.049000000000000000e+03
4.228004737030932603e+00 4.520000000000000000e+02
4.235541295221345592e+00 2.936000000000000000e+03
4.244666743285716137e+00 -1.850000000000000000e+01
4.252804676884110791e+00 2.522000000000000000e+03
4.261030596417953120e+00 7.100000000000000000e+01
4.270480135793903287e+00 1.443500000000000000e+03
4.278776960254759842e+00 4.590000000000000000e+02
4.287653588307271946e+00 8.520000000000000000e+02
4.294403361142276054e+00 2.086500000000000000e+03
4.305130915680241088e+00 -5.550000000000000000e+01
4.312444699910106038e+00 1.518500000000000000e+03
4.320436524822195423e+00 1.086500000000000000e+03
4.329724274302485298e+00 -4.100000000000000000e+01
4.337241580998082213e+00 1.648000000000000000e+03
4.346436467290509142e+00 -1.400000000000000000e+01
4.354247819269779995e+00 1.740000000000000000e+03
4.362453136860803937e+00 -2.670000000000000000e+02
4.371656223252450957e+00 5.160000000000000000e+02
4.380257809426097992e+00 3.480000000000000000e+02
4.389390068655302457e+00 1.250000000000000000e+02
4.396446916010145145e+00 9.300000000000000000e+01
4.406665399236942449e+00 -1.331000000000000000e+03
4.414409978718808247e+00 1.190000000000000000e+02
4.422474239141198638e+00 7.500000000000000000e+01
4.431690634537829965e+00 -1.292000000000000000e+03
4.438327006540880859e+00 6.740000000000000000e+02
4.448518064228405677e+00 -8.420000000000000000e+02
4.456287373610763325e+00 1.430000000000000000e+02
4.464262725178734570e+00 -6.740000000000000000e+02
4.473610046934670237e+00 -8.080000000000000000e+02
4.481820709601343822e+00 6.200000000000000000e+02
4.491119554159425320e+00 -1.204500000000000000e+03
4.498580441497551874e+00 4.370000000000000000e+02
4.507615113836447307e+00 -2.599500000000000000e+03
4.516274134414679509e+00 -1.521000000000000000e+03
4.524381838680010759e+00 -4.450000000000000000e+02
4.533572766060395054e+00 -2.661000000000000000e+03
4.540259944148701265e+00 -2.550000000000000000e+02
4.550650734983605616e+00 -2.536000000000000000e+03
4.558453205373012906e+00 -1.271000000000000000e+03
4.565939431699590045e+00 -2.821000000000000000e+03
4.575542061564121354e+00 -2.632000000000000000e+03
4.582978162080010520e+00 4.050000000000000000e+01
4.593097803217720099e+00 -2.495500000000000000e+03
4.600596584964851132e+00 -3.295000000000000000e+02
4.608953383459429176e+00 -3.304000000000000000e+03
4.618093368767834050e+00 -1.459500000000000000e+03
4.626289687809634898e+00 -2.944000000000000000e+03
4.635406494529590304e+00 -3.492000000000000000e+03
4.641886760912349530e+00 -7.170000000000000000e+02
4.652570798306015831e+00 -3.080000000000000000e+03
4.660097763608128218e+00 -2.478000000000000000e+03
4.667962155309851369e+00 -2.647000000000000000e+03
4.677617669867402128e+00 -3.769000000000000000e+03
4.684844291894737722e+00 -1.423000000000000000e+03
4.694061511171089052e+00 -3.966000000000000000e+03
4.702101723568667069e+00 -1.681000000000000000e+03
4.710560438374926662e+00 -3.889000000000000000e+03
4.719816187268158103e+00 -3.026000000000000000e+03
4.728327857901746256e+00 -2.443000000000000000e+03
4.737232027032518999e+00 -4.067500000000000000e+03
4.743914635428403415e+00 -2.568000000000000000e+03
4.754158939252516092e+00 -4.313500000000000000e+03
4.761761264486246148e+00 -2.692000000000000000e+03
4.769869584650194838e+00 -2.966000000000000000e+03
4.779250603776368678e+00 -4.263000000000000000e+03
4.786570957535136728e+00 -2.364000000000000000e+03
4.796027243148021313e+00 -4.286500000000000000e+03
4.803924906731101174e+00 -3.229000000000000000e+03
4.811987057657770350e+00 -4.510000000000000000e+03
4.821050086503156251e+00 -4.490000000000000000e+03
4.829787575558199819e+00 -3.091000000000000000e+03
4.838924182588925760e+00 -4.615000000000000000e+03
4.846012163719258581e+00 -3.826000000000000000e+03
4.855395378901313563e+00 -6.271000000000000000e+03
4.863527646684268291e+00 -4.755000000000000000e+03
4.871998367391974227e+00 -3.449000000000000000e+03
4.880946191569826453e+00 -5.565000000000000000e+03
4.887754460488647368e+00 -3.578000000000000000e+03
4.898052127419042279e+00 -5.773000000000000000e+03
4.905711962267240267e+00 -5.418000000000000000e+03
4.913820146391110200e+00 -5.366000000000000000e+03
4.923179771365880697e+00 -5.583000000000000000e+03
4.931067316714500492e+00 -3.523000000000000000e+03
4.940894764312016463e+00 -5.694000000000000000e+03
4.948123489572100908e+00 -4.111500000000000000e+03
4.956936718839500600e+00 -5.259000000000000000e+03
4.965591840093004805e+00 -5.321000000000000000e+03
4.973917795233163019e+00 -6.761000000000000000e+03
4.983059000259917326e+00 -6.269000000000000000e+03
4.989785537527140491e+00 -4.443000000000000000e+03
5.000142196896561586e+00 -6.078000000000000000e+03
5.007423959079744691e+00 -5.423500000000000000e+03
5.015587934911525991e+00 -6.472500000000000000e+03
5.024999295672103017e+00 -6.296000000000000000e+03
5.032439418178263679e+00 -5.454000000000000000e+03
5.042170087910172072e+00 -7.648000000000000000e+03
5.050117697486022905e+00 -5.261000000000000000e+03
5.058627071602593617e+00 -7.668000000000000000e+03
5.067375647049473741e+00 -6.933500000000000000e+03
5.075885686889243686e+00 -6.948000000000000000e+03
5.084559405851301506e+00 -7.417000000000000000e+03
5.091350235236191679e+00 -6.267000000000000000e+03
5.102123500506905884e+00 -8.342000000000000000e+03
5.109548033845303650e+00 -6.062000000000000000e+03
5.117581240298086698e+00 -6.336500000000000000e+03
5.126648490888449317e+00 -7.891000000000000000e+03
5.134144628897914231e+00 -6.650000000000000000e+03
5.143445244197110355e+00 -9.727000000000000000e+03
5.151447775997041845e+00 -9.833000000000000000e+03
5.160719849707987805e+00 -1.739950000000000000e+04
5.168817515968072485e+00 -2.570650000000000000e+04
5.177878764854682458e+00 -3.452600000000000000e+04
5.186308583872950351e+00 -5.168400000000000000e+04
5.193435710256629534e+00 -6.928200000000000000e+04
5.203704599661573837e+00 -8.068400000000000000e+04
5.211312501469123504e+00 -9.586400000000000000e+04
5.219529007585276048e+00 -1.074525000000000000e+05
5.228464613556003115e+00 -1.158220000000000000e+05
5.235903294630240623e+00 -1.173360000000000000e+05
5.245497894036105890e+00 -1.216430000000000000e+05
5.253456789648755176e+00 -1.206410000000000000e+05
5.262002786904009355e+00 -1.167840000000000000e+05
5.270551737609100229e+00 -1.225140000000000000e+05
5.278858322395798552e+00 -1.201380000000000000e+05
5.288021210554191498e+00 -1.179310000000000000e+05
5.295540689091090769e+00 -1.226940000000000000e+05
5.304826567343312149e+00 -1.197680000000000000e+05
5.313298364981687172e+00 -1.197360000000000000e+05
5.321308573491144500e+00 -1.225900000000000000e+05
5.330148766824706286e+00 -1.208460000000000000e+05
5.337413913122823317e+00 -1.212550000000000000e+05
5.347601381681709398e+00 -1.209850000000000000e+05
5.355346247848871144e+00 -1.206210000000000000e+05
5.363360499327114894e+00 -1.184250000000000000e+05
5.372636636994407411e+00 -1.218570000000000000e+05
5.380127639897747116e+00 -1.208295000000000000e+05
5.390140534788464777e+00 -1.178100000000000000e+05
5.397712825674339854e+00 -1.220280000000000000e+05
5.406471095988166553e+00 -1.186950000000000000e+05
5.414872649797928261e+00 -1.192220000000000000e+05
5.423464180971521387e+00 -1.232600000000000000e+05
5.431966398507142912e+00 -1.210075000000000000e+05
5.439213671111193804e+00 -1.180770000000000000e+05
5.449594333685006120e+00 -1.131900000000000000e+05
5.456910593064922210e+00 -1.032865000000000000e+05
5.465186626507581025e+00 -8.943700000000000000e+04
5.474264285429867982e+00 -7.645900000000000000e+04
5.482037961183280572e+00 -5.880950000000000000e+04
5.491226482627915573e+00 -4.335300000000000000e+04
5.499559075894381976e+00 -2.972650000000000000e+04
5.508083671127991465e+00 -1.909300000000000000e+04
5.516753015613776512e+00 -1.172300000000000000e+04
5.525378403194640242e+00 -9.599500000000000000e+03
5.533675862249573640e+00 -8.946500000000000000e+03
5.540874635959060157e+00 -6.743500000000000000e+03
5.551299498576273805e+00 -9.659500000000000000e+03
5.559076044920320925e+00 -6.745000000000000000e+03
5.567044333101421216e+00 -6.660000000000000000e+03
5.576231532494311693e+00 -8.385000000000000000e+03
5.583679873806389082e+00 -6.737000000000000000e+03
5.592906414639752910e+00 -8.347000000000000000e+03
5.600991609445884478e+00 -7.694000000000000000e+03
5.609897263074355322e+00 -9.077500000000000000e+03
5.618271121685200598e+00 -7.078500000000000000e+03
5.627312237029236996e+00 -6.233000000000000000e+03
5.635825158419720537e+00 -8.135000000000000000e+03
5.642954737625821338e+00 -6.112000000000000000e+03
5.652986328025708218e+00 -9.138500000000000000e+03
5.660847550101365755e+00 -6.164000000000000000e+03
5.669075113166524460e+00 -6.100000000000000000e+03
5.678153949888240959e+00 -8.610000000000000000e+03
5.685315740911192961e+00 -5.118500000000000000e+03
5.695026648804635272e+00 -7.862000000000000000e+03
5.703160721791903143e+00 -6.120000000000000000e+03
5.711055286623686555e+00 -8.419500000000000000e+03
5.720096323086217183e+00 -7.626000000000000000e+03
5.728127590289769699e+00 -5.266500000000000000e+03
5.737505684332667499e+00 -7.444000000000000000e+03
5.745098184918411732e+00 -4.999000000000000000e+03
5.754270873347358872e+00 -7.808000000000000000e+03
5.762671497895034634e+00 -5.577000000000000000e+03
5.771107402702515543e+00 -6.066500000000000000e+03
5.779687740625078618e+00 -8.035000000000000000e+03
5.786695499974584322e+00 -4.762500000000000000e+03
5.797081614929268767e+00 -6.821000000000000000e+03
5.804875884682047626e+00 -5.078000000000000000e+03
5.812854219740970052e+00 -7.168000000000000000e+03
5.822148588295348759e+00 -5.452000000000000000e+03
5.829846408405160219e+00 -4.930000000000000000e+03
5.839086816363824539e+00 -6.493000000000000000e+03
5.847236893099836408e+00 -4.966500000000000000e+03
5.856005237854191137e+00 -7.182000000000000000e+03
5.864592030476369899e+00 -4.320000000000000000e+03
5.873010699416070679e+00 -4.103000000000000000e+03
5.881464893117787085e+00 -6.342000000000000000e+03
5.888572399361788001e+00 -4.365500000000000000e+03
5.898935633336982676e+00 -6.335000000000000000e+03
5.906690219854208834e+00 -3.997500000000000000e+03
5.914662874091671796e+00 -5.823000000000000000e+03
5.923710589578011110e+00 -6.092500000000000000e+03
5.931048041999886777e+00 -3.755000000000000000e+03
5.940544185727407722e+00 -5.920500000000000000e+03
5.948828626735334524e+00 -4.368000000000000000e+03
5.957931181617528438e+00 -5.155000000000000000e+03
5.966293659101751246e+00 -5.514000000000000000e+03
5.974810106807268539e+00 -4.761000000000000000e+03
5.983429994589602785e+00 -5.695500000000000000e+03
5.990362724741856937e+00 -3.376000000000000000e+03
6.000747592671835662e+00 -5.488000000000000000e+03
6.008584019441755686e+00 -3.868000000000000000e+03
6.016576819278181887e+00 -4.340000000000000000e+03
6.025721594687759364e+00 -4.948500000000000000e+03
6.032811757363212735e+00 -3.103000000000000000e+03
6.042425255956050734e+00 -5.202000000000000000e+03
6.050585033282143144e+00 -3.971000000000000000e+03
6.059426280923627672e+00 -5.842500000000000000e+03
6.067575732745243755e+00 -4.567500000000000000e+03
6.076214177700840935e+00 -4.420000000000000000e+03
6.085376812664243573e+00 -5.215500000000000000e+03
6.092497020000266161e+00 -3.234000000000000000e+03
6.102384678840145682e+00 -5.256000000000000000e+03
6.110747643591153633e+00 -2.882000000000000000e+03
6.118745856830994256e+00 -4.485500000000000000e+03
6.127697879961800709e+00 -5.069000000000000000e+03
6.134208812618251017e+00 -2.826500000000000000e+03
6.144543987136824370e+00 -4.498000000000000000e+03
6.152403941942999666e+00 -3.637000000000000000e+03
6.160342281638424566e+00 -4.512000000000000000e+03
6.169615433536090876e+00 -4.593500000000000000e+03
6.177019354307613952e+00 -2.896000000000000000e+03
6.187142634358899329e+00 -4.850000000000000000e+03
6.194641134860169984e+00 -3.236000000000000000e+03
6.203886856696968266e+00 -4.986500000000000000e+03
6.212166570738339999e+00 -4.054000000000000000e+03
6.220511633847671362e+00 -3.626500000000000000e+03
6.229424803731717475e+00 -4.513000000000000000e+03
6.236117316345318073e+00 -2.808000000000000000e+03
6.246637044391903260e+00 -4.408000000000000000e+03
6.254452777950977094e+00 -3.535500000000000000e+03
6.262184569132454470e+00 -3.883000000000000000e+03
6.271480577412880564e+00 -3.488000000000000000e+03
6.278932113679232430e+00 -2.220000000000000000e+03
6.288786726110391356e+00 -2.801500000000000000e+03
6.296678946709633351e+00 -2.267000000000000000e+03
6.305297364060312049e+00 -3.503000000000000000e+03
6.313802915224091095e+00 -1.888500000000000000e+03
6.322395554681008889e+00 -3.568500000000000000e+03
6.331067786059897173e+00 -3.755000000000000000e+03
6.337842110175429866e+00 -2.127000000000000000e+03
6.348486472427062210e+00 -3.322000000000000000e+03
6.355966513598932721e+00 -2.423000000000000000e+03
