#Time Flux
-4.049214164909223257e+00 -5.888671875000000000e-01
-4.032010766591675122e+00 8.417968750000000000e-01
-4.015436105520031163e+00 -2.289550781250000000e+00
-4.000248340934479785e+00 1.830322265625000000e+00
-3.984515498437556147e+00 -1.008300781250000000e+00
-3.967480063286508596e+00 -8.007812500000000000e-02
-3.950480841874455251e+00 1.967773437500000000e-01
-3.935221252912487699e+00 4.716796875000000000e-01
-3.919073304860081208e+00 1.518554687500000000e-01
-3.902790073210837818e+00 -8.007812500000000000e-01
-3.885972330699623001e+00 1.441650390625000000e+00
-3.869961199131601859e+00 5.126953125000000000e-01
-3.854382254756226089e+00 2.023681640625000000e+00
-3.837659030766157997e+00 1.031494140625000000e+00
-3.821056439810547545e+00 -4.736328125000000000e-01
-3.805657608116208124e+00 -1.466796875000000000e+00
-3.789635645443002687e+00 2.998046875000000000e-01
-3.773033595484609037e+00 -1.342773437500000000e-01
-3.755604529309653827e+00 -2.477539062500000000e+00
-3.739928502324758597e+00 1.162109375000000000e-01
-3.725345942072344485e+00 -2.016601562500000000e-01
-3.708343611517083360e+00 6.054687500000000000e-02
-3.691267522091443709e+00 4.882812500000000000e-03
-3.674947338031483213e+00 -4.898437500000000000e+00
-3.660058734118797119e+00 -3.984375000000000000e-01
-3.643535923383662833e+00 -6.843261718750000000e-01
-3.626567272840999223e+00 2.100585937500000000e+00
-3.609601356858718191e+00 2.072753906250000000e+00
-3.593464301220514301e+00 1.005859375000000000e+00
-3.578809352900940155e+00 -1.254882812500000000e-01
-3.561962986479800364e+00 -1.038330078125000000e+00
-3.545208711173216898e+00 7.690429687500000000e-01
-3.529073520128850561e+00 4.291015625000000000e+00
-3.514350623736593349e+00 -3.625488281250000000e+00
-3.497440848872766850e+00 2.529296875000000000e+00
-3.480299920812804260e+00 3.028808593750000000e+00
-3.463739677196691957e+00 -8.789062500000000000e-02
-3.447779866462592935e+00 2.770507812500000000e+00
-3.432706621636498312e+00 -4.047851562500000000e-01
-3.415844625808057700e+00 -1.764160156250000000e+00
-3.398782171508432981e+00 1.691406250000000000e+00
-3.383496520822991016e+00 4.033203125000000000e+00
-3.367365872152891626e+00 -2.196289062500000000e+00
-3.351087754621460135e+00 1.521972656250000000e+00
-3.334249598363420830e+00 2.727539062500000000e+00
-3.318240553627354927e+00 -1.733398437500000000e-01
-3.302621463384664224e+00 5.167480468750000000e+00
-3.285957211656718613e+00 6.713867187500000000e-02
-3.269413412682629527e+00 1.295410156250000000e+00
-3.252512825954944731e+00 2.194824218750000000e+00
-3.237646682155624234e+00 -2.037597656250000000e+00
-3.220993352660645570e+00 -1.826171875000000000e-01
-3.204729046329349629e+00 -2.441406250000000000e-01
-3.189124081678210487e+00 3.252197265625000000e+00
-3.173469995362324880e+00 1.615722656250000000e+00
-3.156594973778352298e+00 5.119628906250000000e-01
-3.139606128709434785e+00 -6.376953125000000000e-01
-3.123243194631935893e+00 -2.264160156250000000e+00
-3.108312207290993001e+00 -1.069824218750000000e+00
-3.091895347014251172e+00 6.347656250000000000e-02
-3.074860677621996885e+00 2.398925781250000000e+00
-3.057902385449949634e+00 1.573730468750000000e+00
-3.042882344267308525e+00 2.260253906250000000e+00
-3.027091956909004011e+00 2.104003906250000000e+00
-3.010159792986705440e+00 -5.986328125000000000e-01
-2.993479823289561637e+00 3.813476562500000000e-01
-2.977140097954277920e+00 3.695556640625000000e+00
-2.962721056174814294e+00 9.814453125000000000e-02
-2.945768611216111665e+00 7.624511718750000000e-01
-2.928522280379427301e+00 3.218261718750000000e+00
-2.912043150044020479e+00 2.008300781250000000e+00
-2.896052084902844825e+00 5.555175781250000000e+00
-2.881084872826047416e+00 1.282714843750000000e+00
-2.864034316685932779e+00 2.961669921875000000e+00
-2.846969042339358325e+00 2.471435546875000000e+00
-2.831771735298861614e+00 2.022460937500000000e+00
-2.815988772747882507e+00 1.419921875000000000e+00
-2.799367339754935458e+00 2.637207031250000000e+00
-2.782461808491699884e+00 2.458496093750000000e+00
-2.766974992990336446e+00 1.473876953125000000e+00
-2.750951957141248627e+00 2.487792968750000000e+00
-2.734255132999319216e+00 2.121826171875000000e+00
-2.717632632885324639e+00 2.272705078125000000e+00
-2.701438633564938741e+00 1.046630859375000000e+00
-2.686186429798247843e+00 1.230468750000000000e+00
-2.669278306663477096e+00 2.483398437500000000e+00
-2.653026145663362811e+00 1.867431640625000000e+00
-2.636486363114229903e+00 1.852539062500000000e+00
-2.621475061289638475e+00 3.120361328125000000e+00
-2.604934112376103172e+00 2.385253906250000000e+00
-2.587911192601328736e+00 2.357421875000000000e+00
-2.571539451701095658e+00 -1.953125000000000000e-02
-2.555169499237770481e+00 2.737304687500000000e+00
-2.540091711805782637e+00 2.603271484375000000e+00
-2.523344323817399371e+00 1.481933593750000000e+00
-2.506534185764097700e+00 1.654052734375000000e+00
-2.490322868885668228e+00 5.129394531250000000e-01
-2.475395987145617482e+00 2.450683593750000000e+00
-2.458613672571637210e+00 3.552734375000000000e+00
-2.441750806104863614e+00 2.061035156250000000e+00
-2.425632127024119455e+00 6.716308593750000000e+00
-2.410139914691612262e+00 1.829101562500000000e+00
-2.393843047806070601e+00 1.167968750000000000e+00
-2.376815965135635977e+00 3.498535156250000000e-01
-2.360799014118544648e+00 6.289062500000000000e-01
-2.345076411625189650e+00 8.945312500000000000e-01
-2.328779713735778856e+00 2.087402343750000000e+00
-2.312327723908014221e+00 1.750976562500000000e+00
-2.295264686831094636e+00 1.166748046875000000e+00
-2.280900809650145078e+00 3.706054687500000000e-01
-2.263950246291802415e+00 1.795898437500000000e+00
-2.247525465922990406e+00 2.243896484375000000e+00
-2.230745939035170267e+00 3.283203125000000000e+00
-2.215956405491134262e+00 2.833740234375000000e+00
-2.199304670920104954e+00 2.649902343750000000e+00
-2.182552944562271335e+00 1.650878906250000000e+00
-2.165923279900125564e+00 2.030273437500000000e+00
-2.149125359531186774e+00 2.367675781250000000e+00
-2.134675652462115991e+00 1.009033203125000000e+00
-2.117926539441619127e+00 5.655273437500000000e+00
-2.101323136501934030e+00 3.263916015625000000e+00
-2.084765521217335049e+00 -7.480468750000000000e-01
-2.069749536762344633e+00 3.931152343750000000e+00
-2.053497106975299857e+00 2.766113281250000000e+00
-2.036238218044843507e+00 2.037597656250000000e+00
-2.019835709701577997e+00 1.338867187500000000e+00
-2.003235479716504841e+00 2.693359375000000000e+00
-1.988274355887483580e+00 3.337402343750000000e+00
-1.971759484422108244e+00 7.373046875000000000e-01
-1.954833283196125038e+00 4.934082031250000000e-01
-1.938595856365536108e+00 3.460449218750000000e+00
-1.923646699851893516e+00 4.020507812500000000e+00
-1.906784404064605809e+00 4.211425781250000000e+00
-1.890382166372411632e+00 2.392578125000000000e+00
-1.874122880700113569e+00 1.316650390625000000e+00
-1.858425424880337573e+00 2.626953125000000000e+00
-1.842140210178980553e+00 4.250244140625000000e+00
-1.825109589123046661e+00 2.486572265625000000e+00
-1.809083825240538346e+00 2.873046875000000000e+00
-1.793122455317949004e+00 2.574218750000000000e+00
-1.777426040331395285e+00 3.555175781250000000e+00
-1.760621072926072728e+00 4.333251953125000000e+00
-1.743560475037545743e+00 3.274414062500000000e+00
-1.729171853248796964e+00 2.705078125000000000e+00
-1.712584047795612463e+00 2.956787109375000000e+00
-1.695917786653605930e+00 3.387207031250000000e+00
-1.678979729818928845e+00 2.878906250000000000e+00
-1.663527420040091798e+00 3.323486328125000000e+00
-1.647596296289270512e+00 1.969970703125000000e+00
-1.631193403800129005e+00 2.983398437500000000e+00
-1.614182212842731445e+00 1.173828125000000000e+00
-1.597294507649404949e+00 5.439453125000000000e+00
-1.582752985660579981e+00 8.017578125000000000e-01
-1.566254070073060944e+00 4.793945312500000000e+00
-1.549779276006546525e+00 2.695800781250000000e+00
-1.532755189698514542e+00 2.023925781250000000e+00
-1.517777719716670859e+00 2.814941406250000000e+00
-1.501646731456093065e+00 2.326904296875000000e+00
-1.484865914788018770e+00 3.873535156250000000e+00
-1.468161190646439351e+00 2.114013671875000000e+00
-1.451308362314151168e+00 2.314453125000000000e-01
-1.436043227254979016e+00 4.663574218750000000e+00
-1.419505959788162741e+00 1.965332031250000000e+00
-1.403495872637416042e+00 1.349609375000000000e+00
-1.387449136985580367e+00 1.715087890625000000e+00
-1.372003350764003926e+00 1.979980468750000000e+00
-1.354910484322228825e+00 1.544677734375000000e+00
-1.338894798786126827e+00 1.011474609375000000e+00
-1.322869147641513976e+00 1.596191406250000000e+00
-1.307434745664270537e+00 1.052246093750000000e+00
-1.290270453334102285e+00 3.992187500000000000e+00
-1.273312920860755426e+00 2.692626953125000000e+00
-1.257368919826564735e+00 5.205078125000000000e-01
-1.241861632182818198e+00 2.755371093750000000e+00
-1.225817326362630411e+00 2.097412109375000000e+00
-1.208703491419795384e+00 2.768798828125000000e+00
-1.191856557192684463e+00 3.062500000000000000e+00
-1.177442823287517371e+00 1.724121093750000000e+00
-1.161384115831070929e+00 1.880615234375000000e+00
-1.144201805103673308e+00 3.432617187500000000e+00
-1.127225747580247628e+00 3.489746093750000000e+00
-1.111114187657475938e+00 2.594726562500000000e+00
-1.095868665942891340e+00 3.639648437500000000e+00
-1.079850417782628469e+00 3.794433593750000000e+00
-1.062542400170116252e+00 1.849609375000000000e+00
-1.045535365185168430e+00 2.677246093750000000e+00
-1.030067004472849490e+00 -8.286132812500000000e-01
-1.014543738292054798e+00 1.982421875000000000e+00
-9.981629129016020840e-01 2.912597656250000000e+00
-9.812645287626473589e-01 1.138427734375000000e+00
-9.660332131737909833e-01 9.653320312500000000e-01
-9.495371300148836013e-01 1.799072265625000000e+00
-9.328265700394844373e-01 2.920898437500000000e+00
-9.165154409903486510e-01 -5.729980468750000000e-01
-9.004883340400287040e-01 1.285644531250000000e+00
-8.842960272435398394e-01 3.587890625000000000e+00
-8.679807501660192770e-01 4.370117187500000000e-01
-8.517545487385724812e-01 7.050781250000000000e-01
-8.359829021757825274e-01 1.669433593750000000e+00
-8.199348485534834197e-01 2.369140625000000000e+00
-8.032975883149262586e-01 7.338867187500000000e-01
-7.873896861287512650e-01 5.295410156250000000e+00
-7.708780095013985090e-01 2.138183593750000000e+00
-7.555256715452607352e-01 3.034667968750000000e+00
-7.387340593718487725e-01 1.885009765625000000e+00
-7.216034911578592670e-01 4.094238281250000000e+00
-7.052548186864910917e-01 1.234375000000000000e+00
-6.901407101921819276e-01 1.692382812500000000e+00
-6.740947746156962239e-01 2.900390625000000000e-01
-6.570002557687200095e-01 1.633544921875000000e+00
-6.399626454279019327e-01 2.627197265625000000e+00
-6.251433993686958956e-01 1.138671875000000000e+00
-6.098287317285837617e-01 5.708007812500000000e-01
-5.925291559914693806e-01 3.439697265625000000e+00
-5.755991156832003242e-01 3.063476562500000000e+00
-5.593905699936652098e-01 9.636230468750000000e-01
-5.439762087753727826e-01 1.034667968750000000e+00
-5.281437507353725636e-01 1.871093750000000000e+00
-5.109240825174019562e-01 2.746582031250000000e+00
-4.939006450950174099e-01 2.093261718750000000e+00
-4.787829249520960673e-01 -8.203125000000000000e-01
-4.624707183955862888e-01 -4.638671875000000000e-01
-4.464776150100231433e-01 2.951171875000000000e+00
-4.296038201036509463e-01 1.312988281250000000e+00
-4.140346583241054645e-01 5.349121093750000000e-01
-3.976627894549515929e-01 1.932617187500000000e+00
-3.811199493679353623e-01 8.046875000000000000e-01
-3.651525603638940964e-01 -1.718750000000000000e-01
-3.492701092734868951e-01 2.752929687500000000e+00
-3.326837344222894899e-01 -1.420898437500000000e-01
-3.162712898531694350e-01 7.924804687500000000e-01
-2.997306425365184879e-01 -7.177734375000000000e-02
-2.839994878226406172e-01 3.697265625000000000e+00
-2.684824913850079042e-01 2.848632812500000000e+00
-2.515814953482546912e-01 1.486816406250000000e+00
-2.350623617888096817e-01 8.833007812500000000e-01
-2.189506984639848497e-01 2.812988281250000000e+00
-2.038154884897132035e-01 1.157958984375000000e+00
-1.871843359716613975e-01 3.906250000000000000e+00
-1.698939040068800921e-01 2.412109375000000000e-01
-1.537484192978375575e-01 -2.182617187500000000e-01
-1.379402460082346238e-01 4.194335937500000000e-01
-1.225050145165162974e-01 1.862304687500000000e+00
-1.055011713667006745e-01 -1.512158203125000000e+01
-8.844925206942733098e-02 -1.255671386718750000e+02
-7.341802484124571038e-02 -3.247397460937500000e+02
-5.811841447527399396e-02 -5.633715820312500000e+02
-4.081915498037957946e-02 -8.161950683593750000e+02
-2.385144891752233320e-02 -1.025893554687500000e+03
-7.413118256781814353e-03 -1.143968261718750000e+03
7.752758678154947347e-03 -1.143612304687500000e+03
2.350929914421229228e-02 -1.022616699218750000e+03
4.082478174371750868e-02 -8.118210449218750000e+02
5.788332407963103776e-02 -5.497360839843750000e+02
7.267748834946274883e-02 -3.257590332031250000e+02
8.903566622333869418e-02 -1.288713378906250000e+02
1.052429304563027301e-01 -1.874560546875000000e+01
1.223547063095562493e-01 -7.583007812500000000e-01
1.383368237519775334e-01 -6.606445312500000000e-01
1.538685255651071060e-01 9.743652343750000000e-01
1.702368126592102016e-01 1.335449218750000000e-01
1.869548773862703683e-01 -2.335449218750000000e+00
2.036612309841707713e-01 1.749755859375000000e+00
2.190070141139131010e-01 -1.376953125000000000e+00
2.353198518723012000e-01 -1.059570312500000000e-01
2.516232662851844992e-01 -2.028320312500000000e+00
2.677252849831148751e-01 1.726074218750000000e-01
2.837882530052127095e-01 1.992187500000000000e+00
3.003791021882307177e-01 -8.286132812500000000e-01
3.166510151792998329e-01 -2.034667968750000000e+00
3.325781961579146184e-01 1.078125000000000000e+00
3.482357703938614435e-01 -8.740234375000000000e-02
3.648978242068814382e-01 2.229736328125000000e+00
3.817613548208420582e-01 5.170898437500000000e-01
3.979576799373223395e-01 -4.504394531250000000e-01
4.133013230804039040e-01 -2.810546875000000000e+00
4.293505131599886226e-01 -7.910156250000000000e-02
4.462607471774653334e-01 9.038085937500000000e-01
4.634501343041232957e-01 -4.516601562500000000e-01
4.783075642396426019e-01 -4.761718750000000000e+00
4.937273843801346374e-01 -4.123535156250000000e+00
5.109474044204240784e-01 -1.785156250000000000e+00
5.278840349847300217e-01 1.474609375000000000e-01
5.448360874695161726e-01 -9.379882812500000000e-01
5.594816943502998186e-01 3.642578125000000000e-01
5.753271150029206638e-01 -3.779296875000000000e-01
5.925684933462775916e-01 -2.707519531250000000e+00
6.095667223932998979e-01 -9.667968750000000000e-02
6.246712420566531421e-01 -1.697265625000000000e+00
6.408754836259173970e-01 -1.792236328125000000e+00
6.570620168718335208e-01 -2.460937500000000000e-01
6.742285183293752482e-01 -9.770507812500000000e-01
6.912803419072233169e-01 -3.718261718750000000e-01
7.054134836459766689e-01 -2.291992187500000000e+00
7.215671557535046077e-01 -2.859863281250000000e+00
7.386505178100044589e-01 -1.836181640625000000e+00
7.555960741822964621e-01 5.000000000000000000e-01
7.706979268539271288e-01 -1.886718750000000000e+00
7.870233633694816433e-01 -2.453613281250000000e+00
8.031266544613497871e-01 -1.736572265625000000e+00
8.197073151217004749e-01 -3.197753906250000000e+00
8.364214112537862178e-01 -1.516357421875000000e+00
8.519795499597400124e-01 -2.775390625000000000e+00
8.683646544856991056e-01 -2.347900390625000000e+00
8.843064443102726102e-01 -1.537109375000000000e+00
9.001493435184926284e-01 -2.003417968750000000e+00
9.165172525166269679e-01 -2.915039062500000000e-01
9.334648464110024690e-01 -3.354980468750000000e+00
9.496637392420286261e-01 -3.305908203125000000e+00
9.650227317962247753e-01 -3.999023437500000000e+00
9.813397563163697157e-01 -2.145996093750000000e+00
9.982501743937461924e-01 1.686035156250000000e+00
1.015114429288978215e+00 -1.932128906250000000e+00
1.030301640166253918e+00 -3.311523437500000000e+00
1.045303064733644760e+00 1.442382812500000000e+00
1.062809989197376126e+00 -2.037597656250000000e+00
1.079646504755443104e+00 -3.886718750000000000e-01
1.096287802838244119e+00 -2.388916015625000000e+00
1.110491720396161952e+00 -3.872558593750000000e+00
1.126976196982676370e+00 -4.357910156250000000e+00
1.144400076095028140e+00 -1.691894531250000000e+00
1.161301096042626213e+00 -2.527099609375000000e+00
1.176126173360707128e+00 -5.334716796875000000e+00
1.192216521931015905e+00 -4.338867187500000000e+00
1.208710652665182295e+00 -3.120117187500000000e+00
1.225971928001522215e+00 -1.368652343750000000e+00
1.242987529272053138e+00 -1.858886718750000000e+00
1.257426471533509726e+00 -2.999511718750000000e+00
1.273301747234233616e+00 -3.279052734375000000e+00
1.290382777510588497e+00 -1.289794921875000000e+00
1.307292526423267987e+00 -2.564941406250000000e+00
1.322244067608892237e+00 -5.155273437500000000e+00
1.338792582991503721e+00 -5.711669921875000000e+00
1.355010041330601211e+00 -3.420410156250000000e+00
1.371431380791687360e+00 -5.380371093750000000e+00
1.387155753960142235e+00 -3.816894531250000000e+00
1.403567748627501999e+00 -4.611328125000000000e+00
1.420352786419499580e+00 -5.987304687500000000e+00
1.436575969714878553e+00 -4.196533203125000000e+00
1.452655459160997253e+00 -2.304199218750000000e+00
1.468214662337544496e+00 -5.434570312500000000e+00
1.485088822663264807e+00 -3.308105468750000000e+00
1.501536783934305674e+00 -2.041015625000000000e+00
1.516992874140566272e+00 -5.856201171875000000e+00
1.533153236663249430e+00 -2.625976562500000000e+00
1.549618799801761426e+00 -2.885498046875000000e+00
1.566497395241380985e+00 -4.791503906250000000e+00
1.582026451389065613e+00 -5.253662109375000000e+00
1.597634837527071028e+00 -2.355468750000000000e+00
1.614381304678520479e+00 -2.990234375000000000e+00
1.631289555522947410e+00 -4.446777343750000000e+00
1.647237355486915078e+00 -4.756347656250000000e+00
1.662939463358245717e+00 -5.571777343750000000e+00
1.678748985956673323e+00 -5.217773437500000000e+00
1.696046935720987747e+00 -1.497314453125000000e+00
1.713009693667009614e+00 -3.775634765625000000e+00
1.727850518711228744e+00 -3.353271484375000000e+00
1.743916164614851994e+00 -4.452636718750000000e+00
1.760604135202255449e+00 -2.431640625000000000e+00
1.777710884678469938e+00 -4.774414062500000000e+00
1.794114382817534548e+00 -4.413818359375000000e+00
1.808978626231313669e+00 -4.962890625000000000e+00
1.825032616335047209e+00 -4.721679687500000000e+00
1.842090233602071692e+00 -2.396484375000000000e+00
1.859196324758331187e+00 -4.278320312500000000e+00
1.873954165419320361e+00 -6.162353515625000000e+00
1.890386907354878687e+00 -4.646728515625000000e+00
1.906742449150931051e+00 -5.170166015625000000e+00
1.923486570176137889e+00 -3.134277343750000000e+00
1.939349437375501140e+00 -3.440917968750000000e+00
1.955284614824741141e+00 -2.176757812500000000e+00
1.972082074240717020e+00 -5.439941406250000000e+00
1.988126765476362579e+00 -2.753906250000000000e+00
2.004381153597751819e+00 -3.443359375000000000e+00
2.020283278625726098e+00 -3.152832031250000000e+00
2.036797691477140404e+00 -4.088867187500000000e+00
2.053235251854083288e+00 -4.909179687500000000e+00
2.068717153258045727e+00 -5.844238281250000000e+00
2.084845278573677518e+00 -4.370605468750000000e+00
2.101761966406801463e+00 -3.541503906250000000e+00
2.118194073624831475e+00 -3.123535156250000000e+00
2.133751152883160529e+00 -5.060058593750000000e+00
2.149721321678793373e+00 -4.825683593750000000e+00
2.166413159211312944e+00 -4.306152343750000000e+00
2.182992016371848365e+00 -4.024902343750000000e+00
2.199498480795764266e+00 -6.479492187500000000e+00
2.214668393442455141e+00 -7.774902343750000000e+00
2.230689297424984119e+00 -5.704101562500000000e+00
2.247834312917095900e+00 -5.818847656250000000e+00
2.264710715230410898e+00 -5.180175781250000000e+00
2.279851950067101285e+00 -5.969238281250000000e+00
2.295609838193907848e+00 -4.882568359375000000e+00
2.312195288549020233e+00 -4.448730468750000000e+00
2.329492825977540704e+00 -5.813720703125000000e+00
2.346446109935605762e+00 -3.845947265625000000e+00
2.360820325619389592e+00 -6.175292968750000000e+00
2.376714580342683902e+00 -4.511474609375000000e+00
2.393815785081518044e+00 -5.833984375000000000e+00
2.411088782269263930e+00 -5.085937500000000000e+00
2.425556590705014059e+00 -3.307128906250000000e+00
2.442132293657888198e+00 -4.239746093750000000e+00
2.458772437774038977e+00 -6.269531250000000000e+00
2.475533559189701194e+00 -3.653076171875000000e+00
2.490643599766798388e+00 -4.090332031250000000e+00
2.506922182889118389e+00 -5.348144531250000000e+00
2.523811175397241868e+00 -3.220214843750000000e+00
2.539845903511331215e+00 -4.800292968750000000e+00
2.556106859443207924e+00 -4.267089843750000000e+00
2.571864153021955701e+00 -1.365234375000000000e+00
2.588506360755154390e+00 -3.933105468750000000e+00
2.604782028038103547e+00 -3.868164062500000000e+00
2.620962097875262131e+00 -5.143798828125000000e+00
2.636784958820120650e+00 -5.959472656250000000e+00
2.653343311655902426e+00 -6.326660156250000000e+00
2.669890666443020422e+00 -5.641601562500000000e+00
2.686053299511877768e+00 -7.315185546875000000e+00
2.701677863998126483e+00 -3.373291015625000000e+00
2.718141861819983518e+00 -2.205566406250000000e+00
2.734699985717437443e+00 -4.440429687500000000e+00
2.751226472346925078e+00 -4.222167968750000000e+00
2.766672543504990145e+00 -4.726318359375000000e+00
2.782279708973318222e+00 -4.970458984375000000e+00
2.799551664682642382e+00 -3.475097656250000000e+00
2.816431321174569291e+00 -2.810302734375000000e+00
2.831020073645969859e+00 -2.369140625000000000e+00
2.847304622500072213e+00 -4.805908203125000000e+00
2.863858941863608010e+00 -6.181884765625000000e+00
2.881120159137879000e+00 -7.194335937500000000e+00
2.898160428333302008e+00 -2.100585937500000000e+00
2.912637071435462133e+00 -4.695556640625000000e+00
2.928420937263160440e+00 -7.656738281250000000e+00
2.945537259404648722e+00 -6.084472656250000000e+00
2.962623987025098771e+00 -5.031250000000000000e+00
2.977134052333074266e+00 -5.420654296875000000e+00
2.993834802586317068e+00 -5.301757812500000000e+00
3.010176815138802198e+00 -6.520019531250000000e+00
3.027221547943486968e+00 -4.526855468750000000e+00
3.042581069101595759e+00 -4.862792968750000000e+00
3.058547133387978789e+00 -3.879882812500000000e+00
3.075540288078883577e+00 -4.884277343750000000e+00
3.091564877407972034e+00 -5.550781250000000000e+00
3.108086255597825698e+00 -4.262695312500000000e+00
3.123847009600186908e+00 -6.270263671875000000e+00
3.140214830497306764e+00 -4.383300781250000000e+00
3.156488228259918927e+00 -3.428955078125000000e+00
3.172165966675390081e+00 -3.794921875000000000e+00
3.188229881483177763e+00 -5.575683593750000000e+00
3.204866518484108084e+00 -2.342041015625000000e+00
3.221402053981048397e+00 -7.991699218750000000e+00
3.237771652099945996e+00 -6.394287109375000000e+00
3.253646428644159982e+00 -4.986816406250000000e+00
3.269870317038819252e+00 -7.269042968750000000e+00
3.286601817416579863e+00 -4.676513671875000000e+00
3.302674117021270561e+00 -5.679931640625000000e+00
3.318125936029876044e+00 -6.362304687500000000e+00
3.333883341344090923e+00 -4.275390625000000000e+00
3.351607961885544995e+00 -3.874511718750000000e+00
3.368139114871826933e+00 -4.995605468750000000e+00
3.383305342681129702e+00 -4.178710937500000000e+00
3.398994267311131523e+00 -6.364257812500000000e+00
3.415579340450957346e+00 -5.520507812500000000e+00
3.432825077048562434e+00 -6.180175781250000000e+00
3.449874507191214690e+00 -5.622070312500000000e+00
3.464222657295858099e+00 -3.961914062500000000e+00
3.480127454312912150e+00 -7.192138671875000000e+00
3.497258740883683714e+00 -4.741455078125000000e+00
3.514504745720234524e+00 -4.412109375000000000e+00
3.529084638883261960e+00 -4.709716796875000000e+00
3.545531862266471990e+00 -5.143066406250000000e+00
3.561861774388978219e+00 -6.410644531250000000e+00
3.578923264316404840e+00 -3.255859375000000000e+00
3.595576628571045319e+00 -3.639160156250000000e+00
3.610436254285851021e+00 -4.540527343750000000e+00
3.626460014283880540e+00 -7.663574218750000000e+00
3.642948367716957847e+00 -6.246582031250000000e+00
3.660359938934234947e+00 -2.174316406250000000e+00
3.676250131541753063e+00 -4.798339843750000000e+00
3.691954403298707277e+00 -5.541503906250000000e+00
3.707753890411732201e+00 -5.237548828125000000e+00
3.723890448002645570e+00 -5.542480468750000000e+00
3.740464934312981882e+00 -5.439941406250000000e+00
3.757308493798237947e+00 -3.284667968750000000e+00
3.773301433810511085e+00 -1.296142578125000000e+00
3.788663011537849457e+00 -5.245605468750000000e+00
3.804851786822677440e+00 -6.177734375000000000e+00
3.821654877401353900e+00 -6.323730468750000000e+00
3.838782745140555619e+00 -5.341796875000000000e-01
3.854112258167198490e+00 -3.402832031250000000e+00
3.868961633789862020e+00 -6.039794921875000000e+00
3.885690118660376058e+00 -3.865234375000000000e+00
3.903336561000994465e+00 -3.660644531250000000e+00
3.920051050357200140e+00 -9.575195312500000000e-01
3.934464885926910682e+00 -4.919433593750000000e+00
3.950119471805773941e+00 -2.032226562500000000e+00
3.967299945351722812e+00 -5.819091796875000000e+00
3.984723089414021757e+00 -3.615722656250000000e+00
4.001611074727371431e+00 -4.995361328125000000e+00
4.015677480182354486e+00 -2.656738281250000000e+00
4.031530185826294854e+00 -1.653808593750000000e+00
4.048952891596528048e+00 -4.503906250000000000e+00
4.066212327329896681e+00 -3.444824218750000000e+00
4.081498977764407954e+00 -3.441406250000000000e+00
4.096902006339073310e+00 -5.051757812500000000e+00
4.113407446127068212e+00 -5.085449218750000000e+00
4.130624582316091420e+00 -3.672851562500000000e+00
4.147305018269882737e+00 -4.667968750000000000e+00
4.162153777291059953e+00 -5.183593750000000000e+00
4.178166233772431681e+00 -6.494140625000000000e-02
4.194676856572545631e+00 -5.316406250000000000e+00
4.211786672703379253e+00 -4.701171875000000000e+00
4.227971855517541400e+00 -5.778320312500000000e+00
4.243690619729964197e+00 -5.640625000000000000e+00
4.259770004193836002e+00 -5.762695312500000000e+00
4.275875637729463108e+00 -6.116699218750000000e+00
4.292318649825325849e+00 -2.991210937500000000e+00
4.308768923994570343e+00 -2.739257812500000000e+00
4.324673607791364560e+00 -5.203613281250000000e+00
4.340649932738852357e+00 -5.282470703125000000e+00
4.356826541795241425e+00 -6.236328125000000000e+00
4.373337512054344955e+00 -3.953613281250000000e+00
4.390171321217479772e+00 -2.675781250000000000e-01
4.405425740065501472e+00 -3.824462890625000000e+00
4.420664706683794520e+00 -4.123046875000000000e+00
4.437395714166440186e+00 -6.757568359375000000e+00
4.455064909357840719e+00 -2.680175781250000000e+00
4.471596051913330427e+00 -5.387695312500000000e+00
4.486187566305499530e+00 -2.375488281250000000e+00
4.502102796100823312e+00 -6.360839843750000000e+00
4.519042459695384650e+00 -7.548339843750000000e+00
4.536338400778804569e+00 -2.883300781250000000e+00
4.553284529843841355e+00 -5.697753906250000000e+00
4.567388945756398755e+00 -2.275390625000000000e-01
4.583559346991787464e+00 -4.580078125000000000e+00
4.600701321100917340e+00 -4.843750000000000000e+00
4.617919908706728194e+00 -4.915039062500000000e+00
4.632471077737932319e+00 -3.777832031250000000e+00
4.648602738533222478e+00 -5.004394531250000000e+00
4.665274591490321754e+00 -5.652587890625000000e+00
4.682363654947751641e+00 -2.354248046875000000e+00
4.698495356131706657e+00 -1.829101562500000000e+00
4.713871586918067180e+00 -2.654785156250000000e+00
4.730675130285927565e+00 -7.689453125000000000e+00
4.747008914775085131e+00 -3.721435546875000000e+00
4.764059385060978258e+00 -3.932617187500000000e+00
4.779286251211914305e+00 -1.366210937500000000e+00
4.795367396649210079e+00 -1.561767578125000000e+00
4.811606641274780216e+00 -4.463623046875000000e+00
4.827872586791299270e+00 -1.641601562500000000e+00
4.843313282854719404e+00 -4.001708984375000000e+00
4.860136894625014747e+00 -4.711914062500000000e+00
4.876737669872918346e+00 -5.442138671875000000e+00
4.892633526062361682e+00 -2.489746093750000000e+00
4.908543151354903600e+00 -3.125000000000000000e-02
4.925040690215293893e+00 -1.627441406250000000e+00
4.941764391726387373e+00 -3.558837890625000000e+00
4.957844054209745721e+00 -3.051025390625000000e+00
4.973071209207821752e+00 -1.970947265625000000e+00
4.989101470089179813e+00 -4.859130859375000000e+00
5.006598006704678028e+00 -4.831054687500000000e+00
5.023317442653898013e+00 -2.437500000000000000e+00
5.038197388532161369e+00 -3.485595703125000000e+00
5.054329178639793696e+00 -4.973388671875000000e+00
5.070754854962189029e+00 -3.219238281250000000e+00
5.087941353493022234e+00 -3.348144531250000000e+00
5.104991990381568812e+00 -2.066894531250000000e+00
5.119308359255629881e+00 -3.203613281250000000e+00
5.135806225528135371e+00 -7.353515625000000000e-01
5.152434657555282627e+00 -4.546875000000000000e+00
5.167942556875647853e+00 -5.474609375000000000e+00
5.184199553802386617e+00 -3.339355468750000000e+00
5.200938499492243849e+00 -4.243408203125000000e+00
5.217559243932385016e+00 -1.947753906250000000e+00
5.233761586481378458e+00 -1.031738281250000000e+00
5.249008330113330345e+00 -1.798339843750000000e+00
5.265478189729199343e+00 -1.979003906250000000e+00
5.282513975656460303e+00 -1.912841796875000000e+00
5.298733835926068281e+00 -1.142578125000000000e+00
5.314308367451902271e+00 -1.407958984375000000e+00
5.330290428775359857e+00 -5.885009765625000000e+00
5.347073658400161023e+00 -1.370361328125000000e+00
5.364110477039613301e+00 -2.993652343750000000e+00
5.380431315261589020e+00 -2.499511718750000000e+00
5.395046618359426560e+00 -1.400878906250000000e+00
5.411612224234408686e+00 -3.531250000000000000e+00
5.428307459216245690e+00 -1.701171875000000000e+00
5.445163343317425131e+00 -1.182617187500000000e+00
5.460800876410655036e+00 -2.823242187500000000e+00
5.476405474268378981e+00 -1.416503906250000000e+00
5.493258275361529996e+00 -2.557617187500000000e+00
5.509567171469571534e+00 -1.211181640625000000e+00
5.525579491854571756e+00 -2.015136718750000000e+00
5.540807436494459282e+00 3.588867187500000000e-02
5.557913061747910888e+00 -2.000000000000000000e+00
5.574964874547623239e+00 -2.703369140625000000e+00
5.590606683441100344e+00 -1.562500000000000000e+00
5.607047295256359476e+00 -2.396972656250000000e+00
5.622541599417116842e+00 -2.450683593750000000e+00
5.639309687317151543e+00 -5.468750000000000000e-01
5.654891597656227731e+00 -4.596191406250000000e+00
5.671006629378499753e+00 -2.778320312500000000e-01
5.687522491703759897e+00 -2.371582031250000000e+00
5.704147310623817191e+00 -6.049804687500000000e-01
5.720208825494728089e+00 -1.829833984375000000e+00
5.735924261715581451e+00 -1.209472656250000000e+00
5.752543934006821402e+00 -2.422363281250000000e+00
5.769496245624370800e+00 -1.581787109375000000e+00
5.785727750504452871e+00 -1.999511718750000000e+00
5.800729478096842584e+00 9.025878906250000000e-01
5.817190000762073154e+00 -2.258056640625000000e+00
5.834229253383066194e+00 2.092285156250000000e-01
5.850440068973366436e+00 -1.832031250000000000e+00
5.866030056790494385e+00 -3.323974609375000000e+00
5.882201308620928160e+00 -2.829589843750000000e+00
5.898780180339356249e+00 -1.932617187500000000e+00
5.915963967266700152e+00 -5.537109375000000000e-01
5.930788520064094627e+00 -2.545410156250000000e+00
5.946694783846080412e+00 -1.530761718750000000e+00
5.963337852815296714e+00 -2.940917968750000000e+00
5.980540732486620215e+00 5.102539062500000000e-01
5.996863316487313966e+00 -6.704101562500000000e-01
6.011977015236849908e+00 -1.019775390625000000e+00
6.028004368395231793e+00 -1.584228515625000000e+00
6.045004106862736037e+00 -3.897216796875000000e+00
6.061665020201893128e+00 -9.472656250000000000e-01
6.077306149366179966e+00 -8.881835937500000000e-01
6.092446972755450219e+00 6.435546875000000000e-01
6.109572394613980606e+00 2.785644531250000000e+00
6.126706723721088821e+00 -2.399902343750000000e+00
6.143027067613475722e+00 -5.483398437500000000e-01
6.158240363844063481e+00 1.440429687500000000e-02
6.174124820436269090e+00 3.876953125000000000e-01
6.191167422208481597e+00 1.123046875000000000e-02
6.208370584971838468e+00 5.478515625000000000e-01
6.223674106523109373e+00 1.457519531250000000e+00
6.239708228773572785e+00 -6.835937500000000000e-03
6.255749865881428562e+00 -4.245605468750000000e-01
6.272764155513002038e+00 -2.929687500000000000e-03
6.288136029544698857e+00 2.116699218750000000e+00
6.304348833043681211e+00 4.438476562500000000e-01
6.320669135435034391e+00 3.273925781250000000e-01
6.337185220952633813e+00 -1.951904296875000000e+00
6.352682553152643408e+00 -5.136718750000000000e-01
6.369371566599340895e+00 -1.126953125000000000e+00
6.385961121201820134e+00 -1.157226562500000000e-01
6.401992744021383075e+00 -3.009033203125000000e+00
6.417313898241914671e+00 1.546875000000000000e+00
6.433501177444981067e+00 1.845703125000000000e-01
6.450761963077930261e+00 5.019531250000000000e-01
6.467673138673101008e+00 2.214599609375000000e+00
6.482781328995464776e+00 7.812500000000000000e-03
6.498247339153692792e+00 5.898437500000000000e-01
6.515077232501795379e+00 -1.855468750000000000e-02
6.532246561456336309e+00 5.024414062500000000e-01
6.549246785787655512e+00 3.458496093750000000e+00
6.563694117407946393e+00 1.072509765625000000e+00
6.579716812847509644e+00 7.338867187500000000e-01
6.596804734151358929e+00 -1.695800781250000000e+00
6.613679009892569738e+00 1.907714843750000000e+00
6.628765103036437623e+00 1.746337890625000000e+00
6.644157849842059704e+00 2.693359375000000000e+00
6.661279232795397576e+00 5.195312500000000000e-01
6.678457849114934675e+00 -2.490234375000000000e+00
6.694750108286571688e+00 1.725830078125000000e+00
6.709895564476408225e+00 1.734863281250000000e+00
6.725893095951079204e+00 1.445800781250000000e+00
6.742746285274776596e+00 -5.566406250000000000e-02
6.760154921096489744e+00 -5.615234375000000000e-01
6.775495053673632029e+00 4.240478515625000000e+00
6.790898993857341637e+00 2.905761718750000000e+00
6.807517240009147486e+00 -2.036132812500000000e-01
6.824346336196203566e+00 1.937988281250000000e+00
6.840321717293820214e+00 -2.248535156250000000e-01
6.855945299354784694e+00 1.766357421875000000e+00
6.872118974667355218e+00 2.285644531250000000e+00
6.888422189862993150e+00 7.021484375000000000e-01
6.904649582990112222e+00 1.150878906250000000e+00
6.921600161405518037e+00 1.800781250000000000e+00
6.937647595406426504e+00 3.194091796875000000e+00
6.953593121766925123e+00 2.957519531250000000e+00
6.968762638951963240e+00 1.021972656250000000e+00
6.986102338961298841e+00 1.390625000000000000e+00
7.002496303428317859e+00 1.953857421875000000e+00
7.018872432847851783e+00 3.574462890625000000e+00
7.034782669250516207e+00 9.304199218750000000e-01
7.050081990973605883e+00 1.827148437500000000e+00
7.066867019746938539e+00 5.512695312500000000e-01
7.083927484980206302e+00 1.251953125000000000e+00
7.100165657187831769e+00 2.851562500000000000e+00
7.115118320994792356e+00 6.425781250000000000e-01
7.131297401421704762e+00 1.437011718750000000e+00
7.148534059982178945e+00 1.686523437500000000e+00
7.165122481950181310e+00 2.737304687500000000e+00
7.180225725636748990e+00 1.807617187500000000e+00
7.195871049073076620e+00 1.826660156250000000e+00
7.213031786166482107e+00 1.789550781250000000e+00
7.230270551537277157e+00 6.074218750000000000e-01
7.244802851892938378e+00 1.384277343750000000e+00
7.261499096938928588e+00 1.616943359375000000e+00
7.277625689917211815e+00 1.127197265625000000e+00
7.294743057850277879e+00 2.175537109375000000e+00
7.311873458505262491e+00 1.839355468750000000e+00
7.326102600553387134e+00 3.409667968750000000e+00
7.342054115473942488e+00 2.950683593750000000e+00
7.359162570933024838e+00 2.077880859375000000e+00
7.376327385443973483e+00 3.070312500000000000e+00
7.392506734672586788e+00 4.717773437500000000e+00
7.407636442596668758e+00 3.238769531250000000e+00
7.423574830221649989e+00 2.994628906250000000e+00
7.440608288361218570e+00 5.498046875000000000e-01
7.457806487784427674e+00 4.978759765625000000e+00
7.473785631592592793e+00 4.599365234375000000e+00
7.489339699916730098e+00 4.641113281250000000e+00
7.505179965323961255e+00 4.155273437500000000e+00
7.520485607116503601e+00 3.141845703125000000e+00
7.537581268169093462e+00 3.169677734375000000e+00
7.554173993226250161e+00 4.177734375000000000e+00
7.570993518378138276e+00 4.043212890625000000e+00
7.586238866425675909e+00 3.659667968750000000e+00
7.601775821023377233e+00 2.238769531250000000e+00
7.618573406178699159e+00 2.276611328125000000e+00
7.635910190208342385e+00 7.506347656250000000e+00
7.652648840641742112e+00 4.291992187500000000e+00
7.667427825157673738e+00 2.869628906250000000e+00
7.683004117592588500e+00 1.822265625000000000e+00
7.700109998114147203e+00 2.797363281250000000e+00
7.716817029001919792e+00 5.823242187500000000e+00
7.732982636204049243e+00 4.793945312500000000e+00
7.747584355173358972e+00 2.789062500000000000e+00
7.764692106125341553e+00 3.600585937500000000e+00
7.781837051866901334e+00 3.257324218750000000e+00
7.797060563340497907e+00 5.515136718750000000e+00
7.813511942729014947e+00 3.849609375000000000e+00
7.829374347982671623e+00 4.163574218750000000e+00
7.846426246405219018e+00 2.831054687500000000e+00
7.863472435695278762e+00 5.011230468750000000e+00
7.878797797932353575e+00 8.943359375000000000e+00
7.893798634965460082e+00 4.045898437500000000e+00
7.910795574522058615e+00 2.699707031250000000e+00
7.927667982164614102e+00 2.620605468750000000e+00
7.943316892416628860e+00 6.267578125000000000e+00
7.959466012929246048e+00 5.556396484375000000e+00
7.975513627948691564e+00 4.995361328125000000e+00
7.992319496017117331e+00 4.166992187500000000e+00
8.007904345873129159e+00 5.560058593750000000e+00
8.024816468975805250e+00 6.717041015625000000e+00
8.041103229978290301e+00 6.243652343750000000e+00
8.057128360601465644e+00 3.035644531250000000e+00
8.072918442722455623e+00 3.716064453125000000e+00
8.088517196533924647e+00 4.023437500000000000e+00
8.105761808863624296e+00 7.079101562500000000e+00
8.122688561795705198e+00 4.594970703125000000e+00
8.138515476243259883e+00 2.771972656250000000e+00
8.153578842041238062e+00 4.361816406250000000e+00
8.170156778021176791e+00 3.826660156250000000e+00
8.187365172493660026e+00 6.872558593750000000e+00
8.204349671559722168e+00 4.652832031250000000e+00
8.219423966186592878e+00 3.149414062500000000e+00
8.234855393063371665e+00 5.843994140625000000e+00
8.251794869045411929e+00 -7.455078125000000000e+00
8.268511866269779631e+00 -8.033398437500000000e+01
8.284965429818294425e+00 -2.337087402343750000e+02
8.299365988228679214e+00 -4.424565429687500000e+02
8.316421769770963479e+00 -6.494760742187500000e+02
8.333439320281307516e+00 -8.303681640625000000e+02
8.348786376986542024e+00 -9.476171875000000000e+02
8.365685376862836975e+00 -9.991906738281250000e+02
8.381103628942661032e+00 -9.630712890625000000e+02
8.397895755775072857e+00 -8.458818359375000000e+02
8.414222393527687416e+00 -6.498759765625000000e+02
8.430523495977983117e+00 -4.490244140625000000e+02
8.446658398826253134e+00 -2.639985351562500000e+02
8.462711099362500988e+00 -9.814233398437500000e+01
8.478277640347375410e+00 -7.659667968750000000e+00
8.494806729412848867e+00 5.732666015625000000e+00
8.511172077530849478e+00 5.290527343750000000e+00
8.527752191445403085e+00 3.882324218750000000e+00
8.544308774575968712e+00 5.693115234375000000e+00
8.559725326535165379e+00 5.202392578125000000e+00
8.576121820186699551e+00 5.737792968750000000e+00
8.592845208079531005e+00 3.822753906250000000e+00
8.608974835896187727e+00 2.780273437500000000e+00
8.624640989376219480e+00 3.845947265625000000e+00
8.640225357090827174e+00 5.712158203125000000e+00
8.657474703082860046e+00 3.994384765625000000e+00
8.674383579660108978e+00 4.622314453125000000e+00
8.689964992494450868e+00 2.009765625000000000e+00
8.705289895152159119e+00 5.041992187500000000e+00
8.721799441606652437e+00 3.906250000000000000e+00
8.738751123283245548e+00 6.243652343750000000e+00
8.755708097768215126e+00 4.901367187500000000e+00
8.771422707002479058e+00 2.893066406250000000e+00
8.786719056637796399e+00 4.556640625000000000e+00
8.803509739778066390e+00 3.774902343750000000e+00
8.820222925717665419e+00 5.718750000000000000e+00
8.836426709647874134e+00 4.249023437500000000e+00
8.851089338217358105e+00 3.863037109375000000e+00
8.868128331349575788e+00 4.122314453125000000e+00
8.885178061991968690e+00 5.543701171875000000e+00
8.901976528961849766e+00 5.413574218750000000e+00
8.916958941577100006e+00 5.170410156250000000e+00
8.932832795233558443e+00 1.971191406250000000e+00
8.949838249872602347e+00 3.449218750000000000e+00
8.966910632611320153e+00 4.226806640625000000e+00
8.981979814130490070e+00 3.224365234375000000e+00
8.998235745706672617e+00 4.755371093750000000e+00
9.014365368322287964e+00 4.335449218750000000e+00
9.030000566718815236e+00 4.773437500000000000e+00
9.046534311458563238e+00 4.072998046875000000e+00
9.062878948443868765e+00 3.493652343750000000e+00
9.079683992007034021e+00 4.224365234375000000e+00
9.095928481381566399e+00 2.741699218750000000e+00
9.111546360571390224e+00 3.715087890625000000e+00
9.127925157650508936e+00 4.330566406250000000e+00
9.144560001640915203e+00 4.428466796875000000e+00
9.160639678648507811e+00 3.279785156250000000e+00
9.176363573177384936e+00 1.194335937500000000e+00
9.191946763136371601e+00 3.633056640625000000e+00
9.209044371437844489e+00 4.119140625000000000e+00
9.226140260084196854e+00 3.600097656250000000e+00
9.241136280458601249e+00 7.756347656250000000e-01
9.256780485109572965e+00 5.316650390625000000e+00
9.273582395802062450e+00 4.085937500000000000e+00
9.290742804516169073e+00 4.994140625000000000e+00
9.307408946261270799e+00 4.197753906250000000e+00
9.322873356147180601e+00 3.171142578125000000e+00
9.338125486974547584e+00 3.402343750000000000e+00
9.355210711296651382e+00 5.559082031250000000e+00
9.372441217571058303e+00 6.060546875000000000e+00
9.388148479607714592e+00 3.359375000000000000e+00
9.402784473381185393e+00 2.740722656250000000e+00
9.419834902121360543e+00 2.723876953125000000e+00
9.436906770098872244e+00 4.594238281250000000e+00
9.453634728356934858e+00 4.772460937500000000e+00
9.468682504449311921e+00 2.796386718750000000e+00
9.484562045052449264e+00 2.648925781250000000e+00
9.501439601759729570e+00 3.279296875000000000e+00
9.518572520391010983e+00 5.650390625000000000e+00
9.533974572858429752e+00 5.106445312500000000e+00
9.550083369159688473e+00 2.235595703125000000e+00
9.566136650957638210e+00 4.550292968750000000e+00
9.581723734419217209e+00 4.129394531250000000e+00
9.597901191898756679e+00 4.704589843750000000e+00
9.614553251700527881e+00 3.969726562500000000e+00
9.631384513027427374e+00 2.853759765625000000e+00
9.647811901424248049e+00 2.448730468750000000e+00
9.663080559088001564e+00 5.412109375000000000e+00
9.679509353509956782e+00 3.497070312500000000e+00
9.696281317668312028e+00 4.844726562500000000e+00
9.712585219418901517e+00 2.706542968750000000e+00
9.728086292780661282e+00 1.630859375000000000e+00
9.743668314901157146e+00 6.181152343750000000e+00
9.760751390994332866e+00 4.557617187500000000e+00
9.777830130848872869e+00 4.760253906250000000e+00
9.793702331019080276e+00 3.594238281250000000e+00
9.808712336599196391e+00 3.836425781250000000e+00
9.825223389526161810e+00 2.552734375000000000e+00
9.842185951196833926e+00 4.016601562500000000e+00
9.859506322123245070e+00 2.997314453125000000e+00
9.875157056720153648e+00 3.536865234375000000e+00
9.889807145541121614e+00 1.595703125000000000e+00
9.906864973710767686e+00 1.733886718750000000e+00
9.923921890599112672e+00 4.794433593750000000e+00
9.940115005410371296e+00 5.183105468750000000e-01
9.954519593195223948e+00 2.369384765625000000e+00
9.971515433201904699e+00 3.368164062500000000e+00
9.988538805554547650e+00 2.401367187500000000e+00
1.000533007192230528e+01 2.190917968750000000e+00
1.002136950463635046e+01 3.052978515625000000e+00
1.003629117676799609e+01 2.320800781250000000e+00
1.005315097024339543e+01 1.325927734375000000e+00
1.007027215816835763e+01 3.267578125000000000e+00
1.008542928581463372e+01 6.989013671875000000e+00
1.010179615371932904e+01 1.523193359375000000e+00
1.011793166743644967e+01 3.914794921875000000e+00
1.013458338046756779e+01 2.720703125000000000e+00
1.015022911021516627e+01 2.228759765625000000e+00
1.016628245559357424e+01 3.500976562500000000e+00
1.018308534091860906e+01 3.476562500000000000e-01
1.019964613443929125e+01 2.962402343750000000e+00
1.021575246168354134e+01 2.800781250000000000e+00
1.023134708698654549e+01 2.295410156250000000e+00
1.024778840302939287e+01 4.686523437500000000e+00
1.026409825220875049e+01 2.622070312500000000e+00
1.028073513906324976e+01 5.126953125000000000e-01
1.029599204256729905e+01 2.408691406250000000e+00
1.031238458227601740e+01 1.641601562500000000e+00
1.032873675125770063e+01 1.919433593750000000e+00
1.034543128344775553e+01 4.403320312500000000e+00
1.036083787595511829e+01 1.499023437500000000e-01
1.037712637969380580e+01 3.360351562500000000e+00
1.039368768790754061e+01 2.690429687500000000e-01
1.041033575056512106e+01 3.254394531250000000e+00
1.042632281057639076e+01 -1.123046875000000000e-01
1.044176062278056172e+01 2.004394531250000000e+00
1.045874335665865473e+01 1.306152343750000000e+00
1.047542527768254317e+01 3.590820312500000000e+00
1.049112221915738985e+01 1.257812500000000000e+00
1.050628265851454302e+01 2.417968750000000000e+00
1.052312713772897901e+01 3.152587890625000000e+00
1.054032175626332979e+01 4.645263671875000000e+00
1.055674098164322849e+01 3.780029296875000000e+00
1.057285958574239260e+01 1.836914062500000000e+00
1.058802028856924693e+01 1.887695312500000000e+00
1.060495485449185438e+01 -8.256835937500000000e-01
1.062197150153135539e+01 1.950195312500000000e+00
1.063753737089876417e+01 4.482910156250000000e+00
1.065335503172003229e+01 3.697265625000000000e+00
1.066962508663758058e+01 1.664550781250000000e+00
1.068631239634259344e+01 4.248046875000000000e-02
1.070132317583357917e+01 2.334228515625000000e+00
1.071799879124917787e+01 1.561279296875000000e+00
1.073508926896659688e+01 9.873046875000000000e-01
1.075129748096704674e+01 1.171386718750000000e+00
1.076671917912275411e+01 1.775146484375000000e+00
1.078275368095211917e+01 2.720214843750000000e+00
1.079947865551990915e+01 -9.350585937500000000e-01
1.081580646246115052e+01 -7.651367187500000000e-01
1.083245687758367737e+01 1.648925781250000000e+00
1.084743989631310690e+01 2.801757812500000000e+00
1.086416619040850051e+01 2.719726562500000000e+00
1.088111700726232911e+01 2.705078125000000000e+00
1.089687420119483185e+01 1.294433593750000000e+00
1.091213502350793974e+01 7.575683593750000000e-01
1.092880788818227877e+01 3.566406250000000000e+00
1.094562040670144576e+01 2.069824218750000000e+00
1.096251130274743879e+01 3.698730468750000000e+00
1.097861165101678971e+01 1.047363281250000000e+00
1.099324873389554114e+01 1.533203125000000000e+00
1.101038166654392469e+01 2.068359375000000000e+00
1.102715413032145975e+01 3.853027343750000000e+00
1.104331290799041909e+01 3.784179687500000000e+00
1.105795019110352406e+01 2.358154296875000000e+00
1.107483810789762124e+01 1.208984375000000000e+00
1.109193765561123968e+01 5.864257812500000000e-01
1.110844688587908813e+01 2.367919921875000000e+00
1.112458705693889272e+01 2.881347656250000000e+00
1.113968573424623720e+01 1.742431640625000000e+00
1.115648623233850856e+01 9.443359375000000000e-01
1.117367085071511923e+01 1.277832031250000000e+00
1.118887886096653261e+01 2.224365234375000000e+00
1.120455381827786034e+01 -1.655517578125000000e+00
1.122127503717464236e+01 2.627929687500000000e+00
1.123813169135089041e+01 1.886962890625000000e+00
1.125320912364702508e+01 -5.947265625000000000e-01
1.126973750294961185e+01 3.193359375000000000e+00
1.128628834138588566e+01 1.902587890625000000e+00
1.130301034713018993e+01 2.317626953125000000e+00
1.131920493742504696e+01 2.968750000000000000e-01
1.133476926137319651e+01 2.360351562500000000e+00
1.135144026359883718e+01 3.123535156250000000e+00
1.136748719036726207e+01 -1.171386718750000000e+00
1.138373264827150777e+01 1.393066406250000000e+00
1.139889228309692371e+01 -5.859375000000000000e-03
1.141587386992344832e+01 4.029296875000000000e+00
1.143290085827799274e+01 1.414550781250000000e+00
1.144897719163888894e+01 5.864257812500000000e-01
1.146428448684914336e+01 -1.125488281250000000e-01
1.148052184925413144e+01 1.953125000000000000e-03
1.149733766124200862e+01 1.533691406250000000e+00
1.151387435663959735e+01 6.069335937500000000e-01
1.152977226767951535e+01 7.866210937500000000e-01
1.154529928289978002e+01 -2.510253906250000000e+00
1.156209283211568462e+01 5.766601562500000000e-01
1.157878383374465869e+01 -5.698242187500000000e-01
1.159480560225300039e+01 -1.628417968750000000e-01
1.160966558586930297e+01 -9.018554687500000000e-01
1.162654893924099220e+01 1.873779296875000000e+00
1.164373232160131089e+01 4.956054687500000000e-01
1.166015289914153463e+01 3.675781250000000000e+00
1.167578859992679341e+01 1.215332031250000000e+00
1.169140119326963578e+01 1.966552734375000000e+00
1.170828384634495656e+01 3.303222656250000000e-01
1.172536990664868739e+01 5.649414062500000000e-01
1.174060358129444381e+01 4.525634765625000000e+00
1.175676889411455051e+01 1.592285156250000000e+00
1.177305457173545733e+01 -4.868164062500000000e-01
1.178985452281473911e+01 1.449951171875000000e+00
1.180493697281497134e+01 6.718750000000000000e-01
1.182146988333650484e+01 3.568359375000000000e+00
1.183850329678728741e+01 -9.628906250000000000e-01
1.185472306603158898e+01 6.291503906250000000e-01
1.187093130138086927e+01 3.662109375000000000e-02
1.188713925195772170e+01 1.999511718750000000e-01
1.190312726937074927e+01 1.497558593750000000e+00
1.191922363604939150e+01 9.301757812500000000e-01
1.193589991365784542e+01 3.857421875000000000e-01
1.195089358706677451e+01 2.132324218750000000e+00
1.196754145827229188e+01 1.446289062500000000e+00
1.198455366134430022e+01 8.154296875000000000e-01
1.200083966609335384e+01 -1.346191406250000000e+00
1.201623329327914291e+01 2.321777343750000000e+00
1.203222441459877601e+01 1.448242187500000000e+00
1.204905468256630208e+01 2.329589843750000000e+00
1.206557670165525309e+01 2.657714843750000000e+00
1.208235624136831987e+01 -1.095214843750000000e+00
1.209704297158526742e+01 -1.718750000000000000e-01
1.211388038258523103e+01 1.029052734375000000e+00
1.213038074806486932e+01 1.375000000000000000e+00
1.214630463628300561e+01 -8.916015625000000000e-01
1.216146986832071519e+01 4.038085937500000000e-01
