#Time Flux
-4.835593421884503584e+00 5.239453125000000000e+01
-4.815292395017431559e+00 5.048437500000000000e+01
-4.795048900422660410e+00 5.083593750000000000e+01
-4.774767042881547852e+00 4.951953125000000000e+01
-4.754505577740317790e+00 5.150781250000000000e+01
-4.734351252434716883e+00 4.960937500000000000e+01
-4.714198583033846646e+00 5.053515625000000000e+01
-4.693943709277332843e+00 4.743750000000000000e+01
-4.674050262174556991e+00 5.076562500000000000e+01
-4.654167123314087107e+00 5.356640625000000000e+01
-4.634686250988574230e+00 4.528125000000000000e+01
-4.615285219102801761e+00 4.914062500000000000e+01
-4.599326050762893914e+00 5.155468750000000000e+01
-4.584632501857683451e+00 4.893750000000000000e+01
-4.566887956412340799e+00 4.980468750000000000e+01
-4.547867861304970560e+00 4.729296875000000000e+01
-4.528476183744752248e+00 5.050781250000000000e+01
-4.508346752653832112e+00 4.910156250000000000e+01
-4.488105165411973019e+00 5.026953125000000000e+01
-4.467779707969711467e+00 4.791796875000000000e+01
-4.447626993574960608e+00 4.858593750000000000e+01
-4.427246097850410678e+00 4.642187500000000000e+01
-4.406975730149396142e+00 4.892187500000000000e+01
-4.386687835887414622e+00 4.745312500000000000e+01
-4.366379180040617314e+00 4.846875000000000000e+01
-4.346065236769897311e+00 4.480468750000000000e+01
-4.325812839544784794e+00 4.428125000000000000e+01
-4.305913317058262635e+00 4.598437500000000000e+01
-4.285964371785169647e+00 4.252343750000000000e+01
-4.266155003156567815e+00 4.756250000000000000e+01
-4.247126244948114859e+00 4.408203125000000000e+01
-4.230349210927915493e+00 4.453906250000000000e+01
-4.216285578167578763e+00 4.385937500000000000e+01
-4.198819277794669347e+00 4.342968750000000000e+01
-4.179627502551996443e+00 4.040234375000000000e+01
-4.160034801031816443e+00 3.750000000000000000e+01
-4.140555332222955798e+00 3.875781250000000000e+01
-4.120043590449750326e+00 3.703125000000000000e+01
-4.099958806601335937e+00 3.798437500000000000e+01
-4.079709412143538216e+00 3.457421875000000000e+01
-4.059422475393940744e+00 3.364843750000000000e+01
-4.039034121947441491e+00 3.645312500000000000e+01
-4.018892064043903645e+00 3.564843750000000000e+01
-3.998548049978950303e+00 3.456640625000000000e+01
-3.978336066622286893e+00 3.267187500000000000e+01
-3.958178308292970016e+00 3.202343750000000000e+01
-3.938244206155900429e+00 2.748437500000000000e+01
-3.918358677306937210e+00 2.637890625000000000e+01
-3.898697991686578490e+00 2.346875000000000000e+01
-3.879318024782216767e+00 2.114453125000000000e+01
-3.862026530051917206e+00 2.201562500000000000e+01
-3.845850661275724391e+00 2.548828125000000000e+01
-3.829793132611053252e+00 2.086328125000000000e+01
-3.811096648105891660e+00 1.935937500000000000e+01
-3.792237305627441657e+00 2.178125000000000000e+01
-3.772617636814803888e+00 1.769531250000000000e+01
-3.752184594703695808e+00 1.550390625000000000e+01
-3.732002223852035172e+00 1.788281250000000000e+01
-3.711781427568311642e+00 1.635156250000000000e+01
-3.691630613054140753e+00 1.383984375000000000e+01
-3.671247947409963075e+00 1.624609375000000000e+01
-3.651105799255446982e+00 1.200000000000000000e+01
-3.630755214741753889e+00 1.131640625000000000e+01
-3.610572232246912705e+00 8.812500000000000000e+00
-3.590285681667406692e+00 8.710937500000000000e+00
-3.570320432551930878e+00 8.984375000000000000e+00
-3.550558983340875940e+00 8.566406250000000000e+00
-3.530892532426452846e+00 6.054687500000000000e+00
-3.511753799184337055e+00 7.375000000000000000e+00
-3.493667450630429272e+00 4.750000000000000000e+00
-3.477459596071538428e+00 4.429687500000000000e+00
-3.461980654500189658e+00 3.523437500000000000e+00
-3.443160846456571278e+00 2.285156250000000000e+00
-3.424026265778215006e+00 4.308593750000000000e+00
-3.404560375240343717e+00 2.820312500000000000e+00
-3.384389703480966460e+00 7.382812500000000000e-01
-3.364206724795806736e+00 -2.734375000000000000e-01
-3.343989977546115711e+00 5.468750000000000000e-02
-3.323860853364440260e+00 1.632812500000000000e+00
-3.303601948768015717e+00 3.308593750000000000e+00
-3.283339638335135646e+00 -5.742187500000000000e-01
-3.262906734791002350e+00 -2.527343750000000000e+00
-3.242753795933676741e+00 -3.296875000000000000e+00
-3.222588927277488580e+00 3.203125000000000000e-01
-3.202257948577170055e+00 -2.609375000000000000e+00
-3.182388478939778054e+00 -5.472656250000000000e+00
-3.162540645612128998e+00 -3.835937500000000000e+00
-3.143336592362434345e+00 -2.296875000000000000e+00
-3.124593789554591439e+00 -3.562500000000000000e+00
-3.108455323359340383e+00 -3.882812500000000000e+00
-3.093482929217859834e+00 -7.359375000000000000e+00
-3.074701511105207175e+00 -5.343750000000000000e+00
-3.055782988725955107e+00 -6.132812500000000000e+00
-3.036208664408423630e+00 -7.328125000000000000e+00
-3.016594748695471395e+00 -9.035156250000000000e+00
-2.996363104383025444e+00 -7.660156250000000000e+00
-2.976146857578697791e+00 -6.062500000000000000e+00
-2.955901692020244553e+00 -6.375000000000000000e+00
-2.935661483331603705e+00 -6.476562500000000000e+00
-2.915528445805229296e+00 -1.153125000000000000e+01
-2.895134946793511688e+00 -8.601562500000000000e+00
-2.874866929302488217e+00 -1.133203125000000000e+01
-2.854582154073266764e+00 -8.882812500000000000e+00
-2.834360325668772163e+00 -9.496093750000000000e+00
-2.814760439537579373e+00 -9.593750000000000000e+00
-2.794946198171057716e+00 -1.043359375000000000e+01
-2.775300156579426414e+00 -9.421875000000000000e+00
-2.756332911823083265e+00 -1.086328125000000000e+01
-2.739206223793708261e+00 -1.040625000000000000e+01
-2.723697469160068607e+00 -1.437109375000000000e+01
-2.706636003393182222e+00 -1.275000000000000000e+01
-2.687918651983768115e+00 -1.441406250000000000e+01
-2.668427418672909113e+00 -1.341015625000000000e+01
-2.648424393999743387e+00 -1.124218750000000000e+01
-2.628366627063488892e+00 -1.321875000000000000e+01
-2.608268147752816901e+00 -1.537500000000000000e+01
-2.588110079591398716e+00 -1.627343750000000000e+01
-2.567858056445810888e+00 -1.255468750000000000e+01
-2.547732790911823031e+00 -1.270703125000000000e+01
-2.527376919265321931e+00 -2.001562500000000000e+01
-2.506977788497984250e+00 -1.333593750000000000e+01
-2.486789893633083892e+00 -1.504687500000000000e+01
-2.466666164691236673e+00 -1.451562500000000000e+01
-2.446498635135036182e+00 -1.691406250000000000e+01
-2.427144283990312346e+00 -1.522656250000000000e+01
-2.407043624966110684e+00 -1.605468750000000000e+01
-2.388271383244966017e+00 -1.445312500000000000e+01
-2.370360073553449354e+00 -1.361718750000000000e+01
-2.356167642576298960e+00 -1.027343750000000000e+01
-2.338825123719256993e+00 -1.784375000000000000e+01
-2.319882273196977707e+00 -1.835937500000000000e+01
-2.300149669104435191e+00 -2.038281250000000000e+01
-2.280624687402745820e+00 -1.805468750000000000e+01
-2.260500574864547474e+00 -1.943750000000000000e+01
-2.240387132467006381e+00 -1.783593750000000000e+01
-2.220197787850281657e+00 -1.628906250000000000e+01
-2.200079779585610851e+00 -1.863281250000000000e+01
-2.179653937552590293e+00 -1.819531250000000000e+01
-2.159513755914794331e+00 -1.610937500000000000e+01
-2.139151331350973351e+00 -1.707031250000000000e+01
-2.118997670445804005e+00 -2.260156250000000000e+01
-2.098769388208697961e+00 -1.765234375000000000e+01
-2.078581845235291325e+00 -1.567968750000000000e+01
-2.059548606512230151e+00 -1.852343750000000000e+01
-2.040147150329115533e+00 -1.892187500000000000e+01
-2.020461577968045930e+00 -1.450000000000000000e+01
-2.002545360934156804e+00 -1.998437500000000000e+01
-1.987503003133287649e+00 -1.971093750000000000e+01
-1.970089367225579480e+00 -2.058593750000000000e+01
-1.951232000979327807e+00 -1.613671875000000000e+01
-1.931937434499818806e+00 -1.655468750000000000e+01
-1.912182428297921177e+00 -1.653515625000000000e+01
-1.892517934948209302e+00 -2.005468750000000000e+01
-1.872507134653513816e+00 -2.020312500000000000e+01
-1.852246406753685903e+00 -1.803515625000000000e+01
-1.831974200533238673e+00 -1.817968750000000000e+01
-1.812004240733482874e+00 -1.955468750000000000e+01
-1.791741153126466202e+00 -1.926562500000000000e+01
-1.771514627974791978e+00 -1.746093750000000000e+01
-1.751205484285872416e+00 -2.042187500000000000e+01
-1.731087321589001249e+00 -2.289062500000000000e+01
-1.711079179594651833e+00 -1.705078125000000000e+01
-1.691131928629896919e+00 -2.050781250000000000e+01
-1.671747376988928835e+00 -1.726562500000000000e+01
-1.652390326848248492e+00 -1.650781250000000000e+01
-1.634416955900480417e+00 -1.948437500000000000e+01
-1.617342982565876497e+00 -1.931250000000000000e+01
-1.601244029076312358e+00 -1.885937500000000000e+01
-1.582989330498651981e+00 -1.642578125000000000e+01
-1.564067950228622550e+00 -2.060156250000000000e+01
-1.544181192168000649e+00 -2.118750000000000000e+01
-1.524723748125488498e+00 -2.100781250000000000e+01
-1.504715485401046493e+00 -2.071093750000000000e+01
-1.484541191410954752e+00 -1.531250000000000000e+01
-1.464459410875551981e+00 -2.050390625000000000e+01
-1.444213041404406539e+00 -1.773828125000000000e+01
-1.423931830463097015e+00 -1.906250000000000000e+01
-1.403534866989609498e+00 -1.800000000000000000e+01
-1.383389382623708030e+00 -1.576171875000000000e+01
-1.363282223533719417e+00 -1.957812500000000000e+01
-1.343228334024274773e+00 -2.225781250000000000e+01
-1.323140252013377705e+00 -2.106250000000000000e+01
-1.303944152088075015e+00 -1.725781250000000000e+01
-1.284100640056689002e+00 -1.511718750000000000e+01
-1.265365467771154329e+00 -1.776953125000000000e+01
-1.248104026521897225e+00 -1.809375000000000000e+01
-1.233127476377962495e+00 -1.775781250000000000e+01
-1.214779624831702876e+00 -1.796093750000000000e+01
-1.196328976592017312e+00 -1.748046875000000000e+01
-1.176582469814558607e+00 -1.692187500000000000e+01
-1.157020155837056308e+00 -1.773046875000000000e+01
-1.136875888944150148e+00 -1.690234375000000000e+01
-1.116825578275836506e+00 -1.721875000000000000e+01
-1.096628091376334879e+00 -1.911718750000000000e+01
-1.076277054167828595e+00 -1.739843750000000000e+01
-1.056135852939178221e+00 -1.317187500000000000e+01
-1.035929092709519495e+00 -1.692187500000000000e+01
-1.015726774791797737e+00 -1.559375000000000000e+01
-9.957476024001934434e-01 -1.953125000000000000e+01
-9.755421019668553129e-01 -1.464843750000000000e+01
-9.557406431564352545e-01 -1.797656250000000000e+01
-9.357667198402772613e-01 -1.729687500000000000e+01
-9.164213354789119137e-01 -1.750390625000000000e+01
-8.974815242437124141e-01 -1.682812500000000000e+01
-8.794124707027712873e-01 -1.483593750000000000e+01
-8.633415277369103080e-01 -1.737500000000000000e+01
-8.464231962412007704e-01 -1.614453125000000000e+01
-8.279914846960707564e-01 -1.681250000000000000e+01
-8.085771518142088610e-01 -1.703906250000000000e+01
-7.889629370624469118e-01 -1.557812500000000000e+01
-7.688809267509917333e-01 -1.664062500000000000e+01
-7.489545235119123845e-01 -1.572656250000000000e+01
-7.287187417087004349e-01 -1.433203125000000000e+01
-7.084833823403080544e-01 -1.570312500000000000e+01
-6.883397952342065196e-01 -1.567968750000000000e+01
-6.679514014141361145e-01 -1.821875000000000000e+01
-6.478292422010945018e-01 -1.819531250000000000e+01
-6.276766704473395464e-01 -1.825781250000000000e+01
-6.074034209816971952e-01 -1.817187500000000000e+01
-5.875338998806149959e-01 -1.741406250000000000e+01
-5.679066108987669281e-01 -1.450781250000000000e+01
-5.480330585265917875e-01 -1.527343750000000000e+01
-5.287894423113463915e-01 -1.558593750000000000e+01
-5.108216388939403885e-01 -1.543359375000000000e+01
-4.949068381605030709e-01 -1.398437500000000000e+01
-4.783990264899209421e-01 -1.784375000000000000e+01
-4.600659402301126022e-01 -1.713281250000000000e+01
-4.407338718243245523e-01 -1.646875000000000000e+01
-4.211916329953275806e-01 -1.728125000000000000e+01
-4.010841107464351296e-01 -1.746875000000000000e+01
-3.809071479236614266e-01 -1.665625000000000000e+01
-3.608014821139917672e-01 -1.590625000000000000e+01
-3.406786606578400267e-01 -1.588671875000000000e+01
-3.202644119981563620e-01 -1.523437500000000000e+01
-3.001209946721701272e-01 -1.743359375000000000e+01
-2.797844152134487672e-01 -1.582812500000000000e+01
-2.597930785011932642e-01 -1.416015625000000000e+01
-2.398367553849993783e-01 -1.381250000000000000e+01
-2.196209864255500577e-01 -1.580078125000000000e+01
-1.997074558026845637e-01 -1.470312500000000000e+01
-1.797819703627574484e-01 -1.519531250000000000e+01
-1.609799118982770949e-01 -1.564062500000000000e+01
-1.430066892821564295e-01 -1.195703125000000000e+01
-1.273969813118860372e-01 -1.519531250000000000e+01
-1.105848114588177111e-01 -1.269531250000000000e+01
-9.189993697649967430e-02 -1.525781250000000000e+01
-7.288792557432799413e-02 -1.410937500000000000e+01
-5.296391884545315065e-02 -1.738281250000000000e+01
-3.295796388585969794e-02 -1.763281250000000000e+01
-1.306418294941025238e-02 -1.084765625000000000e+01
7.213380221216425525e-03 -1.462500000000000000e+01
2.742255967027773522e-02 -1.569531250000000000e+01
4.758785492333927891e-02 -1.561328125000000000e+01
6.767005260394398647e-02 -1.476953125000000000e+01
8.810283316984168778e-02 -1.276562500000000000e+01
1.081875929908910905e-01 -1.530468750000000000e+01
1.283492431534121181e-01 -1.422656250000000000e+01
1.486184122620244352e-01 -1.461718750000000000e+01
1.685970177837710082e-01 -1.662890625000000000e+01
1.885162362116226120e-01 -1.638281250000000000e+01
2.077844205811896217e-01 -1.070703125000000000e+01
2.267660663821402522e-01 -1.726562500000000000e+01
2.436059209122980462e-01 -9.734375000000000000e+00
2.596696808413359037e-01 -1.510937500000000000e+01
2.770865054338287337e-01 -1.328906250000000000e+01
2.952494801025551396e-01 -1.625781250000000000e+01
3.148360525381921349e-01 -1.222656250000000000e+01
3.348673064533951305e-01 -1.388281250000000000e+01
3.549428096212956518e-01 -1.361718750000000000e+01
3.749341155708023621e-01 -1.220703125000000000e+01
3.952030035944176234e-01 -1.433593750000000000e+01
4.154092144471341896e-01 -1.091406250000000000e+01
4.357693746529101020e-01 -1.137109375000000000e+01
4.558723680681140422e-01 -1.487109375000000000e+01
4.762620175161771385e-01 -1.550000000000000000e+01
4.961454778962668399e-01 -1.345312500000000000e+01
5.161904075849861329e-01 -1.021875000000000000e+01
5.363105280380722206e-01 -1.222656250000000000e+01
5.563338328388667264e-01 -9.570312500000000000e+00
5.759371216414770345e-01 -1.088281250000000000e+01
5.945760268406843352e-01 -9.187500000000000000e+00
6.130237075631228549e-01 -1.184375000000000000e+01
6.289822573823329321e-01 -9.828125000000000000e+00
6.460150665688288996e-01 -1.114843750000000000e+01
6.637928395369225854e-01 -9.972656250000000000e+00
6.831106336198136120e-01 -1.267968750000000000e+01
7.026664155487534202e-01 -1.290234375000000000e+01
7.226575458201374147e-01 -1.058593750000000000e+01
7.426178831651029100e-01 -1.451171875000000000e+01
7.627691574615873549e-01 -1.132031250000000000e+01
7.831110557217222379e-01 -1.066406250000000000e+01
8.035458250149183357e-01 -1.303906250000000000e+01
8.236636273074253722e-01 -9.550781250000000000e+00
8.438997554753253638e-01 -1.037890625000000000e+01
8.639416451182349022e-01 -7.531250000000000000e+00
8.839873510643201371e-01 -9.773437500000000000e+00
9.041105674664748904e-01 -1.042968750000000000e+01
9.241323793571822875e-01 -8.070312500000000000e+00
9.437396561994724209e-01 -9.351562500000000000e+00
9.630040979114955491e-01 -1.162500000000000000e+01
9.816680634266585770e-01 -8.335937500000000000e+00
9.985585904610623231e-01 -8.992187500000000000e+00
1.014055470203905074e+00 -9.109375000000000000e+00
1.031957485682557518e+00 -9.656250000000000000e+00
1.051365303020899589e+00 -1.032421875000000000e+01
1.071348035066344906e+00 -1.134375000000000000e+01
1.090876606554662231e+00 -1.287500000000000000e+01
1.110647626992312453e+00 -1.220312500000000000e+01
1.130843573514020761e+00 -8.113281250000000000e+00
1.150995227364472129e+00 -1.015625000000000000e+01
1.171334849377647203e+00 -9.062500000000000000e+00
1.191476014881345691e+00 -9.316406250000000000e+00
1.211692219758736755e+00 -1.178906250000000000e+01
1.231901921900320218e+00 -9.187500000000000000e+00
1.251892739895005491e+00 -8.511718750000000000e+00
1.271910528430950649e+00 -8.539062500000000000e+00
1.292120785925520821e+00 -9.882812500000000000e+00
1.311868966871468700e+00 -7.757812500000000000e+00
1.331052229021477018e+00 -9.917968750000000000e+00
1.349748083239873608e+00 -9.664062500000000000e+00
1.366376461573555190e+00 -1.073437500000000000e+01
1.382205468977385721e+00 -9.523437500000000000e+00
1.400961476538498118e+00 -5.632812500000000000e+00
1.419092879248253780e+00 -8.929687500000000000e+00
1.438669574429548348e+00 -6.742187500000000000e+00
1.458505636156484542e+00 -7.199218750000000000e+00
1.478441811748661294e+00 -9.281250000000000000e+00
1.498672611439559432e+00 -7.085937500000000000e+00
1.518756813694498220e+00 -1.301171875000000000e+01
1.539125898778340940e+00 -9.902343750000000000e+00
1.559273143851022780e+00 -5.281250000000000000e+00
1.579653980257610613e+00 -6.277343750000000000e+00
1.599741851847095830e+00 -9.515625000000000000e+00
1.619852695851015767e+00 -4.332031250000000000e+00
1.639710611398683682e+00 -5.664062500000000000e+00
1.659918715151592394e+00 -1.046093750000000000e+01
1.679508880604004162e+00 -7.476562500000000000e+00
1.699097210755033061e+00 -8.523437500000000000e+00
1.718073112609918240e+00 -7.421875000000000000e+00
1.735892788098162498e+00 -8.210937500000000000e+00
1.751663283392719705e+00 -7.687500000000000000e+00
1.769117698129297978e+00 -4.578125000000000000e+00
1.787526141740414687e+00 -7.578125000000000000e+00
1.806906771688115754e+00 -5.992187500000000000e+00
1.826497691846759253e+00 -3.621093750000000000e+00
1.846391218034586501e+00 -6.921875000000000000e+00
1.866466355010942380e+00 -6.695312500000000000e+00
1.886798969921130720e+00 -6.187500000000000000e+00
1.906934115606009783e+00 -5.410156250000000000e+00
1.927200174247738929e+00 -7.539062500000000000e+00
1.947407126974489699e+00 -3.414062500000000000e+00
1.967409426925055271e+00 -7.070312500000000000e+00
1.987377667994337571e+00 -6.992187500000000000e+00
2.007491498986096801e+00 -7.406250000000000000e+00
2.027519960505056673e+00 -8.078125000000000000e+00
2.047477203772057663e+00 -3.750000000000000000e+00
2.067020543020650081e+00 -8.289062500000000000e+00
2.085806967973802273e+00 -5.753906250000000000e+00
2.104259119863609584e+00 -7.437500000000000000e+00
2.120978925040001073e+00 -5.882812500000000000e+00
2.137420063236517009e+00 -5.070312500000000000e+00
2.155588796105288196e+00 -6.093750000000000000e+00
2.174810755236244120e+00 -5.898437500000000000e+00
2.194508447002634810e+00 -5.980468750000000000e+00
2.214362100128798971e+00 -4.507812500000000000e+00
2.234463314994963312e+00 -4.492187500000000000e+00
2.254589701537099700e+00 -6.218750000000000000e+00
2.274725350740073537e+00 -4.550781250000000000e+00
2.294991154555939161e+00 -5.218750000000000000e+00
2.315246828034908333e+00 -5.968750000000000000e+00
2.335282629094766804e+00 -3.632812500000000000e+00
2.355494280848944300e+00 -6.679687500000000000e+00
2.375712036299695740e+00 -1.121875000000000000e+01
2.395514457188413715e+00 -5.082031250000000000e+00
2.415327349883051866e+00 -5.675781250000000000e+00
2.435274284442463966e+00 -4.585937500000000000e+00
2.454786815001867240e+00 -6.250000000000000000e+00
2.472844612789385721e+00 -3.175781250000000000e+00
2.489086360374106022e+00 -1.609375000000000000e+00
2.505753226755635055e+00 -4.921875000000000000e-01
2.523270018843772888e+00 -2.824218750000000000e+00
2.542616315195623145e+00 -3.742187500000000000e+00
2.562096774184771775e+00 -2.457031250000000000e+00
2.581980174455129173e+00 -3.789062500000000000e+00
2.602014841434019843e+00 -3.015625000000000000e+00
2.622167745948825512e+00 -2.078125000000000000e+00
2.642498841802055409e+00 -4.441406250000000000e+00
2.662633744553623671e+00 -6.328125000000000000e+00
2.683052430970448654e+00 -1.804687500000000000e+00
2.703294582994606898e+00 -4.875000000000000000e+00
2.723354780638533867e+00 -4.742187500000000000e+00
2.743403974387661037e+00 -7.148437500000000000e+00
2.763543108955261118e+00 -3.804687500000000000e+00
2.783554233191576799e+00 -5.125000000000000000e+00
2.803184978104258818e+00 -2.757812500000000000e+00
2.822593362628836644e+00 -3.523437500000000000e+00
2.841783661441592557e+00 -5.382812500000000000e+00
2.859182038625593947e+00 -4.992187500000000000e+00
2.873569344886211852e+00 -6.492187500000000000e+00
2.891590074958545031e+00 -7.246093750000000000e+00
2.910824142319794916e+00 -3.308593750000000000e+00
2.930299136904704227e+00 -1.054687500000000000e+00
2.950135365549510169e+00 -2.480468750000000000e+00
2.969847923380456223e+00 -2.570312500000000000e+00
2.990171293582591261e+00 -6.023437500000000000e+00
3.010324507035274877e+00 -6.125000000000000000e+00
3.030579870313987456e+00 -4.773437500000000000e+00
3.050843601239350278e+00 -3.816406250000000000e+00
3.071086948088526114e+00 -9.804687500000000000e-01
3.091226460154043565e+00 -2.750000000000000000e+00
3.111458041003508868e+00 -2.613281250000000000e+00
3.131633636365336315e+00 -4.140625000000000000e+00
3.151354877990693026e+00 -3.843750000000000000e+00
3.171322444957393571e+00 -2.039062500000000000e+00
3.190758297895561313e+00 -3.585937500000000000e+00
3.209755089079326495e+00 -7.742187500000000000e+00
3.227005716694876014e+00 -2.171875000000000000e+00
3.242222250465140121e+00 -2.554687500000000000e+00
3.259820949063746198e+00 -1.898437500000000000e+00
3.278544626354758407e+00 -3.773437500000000000e+00
3.298105107148183279e+00 -4.601562500000000000e+00
3.318129511298627321e+00 -4.058593750000000000e+00
3.337846459227757023e+00 -2.738281250000000000e+00
3.357977247513964869e+00 -3.082031250000000000e+00
3.378151790116252329e+00 -5.406250000000000000e+00
3.398513694288315179e+00 -4.558593750000000000e+00
3.418655440460725004e+00 -6.246093750000000000e+00
3.439032600966214659e+00 -3.851562500000000000e+00
3.459312125697072915e+00 -4.578125000000000000e+00
3.479251051973271558e+00 -2.617187500000000000e+00
3.499218948801603446e+00 -3.191406250000000000e+00
3.519528087189268462e+00 -5.414062500000000000e+00
3.539168296681788561e+00 -6.781250000000000000e+00
3.558564942030832512e+00 -3.250000000000000000e+00
3.577404243248462734e+00 -4.156250000000000000e+00
3.595407001563607707e+00 -2.296875000000000000e+00
3.610935627634210832e+00 -4.371093750000000000e+00
3.628347910697652168e+00 -3.652343750000000000e+00
3.646998229041088280e+00 -4.109375000000000000e+00
3.666355141928104189e+00 -7.531250000000000000e+00
3.685797927990959622e+00 1.914062500000000000e-01
3.705828350179690034e+00 -5.894531250000000000e+00
3.725784480340408322e+00 -4.468750000000000000e+00
3.745907845921774282e+00 -4.929687500000000000e+00
3.766305694239019175e+00 -3.546875000000000000e+00
3.786736431783705115e+00 -3.742187500000000000e+00
3.806824643073099423e+00 -3.648437500000000000e+00
3.827104213260502874e+00 -2.406250000000000000e+00
3.847095523059834932e+00 -1.742187500000000000e+00
3.867158165119930047e+00 -8.750000000000000000e-01
3.887325220192746400e+00 -4.937500000000000000e+00
3.907011516488587688e+00 -1.226562500000000000e+00
3.926481432797178428e+00 -5.109375000000000000e+00
3.945730857904152344e+00 -3.906250000000000000e+00
3.964217513901537870e+00 -1.515625000000000000e+00
3.980215636773820620e+00 -5.539062500000000000e+00
3.996229324767533342e+00 -2.234375000000000000e+00
4.014940127007589510e+00 -1.175781250000000000e+00
4.034158290460506890e+00 -2.210937500000000000e+00
4.054130132347108173e+00 -2.007812500000000000e+00
4.073845782533643600e+00 -3.632812500000000000e+00
4.093751908301790365e+00 -2.988281250000000000e+00
4.113976639710074323e+00 -2.257812500000000000e+00
4.134169820580726906e+00 -3.566406250000000000e+00
4.154245194054091428e+00 -2.843750000000000000e+00
4.174636568608441678e+00 -3.718750000000000000e+00
4.194722697576974468e+00 -3.312500000000000000e+00
4.214887547293329817e+00 9.062500000000000000e-01
4.234953604917121694e+00 -2.484375000000000000e+00
4.254938703019465862e+00 -3.171875000000000000e+00
4.274997212573666161e+00 -3.363281250000000000e+00
4.294778324351232968e+00 -1.671875000000000000e+00
4.314028280908576818e+00 -1.539062500000000000e+00
4.332851899782289351e+00 -1.019531250000000000e+00
4.349165774106289462e+00 -1.710937500000000000e+00
4.364744884575214812e+00 -2.726562500000000000e+00
4.382749344445342032e+00 -1.156250000000000000e+00
4.401961629324684822e+00 -1.593750000000000000e+00
4.421529294420485812e+00 -1.867187500000000000e+00
4.441581116558243281e+00 6.171875000000000000e-01
4.461637836426959325e+00 2.500000000000000000e+00
4.481667538960200758e+00 -1.394531250000000000e+00
4.501886576859735811e+00 -2.687500000000000000e+00
4.522021051457578267e+00 -2.351562500000000000e+00
4.542427915537594174e+00 3.593750000000000000e-01
4.562698352400941459e+00 -1.953125000000000000e-01
4.582766129998550042e+00 -2.578125000000000000e+00
4.603155768160243966e+00 -8.750000000000000000e-01
4.622973765563571646e+00 2.343750000000000000e-01
4.642988530689077464e+00 -3.820312500000000000e+00
4.662628159480522783e+00 6.640625000000000000e-01
4.682310891736769065e+00 -4.289062500000000000e+00
4.700400762945090349e+00 -1.445312500000000000e+00
4.717888856954415289e+00 -8.046875000000000000e-01
4.733415999773765037e+00 3.453125000000000000e+00
4.751074007929306120e+00 -1.968750000000000000e+00
4.770039856523968780e+00 -1.511718750000000000e+00
4.789754505641191429e+00 4.921875000000000000e-01
4.809762728840302870e+00 -2.105468750000000000e+00
4.829646577207785896e+00 -2.875000000000000000e+00
4.849576043544267634e+00 -4.101562500000000000e-01
4.869892667688864307e+00 -3.582031250000000000e+00
4.890109453587850652e+00 -1.648437500000000000e+00
4.910219140347074074e+00 -2.664062500000000000e+00
4.930490140427748358e+00 -2.039062500000000000e+00
4.950631567902942010e+00 -6.953125000000000000e-01
4.970855487398232242e+00 4.843750000000000000e-01
4.990839498322634071e+00 -4.785156250000000000e+00
5.010783042488933248e+00 -7.617187500000000000e-01
5.030773942469448201e+00 -1.679687500000000000e+00
5.050118593272408418e+00 -2.421875000000000000e-01
5.068740197445194440e+00 2.500000000000000000e-01
5.086818582169408742e+00 -2.421875000000000000e-01
5.102930024185383218e+00 -7.187500000000000000e-01
5.119578568832398702e+00 -7.968750000000000000e-01
5.138091091764833251e+00 -1.636718750000000000e+00
5.157557020641412748e+00 -3.859375000000000000e+00
5.177562817163140707e+00 -4.101562500000000000e-01
5.197273469256234790e+00 -2.617187500000000000e+00
5.217385839417730153e+00 -4.023437500000000000e+00
5.237528557700297682e+00 -1.500000000000000000e+00
5.257619537172139701e+00 -6.093750000000000000e-01
5.277992524114864636e+00 -1.953125000000000000e+00
5.298156181703379985e+00 -2.984375000000000000e+00
5.318532662125829091e+00 -2.203125000000000000e+00
5.338743154836587124e+00 -2.113281250000000000e+00
5.358938765380038660e+00 -2.527343750000000000e+00
5.378975668962707957e+00 -1.183593750000000000e+00
5.398648296928463708e+00 -2.250000000000000000e+00
5.418355758370777764e+00 -2.882812500000000000e+00
5.436888557883218454e+00 -5.054687500000000000e+00
5.454919962516605381e+00 3.437500000000000000e-01
5.471026751765050378e+00 -4.324218750000000000e+00
5.487915273793383619e+00 -1.617187500000000000e+00
5.506856011570512521e+00 2.566406250000000000e+00
5.526084122130729526e+00 -2.664062500000000000e+00
5.545363142332950801e+00 8.632812500000000000e-01
5.565065875535712081e+00 -8.046875000000000000e-01
5.585159144514229013e+00 -1.585937500000000000e+00
5.605320917151711768e+00 -2.460937500000000000e+00
5.625551142808136618e+00 -1.203125000000000000e+00
5.645814099567971311e+00 -2.617187500000000000e-01
5.666073543982959038e+00 -3.023437500000000000e+00
5.686103774369579256e+00 1.015625000000000000e+00
5.706300558441320447e+00 3.363281250000000000e+00
5.726371065666668869e+00 -2.968750000000000000e-01
5.746380452640901026e+00 3.441406250000000000e+00
5.766414654129954798e+00 2.812500000000000000e-01
5.785940072731197148e+00 -2.429687500000000000e+00
5.804870340438274212e+00 -5.781250000000000000e-01
5.823761098345602960e+00 -8.789062500000000000e-01
5.840595940090336669e+00 -1.218750000000000000e+00
5.856440559722853934e+00 -1.492187500000000000e+00
5.874665984951157327e+00 -1.007812500000000000e+00
5.893889454789192683e+00 -1.824218750000000000e+00
5.913163553650099047e+00 4.238281250000000000e+00
5.933318688379422667e+00 -4.226562500000000000e+00
5.953067268648027266e+00 2.117187500000000000e+00
5.973269515613528924e+00 -4.507812500000000000e+00
5.993482223003578468e+00 -1.953125000000000000e+00
6.013605232845904425e+00 1.960937500000000000e+00
6.033738102156494421e+00 -1.625000000000000000e+00
6.053897324982566275e+00 8.203125000000000000e-02
6.074095235896415090e+00 1.859375000000000000e+00
6.094362488131322309e+00 -6.953125000000000000e-01
6.114571399241581773e+00 -6.015625000000000000e-01
6.133834673696259898e+00 -4.218750000000000000e-01
6.153964431297678672e+00 -1.769531250000000000e+00
6.173261251003021144e+00 -1.839843750000000000e+00
6.192347886857495709e+00 -7.500000000000000000e-01
6.209309449124294389e+00 -2.367187500000000000e+00
6.225114671255337129e+00 1.695312500000000000e+00
6.243184526799618439e+00 -1.132812500000000000e+00
6.261845741104096419e+00 1.578125000000000000e+00
6.280963901288066253e+00 1.722656250000000000e+00
6.301059508181387159e+00 1.492187500000000000e+00
6.320812249285545192e+00 -2.355468750000000000e+00
6.340905583311123195e+00 -1.699218750000000000e+00
6.361133598600746453e+00 -2.929687500000000000e+00
6.381384128169777625e+00 -1.710937500000000000e+00
6.401656904348085320e+00 4.218750000000000000e-01
6.421873587708436304e+00 -7.968750000000000000e-01
6.442175832780254296e+00 -2.343750000000000000e-02
6.462232062656880771e+00 1.382812500000000000e+00
6.482161798467164004e+00 -7.812500000000000000e-03
6.502049895783734712e+00 -1.132812500000000000e+00
6.521768721980803818e+00 -7.343750000000000000e-01
6.541069653067859591e+00 -1.605468750000000000e+00
6.559898210974377974e+00 -3.984375000000000000e-01
6.577953224467810500e+00 3.632812500000000000e-01
6.593751746973014249e+00 -1.500000000000000000e+00
6.611662665840697173e+00 2.968750000000000000e-01
6.630331848570818920e+00 -9.140625000000000000e-01
6.649492964266542572e+00 -8.593750000000000000e-01
6.668910151163636613e+00 -6.015625000000000000e-01
6.688766464633845388e+00 9.726562500000000000e-01
6.708762732649045546e+00 5.468750000000000000e-01
6.728924811095668090e+00 1.554687500000000000e+00
6.749199200179155866e+00 8.828125000000000000e-01
6.769448525846412323e+00 7.695312500000000000e-01
6.789701591603982678e+00 -8.242187500000000000e-01
6.809863559284423218e+00 -2.460937500000000000e+00
6.829952371097773423e+00 3.437500000000000000e-01
6.849959843992142083e+00 2.343750000000000000e-02
6.869850339166028164e+00 -2.078125000000000000e+00
6.889831189605052586e+00 -1.074218750000000000e+00
6.909457633110175578e+00 2.492187500000000000e+00
6.928561335097480622e+00 -1.359375000000000000e+00
6.946051624841995675e+00 -7.968750000000000000e-01
6.963322150164477975e+00 -1.011718750000000000e+00
6.979814984527797250e+00 -2.796875000000000000e+00
6.998632419227266865e+00 -7.421875000000000000e-01
7.017591205296916712e+00 -1.226562500000000000e+00
7.037195609704383514e+00 -1.460937500000000000e+00
7.057034601870416424e+00 -2.734375000000000000e-01
7.076883942619332402e+00 -6.171875000000000000e-01
7.097079595053392254e+00 -4.449218750000000000e+00
7.117289906344705486e+00 -6.250000000000000000e-02
7.137433036247102791e+00 -1.207031250000000000e+00
7.157802550924593277e+00 4.687500000000000000e-01
7.177968653016588263e+00 1.523437500000000000e-01
7.198044436078355091e+00 -2.839843750000000000e+00
7.218103922480079149e+00 -1.117187500000000000e+00
7.238397652742319721e+00 -2.195312500000000000e+00
7.258084050774364471e+00 -1.007812500000000000e+00
7.278028851542664768e+00 2.554687500000000000e+00
7.297360831170852435e+00 7.890625000000000000e-01
7.314703431070556761e+00 -3.015625000000000000e+00
7.330831740472941505e+00 2.343750000000000000e+00
7.347353899917674624e+00 -7.031250000000000000e-01
7.365705809614615518e+00 -2.050781250000000000e+00
7.384807497729504178e+00 -2.078125000000000000e+00
7.404798794908561632e+00 -7.578125000000000000e-01
7.424883950114198328e+00 8.828125000000000000e-01
7.444786670194917022e+00 -1.464843750000000000e+00
7.464783448021915291e+00 4.429687500000000000e+00
7.485079759500852248e+00 2.859375000000000000e+00
7.505224268670872334e+00 7.539062500000000000e-01
7.525635049930016862e+00 1.171875000000000000e-01
7.545897533752606634e+00 -1.609375000000000000e+00
7.566118029682005641e+00 1.078125000000000000e+00
7.586139717531217741e+00 2.339843750000000000e+00
7.606195190521871652e+00 1.468750000000000000e+00
7.626225767551225942e+00 3.234375000000000000e+00
7.645832463750018348e+00 -1.257812500000000000e+00
7.665168639692172547e+00 6.796875000000000000e-01
7.682789515703671412e+00 -1.812500000000000000e+00
7.699844716184063742e+00 -7.421875000000000000e-01
7.715952802829873391e+00 -1.210937500000000000e-01
7.734050407828757301e+00 1.250000000000000000e-01
7.752610647309644776e+00 -7.578125000000000000e-01
7.772797896374129323e+00 8.867187500000000000e-01
7.793032374938228202e+00 6.640625000000000000e-01
7.812876230397268529e+00 3.789062500000000000e-01
7.832798188422785302e+00 1.304687500000000000e+00
7.852951710855567313e+00 3.320312500000000000e-01
7.873026245272775725e+00 1.468750000000000000e+00
7.893400849599032654e+00 -6.601562500000000000e-01
7.913550957611160896e+00 1.109375000000000000e+00
7.933791177577534270e+00 1.074218750000000000e+00
7.953934203363054678e+00 3.046875000000000000e+00
7.973992656938831303e+00 1.296875000000000000e+00
7.993684440343663766e+00 2.968750000000000000e-01
8.013635895171653090e+00 -8.437500000000000000e-01
8.033175735717819066e+00 0.000000000000000000e+00
8.051842241731682392e+00 -1.679687500000000000e-01
8.069113664223733551e+00 2.890625000000000000e+00
8.084630372363076134e+00 2.921875000000000000e+00
8.101961330254148663e+00 1.027343750000000000e+00
8.120712679812427837e+00 1.273437500000000000e+00
8.140398757553519715e+00 9.453125000000000000e-01
8.160679408151381153e+00 -1.679687500000000000e-01
8.180374221740821739e+00 -2.335937500000000000e+00
8.200371607404957075e+00 1.093750000000000000e+00
8.220661637782516351e+00 2.425781250000000000e+00
8.240795827570273957e+00 2.039062500000000000e+00
8.260909157131546721e+00 5.390625000000000000e-01
8.281302899414907159e+00 1.136718750000000000e+00
8.301647412761862910e+00 1.558593750000000000e+00
8.321643601417349601e+00 4.640625000000000000e+00
8.341828805856991380e+00 4.843750000000000000e+00
8.361851211072686141e+00 7.343750000000000000e-01
8.381892829043687598e+00 -2.792968750000000000e+00
8.401345068995331289e+00 6.679687500000000000e-01
8.420485770038373730e+00 -8.515625000000000000e-01
8.437753019627191264e+00 -6.171875000000000000e-01
8.453580003695417844e+00 -3.984375000000000000e-01
8.469870777115335869e+00 2.250000000000000000e+00
8.488818571483129460e+00 1.179687500000000000e+00
8.508400436134422762e+00 2.093750000000000000e+00
8.528276020811935254e+00 2.500000000000000000e-01
8.548006588380694382e+00 2.328125000000000000e+00
8.568104967934349503e+00 1.085937500000000000e+00
8.588453936418556367e+00 -1.328125000000000000e-01
8.608586769716076503e+00 -4.453125000000000000e-01
8.628971433312749184e+00 2.718750000000000000e+00
8.649126384009452551e+00 1.679687500000000000e+00
8.669386238674110956e+00 4.140625000000000000e-01
8.689522857744044870e+00 -2.617187500000000000e-01
8.709587377314788270e+00 6.132812500000000000e-01
8.729815545000779053e+00 1.179687500000000000e+00
8.749717948297934811e+00 2.007812500000000000e+00
8.769676228796349449e+00 2.109375000000000000e-01
8.788294548473947643e+00 3.417968750000000000e+00
8.806127530186522279e+00 5.546875000000000000e-01
8.822539353924522487e+00 9.375000000000000000e-02
8.839104074163820712e+00 -4.921875000000000000e-01
8.856769766552194056e+00 7.031250000000000000e-01
8.876396100670444156e+00 -2.765625000000000000e+00
8.896119087023016903e+00 -1.562500000000000000e+00
8.915961698657229206e+00 -9.335937500000000000e-01
8.936042235022787494e+00 1.265625000000000000e+00
8.956269372284022978e+00 2.640625000000000000e+00
8.976377619551804798e+00 -1.875000000000000000e-01
8.996630726836185588e+00 1.558593750000000000e+00
9.016917710682339049e+00 5.000000000000000000e+00
9.037234926036230576e+00 1.386718750000000000e+00
9.057399741759311951e+00 1.484375000000000000e-01
9.077506034742693686e+00 1.398437500000000000e+00
9.097858892721475854e+00 3.796875000000000000e+00
9.117682437818743324e+00 -1.679687500000000000e-01
9.137479514116755297e+00 4.984375000000000000e+00
9.156928727855872197e+00 3.398437500000000000e-01
9.175226154348974816e+00 2.734375000000000000e-02
9.192103724507681761e+00 3.531250000000000000e+00
9.207945650577052277e+00 2.609375000000000000e+00
9.225427985457969271e+00 1.398437500000000000e+00
9.244257672872642217e+00 1.625000000000000000e+00
9.264073305609244358e+00 1.445312500000000000e-01
9.283755572832051328e+00 7.460937500000000000e-01
9.303915683805882963e+00 2.343750000000000000e-02
9.324048831876599053e+00 2.070312500000000000e+00
9.344193239855520972e+00 2.703125000000000000e+00
9.364578968885219012e+00 -2.187500000000000000e-01
9.384678800460999781e+00 5.703125000000000000e-01
9.404975658544049821e+00 3.335937500000000000e+00
9.425192959358994926e+00 1.351562500000000000e+00
9.445139622844020977e+00 9.375000000000000000e-01
9.465210786339888216e+00 7.578125000000000000e-01
9.485275350912768744e+00 -7.421875000000000000e-01
9.504761429720863575e+00 2.347656250000000000e+00
9.524163494909032579e+00 1.984375000000000000e+00
9.542814269575529806e+00 2.687500000000000000e+00
9.560534645100734252e+00 1.476562500000000000e+00
9.576330639112907051e+00 1.515625000000000000e+00
9.593915378138804684e+00 -1.480468750000000000e+00
9.612587977799572414e+00 -1.414062500000000000e+00
9.632238357357152836e+00 9.843750000000000000e-01
9.651855284144875924e+00 2.976562500000000000e+00
9.671761092753186517e+00 1.812500000000000000e+00
9.691853827389731890e+00 4.968750000000000000e+00
9.712260113045669385e+00 2.359375000000000000e+00
9.732405156783215716e+00 9.492187500000000000e-01
9.752512548282684435e+00 4.531250000000000000e+00
9.772903616243450386e+00 -5.859375000000000000e-02
9.792985930398302230e+00 4.937500000000000000e+00
9.812978979178920369e+00 1.710937500000000000e+00
9.833027524491066984e+00 5.429687500000000000e-01
9.853077653687858373e+00 4.085937500000000000e+00
9.872870459050060887e+00 2.804687500000000000e+00
9.892634523273741820e+00 4.625000000000000000e+00
9.911903327799233665e+00 -1.046875000000000000e+00
9.928352019585464205e+00 2.601562500000000000e+00
9.944147246071420199e+00 4.078125000000000000e+00
9.961544240372365522e+00 1.054687500000000000e+00
9.980734015461353081e+00 -5.820312500000000000e-01
9.999839969491892688e+00 5.667968750000000000e+00
1.001965136484115604e+01 4.179687500000000000e+00
1.003961489215947012e+01 5.902343750000000000e+00
1.005985321208298977e+01 2.546875000000000000e+00
1.008004709808045263e+01 2.328125000000000000e+00
1.010019657680300043e+01 2.320312500000000000e+00
1.012057258344639621e+01 3.828125000000000000e+00
1.014073034061891221e+01 3.406250000000000000e+00
1.016112834757386096e+01 5.660156250000000000e+00
1.018106072928469530e+01 1.351562500000000000e+00
1.020116474610115276e+01 2.796875000000000000e+00
1.022125851424733334e+01 1.171875000000000000e+00
1.024094575450785172e+01 3.765625000000000000e+00
1.026043935551366815e+01 2.710937500000000000e+00
1.027980766771670318e+01 6.144531250000000000e+00
1.029754625625927567e+01 2.332031250000000000e+00
1.031310400300371199e+01 6.085937500000000000e+00
1.033064667494210198e+01 6.296875000000000000e+00
1.034854191769700726e+01 3.289062500000000000e+00
1.036765147403609788e+01 3.726562500000000000e+00
1.038744746311614975e+01 6.144531250000000000e+00
1.040740892488832259e+01 5.601562500000000000e+00
1.042764601242469347e+01 6.296875000000000000e+00
1.044783782486518575e+01 7.882812500000000000e+00
1.046798801866884787e+01 5.425781250000000000e+00
1.048836472677276532e+01 5.171875000000000000e+00
1.050852718409820241e+01 5.007812500000000000e+00
1.052892021982715320e+01 4.164062500000000000e+00
1.054907815988670450e+01 6.132812500000000000e+00
1.056920117760661348e+01 6.019531250000000000e+00
1.058923611351568539e+01 5.515625000000000000e+00
1.060930867428645286e+01 6.292968750000000000e+00
1.062912503896983907e+01 6.585937500000000000e+00
1.064825848627591576e+01 3.289062500000000000e+00
1.066638218877766953e+01 2.347656250000000000e+00
1.068297054985061756e+01 4.492187500000000000e+00
1.069853462866451466e+01 3.886718750000000000e+00
1.071685153036788130e+01 5.894531250000000000e+00
1.073545439486013109e+01 6.437500000000000000e+00
1.075549539233721497e+01 3.378906250000000000e+00
1.077526622980369098e+01 5.679687500000000000e+00
1.079554271614401983e+01 7.648437500000000000e+00
1.081563097222349157e+01 9.007812500000000000e+00
1.083577953288681783e+01 9.042968750000000000e+00
1.085615663354320048e+01 7.781250000000000000e+00
1.087630687150756970e+01 7.281250000000000000e+00
1.089668441300546320e+01 8.125000000000000000e+00
1.091686964011140049e+01 3.007812500000000000e+00
1.093690692545933629e+01 7.671875000000000000e+00
1.095718949485747018e+01 6.476562500000000000e+00
1.097694961616247866e+01 5.148437500000000000e+00
1.099695407516310830e+01 4.003906250000000000e+00
1.101648236389679880e+01 6.375000000000000000e+00
1.103561211663213548e+01 3.023437500000000000e+00
1.105162791069894723e+01 7.031250000000000000e+00
1.106686810737447857e+01 1.053125000000000000e+01
1.108390377487608447e+01 7.765625000000000000e+00
1.110325720567168517e+01 1.177343750000000000e+01
1.112262845866936800e+01 6.054687500000000000e+00
1.114287138104560881e+01 8.226562500000000000e+00
1.116302311707871908e+01 1.228125000000000000e+01
1.118342456504502636e+01 8.101562500000000000e+00
1.120354524360361381e+01 6.746093750000000000e+00
1.122395769065323634e+01 8.175781250000000000e+00
1.124410344446311782e+01 6.203125000000000000e+00
1.126447683549577405e+01 9.531250000000000000e+00
1.128462589217860312e+01 6.988281250000000000e+00
1.130478966033321164e+01 8.453125000000000000e+00
1.132503299994703916e+01 5.851562500000000000e+00
1.134474912124455415e+01 8.617187500000000000e+00
1.136475557001586445e+01 6.074218750000000000e+00
1.138428695050767203e+01 1.002343750000000000e+01
1.140342196603046254e+01 7.410156250000000000e+00
1.142061691622516406e+01 8.062500000000000000e+00
1.143611378311502769e+01 1.088671875000000000e+01
1.145312691082103385e+01 7.019531250000000000e+00
1.147147469822160737e+01 9.183593750000000000e+00
1.149146548131775347e+01 7.437500000000000000e+00
1.151105023850226772e+01 8.796875000000000000e+00
1.153115837497320229e+01 1.032031250000000000e+01
1.155123211212007917e+01 1.203906250000000000e+01
1.157164287925587232e+01 8.992187500000000000e+00
1.159175799350840208e+01 8.335937500000000000e+00
1.161189454834618218e+01 1.242968750000000000e+01
1.163222246396636805e+01 1.075000000000000000e+01
1.165241797886891817e+01 1.045312500000000000e+01
1.167239665815276162e+01 1.125781250000000000e+01
1.169247444884535625e+01 1.138281250000000000e+01
1.171254855042383980e+01 1.121093750000000000e+01
1.173253333205536109e+01 1.067187500000000000e+01
1.175223428647430168e+01 1.212109375000000000e+01
1.177147970465320981e+01 8.636718750000000000e+00
1.178815273302843813e+01 1.195703125000000000e+01
1.180419705795474528e+01 1.110156250000000000e+01
1.182187443792238213e+01 1.089453125000000000e+01
1.183931837025827605e+01 1.374218750000000000e+01
1.185892435898660580e+01 1.070312500000000000e+01
1.187865232388432446e+01 1.186718750000000000e+01
1.189884984791367906e+01 1.050781250000000000e+01
1.191904097238179006e+01 1.271093750000000000e+01
1.193913829145954963e+01 1.407031250000000000e+01
1.195954889817574696e+01 1.021093750000000000e+01
1.197968559617163109e+01 1.252343750000000000e+01
1.200006156230756815e+01 1.036718750000000000e+01
1.202040309151873387e+01 1.338281250000000000e+01
1.204046907291024127e+01 1.327343750000000000e+01
1.206069809932293957e+01 1.372265625000000000e+01
1.208070613657332260e+01 1.250781250000000000e+01
1.210038097692508430e+01 1.217968750000000000e+01
1.212018349124881667e+01 1.507812500000000000e+01
1.213968641986519970e+01 1.801562500000000000e+01
1.215705861220548378e+01 1.334375000000000000e+01
1.217438971628932620e+01 1.444531250000000000e+01
1.218968864038063060e+01 1.483984375000000000e+01
1.220776081580202543e+01 1.483593750000000000e+01
1.222708328226102559e+01 1.649609375000000000e+01
1.224686226811583722e+01 1.466015625000000000e+01
1.226697533404792928e+01 1.603515625000000000e+01
1.228697619545884478e+01 1.714843750000000000e+01
1.230709308980850558e+01 1.518750000000000000e+01
1.232733194803140009e+01 1.629687500000000000e+01
1.234748169450555011e+01 1.725000000000000000e+01
1.236787904295651330e+01 1.230468750000000000e+01
1.238811605549595107e+01 1.519140625000000000e+01
1.240843498699222636e+01 1.520703125000000000e+01
1.242827264535653420e+01 1.556640625000000000e+01
1.244814718084121097e+01 1.539062500000000000e+01
1.246836990619445373e+01 1.960156250000000000e+01
1.248814777634749262e+01 1.739062500000000000e+01
1.250749403234311785e+01 2.020312500000000000e+01
1.252567981468721925e+01 1.561718750000000000e+01
1.254333493762784357e+01 1.692578125000000000e+01
1.255856635556994050e+01 1.865625000000000000e+01
1.257674347636684153e+01 1.632421875000000000e+01
1.259536051774282583e+01 2.051562500000000000e+01
1.261512582213127587e+01 1.764453125000000000e+01
1.263467647728541010e+01 1.906250000000000000e+01
1.265497045071391824e+01 1.649218750000000000e+01
1.267501515047223037e+01 2.092187500000000000e+01
1.269514210083131900e+01 1.877734375000000000e+01
1.271527263444673750e+01 1.726562500000000000e+01
1.273560193122122186e+01 1.922656250000000000e+01
1.275582648487878146e+01 2.251562500000000000e+01
1.277605884249180690e+01 1.850000000000000000e+01
1.279628898206417453e+01 2.367578125000000000e+01
1.281609595813527847e+01 1.806250000000000000e+01
1.283617072135635340e+01 2.194140625000000000e+01
1.285587325609860976e+01 2.058593750000000000e+01
1.287515514492774749e+01 1.633984375000000000e+01
1.289443728885208529e+01 2.353125000000000000e+01
1.291115335830750155e+01 2.114062500000000000e+01
1.292697841179589346e+01 1.967968750000000000e+01
1.294480628384003040e+01 2.255078125000000000e+01
1.296361512796491056e+01 2.006250000000000000e+01
1.298312067057444175e+01 2.329296875000000000e+01
1.300256443191308797e+01 2.180468750000000000e+01
1.302266462700734273e+01 2.057031250000000000e+01
1.304283257418824249e+01 2.458984375000000000e+01
1.306294440044936067e+01 2.095312500000000000e+01
1.308334040954860455e+01 2.353125000000000000e+01
1.310346236737840897e+01 2.291406250000000000e+01
1.312378502841550088e+01 2.654687500000000000e+01
1.314401897725155521e+01 2.535937500000000000e+01
1.316419310421248490e+01 2.377734375000000000e+01
1.318437318168146177e+01 2.907031250000000000e+01
1.320417868540420869e+01 2.282031250000000000e+01
1.322419560276512662e+01 2.400000000000000000e+01
1.324365944586100063e+01 2.519140625000000000e+01
1.326315056666444292e+01 2.736328125000000000e+01
1.328038260671836746e+01 2.651171875000000000e+01
1.329536708545148471e+01 2.513281250000000000e+01
1.331252956660085474e+01 2.232031250000000000e+01
1.333142055928535896e+01 2.684375000000000000e+01
1.335090190583232328e+01 2.723437500000000000e+01
1.337019578571783285e+01 2.748828125000000000e+01
1.339045873875673287e+01 3.089843750000000000e+01
1.341060479442127118e+01 2.920312500000000000e+01
1.343075322174831854e+01 2.699218750000000000e+01
1.345113885446980362e+01 2.764843750000000000e+01
1.347127767216678151e+01 2.685156250000000000e+01
1.349162125554741110e+01 2.839453125000000000e+01
1.351181099746144554e+01 2.907812500000000000e+01
1.353208130833638734e+01 3.250781250000000000e+01
1.355229987043689732e+01 3.359375000000000000e+01
1.357197763204198537e+01 2.581250000000000000e+01
1.359197916793379335e+01 3.363281250000000000e+01
1.361154623394919838e+01 3.188281250000000000e+01
1.363095961850140014e+01 2.784375000000000000e+01
1.364848587315477957e+01 2.810937500000000000e+01
1.366491304564905818e+01 3.112500000000000000e+01
1.368051676444015996e+01 3.235937500000000000e+01
1.369955969864082945e+01 3.388281250000000000e+01
1.371872498054611889e+01 3.314062500000000000e+01
1.373850977771178883e+01 3.126953125000000000e+01
1.375821726998491634e+01 3.667578125000000000e+01
1.377841646299161837e+01 3.661328125000000000e+01
1.379852659223748645e+01 3.165625000000000000e+01
1.381893649111942324e+01 3.394531250000000000e+01
1.383906865948900489e+01 3.837500000000000000e+01
1.385941422070774465e+01 3.788281250000000000e+01
1.387960283624533275e+01 3.442187500000000000e+01
1.389987598311392958e+01 3.598437500000000000e+01
1.392010792328935587e+01 3.935937500000000000e+01
1.394039707314807330e+01 3.986718750000000000e+01
1.396020408602435658e+01 3.725781250000000000e+01
1.398021464858936014e+01 3.827343750000000000e+01
1.399962353881482002e+01 3.829687500000000000e+01
1.401855951429930336e+01 4.185937500000000000e+01
1.403360680582047415e+01 3.997265625000000000e+01
1.404871963158687720e+01 4.059375000000000000e+01
1.406680538269722724e+01 3.995312500000000000e+01
1.408632184611143146e+01 3.765234375000000000e+01
1.410551768198085298e+01 3.952343750000000000e+01
1.412579676315393939e+01 3.939843750000000000e+01
1.414617804620246133e+01 4.240625000000000000e+01
1.416631771163289244e+01 4.235156250000000000e+01
1.418672743711420736e+01 4.285937500000000000e+01
1.420700873527969854e+01 4.295703125000000000e+01
1.422726999314344809e+01 4.069921875000000000e+01
1.424764023411281855e+01 4.328906250000000000e+01
1.426794527574780069e+01 4.485546875000000000e+01
1.428800764004541968e+01 4.466406250000000000e+01
1.430826002891325111e+01 4.434375000000000000e+01
1.432815241221281610e+01 4.218750000000000000e+01
1.434801689560151061e+01 4.534375000000000000e+01
1.436750872450432048e+01 4.362500000000000000e+01
1.438637023186489294e+01 4.376171875000000000e+01
1.440258221833401997e+01 4.690234375000000000e+01
1.441748539172868959e+01 4.635156250000000000e+01
1.443543347558053647e+01 4.890625000000000000e+01
1.445435453187353758e+01 4.342187500000000000e+01
1.447366735073800648e+01 4.922265625000000000e+01
1.449380380875753893e+01 4.781640625000000000e+01
1.451397867581432521e+01 4.782812500000000000e+01
