#Time Flux
-3.492907307503707592e-01 -2.391796875000000000e+02
-3.478277454945797320e-01 -2.415429687500000000e+02
-3.464993538596692346e-01 -2.288242187500000000e+02
-3.450479278842930597e-01 -2.432031250000000000e+02
-3.437816734076299952e-01 -2.401484375000000000e+02
-3.423077115469226328e-01 -2.317265625000000000e+02
-3.408948357711745203e-01 -2.323203125000000000e+02
-3.394856437094815327e-01 -2.318359375000000000e+02
-3.381327585440747630e-01 -2.498750000000000000e+02
-3.366750749795561770e-01 -2.518085937500000000e+02
-3.353481635735175992e-01 -2.384687500000000000e+02
-3.338872251609976693e-01 -2.368515625000000000e+02
-3.325207049660063863e-01 -2.320468750000000000e+02
-3.310887802209838693e-01 -2.375195312500000000e+02
-3.296977990809160097e-01 -2.345546875000000000e+02
-3.283702897315703417e-01 -2.495937500000000000e+02
-3.269352666902372029e-01 -2.546250000000000000e+02
-3.255019939606729196e-01 -2.390625000000000000e+02
-3.240873873262941629e-01 -2.483984375000000000e+02
-3.227078540978078891e-01 -2.341484375000000000e+02
-3.212984408433963157e-01 -2.415429687500000000e+02
-3.199150173430278521e-01 -2.330000000000000000e+02
-3.184440627759623776e-01 -2.451914062500000000e+02
-3.170649447245641461e-01 -2.680625000000000000e+02
-3.157428496313392507e-01 -2.563750000000000000e+02
-3.142547505173081124e-01 -2.507890625000000000e+02
-3.129361940067290071e-01 -2.444179687500000000e+02
-3.114671620634872351e-01 -2.312148437500000000e+02
-3.100690023565610964e-01 -2.357265625000000000e+02
-3.086769607936701298e-01 -2.438437500000000000e+02
-3.072975974078744343e-01 -2.674531250000000000e+02
-3.059198753391472181e-01 -2.630585937500000000e+02
-3.045103996235294375e-01 -2.598281250000000000e+02
-3.031086561867026852e-01 -2.655546875000000000e+02
-3.017199698792092377e-01 -2.488359375000000000e+02
-3.002686498301274653e-01 -2.404414062500000000e+02
-2.989150174063706089e-01 -2.477343750000000000e+02
-2.974908709038390775e-01 -2.577500000000000000e+02
-2.960565467103006831e-01 -2.732187500000000000e+02
-2.947413029425438591e-01 -2.649882812500000000e+02
-2.932711281348046040e-01 -2.542812500000000000e+02
-2.919462714802592007e-01 -2.506875000000000000e+02
-2.904155849799390232e-01 -2.442812500000000000e+02
-2.891011895029498291e-01 -2.356250000000000000e+02
-2.877574091318655380e-01 -2.654960937500000000e+02
-2.862567345072788427e-01 -2.653359375000000000e+02
-2.848525465902800313e-01 -2.680546875000000000e+02
-2.835033261253336878e-01 -2.781523437500000000e+02
-2.821580363604891950e-01 -2.573085937500000000e+02
-2.806846054620284470e-01 -2.514531250000000000e+02
-2.793294668735883945e-01 -2.448437500000000000e+02
-2.779200316989101083e-01 -2.565390625000000000e+02
-2.765543416316769143e-01 -2.845742187500000000e+02
-2.751336908025976413e-01 -2.666406250000000000e+02
-2.737102081933511233e-01 -2.663984375000000000e+02
-2.722795066882319759e-01 -2.590546875000000000e+02
-2.708843168460377537e-01 -2.505468750000000000e+02
-2.694383800706261489e-01 -2.477890625000000000e+02
-2.681008702304152891e-01 -2.540156250000000000e+02
-2.667255344524459559e-01 -2.782031250000000000e+02
-2.652530661128875700e-01 -2.818828125000000000e+02
-2.638943571713734393e-01 -2.689765625000000000e+02
-2.625072747279868501e-01 -2.650937500000000000e+02
-2.611553617629358559e-01 -2.748554687500000000e+02
-2.597237803987497706e-01 -2.458750000000000000e+02
-2.583384888755837494e-01 -2.492851562500000000e+02
-2.569303758034784391e-01 -2.758203125000000000e+02
-2.555140882650761558e-01 -2.816992187500000000e+02
-2.541349095946827674e-01 -2.756562500000000000e+02
-2.526763068148010216e-01 -2.626132812500000000e+02
-2.513426417571975602e-01 -2.651562500000000000e+02
-2.499024449658566738e-01 -2.630312500000000000e+02
-2.485012940989590469e-01 -2.479218750000000000e+02
-2.471221476284051199e-01 -2.703593750000000000e+02
-2.456535447330976396e-01 -2.827421875000000000e+02
-2.442750770991919396e-01 -2.728203125000000000e+02
-2.428552882724057671e-01 -2.771406250000000000e+02
-2.414913405649794509e-01 -2.735859375000000000e+02
-2.400903384783235062e-01 -2.757734375000000000e+02
-2.386453098668150918e-01 -2.437109375000000000e+02
-2.372493267786930371e-01 -2.605820312500000000e+02
-2.359650899153937775e-01 -2.797226562500000000e+02
-2.345012775833343888e-01 -2.834335937500000000e+02
-2.331577520861092268e-01 -2.674062500000000000e+02
-2.317210237801012873e-01 -2.715703125000000000e+02
-2.303225953233547507e-01 -2.715195312500000000e+02
-2.289041551884620773e-01 -2.621054687500000000e+02
-2.275261370669032779e-01 -2.530468750000000000e+02
-2.261271813622349747e-01 -2.772187500000000000e+02
-2.246647014777320983e-01 -2.858281250000000000e+02
-2.233288482122595120e-01 -2.752539062500000000e+02
-2.218955057855411805e-01 -2.737890625000000000e+02
-2.205196892726490887e-01 -2.794453125000000000e+02
-2.191192365411867016e-01 -2.547890625000000000e+02
-2.177198360571730440e-01 -2.519531250000000000e+02
-2.162853442190377784e-01 -2.712031250000000000e+02
-2.148585757254695139e-01 -2.847812500000000000e+02
-2.135193267953829910e-01 -2.771640625000000000e+02
-2.120692362674048148e-01 -2.680429687500000000e+02
-2.107177000158042546e-01 -2.732109375000000000e+02
-2.091958044533366312e-01 -2.700000000000000000e+02
-2.078536003151001399e-01 -2.573671875000000000e+02
-2.065113624718029062e-01 -2.623593750000000000e+02
-2.050886006240277837e-01 -2.744296875000000000e+02
-2.037317528061679539e-01 -2.901992187500000000e+02
-2.023395121475797254e-01 -2.766289062500000000e+02
-2.009375398934678536e-01 -2.736640625000000000e+02
-1.994825519352390053e-01 -2.794023437500000000e+02
-1.981041573832360569e-01 -2.532343750000000000e+02
-1.967218277699296358e-01 -2.643125000000000000e+02
-1.953216753208653067e-01 -2.738710937500000000e+02
-1.938900492524990860e-01 -2.896210937500000000e+02
-1.925660781802631671e-01 -2.717851562500000000e+02
-1.910391501311032858e-01 -2.579765625000000000e+02
-1.897767847389275619e-01 -2.883554687500000000e+02
-1.882236501565559550e-01 -2.672773437500000000e+02
-1.868890305995509760e-01 -2.506796875000000000e+02
-1.856122597164087118e-01 -2.721562500000000000e+02
-1.840857666174455787e-01 -2.824687500000000000e+02
-1.826742496574074170e-01 -2.815273437500000000e+02
-1.812370341999063328e-01 -2.750937500000000000e+02
-1.799861591658236115e-01 -2.770234375000000000e+02
-1.785032737345295661e-01 -2.691796875000000000e+02
-1.771241946262220868e-01 -2.611054687500000000e+02
-1.757055516107506321e-01 -2.690781250000000000e+02
-1.743112888405358163e-01 -2.770625000000000000e+02
-1.729496329615027861e-01 -2.793593750000000000e+02
-1.715146611662428100e-01 -2.704218750000000000e+02
-1.701082138155602941e-01 -2.719296875000000000e+02
-1.686895727965849190e-01 -2.755156250000000000e+02
-1.672620785211502703e-01 -2.622773437500000000e+02
-1.658677699582251641e-01 -2.558046875000000000e+02
-1.644917526507814198e-01 -2.735390625000000000e+02
-1.630753863646392521e-01 -2.847070312500000000e+02
-1.617055567730789623e-01 -2.772187500000000000e+02
-1.603371206976684782e-01 -2.681796875000000000e+02
-1.589033208685224352e-01 -2.880156250000000000e+02
-1.575458876672082287e-01 -2.543320312500000000e+02
-1.561446252788512012e-01 -2.572031250000000000e+02
-1.546903460773920713e-01 -2.698789062500000000e+02
-1.532768254895802151e-01 -2.878671875000000000e+02
-1.519669405635397652e-01 -2.755937500000000000e+02
-1.504364891967333584e-01 -2.595000000000000000e+02
-1.491612887846458513e-01 -2.711406250000000000e+02
-1.476471432994073130e-01 -2.640664062500000000e+02
-1.462918831428436928e-01 -2.528632812500000000e+02
-1.449506949720817950e-01 -2.642734375000000000e+02
-1.434157943207448049e-01 -2.710703125000000000e+02
-1.421029089673906398e-01 -2.816875000000000000e+02
-1.406717089179565505e-01 -2.737734375000000000e+02
-1.392802243863102696e-01 -2.615390625000000000e+02
-1.378329755156020298e-01 -2.759765625000000000e+02
-1.364042548637303121e-01 -2.479804687500000000e+02
-1.350611835813027017e-01 -2.610117187500000000e+02
-1.337478155910705180e-01 -2.766992187500000000e+02
-1.323328651145960766e-01 -2.755195312500000000e+02
-1.309386633932776434e-01 -2.866718750000000000e+02
-1.295305941064195387e-01 -2.701562500000000000e+02
-1.281483029859229461e-01 -2.664921875000000000e+02
-1.267320100552473683e-01 -2.684375000000000000e+02
-1.253476057791018672e-01 -2.559023437500000000e+02
-1.239514592540089666e-01 -2.799375000000000000e+02
-1.224745005397993580e-01 -2.885312500000000000e+02
-1.211346277428346774e-01 -2.715000000000000000e+02
-1.196960508692139769e-01 -2.715000000000000000e+02
-1.182838862914803446e-01 -2.771367187500000000e+02
-1.168829020752544245e-01 -2.629609375000000000e+02
-1.155278371544792293e-01 -2.535937500000000000e+02
-1.140932246038897091e-01 -2.700859375000000000e+02
-1.126677693086457488e-01 -2.840000000000000000e+02
-1.112934625766022201e-01 -2.787031250000000000e+02
-1.097772952169377980e-01 -2.660625000000000000e+02
-1.085452411309311138e-01 -2.714531250000000000e+02
-1.070345395207910055e-01 -2.729609375000000000e+02
-1.057018550985682204e-01 -2.547890625000000000e+02
-1.042973683521379868e-01 -2.646484375000000000e+02
-1.028645590601993121e-01 -2.790000000000000000e+02
-1.015682249315346120e-01 -2.829531250000000000e+02
-1.001160113912495930e-01 -2.688359375000000000e+02
-9.870868698633961102e-02 -2.730664062500000000e+02
-9.730723355461945445e-02 -2.725078125000000000e+02
-9.592040216377029083e-02 -2.491093750000000000e+02
-9.451635021831794603e-02 -2.598828125000000000e+02
-9.310277299085623071e-02 -2.743281250000000000e+02
-9.169519471903320174e-02 -2.900859375000000000e+02
-9.030744111294319865e-02 -2.823046875000000000e+02
-8.884391525137091961e-02 -2.616484375000000000e+02
-8.760344855253787699e-02 -2.635781250000000000e+02
-8.605100588898295655e-02 -2.646718750000000000e+02
-8.471980329053518943e-02 -2.565390625000000000e+02
-8.335906920326685565e-02 -2.779648437500000000e+02
-8.184543255333398548e-02 -2.805859375000000000e+02
-8.050089449531294683e-02 -2.764062500000000000e+02
-7.903901135797108957e-02 -2.663515625000000000e+02
-7.781405052588619142e-02 -2.582539062500000000e+02
-7.633740442106273782e-02 -2.611562500000000000e+02
-7.492536498906243736e-02 -2.450078125000000000e+02
-7.353474766713885558e-02 -2.632070312500000000e+02
-7.209652829625756709e-02 -2.722460937500000000e+02
-7.069146442155016530e-02 -2.766601562500000000e+02
-6.934189180390215590e-02 -2.593085937500000000e+02
-6.792363318820937579e-02 -2.596835937500000000e+02
-6.651889582864090045e-02 -2.571171875000000000e+02
-6.506923843696621468e-02 -2.644218750000000000e+02
-6.365594664532192581e-02 -2.556875000000000000e+02
-6.225690065326761058e-02 -2.819921875000000000e+02
-6.088316796376380680e-02 -2.864140625000000000e+02
-5.947155295437989153e-02 -2.667890625000000000e+02
-5.802713920564883665e-02 -2.666171875000000000e+02
-5.669654188240391690e-02 -2.520468750000000000e+02
-5.524835813630279979e-02 -2.681328125000000000e+02
-5.395954654522649996e-02 -2.448007812500000000e+02
-5.249758855064312613e-02 -2.683125000000000000e+02
-5.110557610022281594e-02 -2.696250000000000000e+02
-4.974375136370401407e-02 -2.687578125000000000e+02
-4.827569146943999634e-02 -2.473242187500000000e+02
-4.699197222507667249e-02 -2.519531250000000000e+02
-4.542363241927827033e-02 -2.538515625000000000e+02
-4.410444301612725937e-02 -2.489453125000000000e+02
-4.278192127242030907e-02 -2.739375000000000000e+02
-4.127449622898637926e-02 -2.639140625000000000e+02
-3.993060207214971236e-02 -2.735351562500000000e+02
-3.849972518074906702e-02 -2.604687500000000000e+02
-3.710929127771689373e-02 -2.543515625000000000e+02
-3.563810836198388898e-02 -2.590078125000000000e+02
-3.419206828550436228e-02 -2.394375000000000000e+02
-3.289322743514588865e-02 -2.717421875000000000e+02
-3.156786086254559365e-02 -2.499921875000000000e+02
-3.015472653645057122e-02 -2.606953125000000000e+02
-2.864814138012805600e-02 -2.623515625000000000e+02
-2.731486598931187615e-02 -2.490859375000000000e+02
-2.597343152956077539e-02 -2.450937500000000000e+02
-2.448121983323381379e-02 -2.423867187500000000e+02
-2.312037343868422745e-02 -2.355625000000000000e+02
-2.173221952979087490e-02 -2.730234375000000000e+02
-2.026212843120611673e-02 -2.731054687500000000e+02
-1.897841374445086160e-02 -2.590976562500000000e+02
-1.753902066557455619e-02 -2.514648437500000000e+02
-1.608113985204284724e-02 -2.506367187500000000e+02
-1.471771001814747848e-02 -2.360781250000000000e+02
-1.334112662442299424e-02 -2.315234375000000000e+02
-1.185360158778658857e-02 -2.773710937500000000e+02
-1.047669213148005873e-02 -2.729257812500000000e+02
-9.095080108120878748e-03 -2.633828125000000000e+02
-7.650105892385017370e-03 -2.494296875000000000e+02
-6.333271044448363085e-03 -2.361093750000000000e+02
-4.852991674817008771e-03 -2.326093750000000000e+02
-3.506421355947253460e-03 -2.369531250000000000e+02
-2.101672651003250181e-03 -2.465937500000000000e+02
-6.584710834700580051e-04 -2.762656250000000000e+02
7.218337428480658957e-04 -2.653593750000000000e+02
2.099257526426256959e-03 -2.514843750000000000e+02
3.489974551456942464e-03 -2.499296875000000000e+02
4.872285214494453953e-03 -2.405039062500000000e+02
6.283370764123219487e-03 -2.265507812500000000e+02
7.713734054399346007e-03 -2.516640625000000000e+02
9.066693497847388983e-03 -2.455390625000000000e+02
1.048717649539243624e-02 -2.660078125000000000e+02
1.188344725665890778e-02 -2.525625000000000000e+02
1.331610465857524517e-02 -2.495703125000000000e+02
1.471729359474194254e-02 -2.391015625000000000e+02
1.613908459112622928e-02 -2.458125000000000000e+02
1.752160255417045676e-02 -2.194375000000000000e+02
1.890344926506015710e-02 -2.547695312500000000e+02
2.036393430314920039e-02 -2.648671875000000000e+02
2.167410025942695384e-02 -2.574804687500000000e+02
2.317027730316878475e-02 -2.522578125000000000e+02
2.447777619821067674e-02 -2.468437500000000000e+02
2.585223440549677676e-02 -2.236015625000000000e+02
2.724794669554886362e-02 -2.081250000000000000e+02
2.863815658491475347e-02 -2.333515625000000000e+02
3.010467197384381066e-02 -2.548320312500000000e+02
3.150091305870716951e-02 -2.533125000000000000e+02
3.285460091286562800e-02 -2.339453125000000000e+02
3.427261613615040226e-02 -2.459179687500000000e+02
3.571923242489227768e-02 -2.221093750000000000e+02
3.712679647943617489e-02 -2.178046875000000000e+02
3.851328305461709789e-02 -2.011406250000000000e+02
3.998372491915036520e-02 -2.541718750000000000e+02
4.129001208058058481e-02 -2.448085937500000000e+02
4.272123251872050886e-02 -2.525156250000000000e+02
4.414725140595421315e-02 -2.475078125000000000e+02
4.552226002199954991e-02 -2.213398437500000000e+02
4.693503084274874837e-02 -2.099140625000000000e+02
4.826680878902900318e-02 -1.904062500000000000e+02
4.967796617422814975e-02 -2.412968750000000000e+02
5.116623994259450470e-02 -2.402109375000000000e+02
5.248715429623063145e-02 -2.455156250000000000e+02
5.389106498334883533e-02 -2.273164062500000000e+02
5.519009117998274760e-02 -2.252578125000000000e+02
5.674642521915362892e-02 -1.947187500000000000e+02
5.807711080344124532e-02 -1.817382812500000000e+02
5.949025455778200744e-02 -2.026601562500000000e+02
6.092799798499060060e-02 -2.249921875000000000e+02
6.226373809477236954e-02 -2.355195312500000000e+02
6.369777818323107965e-02 -2.345156250000000000e+02
6.510683979866493942e-02 -2.247500000000000000e+02
6.655582799212100831e-02 -1.953906250000000000e+02
6.798645499366751110e-02 -1.631718750000000000e+02
6.928032061692723786e-02 -1.813828125000000000e+02
7.070996868643675271e-02 -2.016562500000000000e+02
7.217599181602829539e-02 -2.385585937500000000e+02
7.350783987130271591e-02 -2.213554687500000000e+02
7.492767223593688186e-02 -2.181406250000000000e+02
7.622916336186635888e-02 -1.819335937500000000e+02
7.769447638569015879e-02 -1.689375000000000000e+02
7.908770952564259105e-02 -1.493906250000000000e+02
8.045049069551057919e-02 -2.133828125000000000e+02
8.191368333643112010e-02 -2.213437500000000000e+02
8.321935354471232671e-02 -2.187968750000000000e+02
8.464234646674562157e-02 -2.146718750000000000e+02
8.613708128326402758e-02 -2.288789062500000000e+02
8.750381369753501559e-02 -1.482812500000000000e+02
8.882932215347794092e-02 -1.125390625000000000e+02
9.032509610550842893e-02 -1.633515625000000000e+02
9.169157426220042595e-02 -1.831250000000000000e+02
9.307616490042436297e-02 -2.130937500000000000e+02
9.456259961878643594e-02 -2.023007812500000000e+02
9.584249533654265463e-02 -1.956250000000000000e+02
9.733409821567962084e-02 -1.512734375000000000e+02
9.869771930022652739e-02 -1.063750000000000000e+02
1.000868893956474714e-01 -1.178203125000000000e+02
1.015580697422193701e-01 -1.590312500000000000e+02
1.029131010465740292e-01 -2.271445312500000000e+02
1.043290379180841221e-01 -1.803671875000000000e+02
1.056720339758345784e-01 -1.833906250000000000e+02
1.071153352400524561e-01 -1.517890625000000000e+02
1.085391184293387212e-01 -1.031250000000000000e+02
1.098632863613409061e-01 -9.192187500000000000e+01
1.112499781105806829e-01 -1.128867187500000000e+02
1.126878886309494732e-01 -1.395781250000000000e+02
1.141044845324685753e-01 -1.590937500000000000e+02
1.155189289463731672e-01 -1.669375000000000000e+02
1.168878067575578328e-01 -1.442031250000000000e+02
1.183283131249166509e-01 -1.015625000000000000e+02
1.196801429068774514e-01 -6.473828125000000000e+01
1.210612088529168240e-01 -9.309375000000000000e+01
1.225406671764868172e-01 -1.483710937500000000e+02
1.239028404742961165e-01 -1.575703125000000000e+02
1.253675874802699930e-01 -1.512890625000000000e+02
1.266504144747429006e-01 -1.342578125000000000e+02
1.280926444291410338e-01 -7.723828125000000000e+01
1.295446009361016504e-01 -4.917578125000000000e+01
1.308905311118055970e-01 -7.637500000000000000e+01
1.322867610856013343e-01 -8.784375000000000000e+01
1.337258029081778155e-01 -1.422500000000000000e+02
1.350827169757737867e-01 -1.162773437500000000e+02
1.364529099228484199e-01 -9.381250000000000000e+01
1.379250377634699820e-01 -6.930468750000000000e+01
1.393183017629637810e-01 -3.462500000000000000e+01
1.406928486678200585e-01 -2.851562500000000000e+00
1.421569980680792433e-01 -6.639843750000000000e+01
1.435169101321644991e-01 -1.179179687500000000e+02
1.448787201225143484e-01 -1.215859375000000000e+02
1.463205984706124063e-01 -9.326562500000000000e+01
1.476755004172485286e-01 -6.062500000000000000e+01
1.491468866290492912e-01 4.242187500000000000e+00
1.505072306688792771e-01 -1.819921875000000000e+01
1.519268814532437339e-01 -2.043750000000000000e+01
1.533430280651342237e-01 -9.844140625000000000e+01
1.547376822170756228e-01 -8.121875000000000000e+01
1.560775585727249837e-01 -5.136718750000000000e+01
1.574015914957189732e-01 -4.042187500000000000e+01
1.589214837360555244e-01 -1.964843750000000000e+00
1.602459426467419679e-01 8.460937500000000000e+00
1.616702657200386195e-01 3.921484375000000000e+01
1.631711489251514990e-01 -8.320312500000000000e+00
1.644337974248644141e-01 -7.705078125000000000e+01
1.658962124274669936e-01 -6.742187500000000000e+01
1.673021640890377526e-01 -7.760937500000000000e+01
1.687249798029337722e-01 1.833593750000000000e+01
1.701828014505977205e-01 4.901171875000000000e+01
1.715012614411666192e-01 1.827343750000000000e+01
1.729007098896917505e-01 4.234375000000000000e+01
1.743451521571754981e-01 -6.872656250000000000e+01
1.756876034327237157e-01 -2.685156250000000000e+01
1.771241345770466769e-01 -1.194531250000000000e+01
1.784598833073725022e-01 4.872265625000000000e+01
1.798794702335793083e-01 7.261718750000000000e+01
1.813449017601835855e-01 1.151562500000000000e+02
1.826811481296131134e-01 8.199218750000000000e+01
1.841037953512254521e-01 7.609765625000000000e+01
1.854423164084590958e-01 -3.621484375000000000e+01
1.868468967776020229e-01 -1.942968750000000000e+01
1.882890767388782916e-01 -1.753515625000000000e+01
1.896964535605039082e-01 1.019687500000000000e+02
1.910915838773190600e-01 1.272109375000000000e+02
1.925144500062749842e-01 9.997656250000000000e+01
1.939633256406789741e-01 8.475000000000000000e+01
1.952907142629309867e-01 -6.117187500000000000e+00
1.967393778468120580e-01 3.304687500000000000e+01
1.980642040652940139e-01 9.887500000000000000e+01
1.995517853225552418e-01 1.144570312500000000e+02
2.009013209783039322e-01 1.894140625000000000e+02
2.023514287749681451e-01 2.096640625000000000e+02
2.037619858354329239e-01 1.277812500000000000e+02
2.050922962683849882e-01 -2.541015625000000000e+01
2.065893963808611566e-01 5.521875000000000000e+01
2.078812870095299026e-01 1.261093750000000000e+02
2.092866641337987055e-01 1.467656250000000000e+02
2.107067928678327817e-01 2.100937500000000000e+02
2.120574137101298717e-01 1.811484375000000000e+02
2.134556725708627312e-01 1.632265625000000000e+02
2.148873919395852816e-01 9.882421875000000000e+01
2.162938603417994265e-01 8.935937500000000000e+01
2.176953582325671377e-01 1.123437500000000000e+02
2.190933127087366650e-01 1.544453125000000000e+02
2.204967693614574564e-01 1.980546875000000000e+02
2.218639009391853989e-01 2.701132812500000000e+02
2.233108397064269557e-01 2.393945312500000000e+02
2.247068098876989772e-01 2.287265625000000000e+02
2.260730301277029675e-01 6.430468750000000000e+01
2.275332009056394433e-01 1.230546875000000000e+02
2.288797391316921281e-01 2.187148437500000000e+02
2.302769358706142633e-01 2.496562500000000000e+02
2.317410892159406099e-01 2.806289062500000000e+02
2.331369059728252147e-01 2.656250000000000000e+02
2.344659101159622949e-01 1.690078125000000000e+02
2.358819240107492554e-01 1.443281250000000000e+02
2.372542344506771705e-01 1.743671875000000000e+02
2.386558552694282298e-01 2.230000000000000000e+02
2.401596777272005934e-01 2.725781250000000000e+02
2.414897291935522716e-01 3.067812500000000000e+02
2.428776887929688932e-01 3.502343750000000000e+02
2.443420082716212249e-01 2.892617187500000000e+02
2.457161636353772938e-01 2.234257812500000000e+02
2.470550712635080082e-01 1.945703125000000000e+02
2.484951180115024805e-01 1.969609375000000000e+02
2.498756993911754876e-01 2.811093750000000000e+02
2.513684227378756297e-01 3.677187500000000000e+02
2.526947337842657682e-01 3.090156250000000000e+02
2.540984452731094301e-01 3.290468750000000000e+02
2.555122232646909186e-01 2.401289062500000000e+02
2.569287174912666671e-01 1.819609375000000000e+02
2.582892642079874790e-01 3.275546875000000000e+02
2.595997625147310472e-01 3.249765625000000000e+02
2.610979558769344067e-01 3.524609375000000000e+02
2.624310185245501970e-01 3.744687500000000000e+02
2.638485116869375702e-01 4.033437500000000000e+02
2.653418504894702323e-01 3.577343750000000000e+02
2.666328651481637557e-01 2.451875000000000000e+02
2.681245705280381753e-01 2.660039062500000000e+02
2.694864276127337810e-01 3.315859375000000000e+02
2.709284073192836928e-01 3.976718750000000000e+02
2.723733388186067028e-01 4.378789062500000000e+02
2.736986533695358048e-01 3.878750000000000000e+02
2.750711648536170451e-01 3.990312500000000000e+02
2.765170572165411844e-01 3.043046875000000000e+02
2.779156314645678805e-01 3.327031250000000000e+02
2.792923839981020784e-01 3.628046875000000000e+02
2.807952331539165236e-01 4.081484375000000000e+02
2.821554354028332767e-01 4.558125000000000000e+02
2.835123732322410994e-01 4.415937500000000000e+02
2.848620366378051827e-01 4.467070312500000000e+02
2.862996488300111331e-01 4.139531250000000000e+02
2.876610593055528575e-01 3.461875000000000000e+02
2.890941216363520638e-01 3.635546875000000000e+02
2.904729378584627320e-01 4.069296875000000000e+02
2.919255516972079079e-01 4.503671875000000000e+02
2.932581996967611460e-01 5.002187500000000000e+02
2.947073961637309836e-01 4.845859375000000000e+02
2.961612966792210866e-01 4.373593750000000000e+02
2.975175478350258196e-01 3.758398437500000000e+02
2.989139208257023395e-01 4.035039062500000000e+02
3.003361674440354623e-01 4.224609375000000000e+02
3.017842571717035405e-01 4.963671875000000000e+02
3.031278641705525967e-01 5.224531250000000000e+02
3.045381078030817701e-01 5.238046875000000000e+02
3.059335846963104899e-01 4.559609375000000000e+02
3.072724629702530130e-01 3.777187500000000000e+02
3.087819430758873551e-01 4.033750000000000000e+02
3.100777772532081755e-01 4.749296875000000000e+02
3.114577888350704704e-01 4.829921875000000000e+02
3.129150940556721938e-01 5.433671875000000000e+02
3.142738758695384771e-01 5.396835937500000000e+02
3.156743832332762345e-01 5.168046875000000000e+02
3.170991989157938562e-01 4.931328125000000000e+02
3.184844871196879090e-01 4.895195312500000000e+02
3.199146828592651648e-01 4.947890625000000000e+02
3.213051389407808323e-01 5.058671875000000000e+02
3.226790766035159130e-01 5.613984375000000000e+02
3.240305508282990132e-01 5.960273437500000000e+02
3.255123855357280327e-01 5.578281250000000000e+02
3.269339528240888804e-01 5.431406250000000000e+02
3.283365142328502628e-01 3.895703125000000000e+02
3.297299871664962634e-01 4.963828125000000000e+02
3.310564608313670831e-01 5.190703125000000000e+02
3.325642140888178666e-01 5.732890625000000000e+02
3.339202023053351454e-01 5.931093750000000000e+02
3.353070554629460354e-01 5.971953125000000000e+02
3.366828763770088884e-01 3.774765625000000000e+02
3.380648156221037759e-01 5.141875000000000000e+02
3.394901712388667114e-01 5.390703125000000000e+02
3.408426628739427144e-01 5.523593750000000000e+02
3.423240337142203771e-01 5.595078125000000000e+02
3.436706392545372246e-01 6.237421875000000000e+02
3.450554906201617200e-01 6.237539062500000000e+02
3.465224460567788434e-01 5.541171875000000000e+02
3.479011977237318476e-01 5.655937500000000000e+02
3.492799421364658485e-01 5.514335937500000000e+02
3.506911592943922074e-01 5.592734375000000000e+02
3.520281422250546299e-01 5.729960937500000000e+02
3.535487886460080276e-01 6.286289062500000000e+02
3.549241240056719704e-01 6.407031250000000000e+02
3.563617261497544764e-01 5.991250000000000000e+02
3.577263324739918815e-01 5.645390625000000000e+02
3.591092995251821129e-01 5.645312500000000000e+02
3.605073417958719606e-01 5.889570312500000000e+02
3.617877513730514139e-01 5.976132812500000000e+02
3.632693373976820794e-01 6.395000000000000000e+02
3.646168355713872433e-01 6.397812500000000000e+02
3.660297420545277625e-01 6.450976562500000000e+02
3.675400409316338379e-01 6.091875000000000000e+02
3.688445521715126851e-01 5.550703125000000000e+02
3.702846411252314063e-01 5.924843750000000000e+02
3.716639391779492652e-01 5.988632812500000000e+02
3.731005790090282659e-01 6.032031250000000000e+02
3.745426191803082894e-01 6.412578125000000000e+02
3.759133582643943150e-01 6.468750000000000000e+02
3.772423270718756605e-01 6.009062500000000000e+02
3.787057524169030742e-01 6.136093750000000000e+02
3.801107924184157216e-01 5.779882812500000000e+02
3.815574736756501828e-01 5.969375000000000000e+02
3.829751514146280122e-01 6.211562500000000000e+02
3.843821567730976163e-01 6.747031250000000000e+02
3.856488176228622944e-01 6.644648437500000000e+02
3.871427251695691574e-01 6.512187500000000000e+02
3.885898693523444081e-01 6.036875000000000000e+02
3.899400650043194361e-01 6.369921875000000000e+02
3.913252431579525847e-01 6.327968750000000000e+02
3.926503350965582229e-01 6.000039062500000000e+02
3.941194010884143673e-01 6.809921875000000000e+02
3.954612629255342959e-01 6.771328125000000000e+02
3.968949548128988258e-01 6.547382812500000000e+02
3.983250015153614321e-01 6.123593750000000000e+02
3.996770373487290584e-01 6.308515625000000000e+02
4.010863909861943633e-01 6.361093750000000000e+02
4.025240081173466766e-01 6.195078125000000000e+02
4.039487114525592837e-01 6.801796875000000000e+02
4.053053744705157335e-01 6.999218750000000000e+02
4.067085339644342934e-01 6.903789062500000000e+02
4.081050805296282391e-01 6.006406250000000000e+02
4.094531222792250347e-01 5.941562500000000000e+02
4.109627474244841316e-01 6.420000000000000000e+02
4.122615685221164838e-01 6.577031250000000000e+02
4.136271264083815069e-01 6.104648437500000000e+02
4.151277730066966765e-01 6.868320312500000000e+02
4.164902274278983185e-01 6.833125000000000000e+02
4.178620376245747448e-01 6.594375000000000000e+02
4.192966634698973571e-01 6.549453125000000000e+02
4.206513066382919774e-01 6.845234375000000000e+02
4.220423701757725077e-01 6.651093750000000000e+02
4.235316111946183515e-01 6.227890625000000000e+02
4.249198076868372365e-01 6.930039062500000000e+02
4.262558758739167786e-01 6.993750000000000000e+02
4.276844493594009755e-01 6.598437500000000000e+02
4.291139905042866687e-01 6.584335937500000000e+02
4.305142841621876215e-01 6.559609375000000000e+02
4.319049208570620024e-01 6.881718750000000000e+02
4.333227196970157458e-01 6.596406250000000000e+02
4.347551493119585775e-01 6.878476562500000000e+02
4.361224220840154153e-01 7.049296875000000000e+02
4.375710588319658978e-01 6.915000000000000000e+02
4.388992496467984950e-01 6.570664062500000000e+02
4.402980435639913814e-01 6.813984375000000000e+02
4.416751929107591845e-01 6.845898437500000000e+02
4.430403397833468926e-01 6.702226562500000000e+02
4.444917080800168119e-01 6.762656250000000000e+02
4.458963836877849474e-01 6.899609375000000000e+02
4.472679524711540289e-01 7.141406250000000000e+02
4.486979927824399361e-01 6.454609375000000000e+02
4.501056818451667496e-01 6.802343750000000000e+02
4.514659625012056310e-01 6.869843750000000000e+02
4.528987594341611356e-01 6.855625000000000000e+02
4.543006715423070219e-01 6.734921875000000000e+02
4.557331655080061328e-01 6.948085937500000000e+02
4.570943433449858873e-01 7.249570312500000000e+02
4.585308085188277705e-01 6.802578125000000000e+02
4.599352712539137578e-01 6.701093750000000000e+02
4.612852578662685055e-01 7.012265625000000000e+02
4.627466340192689653e-01 6.999062500000000000e+02
4.639679862637811070e-01 6.801171875000000000e+02
4.654642867055165389e-01 7.176875000000000000e+02
4.668443030866802346e-01 6.979531250000000000e+02
4.682272271456602297e-01 6.597500000000000000e+02
4.697282154695154865e-01 6.776015625000000000e+02
4.710576465622493547e-01 6.780820312500000000e+02
4.724579425092307883e-01 6.937031250000000000e+02
4.738346951518790373e-01 6.829765625000000000e+02
4.753130304066928158e-01 7.083632812500000000e+02
4.767207599922143046e-01 7.043359375000000000e+02
4.781206862127636015e-01 6.951171875000000000e+02
4.795128273836188892e-01 6.655820312500000000e+02
4.809084857937599988e-01 6.926562500000000000e+02
4.823336916844582767e-01 6.714453125000000000e+02
4.837635595278617640e-01 6.989882812500000000e+02
4.851958783561820532e-01 6.883046875000000000e+02
4.865689767583105674e-01 7.284257812500000000e+02
4.878815961106539589e-01 7.104140625000000000e+02
4.893055240143144857e-01 6.534687500000000000e+02
4.907877346864952806e-01 6.636015625000000000e+02
4.921305724870781440e-01 6.893437500000000000e+02
4.935193558384116663e-01 7.090859375000000000e+02
4.948326847225126279e-01 7.022421875000000000e+02
4.963121111228661064e-01 7.177265625000000000e+02
4.976611503167629458e-01 7.255859375000000000e+02
4.991129372182117052e-01 6.728593750000000000e+02
5.005034428795818169e-01 6.704023437500000000e+02
5.018464683234835633e-01 6.847968750000000000e+02
5.032576571829512346e-01 6.874609375000000000e+02
5.046984604261779417e-01 6.976757812500000000e+02
5.061308417127694526e-01 7.149492187500000000e+02
5.074902388704187750e-01 7.310390625000000000e+02
5.089190071957854222e-01 6.919335937500000000e+02
5.103372525947271754e-01 6.738515625000000000e+02
5.116435982155662643e-01 6.729218750000000000e+02
5.131449993968959511e-01 6.904492187500000000e+02
5.144455361878574884e-01 7.299140625000000000e+02
5.158972521130726907e-01 6.854414062500000000e+02
5.172969723768063854e-01 7.326718750000000000e+02
5.186734906165306747e-01 7.257890625000000000e+02
5.200315308029659356e-01 6.806250000000000000e+02
5.215447124093612885e-01 6.965937500000000000e+02
5.228739521444363270e-01 6.861484375000000000e+02
5.242519242645644617e-01 7.239609375000000000e+02
5.256659111560848530e-01 6.922031250000000000e+02
5.270908872320925198e-01 7.106953125000000000e+02
5.284601339735703895e-01 7.261484375000000000e+02
5.299265093461307252e-01 6.906562500000000000e+02
5.313101932916075576e-01 6.882500000000000000e+02
5.326882549837823611e-01 6.930468750000000000e+02
5.341504231604501385e-01 7.267734375000000000e+02
5.354910514288309109e-01 7.250781250000000000e+02
5.369257074227857807e-01 7.140546875000000000e+02
5.383068857940243035e-01 7.241835937500000000e+02
5.397564100930782871e-01 6.959296875000000000e+02
5.411694939633695522e-01 6.911093750000000000e+02
5.424869801943510428e-01 6.952773437500000000e+02
5.438680608815025241e-01 6.997890625000000000e+02
5.452531673596525685e-01 7.122265625000000000e+02
5.466909673734319242e-01 7.216093750000000000e+02
5.481485292403314169e-01 7.187109375000000000e+02
5.494849603477438560e-01 7.254570312500000000e+02
5.508665367786398370e-01 6.850546875000000000e+02
5.522740583393894731e-01 7.043437500000000000e+02
5.536649890084366366e-01 6.964609375000000000e+02
5.550919337292665734e-01 7.375937500000000000e+02
5.564704873227990234e-01 7.017070312500000000e+02
5.579198811930852209e-01 7.096484375000000000e+02
5.592639589522545585e-01 7.328632812500000000e+02
5.606999933915919332e-01 7.047148437500000000e+02
5.621360919700717496e-01 6.914765625000000000e+02
5.635020465982627513e-01 7.016796875000000000e+02
5.649502247506452690e-01 7.098437500000000000e+02
5.662674058680194911e-01 7.025625000000000000e+02
5.677565691337518317e-01 7.247109375000000000e+02
5.690196508534335340e-01 7.317421875000000000e+02
5.704101791205236083e-01 7.156328125000000000e+02
5.719129236429982832e-01 6.995546875000000000e+02
5.732739504179384937e-01 7.079687500000000000e+02
5.747287289938318722e-01 7.155468750000000000e+02
5.760413795200298726e-01 7.136757812500000000e+02
5.775544668074925614e-01 7.171015625000000000e+02
5.789009262087552177e-01 7.222382812500000000e+02
5.802946995150679577e-01 7.246171875000000000e+02
5.817300879345761455e-01 6.966953125000000000e+02
5.830895966559204169e-01 7.078828125000000000e+02
5.845195540111083332e-01 7.008515625000000000e+02
5.859492703726580931e-01 7.072265625000000000e+02
5.873139130141296071e-01 6.975390625000000000e+02
5.887488732332961661e-01 7.273046875000000000e+02
5.901091644554625759e-01 7.186562500000000000e+02
5.915147501218482873e-01 6.920000000000000000e+02
5.929786376364085676e-01 6.976328125000000000e+02
5.943122464945118644e-01 7.146250000000000000e+02
5.956959642979136049e-01 7.169531250000000000e+02
5.970144173436300328e-01 7.027109375000000000e+02
5.984783425389155198e-01 7.089765625000000000e+02
5.998651175643696654e-01 7.220234375000000000e+02
6.012907054216898306e-01 7.182343750000000000e+02
6.026746218995151505e-01 6.960546875000000000e+02
6.040158927789800458e-01 7.242343750000000000e+02
6.054794971263592895e-01 7.148750000000000000e+02
6.068845494795689355e-01 7.018828125000000000e+02
6.082995344433985707e-01 7.028710937500000000e+02
6.097442329890427892e-01 7.119921875000000000e+02
6.111091426908727975e-01 7.096562500000000000e+02
6.125453003419965015e-01 6.695156250000000000e+02
6.138106018144453557e-01 7.069843750000000000e+02
6.153191730220104461e-01 7.212031250000000000e+02
6.167177064969977529e-01 7.255507812500000000e+02
6.180739698436497065e-01 6.872343750000000000e+02
6.195251901357667901e-01 7.092187500000000000e+02
6.208545886365888222e-01 7.064921875000000000e+02
6.222524342621724713e-01 7.143046875000000000e+02
6.237161791970562419e-01 7.136328125000000000e+02
6.251051132596483484e-01 7.259609375000000000e+02
6.264350957404591913e-01 7.139765625000000000e+02
6.279023023933336667e-01 6.899687500000000000e+02
6.293109346618233069e-01 7.296953125000000000e+02
6.306533710296124973e-01 6.856210937500000000e+02
6.321089327378932587e-01 7.130390625000000000e+02
6.335027443972429673e-01 6.801562500000000000e+02
6.348688512661890826e-01 7.239062500000000000e+02
6.363441247572707571e-01 7.221679687500000000e+02
6.376600947529407204e-01 7.043242187500000000e+02
6.391200531412604136e-01 6.911523437500000000e+02
6.404794349247642238e-01 6.686718750000000000e+02
6.419352847107444582e-01 6.966093750000000000e+02
6.433373802887023540e-01 6.905000000000000000e+02
6.446859962292259549e-01 7.339921875000000000e+02
6.461092631216311943e-01 7.298984375000000000e+02
6.475072021349279616e-01 6.819921875000000000e+02
6.489156701529223970e-01 6.703046875000000000e+02
6.503408678269173571e-01 6.990078125000000000e+02
6.516897263034509002e-01 7.020312500000000000e+02
6.530988139165798678e-01 7.180039062500000000e+02
6.544441279591461935e-01 6.922734375000000000e+02
6.558596662173257208e-01 7.345390625000000000e+02
6.572953575188709152e-01 6.780546875000000000e+02
6.586990353803929832e-01 6.560039062500000000e+02
6.601077313098251409e-01 6.992226562500000000e+02
6.614635291000321438e-01 6.892226562500000000e+02
6.629147160885942025e-01 7.171054687500000000e+02
6.643719265979659561e-01 6.982734375000000000e+02
6.656723884064952301e-01 7.096093750000000000e+02
6.671427718320304123e-01 6.899765625000000000e+02
6.684632146018048005e-01 6.859453125000000000e+02
6.699501483955567771e-01 6.776406250000000000e+02
6.712203970091346061e-01 6.793398437500000000e+02
6.726396089485509044e-01 6.930742187500000000e+02
6.740803608889511800e-01 6.755937500000000000e+02
6.754362560539515226e-01 7.261640625000000000e+02
6.769068375477351740e-01 7.070078125000000000e+02
6.782422456228256458e-01 6.452773437500000000e+02
6.797235522033642230e-01 6.720664062500000000e+02
6.810919710798661875e-01 6.753046875000000000e+02
6.824690926791068257e-01 6.792109375000000000e+02
6.838691630430120405e-01 7.221640625000000000e+02
6.852530263931928545e-01 6.409414062500000000e+02
6.866966020548654903e-01 6.906484375000000000e+02
6.881029472511874800e-01 6.724375000000000000e+02
6.895116515967263382e-01 6.587734375000000000e+02
6.909640841317079563e-01 6.201875000000000000e+02
6.923464419393501323e-01 6.796953125000000000e+02
6.937575903779000797e-01 6.023671875000000000e+02
6.951446386738120431e-01 6.547656250000000000e+02
6.964994833498914240e-01 7.229218750000000000e+02
6.978912034144646448e-01 6.477890625000000000e+02
6.992150222576727359e-01 6.623437500000000000e+02
7.006657642720164336e-01 5.957968750000000000e+02
7.020349247934443149e-01 6.901718750000000000e+02
7.034612513569131753e-01 6.044570312500000000e+02
7.049531117066933916e-01 5.659062500000000000e+02
7.062297903634680019e-01 6.521445312500000000e+02
7.076998240096419313e-01 5.957695312500000000e+02
7.090879277253290258e-01 5.949335937500000000e+02
7.105044132040314597e-01 6.055234375000000000e+02
7.119343279009553438e-01 6.267500000000000000e+02
7.133252306608910409e-01 5.459140625000000000e+02
7.147118214066425779e-01 6.653593750000000000e+02
7.161045590866583765e-01 6.314921875000000000e+02
7.175116114980686355e-01 6.704101562500000000e+02
7.189240175481461659e-01 5.479062500000000000e+02
7.203200596719749882e-01 5.921250000000000000e+02
7.217547812179101463e-01 4.871250000000000000e+02
7.231335356794903468e-01 6.337304687500000000e+02
7.244566195149471088e-01 6.827460937500000000e+02
7.258875495928647226e-01 4.754609375000000000e+02
7.272738748819667087e-01 5.751562500000000000e+02
7.286236649168120749e-01 5.242812500000000000e+02
7.300819215583262967e-01 5.083320312500000000e+02
7.314801843131535364e-01 6.001328125000000000e+02
7.328213746106402304e-01 4.475546875000000000e+02
7.342774369375466570e-01 4.241796875000000000e+02
7.357586530510442646e-01 5.303984375000000000e+02
7.370863266791254365e-01 6.072304687500000000e+02
7.385256069523453704e-01 4.909843750000000000e+02
7.398940317056368343e-01 5.306171875000000000e+02
7.414019505144375799e-01 3.892031250000000000e+02
7.427074434701541605e-01 4.948320312500000000e+02
7.441292800227206072e-01 4.650625000000000000e+02
7.455499258197741952e-01 5.576953125000000000e+02
7.468955567819426378e-01 5.199687500000000000e+02
7.483900228486279893e-01 5.382265625000000000e+02
7.496778924571168012e-01 4.404804687500000000e+02
7.511168639844911787e-01 4.177968750000000000e+02
7.525182337951754619e-01 3.542812500000000000e+02
7.538968491768391900e-01 4.151250000000000000e+02
7.552858366005226198e-01 4.541093750000000000e+02
7.566768242533645772e-01 3.900781250000000000e+02
7.580891215082070644e-01 5.158984375000000000e+02
7.595006513598812070e-01 3.844687500000000000e+02
7.608818672539219286e-01 4.863867187500000000e+02
7.622791445384515807e-01 3.571210937500000000e+02
7.636383245568483247e-01 3.632578125000000000e+02
7.650435986943220357e-01 3.917109375000000000e+02
7.665410225454620807e-01 3.280781250000000000e+02
7.679303073979304450e-01 6.263359375000000000e+02
7.693181014576504495e-01 3.860937500000000000e+02
7.706293546376654646e-01 3.531562500000000000e+02
7.721149559358049252e-01 3.690117187500000000e+02
7.735098696648574634e-01 3.028750000000000000e+02
7.749394377060592198e-01 3.100937500000000000e+02
7.762712917632756948e-01 5.561796875000000000e+02
7.776488062554558489e-01 3.787734375000000000e+02
7.791372269944680795e-01 4.191015625000000000e+02
7.804200354075532253e-01 3.128984375000000000e+02
7.819371126548486650e-01 3.731328125000000000e+02
7.832786060476717438e-01 2.973359375000000000e+02
7.846595061521113301e-01 2.825742187500000000e+02
7.861388721918260991e-01 4.115585937500000000e+02
7.874815187606494238e-01 3.112187500000000000e+02
7.888698568472829464e-01 3.375351562500000000e+02
7.902908094743914535e-01 3.231093750000000000e+02
7.916823172760221183e-01 2.546093750000000000e+02
7.931694559010895595e-01 2.872890625000000000e+02
7.945744454416898694e-01 2.650117187500000000e+02
7.959295098465739571e-01 1.868593750000000000e+02
7.973270466696793513e-01 3.515781250000000000e+02
7.987565144096655523e-01 4.731796875000000000e+02
8.002094990908665828e-01 3.560000000000000000e+02
8.014112958583088364e-01 2.914921875000000000e+02
8.029318146378292553e-01 1.370390625000000000e+02
8.042599431108268249e-01 2.442734375000000000e+02
8.056929009763371674e-01 2.288671875000000000e+02
8.071670183468160342e-01 1.423085937500000000e+02
8.084662245040936668e-01 2.567851562500000000e+02
8.099179442492232539e-01 2.021796875000000000e+02
8.112552214922819083e-01 2.021328125000000000e+02
8.126739119194135164e-01 1.867265625000000000e+02
8.141252431778234211e-01 2.211093750000000000e+02
8.155398605529931011e-01 1.481640625000000000e+02
8.168728111464573782e-01 3.144726562500000000e+02
8.182762706375674711e-01 1.718046875000000000e+02
8.197233870828886104e-01 2.672109375000000000e+02
8.211167784480799536e-01 1.313515625000000000e+02
8.225836146521556813e-01 2.469296875000000000e+02
8.239855002204490297e-01 7.544531250000000000e+01
8.253034757901254181e-01 1.454140625000000000e+02
8.266166306362503491e-01 1.391406250000000000e+02
8.280716372915672974e-01 2.230703125000000000e+02
8.294982868355973427e-01 1.420039062500000000e+02
8.308664104508882708e-01 2.378828125000000000e+02
8.322526309079196771e-01 1.068750000000000000e+02
8.336487926972440121e-01 1.969921875000000000e+02
8.349893269398225293e-01 7.814062500000000000e+01
8.364541142429522402e-01 7.951562500000000000e+01
8.379472231957763029e-01 1.806406250000000000e+02
8.392344981096897527e-01 3.100703125000000000e+02
8.406949610929874694e-01 8.581250000000000000e+01
8.421261527946473091e-01 1.362187500000000000e+02
8.435771500109554566e-01 8.083593750000000000e+01
8.448887389139034809e-01 3.704687500000000000e+01
8.463475898417867072e-01 1.179687500000000000e+01
8.477535466256456154e-01 1.783359375000000000e+02
8.491032665930087209e-01 1.892929687500000000e+02
8.505657574729457160e-01 7.506250000000000000e+01
8.518565195299958592e-01 4.407031250000000000e+01
8.533154127581086268e-01 4.453515625000000000e+01
8.547608002088784573e-01 6.237500000000000000e+01
8.561174994305622565e-01 3.808593750000000000e+01
8.574573774269000914e-01 1.304531250000000000e+02
8.588166046116891827e-01 2.301562500000000000e+01
8.602765753974386254e-01 2.767812500000000000e+02
8.616929584052117619e-01 1.370312500000000000e+01
8.630512483447110306e-01 9.576562500000000000e+01
8.644732156819143754e-01 -4.942968750000000000e+01
8.658538100440398289e-01 -1.117968750000000000e+01
8.672747962729530080e-01 2.421875000000000000e-01
8.687198705833190093e-01 -7.511718750000000000e+01
8.701309620577126758e-01 2.188046875000000000e+02
8.715469758317087035e-01 -2.508203125000000000e+01
8.728709065399138378e-01 2.433593750000000000e+00
8.743340447443344043e-01 -1.648437500000000000e+01
8.756799268376280754e-01 -6.543750000000000000e+01
8.770774220349641936e-01 -4.281250000000000000e+00
8.785261349396171759e-01 -2.715234375000000000e+01
8.799007553454496477e-01 5.927734375000000000e+01
8.813432031565675562e-01 -5.199218750000000000e+00
8.825953467669012120e-01 -4.630468750000000000e+01
8.841085955114960093e-01 -7.968750000000000000e-01
8.854538941944869457e-01 -3.307031250000000000e+01
8.868381606531601236e-01 -6.925781250000000000e+01
8.882860225465289972e-01 4.669531250000000000e+01
8.896736649301408839e-01 -7.111718750000000000e+01
8.910991316821634811e-01 -1.496093750000000000e+01
8.924615236370307958e-01 -9.250390625000000000e+01
8.938898256201430748e-01 -9.160156250000000000e+01
8.953507240672191614e-01 -5.432031250000000000e+01
8.967497879595884847e-01 -1.066875000000000000e+02
8.981607891604990179e-01 -9.903125000000000000e+01
8.995209401385970693e-01 -3.396875000000000000e+01
9.009233351200740536e-01 -5.050000000000000000e+01
9.023862602327399340e-01 -9.338671875000000000e+01
9.036822167880371737e-01 -9.189062500000000000e+01
9.051216894455387241e-01 -1.694296875000000000e+02
9.064315935902442778e-01 -1.309726562500000000e+02
9.078642370878333701e-01 -8.640625000000000000e+00
9.093375686701883343e-01 -1.846250000000000000e+02
9.106783909039242175e-01 -8.250000000000000000e+01
9.120976158286731028e-01 -1.122109375000000000e+02
9.134504563808067967e-01 -1.429804687500000000e+02
9.148494279812318108e-01 -1.088515625000000000e+02
9.163154836526343772e-01 -1.136875000000000000e+02
9.177144469533327076e-01 -1.630234375000000000e+02
9.190448432651168176e-01 -5.946875000000000000e+01
9.204739676802773385e-01 -1.624335937500000000e+02
9.218714879258476103e-01 -8.082031250000000000e+01
9.233270633339969446e-01 -1.545312500000000000e+02
9.247537270035817158e-01 -1.254843750000000000e+02
9.261952380817020103e-01 -1.542851562500000000e+02
9.274898688556512116e-01 -1.420664062500000000e+02
9.288691248272002987e-01 -1.100507812500000000e+02
9.302452892283450403e-01 -1.454531250000000000e+02
9.317388948547706828e-01 -1.446484375000000000e+02
9.330963071930531427e-01 -1.569609375000000000e+02
9.344452528093900590e-01 -1.688320312500000000e+02
9.358523606686781626e-01 -1.628593750000000000e+02
9.372342253118257638e-01 -1.571093750000000000e+02
9.386899584314949418e-01 -1.615429687500000000e+02
9.401493568387790933e-01 -1.658046875000000000e+02
9.414533671719165220e-01 -1.629453125000000000e+02
9.428915141376215114e-01 -1.936406250000000000e+02
9.442975475285340092e-01 -1.678593750000000000e+02
9.457500360404273998e-01 -1.795976562500000000e+02
9.470613021883900196e-01 -1.722968750000000000e+02
9.484905366480154143e-01 -1.752187500000000000e+02
9.499609616629050013e-01 -1.677617187500000000e+02
9.512746656924417898e-01 -1.046171875000000000e+02
9.527660598206950660e-01 -1.878515625000000000e+02
9.541242135019176729e-01 -1.787421875000000000e+02
9.555239776192734347e-01 -1.846250000000000000e+02
9.569348550874405834e-01 -1.829101562500000000e+02
9.584038825079592705e-01 -1.798984375000000000e+02
9.596590894936314342e-01 -1.133867187500000000e+02
9.610755439753131402e-01 -1.976953125000000000e+02
9.624655245541111626e-01 -2.088632812500000000e+02
9.638630741799731894e-01 -2.019453125000000000e+02
9.652265636650525504e-01 -1.290625000000000000e+02
9.666689825826182414e-01 -1.907812500000000000e+02
9.680915271877923445e-01 -1.876171875000000000e+02
9.694509249166043396e-01 -1.795000000000000000e+02
9.708886801658134225e-01 -2.179843750000000000e+02
9.722976807766516849e-01 -1.232343750000000000e+02
9.737228411249563287e-01 -1.928359375000000000e+02
9.750938266879298766e-01 -1.998125000000000000e+02
9.765154865803422624e-01 -1.881093750000000000e+02
9.778803343753441624e-01 -1.940781250000000000e+02
9.793478209670889445e-01 -2.006328125000000000e+02
9.807485458673719236e-01 -1.680625000000000000e+02
9.820786155651128890e-01 -1.814531250000000000e+02
9.835793605278406737e-01 -2.109609375000000000e+02
9.848541038896696520e-01 -2.106796875000000000e+02
9.863210441966798747e-01 -1.826015625000000000e+02
9.876601219133482878e-01 -1.950312500000000000e+02
9.889925101422800680e-01 -1.835703125000000000e+02
9.904723999403572954e-01 -1.966679687500000000e+02
9.918630909305576893e-01 -2.030351562500000000e+02
9.932711732705099550e-01 -1.995078125000000000e+02
9.946991131662439312e-01 -2.193515625000000000e+02
9.960995794011773263e-01 -1.990234375000000000e+02
9.975163380236775623e-01 -2.053750000000000000e+02
9.989174314934916588e-01 -2.045625000000000000e+02
1.000332961374112539e+00 -1.995625000000000000e+02
1.001737754912719325e+00 -2.149921875000000000e+02
1.003097174489065102e+00 -1.965039062500000000e+02
1.004559735597297276e+00 -2.115312500000000000e+02
1.005749238243190735e+00 -1.943203125000000000e+02
1.007385738495248262e+00 -2.170312500000000000e+02
1.008685031072670935e+00 -2.097851562500000000e+02
1.010029876781521452e+00 -2.221132812500000000e+02
1.011567854335581274e+00 -2.258906250000000000e+02
1.012876021530966675e+00 -2.258906250000000000e+02
1.014257847715656746e+00 -2.317226562500000000e+02
1.015619144225630377e+00 -2.289218750000000000e+02
1.017020693836081291e+00 -2.156914062500000000e+02
1.018487082762332463e+00 -2.102890625000000000e+02
1.019894179882267604e+00 -2.184882812500000000e+02
1.021251838642671661e+00 -2.172421875000000000e+02
1.022664090726215225e+00 -2.188515625000000000e+02
1.024120441391296987e+00 -2.189609375000000000e+02
1.025547571800403013e+00 -2.230000000000000000e+02
1.026969257894951415e+00 -2.164843750000000000e+02
1.028389666815935133e+00 -2.167421875000000000e+02
1.029692463035440708e+00 -2.253906250000000000e+02
1.031104395988957867e+00 -2.112773437500000000e+02
1.032567017198007697e+00 -2.430625000000000000e+02
1.033929724847250320e+00 -2.310234375000000000e+02
1.035300496000152837e+00 -2.373085937500000000e+02
1.036637621599949100e+00 -2.287031250000000000e+02
1.038054315990306176e+00 -2.305546875000000000e+02
1.039468534779772746e+00 -2.188906250000000000e+02
1.040876881152492661e+00 -2.309921875000000000e+02
1.042266332732125322e+00 -2.368125000000000000e+02
1.043622951232819229e+00 -2.329375000000000000e+02
1.045090568110786489e+00 -2.349140625000000000e+02
1.046470694981672889e+00 -2.118046875000000000e+02
1.047964423021770841e+00 -2.334453125000000000e+02
1.049308889501142428e+00 -2.173359375000000000e+02
