#Time Flux
-1.858936599558357550e+00 -7.006250000000000000e+01
-1.851529456829340781e+00 -5.794140625000000000e+01
-1.843738261492431363e+00 -6.202343750000000000e+01
-1.836705954265193341e+00 -6.274609375000000000e+01
-1.829438993346445663e+00 -5.659375000000000000e+01
-1.821615279030850409e+00 -7.314062500000000000e+01
-1.814275517783285885e+00 -5.684375000000000000e+01
-1.806716218152708997e+00 -5.945312500000000000e+01
-1.799493265572469802e+00 -6.848437500000000000e+01
-1.791806743528226775e+00 -4.626562500000000000e+01
-1.784249102050605273e+00 -5.970312500000000000e+01
-1.777074038464385275e+00 -6.340625000000000000e+01
-1.769500543554006988e+00 -5.873828125000000000e+01
-1.761754261577194391e+00 -5.450781250000000000e+01
-1.754766648376965499e+00 -6.914062500000000000e+01
-1.747336786504475548e+00 -5.884375000000000000e+01
-1.739857702744418866e+00 -6.467968750000000000e+01
-1.732285671359601764e+00 -6.858593750000000000e+01
-1.724957659357458262e+00 -5.812500000000000000e+01
-1.717586489296852648e+00 -6.033593750000000000e+01
-1.709812942887212195e+00 -6.727734375000000000e+01
-1.702352824823941013e+00 -5.713671875000000000e+01
-1.694901892653467357e+00 -5.590625000000000000e+01
-1.687513269271620153e+00 -5.171875000000000000e+01
-1.679593125784636598e+00 -3.847656250000000000e+01
-1.672728484889410616e+00 -5.350000000000000000e+01
-1.665414883116355327e+00 -4.025000000000000000e+01
-1.658077773000740329e+00 -3.883593750000000000e+01
-1.650233041722109384e+00 -3.504296875000000000e+01
-1.642863038995748148e+00 -1.561718750000000000e+01
-1.635238535249698977e+00 -1.340625000000000000e+01
-1.627952796389523726e+00 -2.264843750000000000e+01
-1.620076975836851396e+00 -1.153515625000000000e+01
-1.612973897422435243e+00 -1.025781250000000000e+01
-1.605765010806538662e+00 1.176562500000000000e+01
-1.597834566158453207e+00 2.197265625000000000e+01
-1.590475450150490744e+00 5.484375000000000000e+00
-1.583427252508351479e+00 -1.318750000000000000e+01
-1.575957388160895256e+00 3.059765625000000000e+01
-1.568384195678608428e+00 2.913671875000000000e+01
-1.560628258288433656e+00 5.264062500000000000e+01
-1.553592940900887065e+00 5.436718750000000000e+01
-1.546189636494061048e+00 4.867578125000000000e+01
-1.538244775067082237e+00 5.518750000000000000e+01
-1.531065489206164365e+00 7.281250000000000000e+01
-1.523841319117431148e+00 7.413281250000000000e+01
-1.516065958605063990e+00 9.423437500000000000e+01
-1.508687130955528310e+00 9.363281250000000000e+01
-1.501746455654205725e+00 8.183203125000000000e+01
-1.493981383824565690e+00 1.039453125000000000e+02
-1.486165944172579856e+00 1.179687500000000000e+02
-1.478726169974868832e+00 1.327929687500000000e+02
-1.471428370225517313e+00 1.287656250000000000e+02
-1.464275646238761830e+00 1.295468750000000000e+02
-1.456496744469755633e+00 1.330976562500000000e+02
-1.449276231206691357e+00 1.390429687500000000e+02
-1.442108121048598868e+00 1.476210937500000000e+02
-1.434289868314266414e+00 1.568515625000000000e+02
-1.426866845236523851e+00 1.723437500000000000e+02
-1.419658535968527424e+00 1.538632812500000000e+02
-1.412020377236316016e+00 1.699804687500000000e+02
-1.404291153780671486e+00 1.820000000000000000e+02
-1.396863931130053693e+00 1.753710937500000000e+02
-1.389512876435733624e+00 1.991171875000000000e+02
-1.382010467280665900e+00 1.915234375000000000e+02
-1.374289886902928082e+00 1.968828125000000000e+02
-1.367416974213816694e+00 2.099882812500000000e+02
-1.359947224803951471e+00 1.956718750000000000e+02
-1.352314371736396126e+00 2.048828125000000000e+02
-1.345052186750431922e+00 2.126953125000000000e+02
-1.337674990211175974e+00 2.087578125000000000e+02
-1.330211363355860321e+00 1.992109375000000000e+02
-1.322493221385266260e+00 2.158437500000000000e+02
-1.315121285639123450e+00 2.119765625000000000e+02
-1.307713384950994318e+00 2.075390625000000000e+02
-1.300321218890204911e+00 2.200625000000000000e+02
-1.292457971638182102e+00 2.134609375000000000e+02
-1.285346363713362194e+00 2.197578125000000000e+02
-1.277887019823472414e+00 2.146250000000000000e+02
-1.270453269194639745e+00 2.164375000000000000e+02
-1.262877057661579094e+00 2.278203125000000000e+02
-1.255701301143551163e+00 2.162226562500000000e+02
-1.248294359021374866e+00 2.158007812500000000e+02
-1.240528407379986042e+00 2.203359375000000000e+02
-1.232840665260965807e+00 2.232578125000000000e+02
-1.225546992314082928e+00 2.206367187500000000e+02
-1.218249820080417933e+00 2.212187500000000000e+02
-1.210490921783654805e+00 2.235625000000000000e+02
-1.203283277049189692e+00 2.172421875000000000e+02
-1.196155612749796759e+00 2.238671875000000000e+02
-1.188528946653183205e+00 2.229023437500000000e+02
-1.181013756284654548e+00 2.248437500000000000e+02
-1.173443855533000679e+00 2.255507812500000000e+02
-1.166351039569463843e+00 2.251093750000000000e+02
-1.158534656299879728e+00 2.204218750000000000e+02
-1.150821708390806108e+00 2.219609375000000000e+02
-1.143718466228159869e+00 2.223867187500000000e+02
-1.136395227267389174e+00 2.143203125000000000e+02
-1.128563386383061307e+00 2.260898437500000000e+02
-1.121404833222960029e+00 2.216484375000000000e+02
-1.114188155931323365e+00 2.260351562500000000e+02
-1.106478722138160897e+00 2.177968750000000000e+02
-1.099100832193642852e+00 2.179023437500000000e+02
-1.091523990437402780e+00 2.187734375000000000e+02
-1.084476083315524697e+00 2.134648437500000000e+02
-1.076797617955152830e+00 2.080781250000000000e+02
-1.069090300382169900e+00 2.069179687500000000e+02
-1.061880472621067995e+00 2.031406250000000000e+02
-1.054321350574885408e+00 2.091289062500000000e+02
-1.046518066618632226e+00 2.024375000000000000e+02
-1.039405515813215608e+00 1.999765625000000000e+02
-1.032024093002875453e+00 1.961406250000000000e+02
-1.024674532339793664e+00 1.837890625000000000e+02
-1.017128041514651748e+00 1.880468750000000000e+02
-1.009733164188238774e+00 1.836406250000000000e+02
-1.002384755168211683e+00 1.675703125000000000e+02
-9.948537349614072767e-01 1.821171875000000000e+02
-9.870981036030999078e-01 1.640078125000000000e+02
-9.797035908559674766e-01 1.780000000000000000e+02
-9.723455010113353225e-01 1.602500000000000000e+02
-9.645972918741287927e-01 1.548398437500000000e+02
-9.576683866281578972e-01 1.628671875000000000e+02
-9.502407253909410656e-01 1.530937500000000000e+02
-9.427002604978431677e-01 1.531718750000000000e+02
-9.350633465415887358e-01 1.471718750000000000e+02
-9.276872521834240715e-01 1.327187500000000000e+02
-9.201436471332611333e-01 1.333515625000000000e+02
-9.126947368305966535e-01 1.312031250000000000e+02
-9.050885645796791223e-01 1.286445312500000000e+02
-8.977842527339277012e-01 1.392500000000000000e+02
-8.905548484966248068e-01 1.216640625000000000e+02
-8.828630482756532061e-01 1.143710937500000000e+02
-8.755313959226755927e-01 1.172031250000000000e+02
-8.683253833398287824e-01 1.144531250000000000e+02
-8.607247316234865053e-01 1.109140625000000000e+02
-8.532577161181817971e-01 1.119648437500000000e+02
-8.455385691238328505e-01 1.013554687500000000e+02
-8.381551616752780376e-01 9.585156250000000000e+01
-8.309952323877629610e-01 9.662109375000000000e+01
-8.231980954093627290e-01 9.312500000000000000e+01
-8.159381607561817518e-01 8.758593750000000000e+01
-8.085518386418151238e-01 8.117968750000000000e+01
-8.009348399442748345e-01 7.784375000000000000e+01
-7.940520659031227169e-01 6.438281250000000000e+01
-7.865937168928160972e-01 7.453125000000000000e+01
-7.787520404861805190e-01 6.819531250000000000e+01
-7.713042803500966826e-01 6.850781250000000000e+01
-7.635819493560420668e-01 6.492968750000000000e+01
-7.562369689840453546e-01 6.057031250000000000e+01
-7.491049375500873353e-01 4.980468750000000000e+01
-7.413915584620021093e-01 5.739843750000000000e+01
-7.340378230611657173e-01 4.872656250000000000e+01
-7.266658502012335319e-01 5.008984375000000000e+01
-7.191680770353183760e-01 5.203515625000000000e+01
-7.116075353857338470e-01 4.075000000000000000e+01
-7.044739100900629936e-01 3.959375000000000000e+01
-6.967964000716051487e-01 3.177734375000000000e+01
-6.891256550930995317e-01 3.082812500000000000e+01
-6.817326554533691407e-01 3.488281250000000000e+01
-6.740492793236461111e-01 1.527343750000000000e+01
-6.666791354248147172e-01 2.142187500000000000e+01
-6.595482948927271494e-01 2.498046875000000000e+01
-6.521118556054625870e-01 1.037109375000000000e+01
-6.446492230883809071e-01 1.118750000000000000e+01
-6.372775480587087316e-01 8.843750000000000000e+00
-6.295718265181120543e-01 4.968750000000000000e+00
-6.222548904559399574e-01 6.917968750000000000e+00
-6.148402832251944616e-01 -3.906250000000000000e-02
-6.073323428427501725e-01 -2.191406250000000000e+00
-5.999538423369701334e-01 1.140625000000000000e+00
-5.921198779673826351e-01 -1.589062500000000000e+01
-5.850255141806295356e-01 -6.703125000000000000e+00
-5.772920769100275962e-01 -5.742187500000000000e+00
-5.699101010046883076e-01 -1.090625000000000000e+01
-5.627467906612215742e-01 -2.250000000000000000e+01
-5.555288438758330116e-01 -2.321093750000000000e+01
-5.477415360088651042e-01 -2.314843750000000000e+01
-5.401894119830421559e-01 -2.350000000000000000e+01
-5.329720222289298093e-01 -3.253125000000000000e+01
-5.254091539084830842e-01 -3.131250000000000000e+01
-5.176577120931895593e-01 -3.124609375000000000e+01
-5.103388889226412317e-01 -4.022656250000000000e+01
-5.029022610084590283e-01 -3.810937500000000000e+01
-4.956345471407379577e-01 -3.552343750000000000e+01
-4.881753558526265024e-01 -4.052343750000000000e+01
-4.809465899241045506e-01 -4.462890625000000000e+01
-4.733576015801492787e-01 -4.930468750000000000e+01
-4.656987245274004650e-01 -3.948437500000000000e+01
-4.580829401864647821e-01 -5.110937500000000000e+01
-4.509076145928121448e-01 -5.174218750000000000e+01
-4.432997021882671973e-01 -5.125781250000000000e+01
-4.356857165083054539e-01 -5.538281250000000000e+01
-4.285329160411439631e-01 -5.303906250000000000e+01
-4.211672847501555239e-01 -6.161718750000000000e+01
-4.137471698690182720e-01 -5.953906250000000000e+01
-4.060043755918174568e-01 -5.533203125000000000e+01
-3.990397070331139773e-01 -6.695312500000000000e+01
-3.913714912632597631e-01 -6.718750000000000000e+01
-3.836743462204497135e-01 -5.793750000000000000e+01
-3.763069108593892764e-01 -6.937890625000000000e+01
-3.691331133536879250e-01 -7.610156250000000000e+01
-3.614985396699799125e-01 -6.566406250000000000e+01
-3.539407903378855025e-01 -7.721484375000000000e+01
-3.466895650548815766e-01 -7.783593750000000000e+01
-3.392299322280818430e-01 -7.592187500000000000e+01
-3.316520923457897396e-01 -7.696875000000000000e+01
-3.241482345430437562e-01 -7.513281250000000000e+01
-3.168650830063066692e-01 -7.633593750000000000e+01
-3.094266466680428707e-01 -8.660156250000000000e+01
-3.017694035203186687e-01 -7.596484375000000000e+01
-2.945358066790868534e-01 -8.166406250000000000e+01
-2.865748138341936979e-01 -8.550000000000000000e+01
-2.793719655862663132e-01 -8.171875000000000000e+01
-2.719725488343494035e-01 -8.511328125000000000e+01
-2.645052333464601446e-01 -8.853906250000000000e+01
-2.573050364458877581e-01 -9.048437500000000000e+01
-2.496847269896971255e-01 -9.055468750000000000e+01
-2.423414216733243975e-01 -8.950000000000000000e+01
-2.350508639072232953e-01 -9.105078125000000000e+01
-2.275968098518630356e-01 -9.213281250000000000e+01
-2.198656975990029849e-01 -8.967187500000000000e+01
-2.121948852742105984e-01 -9.517187500000000000e+01
-2.048376418665052157e-01 -9.310937500000000000e+01
-1.974477723851721933e-01 -9.043750000000000000e+01
-1.897717189218850464e-01 -9.353906250000000000e+01
-1.825675391344629972e-01 -9.594531250000000000e+01
-1.754627693968755509e-01 -9.867187500000000000e+01
-1.678850341166659987e-01 -9.385156250000000000e+01
-1.600984023695080083e-01 -9.763281250000000000e+01
-1.531728843357944569e-01 -9.961718750000000000e+01
-1.456177556559845598e-01 -1.002656250000000000e+02
-1.380434014761142691e-01 -1.008828125000000000e+02
-1.302264018071452867e-01 -1.009726562500000000e+02
-1.229749405160340814e-01 -1.002343750000000000e+02
-1.158320024245149682e-01 -1.015781250000000000e+02
-1.079298209442107748e-01 -9.931250000000000000e+01
-1.007534646079308871e-01 -1.040312500000000000e+02
-9.364408617687214331e-02 -1.027421875000000000e+02
-8.596612913028334191e-02 -1.049648437500000000e+02
-7.828490780375219060e-02 -1.001875000000000000e+02
-7.125231050594660331e-02 -1.039375000000000000e+02
-6.359573083972591689e-02 -1.051328125000000000e+02
-5.611166602314465734e-02 -1.031406250000000000e+02
-4.840998216821912337e-02 -1.067773437500000000e+02
-4.106282206634315202e-02 -1.027617187500000000e+02
-3.401877431606159519e-02 -1.075546875000000000e+02
-2.613671245847903890e-02 -1.112734375000000000e+02
-1.875185801757783821e-02 -1.041640625000000000e+02
-1.188028226018378319e-02 -1.067656250000000000e+02
-3.969520937959991613e-03 -1.080546875000000000e+02
3.855919733869672683e-03 -1.060859375000000000e+02
1.089356773597049965e-02 -1.083437500000000000e+02
1.838313057379536986e-02 -1.073046875000000000e+02
2.608186938521317444e-02 -1.075703125000000000e+02
3.368841433548475095e-02 -1.103281250000000000e+02
4.128910854775469375e-02 -1.086132812500000000e+02
4.830032044260601509e-02 -1.103593750000000000e+02
5.598595388443250442e-02 -1.109296875000000000e+02
6.357200393681772255e-02 -1.103750000000000000e+02
7.065064908088736217e-02 -1.118515625000000000e+02
7.792702881994362230e-02 -1.140859375000000000e+02
8.596776033816322382e-02 -1.067500000000000000e+02
9.319874911303793752e-02 -1.129960937500000000e+02
1.001179547282049498e-01 -1.109218750000000000e+02
1.080101962085544542e-01 -1.075546875000000000e+02
1.158126258728486846e-01 -1.140156250000000000e+02
1.230302566414653853e-01 -1.107421875000000000e+02
1.300688313902034210e-01 -1.150703125000000000e+02
1.379787856873031515e-01 -1.152890625000000000e+02
1.454139715206168582e-01 -1.097343750000000000e+02
1.525394660609897812e-01 -1.130390625000000000e+02
1.601044457188134373e-01 -1.119921875000000000e+02
1.677725379646926029e-01 -1.081640625000000000e+02
1.754191664469235690e-01 -1.158984375000000000e+02
1.822295159800004782e-01 -1.107578125000000000e+02
1.900410675276442696e-01 -1.096210937500000000e+02
1.976745800464030367e-01 -1.165468750000000000e+02
2.049672548055299082e-01 -1.114335937500000000e+02
2.119421347713483783e-01 -1.143359375000000000e+02
2.200222785991767793e-01 -1.152812500000000000e+02
2.274496182879937045e-01 -1.087109375000000000e+02
2.342743729357614768e-01 -1.117734375000000000e+02
2.420276212186482923e-01 -1.093203125000000000e+02
2.498244257643484900e-01 -1.074687500000000000e+02
2.571568241393689114e-01 -1.086796875000000000e+02
2.641142337648547667e-01 -1.082343750000000000e+02
2.717762154367018290e-01 -1.097539062500000000e+02
2.794772797031659373e-01 -1.125664062500000000e+02
2.869188162672409170e-01 -1.056289062500000000e+02
2.940139553924003835e-01 -1.066914062500000000e+02
3.017898998601271643e-01 -1.090781250000000000e+02
3.092987772878235120e-01 -1.036757812500000000e+02
3.166381869144601069e-01 -1.088515625000000000e+02
3.238458753185247119e-01 -1.111367187500000000e+02
3.318115597707231856e-01 -1.026250000000000000e+02
3.389057644205921704e-01 -1.057656250000000000e+02
3.459833595247472360e-01 -1.045937500000000000e+02
3.537580675642018058e-01 -1.070585937500000000e+02
3.613510288283170446e-01 -1.062851562500000000e+02
3.689562962535664070e-01 -1.003984375000000000e+02
3.760582725590850828e-01 -1.055781250000000000e+02
3.837970837084445641e-01 -1.020390625000000000e+02
3.913689620850742124e-01 -1.012578125000000000e+02
3.984698663916317329e-01 -1.001875000000000000e+02
4.057459015683049230e-01 -1.008945312500000000e+02
4.135476764415026985e-01 -9.819531250000000000e+01
4.212726910468242991e-01 -1.021015625000000000e+02
4.279177807300662550e-01 -9.887890625000000000e+01
4.359325187972311610e-01 -9.736718750000000000e+01
4.435018658855858220e-01 -9.935156250000000000e+01
4.508787097016080381e-01 -9.322656250000000000e+01
4.580471894879076800e-01 -9.475781250000000000e+01
4.655483661655628325e-01 -9.925000000000000000e+01
4.734165284179061572e-01 -8.953515625000000000e+01
4.802126399765285214e-01 -9.745312500000000000e+01
4.877652738024700341e-01 -9.406250000000000000e+01
4.953875784842791674e-01 -8.298828125000000000e+01
5.032007073401598696e-01 -9.117968750000000000e+01
5.102261003237464898e-01 -8.747656250000000000e+01
5.176318382888602798e-01 -8.994531250000000000e+01
5.255088097648732415e-01 -8.550390625000000000e+01
5.326579129615014452e-01 -8.290234375000000000e+01
5.398456653798957561e-01 -9.139843750000000000e+01
5.472537409775686257e-01 -8.105468750000000000e+01
5.552299241993599033e-01 -7.647265625000000000e+01
5.623227915638828733e-01 -8.734375000000000000e+01
5.695989028477921323e-01 -7.939843750000000000e+01
5.773448758788335411e-01 -7.407812500000000000e+01
5.849954308403146896e-01 -8.532812500000000000e+01
5.919614698330071256e-01 -7.389843750000000000e+01
5.994733643092637898e-01 -7.219531250000000000e+01
6.072922679305188254e-01 -7.691406250000000000e+01
6.147984576076979124e-01 -6.417187500000000000e+01
6.219808065361669414e-01 -7.146484375000000000e+01
6.294326541712100820e-01 -7.122265625000000000e+01
6.369658965035189802e-01 -5.501171875000000000e+01
6.442631169396486612e-01 -6.536718750000000000e+01
6.516124866975685492e-01 -6.664062500000000000e+01
6.594740341773870362e-01 -5.390625000000000000e+01
6.668819907994576468e-01 -6.645312500000000000e+01
6.743709208560817459e-01 -5.701562500000000000e+01
6.817646505368903931e-01 -4.964062500000000000e+01
6.890315522651366820e-01 -5.779296875000000000e+01
6.966228616234362292e-01 -5.146093750000000000e+01
7.040271842604557406e-01 -5.308593750000000000e+01
7.112916634141730476e-01 -4.858203125000000000e+01
7.187523055312015074e-01 -3.198437500000000000e+01
7.266181120692287720e-01 -4.100781250000000000e+01
7.335065566395853054e-01 -5.012500000000000000e+01
7.413208553698131809e-01 -3.246093750000000000e+01
7.487153351277475721e-01 -4.206250000000000000e+01
7.562662719989190485e-01 -3.782031250000000000e+01
7.632356156515092138e-01 -2.903906250000000000e+01
7.708587437765910266e-01 -3.017968750000000000e+01
7.786518976673946213e-01 -2.959375000000000000e+01
7.858945976462203831e-01 -2.546093750000000000e+01
7.933043120123883796e-01 -2.650000000000000000e+01
8.010575375461588266e-01 -1.277343750000000000e+01
8.088131963478772946e-01 -1.992968750000000000e+01
8.154553930914971716e-01 -1.635156250000000000e+01
8.231610508461679743e-01 -7.710937500000000000e+00
8.308198392042531744e-01 -1.558984375000000000e+01
8.379994501323535516e-01 -2.066406250000000000e+00
8.453668769041229325e-01 -6.632812500000000000e+00
8.531114267666159989e-01 -5.804687500000000000e+00
8.605116249353734759e-01 4.796875000000000000e+00
8.677196690085118291e-01 -2.710937500000000000e+00
8.752104964842457591e-01 8.867187500000000000e-01
8.829499830259646131e-01 1.707031250000000000e+01
8.905915490540432522e-01 5.355468750000000000e+00
8.973847627392466109e-01 2.476562500000000000e+00
9.052865975129487097e-01 9.226562500000000000e+00
9.127727605409408085e-01 1.044921875000000000e+01
9.199397275209904024e-01 1.877734375000000000e+01
9.274602351127745337e-01 2.005468750000000000e+01
9.348488515883834893e-01 2.305468750000000000e+01
9.424651326771775750e-01 2.886328125000000000e+01
9.498452668718337932e-01 3.331640625000000000e+01
9.572179230716475473e-01 3.310156250000000000e+01
9.648311514371084030e-01 4.014453125000000000e+01
9.723480136148383579e-01 4.003515625000000000e+01
9.791685699165126877e-01 2.918750000000000000e+01
9.868933527613616974e-01 5.088281250000000000e+01
9.946190743562262071e-01 4.225000000000000000e+01
1.002110864062667250e+00 4.622265625000000000e+01
1.009483324242334668e+00 5.751562500000000000e+01
1.016914649831565320e+00 4.911718750000000000e+01
1.024503846868232593e+00 6.228906250000000000e+01
1.031901899212197549e+00 6.009375000000000000e+01
1.038995264156269194e+00 6.273437500000000000e+01
1.046755803572853694e+00 6.401562500000000000e+01
1.054448778004799081e+00 6.332812500000000000e+01
1.061483628577800431e+00 7.002343750000000000e+01
1.068936265149446285e+00 7.534375000000000000e+01
1.076671438856243501e+00 7.685546875000000000e+01
1.084162132297917136e+00 7.963281250000000000e+01
1.091416286007715009e+00 7.394140625000000000e+01
1.098674204292878986e+00 8.978906250000000000e+01
1.106236822638369866e+00 8.332812500000000000e+01
1.113636705787948156e+00 8.408984375000000000e+01
1.120960052660621820e+00 8.535937500000000000e+01
1.128702360890033063e+00 9.796484375000000000e+01
1.136313042831180731e+00 9.309765625000000000e+01
1.143373323805970898e+00 9.351562500000000000e+01
1.151133728402087719e+00 9.978125000000000000e+01
1.158507825694647053e+00 1.044843750000000000e+02
1.166050166667318422e+00 9.995312500000000000e+01
1.173409864446206097e+00 1.154140625000000000e+02
1.180886848956251178e+00 1.052695312500000000e+02
1.188494496278840629e+00 1.195468750000000000e+02
1.195600509807996925e+00 1.123554687500000000e+02
1.203101664915410929e+00 1.110039062500000000e+02
1.210501737005717171e+00 1.239960937500000000e+02
1.218318652827347748e+00 1.111796875000000000e+02
1.225550737196284601e+00 1.177929687500000000e+02
1.232871004008516458e+00 1.244453125000000000e+02
1.240395723734358135e+00 1.238320312500000000e+02
1.247800301326853933e+00 1.257578125000000000e+02
1.255245732625244415e+00 1.256875000000000000e+02
1.262621183260452362e+00 1.238867187500000000e+02
1.270332295858013438e+00 1.344140625000000000e+02
1.277608465358890388e+00 1.279687500000000000e+02
1.285073829989424432e+00 1.279726562500000000e+02
1.292537947310546720e+00 1.356093750000000000e+02
1.300093138460955533e+00 1.314414062500000000e+02
1.307300100548274280e+00 1.343437500000000000e+02
1.314671431700175752e+00 1.325000000000000000e+02
1.322392626729515186e+00 1.302656250000000000e+02
1.329905928319266017e+00 1.305468750000000000e+02
1.337320576832237151e+00 1.354570312500000000e+02
1.344612537325842183e+00 1.316796875000000000e+02
1.352155609880704379e+00 1.333945312500000000e+02
1.359511480893766056e+00 1.371484375000000000e+02
1.366892511792699327e+00 1.363554687500000000e+02
1.374436289870218264e+00 1.373593750000000000e+02
1.381970715206322531e+00 1.329648437500000000e+02
1.389538196107669599e+00 1.344218750000000000e+02
1.396732457793418813e+00 1.349843750000000000e+02
1.404221182063397855e+00 1.378203125000000000e+02
1.411642865819220383e+00 1.330390625000000000e+02
1.419218861976657919e+00 1.362421875000000000e+02
1.426475147486745421e+00 1.318359375000000000e+02
1.433932718259133487e+00 1.357890625000000000e+02
1.441830971514685533e+00 1.373203125000000000e+02
1.448993418290055235e+00 1.317656250000000000e+02
1.456497812556298399e+00 1.300742187500000000e+02
1.463986485657353231e+00 1.366914062500000000e+02
1.471287285247007137e+00 1.310585937500000000e+02
1.478792016995399194e+00 1.276953125000000000e+02
1.486060693855653980e+00 1.291562500000000000e+02
1.493807759327999918e+00 1.263750000000000000e+02
1.501164730620804022e+00 1.203984375000000000e+02
1.508468415877779023e+00 1.186953125000000000e+02
1.516083375397974109e+00 1.151796875000000000e+02
1.523784474672689182e+00 1.262695312500000000e+02
1.530824169135365231e+00 1.188281250000000000e+02
1.538240177589574653e+00 1.082539062500000000e+02
1.546011306549246900e+00 1.119414062500000000e+02
1.553308335613079905e+00 9.791406250000000000e+01
1.560906581480920430e+00 1.039804687500000000e+02
1.568313232723510531e+00 1.112109375000000000e+02
1.575711935199754166e+00 1.043203125000000000e+02
1.583113707981882889e+00 8.713281250000000000e+01
1.590648621896950665e+00 8.701562500000000000e+01
1.598074905994208539e+00 8.032812500000000000e+01
1.605724734460787673e+00 8.228125000000000000e+01
1.612632723699792159e+00 8.648437500000000000e+01
1.620197667650800977e+00 7.744531250000000000e+01
1.627907364913715682e+00 5.833203125000000000e+01
1.635091643477075252e+00 6.342187500000000000e+01
1.642854889154076847e+00 5.486718750000000000e+01
1.650083656852107339e+00 3.970312500000000000e+01
1.657737150530797621e+00 6.317968750000000000e+01
1.665162251632875456e+00 3.553906250000000000e+01
1.672404224311333731e+00 3.016796875000000000e+01
1.679893046327208150e+00 4.195312500000000000e+01
1.687519652860605568e+00 2.110937500000000000e+01
1.694694161413703881e+00 3.002343750000000000e+01
1.701799837118653791e+00 3.246875000000000000e+01
1.709739781681141935e+00 -3.886718750000000000e+00
1.717124301123797103e+00 1.016406250000000000e+01
1.724845588515758088e+00 1.261718750000000000e+01
1.731964390373454066e+00 -2.201953125000000000e+01
1.739658480376291116e+00 -9.273437500000000000e+00
1.747094167047134938e+00 -1.125781250000000000e+01
1.754416705280847033e+00 -2.442187500000000000e+01
1.761950755934197588e+00 -2.207031250000000000e+01
1.769294723529312385e+00 -4.231250000000000000e+01
1.776823769736036951e+00 -4.384765625000000000e+01
1.784042550336709887e+00 -3.619531250000000000e+01
1.791537533224647039e+00 -5.517578125000000000e+01
1.799270505551958887e+00 -5.258984375000000000e+01
1.806626132383891026e+00 -5.248437500000000000e+01
1.814013712990672378e+00 -6.418750000000000000e+01
1.821395557247213581e+00 -5.044531250000000000e+01
1.828846504017571206e+00 -5.732812500000000000e+01
1.836323556168624194e+00 -6.847656250000000000e+01
1.843852158443782585e+00 -5.917578125000000000e+01
1.851490541032462911e+00 -5.634375000000000000e+01
1.858695719776701338e+00 -6.205468750000000000e+01
1.866095860498957038e+00 -6.186718750000000000e+01
1.873676898362426790e+00 -5.681250000000000000e+01
1.881114017924089943e+00 -5.640625000000000000e+01
1.888598879215045212e+00 -6.508593750000000000e+01
1.895918495935577042e+00 -5.396875000000000000e+01
1.903657943452676804e+00 -6.182812500000000000e+01
1.910922634619009131e+00 -6.294531250000000000e+01
1.918530815161714642e+00 -6.528125000000000000e+01
1.925684885976135519e+00 -5.675781250000000000e+01
1.933374992453910313e+00 -6.039453125000000000e+01
1.940728370501132005e+00 -5.945312500000000000e+01
1.947827914725406728e+00 -5.262500000000000000e+01
1.955571710926552242e+00 -5.800000000000000000e+01
1.962930608262845489e+00 -5.872265625000000000e+01
1.970469430260768373e+00 -5.838281250000000000e+01
1.977974701511231004e+00 -5.341015625000000000e+01
1.985609476736847956e+00 -5.744531250000000000e+01
1.992929296239119630e+00 -5.355468750000000000e+01
2.000276418762239494e+00 -5.818750000000000000e+01
2.007571456305652813e+00 -5.477343750000000000e+01
2.015253128587222609e+00 -5.511718750000000000e+01
2.022566461733330101e+00 -5.666796875000000000e+01
2.029665938300664330e+00 -4.948437500000000000e+01
2.037668145552802734e+00 -4.953906250000000000e+01
2.045103533196441781e+00 -4.071093750000000000e+01
2.052515949678447527e+00 -4.366796875000000000e+01
2.059889655782964013e+00 -3.734375000000000000e+01
2.067378399775738451e+00 -3.157812500000000000e+01
2.074666725710224036e+00 -2.543750000000000000e+01
2.082112570987336930e+00 -2.346093750000000000e+01
2.089467526676952680e+00 -5.929687500000000000e+00
2.097057541714522522e+00 -2.220312500000000000e+01
2.104705795226682774e+00 3.523437500000000000e+00
2.111584548268004013e+00 1.782812500000000000e+01
2.119525098855921996e+00 -9.390625000000000000e+00
2.126907893549663697e+00 2.042578125000000000e+01
2.134368504963601865e+00 2.346093750000000000e+01
2.141899659689862290e+00 1.451562500000000000e+01
2.149113357873251751e+00 4.671093750000000000e+01
2.157009492863985578e+00 4.397656250000000000e+01
2.164078955877585031e+00 3.169531250000000000e+01
2.171665768957572240e+00 6.917968750000000000e+01
2.179058159970701958e+00 4.572265625000000000e+01
2.186503976209557720e+00 8.073437500000000000e+01
2.193927460006633634e+00 9.129687500000000000e+01
2.201631728704584123e+00 8.023046875000000000e+01
2.208846794033115124e+00 9.556250000000000000e+01
2.216344369412400539e+00 9.892187500000000000e+01
2.224077041754173756e+00 1.191445312500000000e+02
2.231418578126623586e+00 1.269375000000000000e+02
2.238757456591667250e+00 1.238515625000000000e+02
2.246002675474982446e+00 1.261328125000000000e+02
2.253451760349719724e+00 1.442421875000000000e+02
2.260846384832951195e+00 1.492968750000000000e+02
2.268349212832997175e+00 1.502890625000000000e+02
2.275681993731964781e+00 1.532500000000000000e+02
2.283579667267624735e+00 1.624843750000000000e+02
2.290864397283447040e+00 1.620390625000000000e+02
2.298292112126347320e+00 1.745234375000000000e+02
2.305844956147550029e+00 1.831250000000000000e+02
2.313305872923292483e+00 1.912109375000000000e+02
2.320686145361800179e+00 1.798632812500000000e+02
2.327798069613377763e+00 1.857851562500000000e+02
2.335355532673575762e+00 1.978515625000000000e+02
2.343059927785422047e+00 1.966562500000000000e+02
2.350274677209446494e+00 2.092031250000000000e+02
2.357823170814625335e+00 2.064023437500000000e+02
2.365409857518519843e+00 2.097109375000000000e+02
2.372813655580109593e+00 2.123789062500000000e+02
2.380043638049445853e+00 2.068437500000000000e+02
2.387609877032141892e+00 2.135117187500000000e+02
2.395329665989230250e+00 2.188671875000000000e+02
2.402651696483339094e+00 2.079921875000000000e+02
2.409648508549465440e+00 2.187382812500000000e+02
2.417418794047315522e+00 2.123046875000000000e+02
2.424932943089572746e+00 2.183125000000000000e+02
2.432124313396402560e+00 2.236015625000000000e+02
2.439696990552290945e+00 2.179765625000000000e+02
2.447452251499598663e+00 2.206132812500000000e+02
2.454844811684653294e+00 2.189726562500000000e+02
2.462199228175403043e+00 2.205781250000000000e+02
2.469830885989359182e+00 2.278046875000000000e+02
2.477253956027531956e+00 2.231640625000000000e+02
2.484492113911257682e+00 2.143125000000000000e+02
2.491529222241719577e+00 2.305273437500000000e+02
2.499268724870449709e+00 2.181875000000000000e+02
2.506798915096419833e+00 2.204648437500000000e+02
2.514230911610463526e+00 2.231445312500000000e+02
2.521611911420009289e+00 2.152265625000000000e+02
2.529382255820339154e+00 2.208671875000000000e+02
2.536916480391631534e+00 2.254023437500000000e+02
2.544012701728940229e+00 2.245781250000000000e+02
2.551575550073157839e+00 2.237460937500000000e+02
2.559002018145124069e+00 2.218515625000000000e+02
2.566228959333968440e+00 2.132187500000000000e+02
2.573991473887840886e+00 2.203554687500000000e+02
2.581251342878443822e+00 2.212890625000000000e+02
2.588840444482010561e+00 2.218437500000000000e+02
2.596330838919636896e+00 2.157265625000000000e+02
2.603867434054027541e+00 2.139296875000000000e+02
2.611394891830387976e+00 2.193632812500000000e+02
2.618998706707559521e+00 2.135781250000000000e+02
2.625753930395157365e+00 2.166523437500000000e+02
2.633682603566624536e+00 2.112109375000000000e+02
2.641026238884717880e+00 2.103554687500000000e+02
2.648397623599949124e+00 2.026210937500000000e+02
2.655848896996727326e+00 2.068281250000000000e+02
2.663235829024113599e+00 2.029843750000000000e+02
2.671012625639565652e+00 2.023125000000000000e+02
2.678106106977854672e+00 1.962890625000000000e+02
2.685703191193232975e+00 1.901328125000000000e+02
2.692972106389023956e+00 1.974375000000000000e+02
2.700955779421169822e+00 1.842734375000000000e+02
2.707688667270828020e+00 1.913242187500000000e+02
2.715455655312746686e+00 1.761015625000000000e+02
2.723059328745892849e+00 1.745742187500000000e+02
2.730431646737240037e+00 1.823593750000000000e+02
2.737700147242832394e+00 1.687265625000000000e+02
2.744973112372161239e+00 1.699218750000000000e+02
2.752849800890603937e+00 1.636640625000000000e+02
2.760112830066645984e+00 1.577109375000000000e+02
2.767711275783906189e+00 1.606953125000000000e+02
2.775090366791133523e+00 1.622851562500000000e+02
2.782758501081080471e+00 1.444960937500000000e+02
2.789709034070990246e+00 1.571914062500000000e+02
2.797255540468869039e+00 1.488398437500000000e+02
2.804926317765755961e+00 1.345937500000000000e+02
2.812463295541202335e+00 1.391250000000000000e+02
2.819785594788861260e+00 1.317851562500000000e+02
2.827369566250083288e+00 1.273828125000000000e+02
2.834918597021955478e+00 1.360078125000000000e+02
2.842151009006156137e+00 1.303828125000000000e+02
2.849502887437079579e+00 1.214101562500000000e+02
2.856869280050124082e+00 1.266250000000000000e+02
2.864699945777791967e+00 1.059843750000000000e+02
2.871603092382436717e+00 1.147382812500000000e+02
2.879098592181264848e+00 1.096250000000000000e+02
2.886867478213352989e+00 1.012812500000000000e+02
2.894306924146042626e+00 9.763281250000000000e+01
2.901655996080143129e+00 8.989843750000000000e+01
2.909107488489794946e+00 8.803906250000000000e+01
2.916979593747298871e+00 8.332031250000000000e+01
2.924413344505546242e+00 8.948437500000000000e+01
2.931523208088766097e+00 7.890625000000000000e+01
2.938736854299361045e+00 7.726171875000000000e+01
2.946612036068173346e+00 7.003906250000000000e+01
2.953343239167545597e+00 6.087500000000000000e+01
2.960954750212847930e+00 6.887500000000000000e+01
2.968624171101025944e+00 5.976562500000000000e+01
2.976270299390361807e+00 6.625000000000000000e+01
2.983442118097507034e+00 5.829687500000000000e+01
2.990844271764173889e+00 4.532031250000000000e+01
2.998716927474077032e+00 5.667187500000000000e+01
3.006253300849500487e+00 4.421093750000000000e+01
3.013461548148188562e+00 4.507812500000000000e+01
3.020949637576966218e+00 4.558593750000000000e+01
3.028563714098667425e+00 3.432031250000000000e+01
3.035695717805321436e+00 3.457812500000000000e+01
3.042812802131038108e+00 2.476562500000000000e+01
3.050377503692246250e+00 3.110156250000000000e+01
3.058331740276543087e+00 1.486718750000000000e+01
3.065498230054859885e+00 1.804296875000000000e+01
3.073000933933467405e+00 1.760937500000000000e+01
3.080713922304826102e+00 1.420312500000000000e+01
3.088177550148306860e+00 1.308593750000000000e+01
3.095237342664094449e+00 5.859375000000000000e-01
3.102712082487427914e+00 1.777343750000000000e+00
3.110564746623969867e+00 9.765625000000000000e-02
3.117836186184980818e+00 -8.304687500000000000e+00
3.124791395833804941e+00 -1.460937500000000000e+00
3.132616582773388281e+00 -1.921875000000000000e+00
3.140075282393141265e+00 -1.458984375000000000e+01
3.147398093201636993e+00 -9.574218750000000000e+00
3.154950318129718490e+00 -1.507031250000000000e+01
3.162498849256339284e+00 -2.875781250000000000e+01
3.170364142838628663e+00 -1.358203125000000000e+01
3.177352677128463476e+00 -2.254687500000000000e+01
3.184515352060466764e+00 -1.875390625000000000e+01
3.192420443458845014e+00 -3.073828125000000000e+01
3.199689338641475977e+00 -2.221093750000000000e+01
3.207089418802890890e+00 -3.285156250000000000e+01
3.214468983076175235e+00 -3.063281250000000000e+01
3.221977449572273500e+00 -3.558984375000000000e+01
3.229422850874068107e+00 -3.904296875000000000e+01
3.236832423432457695e+00 -3.806250000000000000e+01
3.244484811078250708e+00 -4.427343750000000000e+01
3.252463177831730334e+00 -4.484375000000000000e+01
3.259124624103429291e+00 -4.514843750000000000e+01
3.266697537898268777e+00 -5.015234375000000000e+01
3.274260804307470352e+00 -4.514062500000000000e+01
3.281998623226599854e+00 -5.158593750000000000e+01
3.289036907823142286e+00 -5.607031250000000000e+01
3.296553305865441708e+00 -6.098828125000000000e+01
3.304053812594025530e+00 -5.847656250000000000e+01
3.311485015780599728e+00 -6.126562500000000000e+01
3.318840160626891134e+00 -6.467578125000000000e+01
3.326413272162571211e+00 -6.188281250000000000e+01
3.334200615168144921e+00 -7.024218750000000000e+01
3.340944419487649863e+00 -6.613281250000000000e+01
3.348796767885515280e+00 -6.996484375000000000e+01
3.356297896523089186e+00 -6.597656250000000000e+01
3.363733702854433183e+00 -7.110937500000000000e+01
3.371004323678758574e+00 -7.222656250000000000e+01
3.378437284338058788e+00 -7.500781250000000000e+01
3.385788812728383945e+00 -7.065234375000000000e+01
3.393255564820781167e+00 -7.682812500000000000e+01
3.400645490198864529e+00 -7.908593750000000000e+01
3.408004741475409549e+00 -8.154296875000000000e+01
3.416070735536013370e+00 -7.811328125000000000e+01
3.423295307927823217e+00 -7.888281250000000000e+01
3.430605238112969246e+00 -8.141406250000000000e+01
3.438351811010186942e+00 -8.192187500000000000e+01
3.445573610942677778e+00 -8.365625000000000000e+01
3.452900111218297319e+00 -8.411718750000000000e+01
3.460176719300276371e+00 -8.660937500000000000e+01
3.467970445802354806e+00 -8.318750000000000000e+01
3.475499253024525892e+00 -9.271093750000000000e+01
3.482936329032197520e+00 -9.338281250000000000e+01
3.490206970241043649e+00 -9.221093750000000000e+01
3.497970298564147207e+00 -8.661718750000000000e+01
3.505037941527612055e+00 -9.059375000000000000e+01
3.512430289245060067e+00 -9.419531250000000000e+01
3.520169215627493742e+00 -9.596093750000000000e+01
3.527350994595284561e+00 -9.525781250000000000e+01
3.534885355271366159e+00 -9.468750000000000000e+01
3.542552217221199395e+00 -9.601562500000000000e+01
3.549766147269170169e+00 -9.663281250000000000e+01
3.557281383028033872e+00 -9.330078125000000000e+01
3.564689059970271856e+00 -1.024257812500000000e+02
3.572132979397395935e+00 -9.847656250000000000e+01
3.580041081027657945e+00 -9.892968750000000000e+01
3.586789895205591883e+00 -9.997656250000000000e+01
3.594595771207194979e+00 -9.600000000000000000e+01
3.602049103516001161e+00 -1.057265625000000000e+02
3.609392298011480982e+00 -1.033593750000000000e+02
3.617023525235678605e+00 -9.750000000000000000e+01
3.624552956278744631e+00 -1.003750000000000000e+02
3.631583670013800447e+00 -1.038906250000000000e+02
3.639483002235654574e+00 -1.058437500000000000e+02
3.646702245944471343e+00 -1.073593750000000000e+02
3.654297467960041068e+00 -1.054062500000000000e+02
3.661857334996612590e+00 -1.022109375000000000e+02
3.669077516354414037e+00 -1.090390625000000000e+02
3.676328742677241301e+00 -1.006796875000000000e+02
3.683839931189098138e+00 -1.090937500000000000e+02
3.691184956172912202e+00 -1.111132812500000000e+02
3.698575972172028603e+00 -1.056250000000000000e+02
3.706166006776724142e+00 -1.090664062500000000e+02
3.713550743494183237e+00 -1.098515625000000000e+02
3.721315902161542066e+00 -1.090859375000000000e+02
3.728687162238895958e+00 -1.106015625000000000e+02
3.736099824456293739e+00 -1.105703125000000000e+02
3.743707591886788588e+00 -1.097890625000000000e+02
3.751040366303608486e+00 -1.126328125000000000e+02
3.758163068426136455e+00 -1.035468750000000000e+02
3.765951671162482750e+00 -1.083671875000000000e+02
3.773395528516282127e+00 -1.123945312500000000e+02
3.780582507544087534e+00 -1.075156250000000000e+02
3.788341340869335827e+00 -1.100507812500000000e+02
3.795686571480505478e+00 -1.125937500000000000e+02
3.803053337310805304e+00 -1.088046875000000000e+02
3.810427816362071951e+00 -1.097460937500000000e+02
3.817924649860708008e+00 -1.096718750000000000e+02
3.825719510634336018e+00 -1.104375000000000000e+02
3.832968497178776524e+00 -1.133593750000000000e+02
3.840007433110470991e+00 -1.115156250000000000e+02
3.847903003801138144e+00 -1.124726562500000000e+02
3.855217594964845063e+00 -1.149140625000000000e+02
3.862484894074500463e+00 -1.069960937500000000e+02
3.870180477730237101e+00 -1.083671875000000000e+02
3.877505700079913353e+00 -1.133671875000000000e+02
3.885156351357058391e+00 -1.145703125000000000e+02
3.892495350767485096e+00 -1.116445312500000000e+02
3.900148718238030554e+00 -1.105859375000000000e+02
3.907630811658661329e+00 -1.063085937500000000e+02
3.914894270492429662e+00 -1.162968750000000000e+02
3.922291224941684362e+00 -1.053828125000000000e+02
3.929752316736325746e+00 -1.130234375000000000e+02
3.937068838869163478e+00 -1.118437500000000000e+02
3.944469873387382641e+00 -1.049765625000000000e+02
3.951984559380758988e+00 -1.101171875000000000e+02
3.959653093322372364e+00 -1.092031250000000000e+02
3.967665172148615582e+00 -1.085156250000000000e+02
3.974423832325618022e+00 -1.091328125000000000e+02
3.981937852362142038e+00 -1.106328125000000000e+02
3.989451987596868587e+00 -1.055390625000000000e+02
3.996735926233003777e+00 -1.069843750000000000e+02
4.004118358106605768e+00 -1.063750000000000000e+02
4.011721175909100268e+00 -1.078515625000000000e+02
4.019166504350104141e+00 -1.080546875000000000e+02
4.026649875771578735e+00 -1.045156250000000000e+02
4.034108001885821970e+00 -1.101562500000000000e+02
4.041656459290212666e+00 -1.053750000000000000e+02
4.049434715211102542e+00 -1.031875000000000000e+02
4.056160812790102099e+00 -1.092265625000000000e+02
4.063985953482982083e+00 -1.017578125000000000e+02
4.071535248882780955e+00 -1.084726562500000000e+02
4.078916027231088925e+00 -1.053750000000000000e+02
4.085853959718914297e+00 -9.738671875000000000e+01
4.093614093191049186e+00 -1.056796875000000000e+02
4.101041825725363132e+00 -1.067187500000000000e+02
4.108413041653750319e+00 -9.456250000000000000e+01
4.115845080481146390e+00 -1.018828125000000000e+02
4.123323126698923424e+00 -1.012656250000000000e+02
4.131187391858806457e+00 -9.736718750000000000e+01
4.138455245405260996e+00 -9.986718750000000000e+01
4.145842034186406622e+00 -9.798437500000000000e+01
4.153312485913983387e+00 -1.019453125000000000e+02
4.160734007824078873e+00 -9.829296875000000000e+01
4.167887871929236709e+00 -8.950390625000000000e+01
4.175413006410267691e+00 -9.741406250000000000e+01
4.183070560694620355e+00 -9.317578125000000000e+01
4.190571351102002851e+00 -8.797265625000000000e+01
4.198112371203089666e+00 -9.176562500000000000e+01
4.205558082956815547e+00 -9.374609375000000000e+01
4.213081742323229406e+00 -8.986718750000000000e+01
4.220212655376294641e+00 -9.382812500000000000e+01
4.227625785106612355e+00 -8.980078125000000000e+01
4.235360361079052005e+00 -8.909765625000000000e+01
4.242474666793675020e+00 -8.678906250000000000e+01
4.250033194010720550e+00 -7.998437500000000000e+01
4.257439433554085717e+00 -8.596484375000000000e+01
4.264881380145386203e+00 -8.543359375000000000e+01
4.272306492157108337e+00 -8.302734375000000000e+01
4.279875990789157925e+00 -8.658984375000000000e+01
4.287394657918831342e+00 -8.337500000000000000e+01
4.295203156821727042e+00 -7.634375000000000000e+01
4.302009674980902254e+00 -8.118750000000000000e+01
4.309613912974555205e+00 -7.425000000000000000e+01
4.317202517569296738e+00 -7.073437500000000000e+01
4.324329641700758842e+00 -7.441406250000000000e+01
4.332106386665024900e+00 -6.533593750000000000e+01
4.339509966659490736e+00 -7.488281250000000000e+01
4.346867931951384989e+00 -6.454687500000000000e+01
4.354283317795443864e+00 -7.008593750000000000e+01
4.362055034344666460e+00 -6.446093750000000000e+01
4.369479981162348814e+00 -6.339062500000000000e+01
4.376936061345687357e+00 -4.955468750000000000e+01
4.384670518472526091e+00 -6.331250000000000000e+01
4.391626749686900588e+00 -6.215625000000000000e+01
4.398965515429117623e+00 -5.641406250000000000e+01
4.406439176559763915e+00 -5.949218750000000000e+01
4.413918314960721290e+00 -4.203125000000000000e+01
4.421349238152428640e+00 -5.200781250000000000e+01
4.428918475684682221e+00 -4.724609375000000000e+01
4.436484386412439029e+00 -4.567187500000000000e+01
4.444044751703002838e+00 -4.896875000000000000e+01
4.451257581115316775e+00 -4.741796875000000000e+01
4.458842197543772201e+00 -3.203906250000000000e+01
4.466404171419676494e+00 -5.062500000000000000e+01
4.473401216268426239e+00 -3.430468750000000000e+01
4.480991263451832296e+00 -3.584375000000000000e+01
4.488586126321713721e+00 -3.734375000000000000e+01
4.495930725708662479e+00 -2.493750000000000000e+01
4.503511661785846165e+00 -2.663281250000000000e+01
4.510653724147474009e+00 -2.228125000000000000e+01
4.518254864656730874e+00 -2.871093750000000000e+01
4.525847561946974906e+00 -2.035546875000000000e+01
4.533077052567443310e+00 -1.945312500000000000e+01
4.540840410985412134e+00 -1.342187500000000000e+01
4.548219592642230857e+00 -1.042968750000000000e+01
4.555290015936829917e+00 -1.057031250000000000e+01
4.563034565368438322e+00 -1.251171875000000000e+01
4.570367096856418954e+00 -9.750000000000000000e+00
4.577760416100510099e+00 1.128906250000000000e+00
4.585352628304843137e+00 -1.205468750000000000e+01
4.592718808040049616e+00 1.254687500000000000e+01
4.600611488873220800e+00 1.156250000000000000e+00
4.607886348872915150e+00 2.429687500000000000e+00
4.615312860030056363e+00 1.209375000000000000e+01
4.622729431439140058e+00 6.968750000000000000e+00
4.630095746353679154e+00 9.203125000000000000e+00
4.637493113262419087e+00 2.430468750000000000e+01
4.644834076549119395e+00 1.588281250000000000e+01
4.652157239957221080e+00 1.883593750000000000e+01
4.659949560018104009e+00 2.357031250000000000e+01
4.667136755923235292e+00 2.217968750000000000e+01
4.674903076629519205e+00 3.754296875000000000e+01
4.682200234156346674e+00 2.724218750000000000e+01
4.689685621163519613e+00 2.253125000000000000e+01
4.697115786201157661e+00 4.088281250000000000e+01
4.704469726273931229e+00 4.476562500000000000e+01
4.711919427277525330e+00 4.037890625000000000e+01
4.719304992265787035e+00 5.285937500000000000e+01
4.726590454637348060e+00 4.280078125000000000e+01
4.734329121126173767e+00 4.380468750000000000e+01
4.741814901771497226e+00 5.261718750000000000e+01
4.749070561838776960e+00 5.535156250000000000e+01
4.756806779566947085e+00 5.817187500000000000e+01
4.764200452445187750e+00 6.418359375000000000e+01
4.771585942100454503e+00 5.692187500000000000e+01
4.779237273689851406e+00 6.603125000000000000e+01
4.786690839787540064e+00 6.474218750000000000e+01
4.794173624605129191e+00 6.079687500000000000e+01
4.801554565595832713e+00 7.721093750000000000e+01
4.808448710132564585e+00 6.680468750000000000e+01
4.816288137074980824e+00 7.051562500000000000e+01
4.823562931877733995e+00 8.481250000000000000e+01
4.830969288424270758e+00 7.976562500000000000e+01
4.838538263620254298e+00 9.067187500000000000e+01
4.846355483169478617e+00 8.557812500000000000e+01
4.853694935474785588e+00 8.776171875000000000e+01
4.861038481553313417e+00 8.995312500000000000e+01
4.868506720218346295e+00 1.024609375000000000e+02
4.875910427885493448e+00 9.860937500000000000e+01
4.883163825038319139e+00 1.008789062500000000e+02
4.890546715056613536e+00 1.064218750000000000e+02
4.898253051489836807e+00 9.767968750000000000e+01
4.905544912230134003e+00 1.096601562500000000e+02
4.913245175807928078e+00 1.118554687500000000e+02
4.920753131531784952e+00 1.085429687500000000e+02
4.928107063379140840e+00 1.151328125000000000e+02
4.935474147094603303e+00 1.128046875000000000e+02
4.943031966294809010e+00 1.132226562500000000e+02
4.950530632329154912e+00 1.242226562500000000e+02
4.957700232478249092e+00 1.206679687500000000e+02
4.965379351920337747e+00 1.284453125000000000e+02
4.972604351217144725e+00 1.220000000000000000e+02
4.980057465013675966e+00 1.245000000000000000e+02
4.987632563187861301e+00 1.327578125000000000e+02
4.995023210170677075e+00 1.317968750000000000e+02
5.002560285195123413e+00 1.284062500000000000e+02
5.010005471818991474e+00 1.337734375000000000e+02
5.017823572223971240e+00 1.356484375000000000e+02
5.024920804415841324e+00 1.352421875000000000e+02
5.032341919354137438e+00 1.288671875000000000e+02
5.039838441629364674e+00 1.309492187500000000e+02
5.047263941129526366e+00 1.332617187500000000e+02
5.054647021969103093e+00 1.342226562500000000e+02
5.062069733542704952e+00 1.347734375000000000e+02
5.069525724923686916e+00 1.358710937500000000e+02
5.077039731507811737e+00 1.335390625000000000e+02
5.084668732467950925e+00 1.318281250000000000e+02
5.092286846929409805e+00 1.326250000000000000e+02
5.099660270148855368e+00 1.316796875000000000e+02
5.106890439032635065e+00 1.359375000000000000e+02
5.114192850589422079e+00 1.393125000000000000e+02
5.121836733094878191e+00 1.350703125000000000e+02
5.129052626019953820e+00 1.379218750000000000e+02
5.136315050357339373e+00 1.315234375000000000e+02
5.143881254385691548e+00 1.369921875000000000e+02
5.151537060497508591e+00 1.373945312500000000e+02
5.158872311069718108e+00 1.312226562500000000e+02
5.166414197660885499e+00 1.321562500000000000e+02
5.174111988583231181e+00 1.311289062500000000e+02
5.181297979831253286e+00 1.322734375000000000e+02
5.188631210573688257e+00 1.313242187500000000e+02
5.196478838437910142e+00 1.318593750000000000e+02
5.203785205527740487e+00 1.324453125000000000e+02
5.211111727847368869e+00 1.349531250000000000e+02
5.218349972621904698e+00 1.240390625000000000e+02
5.226116423081841766e+00 1.234687500000000000e+02
5.233421322153255062e+00 1.265820312500000000e+02
5.241007148949589300e+00 1.233554687500000000e+02
5.248476768320697872e+00 1.245156250000000000e+02
5.256108440131320947e+00 1.208593750000000000e+02
5.263307359767318339e+00 1.132656250000000000e+02
5.270957548239632473e+00 1.150234375000000000e+02
5.278237345105980083e+00 1.148281250000000000e+02
5.285529785578603423e+00 1.079609375000000000e+02
5.292951670580087864e+00 1.042304687500000000e+02
5.300513543077993717e+00 1.010781250000000000e+02
5.307957247599519590e+00 9.345703125000000000e+01
5.315421841508273459e+00 9.665234375000000000e+01
5.322863690782165591e+00 8.868750000000000000e+01
5.330533226022089899e+00 8.014062500000000000e+01
5.337904781194099613e+00 9.005859375000000000e+01
5.345279291158660406e+00 7.336718750000000000e+01
5.352817416103757608e+00 6.810156250000000000e+01
5.360095430631929503e+00 7.517187500000000000e+01
5.367400468866284413e+00 7.758593750000000000e+01
5.375143845759124517e+00 6.078515625000000000e+01
5.382408087971335853e+00 6.043750000000000000e+01
5.390225721611901832e+00 3.994531250000000000e+01
5.398068899604611559e+00 4.776562500000000000e+01
5.404779434411475236e+00 5.419921875000000000e+01
5.412387913241363258e+00 3.301953125000000000e+01
5.419793889021850219e+00 2.674609375000000000e+01
5.427034442727806329e+00 2.024218750000000000e+01
5.434645650751885881e+00 1.230468750000000000e+01
5.441871414873515889e+00 2.570312500000000000e+01
5.449491564559829193e+00 7.500000000000000000e+00
5.456948030909566150e+00 -2.398437500000000000e+00
5.464366945379180329e+00 9.839843750000000000e+00
5.471939805403198243e+00 -4.562500000000000000e+00
5.479287669906590885e+00 -1.475000000000000000e+01
5.486592567036164603e+00 -1.484375000000000000e+01
5.494489794468935706e+00 -2.491406250000000000e+01
5.501964680524605633e+00 -2.986718750000000000e+01
5.509311605700310643e+00 -3.747656250000000000e+01
5.516735536586164557e+00 -4.203125000000000000e+01
5.523950368270802436e+00 -3.638281250000000000e+01
5.531466993872118820e+00 -5.301562500000000000e+01
5.538732081673516383e+00 -5.088281250000000000e+01
5.546180385261017420e+00 -5.901953125000000000e+01
5.553659680711236390e+00 -4.900000000000000000e+01
5.561543559432964301e+00 -5.639843750000000000e+01
5.568800835638889168e+00 -5.522265625000000000e+01
5.576377410961880443e+00 -6.141796875000000000e+01
5.583960084625850584e+00 -6.382421875000000000e+01
