#Time Flux
-6.313479300240987868e+01 3.906250000000000000e-02
-6.287024331939119293e+01 -2.563476562500000000e+00
-6.263320695749473543e+01 -1.615722656250000000e+00
-6.237722533617477438e+01 -3.432128906250000000e+00
-6.211420445842031768e+01 -4.550781250000000000e-01
-6.186843537933123116e+01 2.744140625000000000e-01
-6.161965494663604659e+01 9.023437500000000000e-01
-6.136630397451347108e+01 6.289062500000000000e-01
-6.111029825970388174e+01 2.421875000000000000e+00
-6.085545588906290959e+01 2.191894531250000000e+00
-6.060212564020275749e+01 4.069335937500000000e+00
-6.034460773666990008e+01 2.748046875000000000e+00
-6.009940062587168086e+01 4.210449218750000000e+00
-5.984487609286998122e+01 3.980468750000000000e+00
-5.958855237534419302e+01 2.688476562500000000e+00
-5.933463367924082377e+01 3.249023437500000000e+00
-5.906899313834833265e+01 2.227539062500000000e+00
-5.883424570812235288e+01 1.629882812500000000e+00
-5.857920685306544328e+01 -2.041015625000000000e-01
-5.832972599054778584e+01 5.732421875000000000e-01
-5.807818601882058829e+01 -6.748046875000000000e-01
-5.782188551275294230e+01 -1.210937500000000000e-01
-5.756733475342730344e+01 7.568359375000000000e-01
-5.731406766261864050e+01 -7.143554687500000000e-01
-5.706581878231054361e+01 -2.353515625000000000e+00
-5.680496400995093609e+01 -2.861328125000000000e+00
-5.655802194315913312e+01 -2.340332031250000000e+00
-5.630823985445374547e+01 -1.640625000000000000e+00
-5.604891390989564570e+01 -2.695312500000000000e+00
-5.579889658480215076e+01 -2.634765625000000000e+00
-5.555065747454068514e+01 -2.346679687500000000e+00
-5.529113350074624122e+01 -3.578125000000000000e+00
-5.503979939046553227e+01 -2.606445312500000000e+00
-5.478201823797485304e+01 -3.338867187500000000e+00
-5.453197478218908145e+01 -1.093750000000000000e+00
-5.427745135670807031e+01 -2.353515625000000000e+00
-5.402596723244846544e+01 -8.593750000000000000e-02
-5.377287191364598584e+01 -1.933593750000000000e-01
-5.352139087334103351e+01 6.879882812500000000e-01
-5.326647718349795468e+01 -3.378906250000000000e-01
-5.301832284391991834e+01 -9.780273437500000000e-01
-5.275906998612686039e+01 3.525390625000000000e-01
-5.250898815390655727e+01 -8.720703125000000000e-01
-5.226225542964664328e+01 -5.976562500000000000e-01
-5.200301778780908535e+01 -4.814453125000000000e-01
-5.174362655975596681e+01 7.392578125000000000e-01
-5.149841771250680722e+01 -6.000976562500000000e-01
-5.124354805553684855e+01 -4.052734375000000000e-01
-5.099533216415136394e+01 3.852539062500000000e-01
-5.073611888966320294e+01 -3.535156250000000000e-01
-5.048675320856887083e+01 5.917968750000000000e-01
-5.023150480168874310e+01 5.439453125000000000e-01
-4.997590523895155457e+01 5.639648437500000000e-01
-4.972688003551161273e+01 1.200195312500000000e+00
-4.946921886928817003e+01 2.242187500000000000e+00
-4.921755387007567606e+01 3.136230468750000000e+00
-4.896459195815509702e+01 1.600097656250000000e+00
-4.871146970523989239e+01 2.123046875000000000e+00
-4.846148749218980356e+01 4.000976562500000000e+00
-4.820853078945106063e+01 3.713378906250000000e+00
-4.795541953359645504e+01 4.515625000000000000e+00
-4.770388656805448591e+01 4.495117187500000000e+00
-4.744626355544664875e+01 4.115234375000000000e+00
-4.719768122644109098e+01 3.072265625000000000e+00
-4.694315413863239428e+01 1.150390625000000000e+00
-4.668683864457943855e+01 3.955078125000000000e-01
-4.644003853283038552e+01 8.134765625000000000e-01
-4.617767850668462870e+01 -5.200195312500000000e-01
-4.592998815138594182e+01 -1.554199218750000000e+00
-4.567624411549638808e+01 -2.577636718750000000e+00
-4.543103566615479849e+01 1.272949218750000000e+00
-4.517393272964068274e+01 -1.427734375000000000e+00
-4.492018482311993921e+01 -6.552734375000000000e-01
-4.466390037766632304e+01 -3.106445312500000000e+00
-4.441705874628360107e+01 6.601562500000000000e-01
-4.415640171140171333e+01 -1.707031250000000000e+00
-4.390620568238637134e+01 -4.228515625000000000e-01
-4.365327464416202474e+01 -2.770996093750000000e+00
-4.340034546148149275e+01 -4.069335937500000000e+00
-4.315014316698625407e+01 -2.387695312500000000e+00
-4.289721518868043404e+01 -3.799316406250000000e+00
-4.264095934693705203e+01 -4.688476562500000000e+00
-4.237364690991353200e+01 -2.733398437500000000e+00
-4.215054906262321310e+01 -4.629882812500000000e+00
-4.188169033079600467e+01 -3.438476562500000000e+00
-4.162710620115296933e+01 -3.187500000000000000e+00
-4.137237576537563655e+01 4.306640625000000000e-01
-4.112562604827314772e+01 -1.313964843750000000e+00
-4.087271654577011759e+01 -9.267578125000000000e-01
-4.061716491376023441e+01 -6.367187500000000000e-01
-4.036801901229341638e+01 -7.431640625000000000e-01
-4.011050083734357941e+01 -1.641601562500000000e+00
-3.986025290025690992e+01 1.048828125000000000e+00
-3.960580175478276033e+01 7.778320312500000000e-01
-3.935112006289364217e+01 -1.660156250000000000e-02
-3.909494899013475333e+01 2.840820312500000000e+00
-3.884193378900238258e+01 3.334960937500000000e+00
-3.859333994950839042e+01 3.324218750000000000e+00
-3.834503108400099336e+01 2.992187500000000000e+00
-3.808753419070330892e+01 2.994140625000000000e+00
-3.783572764433836255e+01 2.968261718750000000e+00
-3.758282456179108522e+01 2.981933593750000000e+00
-3.732817191406593338e+01 1.927734375000000000e+00
-3.707966472358009469e+01 4.207031250000000000e+00
-3.682676217054790868e+01 9.882812500000000000e-01
-3.657036776173890757e+01 3.487304687500000000e+00
-3.632204481590747491e+01 3.426757812500000000e+00
-3.606127378007749940e+01 2.845703125000000000e+00
-3.581118997632734136e+01 2.245117187500000000e+00
-3.555371418890922541e+01 3.363281250000000000e+00
-3.530189611200319177e+01 3.211425781250000000e+00
-3.504286299673754002e+01 1.595703125000000000e+00
-3.479601436964151162e+01 4.853515625000000000e-01
-3.454583405632718041e+01 6.284179687500000000e-01
-3.429906027203401209e+01 2.348632812500000000e+00
-3.403995769602408927e+01 1.206542968750000000e+00
-3.378820585271319032e+01 -7.812500000000000000e-03
-3.353074243978539926e+01 -8.896484375000000000e-01
-3.327122552155447011e+01 -1.312988281250000000e+00
-3.302601602872414333e+01 -7.734375000000000000e-01
-3.277468185525708577e+01 -2.026367187500000000e+00
-3.252285841346372308e+01 -3.178710937500000000e+00
-3.226995351105392729e+01 -3.437500000000000000e+00
-3.201447283395714294e+01 -2.160644531250000000e+00
-3.176522323180256535e+01 -4.181640625000000000e+00
-3.150614359665053144e+01 -4.132324218750000000e+00
-3.125841656476654862e+01 -5.296386718750000000e+00
-3.100303786622566804e+01 -5.934082031250000000e+00
-3.074846374645221658e+01 -5.806640625000000000e+00
-3.050236027188543630e+01 -7.327636718750000000e+00
-3.025625595610154051e+01 -5.923828125000000000e+00
-2.999151139684795453e+01 -5.150390625000000000e+00
-2.973770412649844275e+01 -6.043457031250000000e+00
-2.948317648924205514e+01 -5.590820312500000000e+00
-2.923545506886398471e+01 -5.214355468750000000e+00
-2.898164448166733109e+01 -3.136230468750000000e+00
-2.872621903418928468e+01 -3.672851562500000000e+00
-2.845986333010023372e+01 -3.797851562500000000e+00
-2.822399717877738112e+01 -3.092773437500000000e+00
-2.796765111248214453e+01 -2.367187500000000000e+00
-2.771314403348037558e+01 -1.269531250000000000e-01
-2.746020712118991014e+01 6.250000000000000000e-01
-2.721249334886920224e+01 9.746093750000000000e-01
-2.694935588324517539e+01 6.289062500000000000e-01
-2.670164447842648769e+01 1.270507812500000000e+00
-2.645234870605349897e+01 1.193359375000000000e+00
-2.620101875597424623e+01 2.746582031250000000e+00
-2.594309310664891655e+01 2.434082031250000000e+00
-2.569016565354718296e+01 2.403320312500000000e+00
-2.543563651350359578e+01 -6.806640625000000000e-01
-2.517931255164035065e+01 2.850097656250000000e+00
-2.492798068973411318e+01 3.191406250000000000e+00
-2.467778648599460212e+01 2.754882812500000000e+00
-2.442937295829619870e+01 1.293945312500000000e+00
-2.416872905429863749e+01 2.342773437500000000e+00
-2.391852080511603162e+01 2.782226562500000000e+00
-2.366718723391272761e+01 3.173828125000000000e-01
-2.341267093847363867e+01 6.250000000000000000e-02
-2.316245980276585215e+01 -1.396484375000000000e-01
-2.292225478985437803e+01 -3.320312500000000000e-01
-2.265321871686307986e+01 9.101562500000000000e-01
-2.240027158273619534e+01 5.966796875000000000e-01
-2.214893378717010819e+01 -8.759765625000000000e-01
-2.189716148631475789e+01 5.439453125000000000e-01
-2.162990467618806179e+01 6.347656250000000000e-02
-2.138969593484307552e+01 1.357421875000000000e-01
-2.113948718599863241e+01 2.090820312500000000e+00
-2.088042961370740613e+01 1.538085937500000000e-01
-2.063187470080129060e+01 3.964843750000000000e-01
-2.037115929830383720e+01 3.239257812500000000e+00
-2.012102791390179846e+01 1.606445312500000000e+00
-1.987257619777960826e+01 1.050781250000000000e+00
-1.961509389097977873e+01 4.472656250000000000e-01
-1.936585038645239365e+01 1.625488281250000000e+00
-1.911037775549516482e+01 1.991210937500000000e+00
-1.885745141020163373e+01 -6.699218750000000000e-01
-1.860729412231000879e+01 -1.401367187500000000e-01
-1.835431526428033067e+01 -5.664062500000000000e-01
-1.809894514082293426e+01 -1.719726562500000000e+00
-1.784960694914047963e+01 -1.768554687500000000e+00
-1.759210694838316158e+01 -2.019531250000000000e+00
-1.734202402214259564e+01 -3.378906250000000000e-01
-1.708125132579357341e+01 -8.652343750000000000e-01
-1.683447112582655336e+01 -2.072265625000000000e+00
-1.658433522939947125e+01 -1.599121093750000000e+00
-1.633912819671593297e+01 -2.954589843750000000e+00
-1.607684043393328466e+01 -2.303710937500000000e+00
-1.582663993555183879e+01 -2.968750000000000000e+00
-1.556911827864155384e+01 -3.049804687500000000e+00
-1.531992729534863429e+01 -3.828125000000000000e+00
-1.505669904693570516e+01 -4.035644531250000000e+00
-1.480992653066732601e+01 -3.037109375000000000e+00
-1.455973225888305933e+01 -2.110351562500000000e+00
-1.430835993204414081e+01 -3.912597656250000000e+00
-1.405053128708811983e+01 -1.511230468750000000e+00
-1.379750710257826540e+01 -1.273925781250000000e+00
-1.354457008831889198e+01 4.838867187500000000e-01
-1.329612970320567911e+01 8.457031250000000000e-01
-1.304144490854628202e+01 2.077148437500000000e+00
-1.278694953563626768e+01 2.525390625000000000e+00
-1.253059208959052739e+01 1.596191406250000000e+00
-1.228538281969190393e+01 1.807617187500000000e+00
-1.202757763752003939e+01 1.459472656250000000e+00
-1.176834777913086327e+01 5.416015625000000000e+00
-1.152003356746081408e+01 5.619140625000000000e+00
-1.127152491352524066e+01 6.163574218750000000e+00
-1.101846799990994441e+01 4.313964843750000000e+00
-1.076397044652640034e+01 3.657226562500000000e+00
-1.051380762922349277e+01 4.294921875000000000e+00
-1.025311683501877269e+01 3.550781250000000000e+00
-1.000629363898451629e+01 1.917968750000000000e+00
-9.751553358214323453e+00 1.757812500000000000e-01
-9.497053265419708623e+00 6.630859375000000000e-01
-9.250245135681780084e+00 2.841796875000000000e-01
-8.993947988621698642e+00 3.622558593750000000e+00
-8.739401855219057325e+00 1.939453125000000000e+00
-8.472089090922850119e+00 8.632812500000000000e-01
-8.233217899638702875e+00 -3.425781250000000000e+00
-7.981677521911365147e+00 -5.112792968750000000e+00
-7.728577267759419556e+00 -2.206542968750000000e+00
-7.474071080302564951e+00 -5.042968750000000000e+00
-7.217724767057688950e+00 -3.614746093750000000e+00
-6.966291833801960820e+00 -5.322265625000000000e-01
-6.716464153735159925e+00 -3.672851562500000000e+00
-6.455434333840685213e+00 -4.793945312500000000e+00
-6.208687310046684615e+00 -4.793945312500000000e+00
-5.950810796565519922e+00 -2.917480468750000000e+00
-5.705601677559343443e+00 -5.840820312500000000e+00
-5.451086984402536473e+00 -4.306640625000000000e+00
-5.194749374960110799e+00 -3.679199218750000000e+00
-4.943295983039433850e+00 -8.750000000000000000e-01
-4.693528908738244354e+00 -9.628906250000000000e-01
-4.439443930864968024e+00 1.733886718750000000e+00
-4.183427003436690939e+00 1.484375000000000000e-01
-3.934091154088719122e+00 1.317382812500000000e+00
-3.683408116748637440e+00 7.397460937500000000e-01
-3.417773958238853993e+00 1.499023437500000000e-01
-3.167108039517188445e+00 2.726562500000000000e+00
-2.920298894323650529e+00 -1.391601562500000000e+00
-2.668894172187606273e+00 2.412109375000000000e-01
-2.411089120025280863e+00 -3.378906250000000000e-01
-2.160467550364728595e+00 -1.469726562500000000e-01
-1.919017107941044742e+00 -1.444335937500000000e+00
-1.654220403715157772e+00 -1.104003906250000000e+00
-1.405113851827081817e+00 6.298828125000000000e-01
-1.143379352202032351e+00 -1.284179687500000000e-01
-8.957794714712008499e-01 -1.748046875000000000e+00
-6.459543096897277792e-01 -2.022460937500000000e+00
-3.882264793064678088e-01 -3.466796875000000000e+00
-1.351112595510812753e-01 1.757812500000000000e-01
1.118083321896392590e-01 3.037109375000000000e-01
3.774479322134993708e-01 3.893554687500000000e+00
6.289638405116875219e-01 1.833984375000000000e+00
8.865739552749118957e-01 3.108398437500000000e+00
1.139815685660551026e+00 3.852539062500000000e+00
1.392860536989587672e+00 4.170898437500000000e+00
1.642620866070615193e+00 2.564453125000000000e+00
1.895876174426348371e+00 3.238281250000000000e+00
2.151090686418001496e+00 4.028320312500000000e-01
2.398667322617370701e+00 -3.637695312500000000e-01
2.658273905935629955e+00 1.367187500000000000e-01
2.907780328346689203e+00 -6.464843750000000000e-01
3.162788136637800562e+00 -5.092773437500000000e-01
3.417367423774521740e+00 -1.593750000000000000e+00
3.663822480029466533e+00 -2.067382812500000000e+00
3.926713752431510329e+00 -2.837402343750000000e+00
4.178132279161900442e+00 -1.392578125000000000e+00
4.421600911027894654e+00 -1.873046875000000000e+00
4.681274539090509279e+00 -2.538085937500000000e+00
4.934181251036307003e+00 -3.254882812500000000e+00
5.185759833120073381e+00 -1.060546875000000000e+00
5.440359887316844834e+00 -1.405273437500000000e+00
5.696611092274224575e+00 -3.486328125000000000e-01
5.941819725901268612e+00 -5.624511718750000000e+00
6.197582872878683702e+00 -6.810546875000000000e+00
6.452670947798878842e+00 -8.042480468750000000e+00
6.705780479513464343e+00 -8.807128906250000000e+00
6.955372560078217248e+00 -5.684082031250000000e+00
7.208730567618886198e+00 -8.393066406250000000e+00
7.460347183294061324e+00 -2.736328125000000000e+00
7.713169345476444505e+00 -1.069335937500000000e+00
7.971206334228327250e+00 -1.168945312500000000e+00
8.220501435210735508e+00 2.597656250000000000e+00
8.469216649584950574e+00 2.666015625000000000e-01
8.728778935498098690e+00 1.246582031250000000e+00
8.980059254380421407e+00 -2.173828125000000000e+00
9.238136997677202089e+00 1.484375000000000000e-01
9.487378509085374390e+00 9.023437500000000000e-01
9.742551166889143133e+00 3.074707031250000000e+00
9.987759513712489934e+00 3.785644531250000000e+00
1.024518291898868938e+01 2.853027343750000000e+00
1.049861023764356105e+01 3.272460937500000000e+00
1.075028047441969647e+01 2.833984375000000000e+00
1.100122537306026516e+01 3.735351562500000000e+00
1.126413018844232283e+01 5.367187500000000000e+00
1.152678663715573748e+01 -1.832031250000000000e+00
1.177498795575138502e+01 1.053710937500000000e+00
1.201721159122621430e+01 4.090820312500000000e+00
1.226988182036870967e+01 3.897460937500000000e+00
1.252026500262434183e+01 2.873535156250000000e+00
1.277626957676602615e+01 2.861328125000000000e-01
1.302592704355333808e+01 -1.623046875000000000e+00
1.328146929951617494e+01 -1.548828125000000000e+00
1.353320463961017595e+01 -1.482421875000000000e+00
1.379229711501830025e+01 2.225585937500000000e+00
1.404319754989319335e+01 2.958984375000000000e-01
1.429281278396661037e+01 -2.246093750000000000e-02
1.454969851896282762e+01 7.905273437500000000e-01
1.480186546530251235e+01 4.125976562500000000e-01
1.505400391783621217e+01 -1.359375000000000000e+00
1.530714650171807989e+01 1.616210937500000000e+00
1.555611385764086663e+01 2.851562500000000000e-01
1.581800600201472662e+01 9.326171875000000000e-01
1.606619627111558657e+01 2.763671875000000000e-01
1.631574103055459091e+01 4.072265625000000000e-01
1.657264075643149681e+01 1.298828125000000000e-01
1.682298492972358872e+01 7.968750000000000000e-01
1.707690818454864257e+01 -9.277343750000000000e-03
1.733381977263661611e+01 -1.745117187500000000e+00
1.758262410040038048e+01 4.033203125000000000e-01
1.783805904877954163e+01 -6.923828125000000000e-01
1.808719021840920504e+01 -1.783203125000000000e+00
1.834197202080918032e+01 3.100585937500000000e-01
1.859708212377677228e+01 -8.007812500000000000e-02
1.884588995167314351e+01 1.552734375000000000e+00
1.909800317281565185e+01 3.560058593750000000e+00
1.935642484204186076e+01 1.532714843750000000e+00
1.960554817104707581e+01 2.208007812500000000e+00
1.986247895239546324e+01 1.055664062500000000e+00
2.011247746344929510e+01 4.008789062500000000e-01
2.036668169492475045e+01 -1.137695312500000000e+00
2.062048529442063227e+01 -4.204101562500000000e-01
2.086717421613514034e+01 -3.218750000000000000e+00
2.112271664689831141e+01 -5.722656250000000000e-01
2.137495364169501499e+01 -2.241210937500000000e+00
2.163863250197755406e+01 -6.972656250000000000e-01
2.188701829795695630e+01 -2.976562500000000000e+00
2.213565927616173212e+01 -2.072265625000000000e+00
2.239466151187662035e+01 -2.669921875000000000e+00
2.264375532214148734e+01 -1.093750000000000000e+00
2.289534823803546715e+01 -1.416015625000000000e-01
2.315069108453462832e+01 3.164062500000000000e-01
2.340095330110864325e+01 1.120117187500000000e+00
2.366152198061899981e+01 1.237304687500000000e+00
2.390837173362785961e+01 3.369140625000000000e-01
2.415855751610388324e+01 1.374023437500000000e+00
2.441249002823167302e+01 1.276367187500000000e+00
2.466662852325066524e+01 2.841796875000000000e+00
2.491826537917654605e+01 2.606445312500000000e+00
2.517695446608354359e+01 2.025390625000000000e+00
2.542527614788309620e+01 -3.349609375000000000e-01
2.567935926793359158e+01 4.866210937500000000e+00
2.593347954279420264e+01 6.949218750000000000e+00
2.618514142476192319e+01 8.457031250000000000e+00
2.643539410908340415e+01 5.833984375000000000e+00
2.669206147120621608e+01 5.385742187500000000e+00
2.694117968211935477e+01 5.119140625000000000e+00
2.719821765176936879e+01 5.428710937500000000e+00
2.744822467751987460e+01 4.204589843750000000e+00
2.770906355938029719e+01 7.260742187500000000e+00
2.795635646010600794e+01 5.836914062500000000e+00
2.820805417832593776e+01 2.305664062500000000e+00
2.846689037250848742e+01 1.510742187500000000e+00
2.871506442653389968e+01 1.509765625000000000e+00
2.896913267383058610e+01 1.973632812500000000e+00
2.921937348867504625e+01 3.920898437500000000e+00
2.947303195342271920e+01 2.526855468750000000e+00
2.973201428563595528e+01 2.758789062500000000e+00
2.997923584518980533e+01 1.165039062500000000e+00
3.023096420323849998e+01 1.835937500000000000e+00
3.048989416448398515e+01 8.349609375000000000e-01
3.074179987968523164e+01 -3.896484375000000000e-01
3.098700079713012201e+01 -1.310546875000000000e+00
3.124602844185528738e+01 -3.274902343750000000e+00
3.149783592678136301e+01 7.128906250000000000e-02
3.175310660726972856e+01 -3.671875000000000000e-01
3.200207784795884436e+01 3.544921875000000000e-01
3.225387190926699077e+01 5.078125000000000000e-01
3.251289754271215315e+01 -1.920898437500000000e+00
3.276107157045680651e+01 -1.644531250000000000e+00
3.301997488654888002e+01 -8.007812500000000000e-02
3.326897401798601095e+01 -1.615234375000000000e+00
3.352074189880363519e+01 -2.529296875000000000e-01
3.377097607203029384e+01 -8.789062500000000000e-01
3.402504122987534174e+01 -2.845703125000000000e+00
3.428181043147412765e+01 -2.206542968750000000e+00
3.453583156516219788e+01 -2.948242187500000000e+00
3.478584318042146606e+01 -1.662597656250000000e+00
3.504671061747603744e+01 -1.581542968750000000e+00
3.529191608716746487e+01 2.700195312500000000e-01
3.554189643002780485e+01 -2.124023437500000000e+00
3.580283160104386297e+01 8.554687500000000000e-01
3.605100731780748902e+01 -8.886718750000000000e-02
3.630471490761772202e+01 -1.968261718750000000e+00
3.655881098789495809e+01 -1.385742187500000000e+00
3.681051262680261971e+01 -2.724609375000000000e-01
3.706766821986514060e+01 9.140625000000000000e-01
3.731497469333203298e+01 1.043945312500000000e+00
3.756654586863874101e+01 -8.027343750000000000e-01
3.782557900403594431e+01 1.328125000000000000e-01
3.807569518207844794e+01 -2.929687500000000000e-02
3.832761940139459966e+01 2.724609375000000000e-01
3.858190519135473551e+01 -1.513671875000000000e+00
3.882696263415664362e+01 -4.248046875000000000e-01
3.908869747818971518e+01 -9.765625000000000000e-04
3.933780774997239860e+01 -4.248046875000000000e-02
3.959448896904575577e+01 -2.417968750000000000e+00
3.984847061715231575e+01 -3.151367187500000000e+00
4.010027656499437398e+01 -2.375976562500000000e+00
4.035557212492130930e+01 -3.518554687500000000e+00
4.060490651218219682e+01 -8.535156250000000000e-01
4.085469800043381383e+01 -3.238281250000000000e+00
4.111533337066180138e+01 -3.754882812500000000e+00
4.136714042142261860e+01 -4.902343750000000000e+00
4.162244778330205008e+01 -3.277343750000000000e+00
4.187160060849009824e+01 -5.485839843750000000e+00
4.212317152703758438e+01 -3.560546875000000000e+00
4.237342891410150969e+01 -2.770996093750000000e+00
4.263087909539081011e+01 -4.408203125000000000e+00
4.287609164365767356e+01 -3.291015625000000000e+00
4.313813262475332522e+01 -4.094726562500000000e+00
4.338546456114852390e+01 -1.649902343750000000e+00
4.364536447169666644e+01 -4.089843750000000000e+00
4.389632360715984305e+01 -4.198730468750000000e+00
4.416048292341088199e+01 -4.012695312500000000e+00
4.440354991410902130e+01 -1.018066406250000000e+00
4.464660726957663428e+01 1.162109375000000000e-01
4.490716851936883813e+01 3.955078125000000000e-01
4.515960552682997786e+01 -2.314453125000000000e+00
4.540995493356513180e+01 -1.333984375000000000e+00
4.567262390834162034e+01 1.799804687500000000e+00
4.591783584845484256e+01 1.308593750000000000e+00
4.616749048957524337e+01 1.801269531250000000e+00
4.641778248894434000e+01 1.428710937500000000e+00
4.667688635395370511e+01 1.000976562500000000e+00
4.693516453971824376e+01 1.904296875000000000e-01
4.718438865864982290e+01 6.528320312500000000e-01
4.743948101172600218e+01 1.713867187500000000e-01
4.768319733460054977e+01 4.389648437500000000e-01
4.794083423176721226e+01 2.132812500000000000e+00
4.820608093761211421e+01 -7.241210937500000000e-01
4.845128722075560290e+01 7.993164062500000000e-01
4.870127692261110042e+01 1.013183593750000000e+00
4.896362652783875546e+01 6.489257812500000000e-01
4.921074874548412481e+01 -6.152343750000000000e-02
4.946892865587869892e+01 1.899414062500000000e+00
4.971594202093240256e+01 -1.264160156250000000e+00
4.998338645778972023e+01 -4.160156250000000000e-01
5.021984579080742606e+01 1.495605468750000000e+00
5.047378813645013906e+01 7.548828125000000000e-01
5.072422050708871666e+01 -1.194335937500000000e+00
5.098101569499704055e+01 -5.332031250000000000e-01
5.123070718474423302e+01 9.765625000000000000e-02
5.148671611335009857e+01 1.305175781250000000e+00
5.174065994590750961e+01 1.644531250000000000e+00
5.199240479494324063e+01 2.351562500000000000e+00
5.224275141474788597e+01 1.450195312500000000e-01
5.249716540061081105e+01 -7.597656250000000000e-01
5.274843064778247026e+01 -1.327148437500000000e+00
5.300394552273064619e+01 -2.136718750000000000e+00
5.325522815668080057e+01 -1.014160156250000000e+00
5.351478680830041412e+01 -1.883789062500000000e+00
5.376608631147826145e+01 -3.849609375000000000e+00
5.401405480675555282e+01 -3.516113281250000000e+00
5.426565738979331854e+01 -1.327636718750000000e+00
5.451960848055136921e+01 -1.752929687500000000e+00
5.478167412229959155e+01 -2.957031250000000000e+00
5.503096564521501932e+01 -1.719238281250000000e+00
5.527386461986372979e+01 -3.703125000000000000e+00
5.553772026294609532e+01 -2.545898437500000000e+00
5.578701919628247197e+01 -4.041015625000000000e+00
5.603699467216381436e+01 -4.767089843750000000e+00
5.629376669428893365e+01 -4.168945312500000000e+00
5.654515367211422472e+01 -4.330078125000000000e+00
5.680638390268416060e+01 -3.533691406250000000e+00
5.705392000270103381e+01 -4.138671875000000000e+00
5.730501566478483255e+01 -4.548828125000000000e+00
5.756065641459281323e+01 -1.565429687500000000e+00
5.780997384526881433e+01 -2.601074218750000000e+00
5.806103980107286588e+01 -1.149414062500000000e+00
5.832023798458362762e+01 -1.062500000000000000e+00
5.856815004964880700e+01 -2.781738281250000000e+00
5.882230542816103025e+01 -2.168457031250000000e+00
5.907627848630477274e+01 -5.478515625000000000e-01
5.932575522248134803e+01 -1.605468750000000000e+00
5.957834130226035541e+01 -2.661132812500000000e-01
5.983661366184878716e+01 1.170898437500000000e+00
6.008391393630586208e+01 1.144531250000000000e+00
6.034140090026687631e+01 4.003906250000000000e-01
6.059268400128985377e+01 3.786132812500000000e+00
6.083993706525211564e+01 1.958007812500000000e+00
6.109919932142042853e+01 2.489257812500000000e+00
6.135076330461447469e+01 3.164062500000000000e+00
6.160653702305717161e+01 1.651367187500000000e+00
6.185807090462401447e+01 1.679199218750000000e+00
6.211208361470778527e+01 7.841796875000000000e-01
6.236608047413142231e+01 2.886718750000000000e+00
6.261568251836342824e+01 3.470703125000000000e+00
6.287517560631806646e+01 -1.123046875000000000e-02
6.312345192479347133e+01 1.614257812500000000e+00
6.337363400558820103e+01 5.400390625000000000e-01
6.363122218591217916e+01 4.936523437500000000e-01
6.388353491505938564e+01 2.567382812500000000e+00
6.414206461951528127e+01 1.521972656250000000e+00
6.438900604013292650e+01 2.533203125000000000e+00
6.463958061385881138e+01 2.445800781250000000e+00
6.488567736393883933e+01 1.449218750000000000e+00
6.514643977380706019e+01 2.780273437500000000e+00
6.539474952771615790e+01 2.108398437500000000e+00
6.565242862812010571e+01 4.012695312500000000e+00
6.590646738978637131e+01 5.446289062500000000e+00
6.615789902390531552e+01 2.985839843750000000e+00
6.641020735400945796e+01 4.394042968750000000e+00
6.666251251808887446e+01 3.588867187500000000e+00
6.691932623556203907e+01 3.827148437500000000e+00
6.716797899788912218e+01 2.872070312500000000e+00
6.742477077079308856e+01 1.155761718750000000e+00
6.767709932782292981e+01 7.128906250000000000e-02
6.792860281498633412e+01 -1.928710937500000000e+00
6.817538956855855758e+01 -1.279296875000000000e+00
6.841902586610285653e+01 3.815429687500000000e+00
6.869878713946366133e+01 2.403320312500000000e+00
6.894399246916566426e+01 3.462402343750000000e+00
6.921596311240773503e+01 1.787109375000000000e+00
6.945312444453156786e+01 -1.777343750000000000e+00
6.970004196909633265e+01 -3.174804687500000000e+00
6.995232775282590865e+01 -3.461914062500000000e-01
7.020917781736352481e+01 7.353515625000000000e-01
7.046245436650406191e+01 2.104492187500000000e+00
7.071455136731162838e+01 3.070312500000000000e+00
7.096864175234918548e+01 2.165039062500000000e+00
7.121921206138893012e+01 1.029785156250000000e+00
7.147058799677176921e+01 9.335937500000000000e-01
7.172937941035979748e+01 8.017578125000000000e-01
7.197525563671104010e+01 -4.707031250000000000e-01
7.224705820487213259e+01 -3.212890625000000000e-01
7.248387919343292651e+01 -3.326171875000000000e+00
7.273746040833282223e+01 -5.154785156250000000e+00
7.297713472469035878e+01 -3.847656250000000000e+00
7.324829606155469719e+01 -6.041015625000000000e+00
7.349903630247717956e+01 -4.135742187500000000e+00
7.374424334627838107e+01 -4.637695312500000000e+00
7.399878139882343930e+01 -4.093750000000000000e+00
7.425927610620010455e+01 -4.768066406250000000e+00
7.450529114109463080e+01 -1.315429687500000000e+00
7.476594015571754426e+01 -2.541015625000000000e+00
7.501451951958847530e+01 -3.228515625000000000e+00
7.526446543201655004e+01 -3.458984375000000000e+00
7.552199600471067242e+01 -1.563476562500000000e+00
7.577220690595072483e+01 -2.912109375000000000e+00
7.603284487788187107e+01 -1.835937500000000000e+00
7.628223635383574219e+01 1.303710937500000000e-01
7.653192581140854145e+01 -2.158203125000000000e-01
7.678890139952272875e+01 -6.923828125000000000e-01
7.703829225742038034e+01 1.609863281250000000e+00
7.728796788718489097e+01 7.143554687500000000e-01
7.753367549513200174e+01 1.519531250000000000e+00
7.779674742389977382e+01 3.702148437500000000e+00
7.805015272883463240e+01 3.520507812500000000e-01
7.830268643979491117e+01 2.651367187500000000e-01
7.855281140828299158e+01 1.979492187500000000e+00
7.881186506406083936e+01 3.683593750000000000e+00
7.906366531304445289e+01 1.813476562500000000e+00
7.932774085387586638e+01 1.848632812500000000e+00
7.956958821996943243e+01 2.602539062500000000e+00
7.982129881585478870e+01 3.226562500000000000e+00
8.006735374731647426e+01 2.637695312500000000e+00
8.032730488573110961e+01 1.882812500000000000e+00
8.057736465909601975e+01 2.584960937500000000e+00
8.080253912955765827e+01 1.860839843750000000e+00
8.108821979786353040e+01 2.246093750000000000e-01
8.134899643295761962e+01 -1.384765625000000000e+00
8.159420255672853273e+01 4.775390625000000000e-01
8.184184694042789943e+01 -2.193847656250000000e+00
8.211028548505953495e+01 -1.479492187500000000e+00
8.235111917160929806e+01 1.104003906250000000e+00
8.260069012049086723e+01 2.979492187500000000e+00
8.285944080583851701e+01 1.939453125000000000e+00
8.311120503008623928e+01 3.260742187500000000e+00
8.336283853576821912e+01 1.133300781250000000e+00
8.361549707363212747e+01 -6.625976562500000000e-01
8.387948254324146546e+01 -1.093750000000000000e+00
8.411887626576060484e+01 6.435546875000000000e-01
8.437812424386265775e+01 2.476562500000000000e+00
8.462971253965440610e+01 -4.672851562500000000e-01
8.487491401193472029e+01 8.496093750000000000e-01
8.513418869850193005e+01 2.058593750000000000e+00
8.538575033093945876e+01 6.840820312500000000e-01
8.563933746605732722e+01 -3.837890625000000000e-01
8.589048605519371904e+01 -8.120117187500000000e-01
8.614766304385557305e+01 -1.914062500000000000e-01
8.640110683614238951e+01 1.394531250000000000e+00
8.665851497281983029e+01 5.263671875000000000e-01
8.690877262498338496e+01 -4.882812500000000000e-02
8.715736286213166295e+01 1.035156250000000000e-01
8.741709926442752021e+01 -1.092285156250000000e+00
8.766642759459716672e+01 -2.983886718750000000e+00
8.791949903255442678e+01 -2.693359375000000000e+00
8.816470055134266204e+01 -6.948242187500000000e-01
8.842408766216158256e+01 -1.388671875000000000e+00
8.867553712238293429e+01 -2.429687500000000000e+00
8.892921859185923950e+01 -7.719726562500000000e-01
8.918027804563269001e+01 -8.725585937500000000e-01
8.943157528287918012e+01 -5.986328125000000000e-01
8.969100397114289080e+01 -6.210937500000000000e-01
8.994840413697966142e+01 2.392578125000000000e-01
9.018761351459613707e+01 8.471679687500000000e-01
9.045324856848162653e+01 -6.333007812500000000e-01
9.069845026459586279e+01 -9.174804687500000000e-01
9.095381209826473423e+01 1.635742187500000000e-01
9.120319163365809345e+01 -1.148437500000000000e+00
9.146052896456967574e+01 -6.142578125000000000e-01
9.171237005307773416e+01 1.480957031250000000e+00
9.196532534989671603e+01 -1.415039062500000000e+00
9.221982864821734438e+01 -7.617187500000000000e-01
9.246842905354276354e+01 4.487304687500000000e-01
9.272136377576532595e+01 -1.836425781250000000e+00
9.297927959588412250e+01 1.860351562500000000e+00
9.322610529824214609e+01 3.896484375000000000e-01
9.348512209233433623e+01 5.751953125000000000e-01
9.373692266067951095e+01 1.351562500000000000e+00
9.399436226379475556e+01 -7.255859375000000000e-01
9.424279345793297580e+01 4.882812500000000000e-01
9.449297759232820226e+01 -1.049804687500000000e-01
9.475042600149026839e+01 5.898437500000000000e-01
9.500218910284206686e+01 1.540039062500000000e+00
9.525517987006560361e+01 9.052734375000000000e-01
9.551146980644784890e+01 8.300781250000000000e-01
9.575822319835174312e+01 7.177734375000000000e-01
9.601124230568848361e+01 2.459472656250000000e+00
9.626664251084685020e+01 3.555664062500000000e+00
9.651588747933590184e+01 2.812988281250000000e+00
9.676730462794830601e+01 2.854492187500000000e+00
9.702509071272766050e+01 1.824707031250000000e+00
9.727815767170568506e+01 1.497070312500000000e+00
9.753267049289684110e+01 1.185546875000000000e+00
9.778275982092770846e+01 2.155273437500000000e+00
9.804032790428027511e+01 2.795898437500000000e+00
9.829195773332435238e+01 2.005371093750000000e+00
9.855277767501013386e+01 1.758300781250000000e+00
9.880045385577204797e+01 1.456542968750000000e+00
9.904981410564414546e+01 -4.238281250000000000e-01
9.930724800135794794e+01 -7.275390625000000000e-01
9.955564144166532969e+01 4.453125000000000000e-01
9.980402392723158300e+01 2.294921875000000000e-01
1.000633135038006003e+02 5.878906250000000000e-01
1.003148568979570427e+02 -8.139648437500000000e-01
1.005680504383376501e+02 -1.502929687500000000e+00
1.008209664140200630e+02 -1.343750000000000000e+00
1.010725384234882540e+02 -1.280273437500000000e+00
1.013174876800519542e+02 2.441406250000000000e-01
1.015803307984440380e+02 -1.812500000000000000e+00
1.018346986460913968e+02 -1.724609375000000000e+00
1.020863006926156231e+02 -9.482421875000000000e-01
1.023458183122525043e+02 -8.530273437500000000e-01
1.025910276595927826e+02 -7.788085937500000000e-01
1.028463782316898687e+02 -9.995117187500000000e-01
1.030954440062722597e+02 -3.901367187500000000e-01
1.033532228763797320e+02 -1.124023437500000000e+00
1.036046191750731396e+02 -2.106445312500000000e+00
1.038579425415514379e+02 -4.624023437500000000e-01
1.041108659362331537e+02 1.704101562500000000e+00
1.043584911463253775e+02 -2.387695312500000000e-01
1.046155794645711694e+02 -1.438964843750000000e+00
1.048701757089563671e+02 -6.738281250000000000e-02
1.051179837800489167e+02 -6.582031250000000000e-01
1.053716391039016571e+02 9.350585937500000000e-01
1.056275146358068469e+02 -1.630859375000000000e-01
1.058824901512454062e+02 1.462402343750000000e+00
1.061354200279031375e+02 5.429687500000000000e-01
1.063835459839367559e+02 2.596679687500000000e+00
1.066385498120799866e+02 1.407714843750000000e+00
1.068931205507667528e+02 2.441406250000000000e-02
1.071416749059999347e+02 2.085937500000000000e+00
1.073946093521336707e+02 1.014648437500000000e+00
1.076491700537278575e+02 1.704101562500000000e+00
1.079054604120575505e+02 -6.904296875000000000e-01
1.081583998639919173e+02 -9.863281250000000000e-02
1.084081195197485386e+02 7.934570312500000000e-01
1.086615200109264379e+02 3.105468750000000000e-01
1.089172710200011807e+02 -2.039550781250000000e+00
1.091723710904335576e+02 2.031250000000000000e-01
1.094098416299157179e+02 -8.691406250000000000e-02
1.096909615707056673e+02 6.455078125000000000e-01
1.099268674646259569e+02 -6.206054687500000000e-01
1.101813815161524417e+02 -1.329101562500000000e+00
1.104439024379971670e+02 -1.556640625000000000e+00
1.106829290308301097e+02 -3.820312500000000000e+00
1.109390027179231311e+02 -5.961914062500000000e+00
1.111937814475127198e+02 -4.178222656250000000e+00
1.114526889335737678e+02 -4.585937500000000000e+00
1.116973384995551442e+02 -5.632812500000000000e+00
1.119560397701352485e+02 -3.708007812500000000e+00
1.121888527479231925e+02 -5.076171875000000000e+00
1.124544933361894437e+02 -3.681640625000000000e+00
1.127136642438205172e+02 -2.661621093750000000e+00
1.129715474605832242e+02 -4.001464843750000000e+00
1.132105469103107680e+02 -4.468750000000000000e+00
1.134727825435163595e+02 -4.245117187500000000e+00
1.137213937633268870e+02 -2.946289062500000000e+00
1.139743700352738642e+02 -7.412109375000000000e-01
1.142299153927790485e+02 1.372558593750000000e+00
1.144852209290985456e+02 6.005859375000000000e-02
1.147382055000282435e+02 -1.004882812500000000e+00
1.149870145387583307e+02 -2.385742187500000000e+00
1.152412801381834697e+02 -1.186523437500000000e-01
1.154957165192370212e+02 1.312500000000000000e+00
1.157443458021725746e+02 6.699218750000000000e-01
1.159973392946195645e+02 9.145507812500000000e-01
1.162510496198551664e+02 1.789062500000000000e+00
1.165081900435908437e+02 1.235351562500000000e+00
1.167618980785296117e+02 1.222167968750000000e+00
1.170105514352452474e+02 1.197753906250000000e+00
1.172642491559091695e+02 2.631835937500000000e-01
1.175186481182297484e+02 2.012695312500000000e+00
1.177672953165447325e+02 8.076171875000000000e-01
1.180203081582950517e+02 2.045410156250000000e+00
1.182756918248499005e+02 1.834472656250000000e+00
1.185311588489786345e+02 2.339843750000000000e+00
1.187848575183920730e+02 1.938476562500000000e-01
1.190334478821185940e+02 9.663085937500000000e-01
1.192872177449318087e+02 2.241699218750000000e+00
1.195425502387745382e+02 5.136718750000000000e-01
1.197980683111674125e+02 8.046875000000000000e-01
1.200511051703590510e+02 6.738281250000000000e-02
1.202995363291308877e+02 -5.048828125000000000e-01
1.205541270930917790e+02 3.203125000000000000e-01
1.208084604269731699e+02 -1.688476562500000000e+00
1.210563433247824605e+02 -2.939453125000000000e-01
1.213180290292741574e+02 6.542968750000000000e-02
1.215654360488890688e+02 -1.111328125000000000e+00
1.218131871573486933e+02 -1.631835937500000000e+00
1.220747196644474570e+02 2.583007812500000000e-01
1.223232066123617869e+02 -1.214355468750000000e+00
1.225770948744576572e+02 3.422851562500000000e-01
1.228322934139407607e+02 -1.366210937500000000e+00
1.230879452235168401e+02 1.606445312500000000e-01
1.233416227166339922e+02 -7.202148437500000000e-01
1.235883209540418193e+02 -6.250000000000000000e-02
1.238440036243738405e+02 -5.913085937500000000e-01
1.240970894846188912e+02 -2.635742187500000000e+00
1.243469727149995379e+02 1.624023437500000000e+00
1.246079464543665836e+02 -2.119140625000000000e-01
1.248551777153854800e+02 -6.508789062500000000e-01
1.251030208739457521e+02 3.964843750000000000e-01
1.253645802739260944e+02 -1.082031250000000000e+00
1.256120617661406413e+02 -3.027343750000000000e-01
1.258669705131397905e+02 6.196289062500000000e-01
1.261211861902172586e+02 5.292968750000000000e-01
1.263769021984908250e+02 -3.613281250000000000e-02
1.266230286455285068e+02 3.388671875000000000e-01
1.268772265420027452e+02 -2.006835937500000000e+00
1.271344106055061047e+02 7.343750000000000000e-01
1.273897151552343985e+02 -1.416015625000000000e-01
1.276358551696702079e+02 -2.234863281250000000e+00
1.278899366567312654e+02 -2.329101562500000000e+00
1.281441040169281678e+02 -1.022460937500000000e+00
1.284000604581390235e+02 -1.182617187500000000e+00
1.286532022820086922e+02 -1.191406250000000000e+00
1.289017432131192891e+02 -8.154296875000000000e-01
1.291560927041293780e+02 -1.758300781250000000e+00
1.294104933502235326e+02 -1.605957031250000000e+00
1.296597363084501922e+02 4.423828125000000000e-01
1.299200866368031484e+02 9.018554687500000000e-01
1.301665475245022208e+02 2.097656250000000000e+00
1.304229573615496065e+02 1.495605468750000000e+00
1.306769336893205491e+02 2.803710937500000000e+00
1.309256078929919340e+02 2.242187500000000000e+00
1.311708067101225197e+02 3.363281250000000000e+00
1.314334488414529005e+02 1.895507812500000000e+00
1.316826681736847604e+02 2.327148437500000000e+00
1.319430162330703524e+02 1.957519531250000000e+00
1.321906797929125332e+02 -8.789062500000000000e-03
1.324458538014271198e+02 2.290039062500000000e-01
1.326990609172192990e+02 8.657226562500000000e-01
1.329484980716969176e+02 1.423828125000000000e+00
1.331919035519724730e+02 -2.685546875000000000e-01
1.334564034490826998e+02 -1.306152343750000000e+00
1.337116480144105708e+02 -1.016601562500000000e+00
1.339659471468024776e+02 6.201171875000000000e-01
1.342142786708616313e+02 3.339843750000000000e-01
1.344687391640557053e+02 6.767578125000000000e-01
1.347229306757956238e+02 -8.066406250000000000e-01
1.349724600220206412e+02 6.562500000000000000e-01
1.352318787525396147e+02 -1.083984375000000000e-01
1.354804142515361036e+02 1.409667968750000000e+00
1.357285032185309319e+02 2.402343750000000000e-01
1.359888795781247381e+02 -3.842773437500000000e-01
1.362535282408384774e+02 -3.779296875000000000e-01
1.364916350857322414e+02 -1.530761718750000000e+00
1.367462572073013689e+02 -2.270019531250000000e+00
1.369953854597324607e+02 -3.769531250000000000e-01
1.372476667278763216e+02 -5.498046875000000000e-01
1.375023102726950128e+02 9.179687500000000000e-02
1.377584989778126783e+02 -3.295898437500000000e-01
1.380128601114713547e+02 -2.304687500000000000e-01
1.382622666762463268e+02 5.673828125000000000e-01
1.385145305527851178e+02 -1.162109375000000000e-01
1.387694881125187294e+02 3.906250000000000000e-03
1.390164983424459706e+02 -1.217285156250000000e+00
1.392803222035051931e+02 -1.118164062500000000e+00
1.395273345900844788e+02 2.827148437500000000e-01
1.397813943722806016e+02 -1.535156250000000000e+00
1.400358613362052438e+02 -6.289062500000000000e-01
1.403015079353947385e+02 -6.816406250000000000e-01
1.405444615980409253e+02 -8.398437500000000000e-02
1.407923897698326527e+02 -1.750000000000000000e+00
1.410482579952670221e+02 -8.793945312500000000e-01
1.413027915733339341e+02 -1.376953125000000000e-01
1.415497000637521978e+02 -2.011718750000000000e+00
1.418113104842154826e+02 -2.700195312500000000e+00
1.420592562326835377e+02 -2.224609375000000000e+00
1.423151215304144444e+02 -3.007812500000000000e+00
1.425673334771304326e+02 -2.742187500000000000e+00
1.428159144112262311e+02 -9.233398437500000000e-01
1.430711529075681483e+02 -4.936523437500000000e-01
1.433261216071675790e+02 -2.237304687500000000e+00
1.435749831443090443e+02 -1.875000000000000000e+00
1.438341837464354285e+02 -3.139648437500000000e+00
1.440821536817072683e+02 1.054687500000000000e-01
1.443380164206294012e+02 -1.800781250000000000e+00
1.445902076774905254e+02 -1.216796875000000000e+00
1.448393985337431786e+02 -1.457031250000000000e+00
1.451010348034646995e+02 -1.701171875000000000e+00
1.453489070477185123e+02 -4.155273437500000000e-01
1.455948167797480437e+02 1.271972656250000000e+00
1.458513774510284975e+02 3.061035156250000000e+00
1.461050487361769683e+02 6.083984375000000000e-01
1.463705152880659170e+02 -2.998046875000000000e-01
1.466158040843470189e+02 2.602539062500000000e-01
1.468635152406185398e+02 -2.451171875000000000e-01
1.471074540930173953e+02 -2.714843750000000000e-01
1.473730822927798272e+02 -8.222656250000000000e-01
1.476380786397885458e+02 3.227539062500000000e-01
1.478799372249518456e+02 -7.421875000000000000e-02
1.481316449461655793e+02 -1.349609375000000000e+00
1.483768460604687789e+02 1.572265625000000000e+00
1.486387312888921315e+02 3.079101562500000000e+00
1.488876816929105189e+02 1.733398437500000000e+00
1.491398369554929104e+02 1.145996093750000000e+00
1.493959448126086045e+02 -1.354492187500000000e+00
1.496506688851743547e+02 -8.847656250000000000e-01
1.499042401330901839e+02 -2.495117187500000000e-01
1.501341199984153718e+02 1.440429687500000000e+00
1.504081383154917830e+02 2.560058593750000000e+00
1.506617350633980550e+02 6.933593750000000000e-01
1.509092869705872317e+02 3.432617187500000000e+00
1.511731040752119952e+02 2.678222656250000000e+00
1.514188092513111314e+02 1.347656250000000000e+00
1.516735633892942587e+02 2.348632812500000000e-01
1.519286668357683538e+02 -1.835937500000000000e-01
1.521761445233004224e+02 -2.763671875000000000e-01
1.524365294823833210e+02 -3.085937500000000000e-01
1.526856546859532955e+02 6.923828125000000000e-01
1.529404265782552557e+02 1.172363281250000000e+00
1.531925572348877722e+02 1.133789062500000000e+00
1.534416757895057799e+02 6.406250000000000000e-01
1.537033870622794893e+02 5.869140625000000000e-01
1.539485854409390413e+02 4.479492187500000000e+00
1.541990296753118628e+02 2.940917968750000000e+00
1.544594154086112212e+02 1.293945312500000000e+00
1.547046138032196723e+02 9.384765625000000000e-01
1.549648932193377959e+02 1.924316406250000000e+00
1.552100995376678156e+02 6.059570312500000000e-01
1.554849772315544669e+02 -1.229492187500000000e+00
1.557193521094025073e+02 -2.956542968750000000e+00
1.559549369399508123e+02 -4.783203125000000000e+00
1.562232630140561014e+02 -5.327148437500000000e+00
1.564823038952849856e+02 -4.278320312500000000e+00
1.567340961335567044e+02 -2.699218750000000000e+00
1.569931346807748014e+02 -1.613281250000000000e+00
1.572416070417395986e+02 -4.058593750000000000e+00
1.574901288071696399e+02 -3.305664062500000000e+00
1.577353284851405988e+02 -8.505859375000000000e-01
1.579976792499303428e+02 -1.888671875000000000e+00
1.582599958024907210e+02 -5.976562500000000000e-01
1.585051948905852441e+02 6.044921875000000000e-01
1.587540079818745653e+02 4.736328125000000000e-02
1.590160263410466541e+02 4.736328125000000000e-01
1.592648510819844887e+02 -3.339843750000000000e-01
1.595130252486187601e+02 -1.154296875000000000e+00
1.597651410370829126e+02 -1.039550781250000000e+00
1.600224859930839330e+02 2.144042968750000000e+00
1.602759729296315072e+02 1.366210937500000000e+00
1.605298158400277089e+02 3.343750000000000000e+00
1.607798885910733588e+02 2.630859375000000000e+00
1.610250877773059983e+02 3.096679687500000000e+00
1.612879658867357193e+02 1.125000000000000000e+00
1.615428362276118150e+02 -3.637695312500000000e-01
1.617949526724873976e+02 1.710937500000000000e+00
1.620439905097562132e+02 9.384765625000000000e-01
1.622988675437056827e+02 1.806640625000000000e-01
1.625545470507943264e+02 1.743164062500000000e+00
1.628000153635191509e+02 1.967773437500000000e+00
1.630636122295130690e+02 6.616210937500000000e-01
1.633108432238484511e+02 1.494140625000000000e-01
1.635657309707360128e+02 9.638671875000000000e-01
1.638196646603195177e+02 1.369628906250000000e+00
1.640666912294630038e+02 1.025390625000000000e-01
1.643203751593501920e+02 -1.322265625000000000e+00
1.645775507109804039e+02 -1.197265625000000000e+00
1.648395174590145871e+02 -2.841796875000000000e-01
1.650847176131169363e+02 -3.339843750000000000e-01
1.653336728619351561e+02 -8.393554687500000000e-01
1.655872360396243721e+02 -1.532714843750000000e+00
1.658444821848036099e+02 -3.061523437500000000e+00
1.660980673190061907e+02 -4.804687500000000000e-01
1.663432663685090347e+02 -3.399414062500000000e+00
1.665986699778717366e+02 -1.295898437500000000e+00
1.668540978959791801e+02 -7.749023437500000000e-01
1.670992996251283103e+02 -1.564941406250000000e+00
1.673566155605431049e+02 1.530761718750000000e+00
1.676101465330924611e+02 2.495117187500000000e+00
1.678674598534735196e+02 1.181152343750000000e+00
1.681209935156242636e+02 1.560058593750000000e+00
1.683744898413528972e+02 3.075195312500000000e+00
1.686215762599096024e+02 3.561523437500000000e+00
1.688769924565023075e+02 4.476074218750000000e+00
1.691305254870417230e+02 2.822265625000000000e+00
1.694082583214586748e+02 2.930664062500000000e+00
1.696248410763448646e+02 4.384765625000000000e+00
1.698903197993611229e+02 3.910156250000000000e+00
1.701540738224249480e+02 4.554199218750000000e+00
1.703973973711140388e+02 3.593750000000000000e+00
1.706464538863683629e+02 2.205566406250000000e+00
1.709082328976251119e+02 1.166015625000000000e+00
1.711553063199900180e+02 1.666503906250000000e+00
1.714026310411074974e+02 1.093750000000000000e-01
1.716560566023202909e+02 -1.529785156250000000e+00
1.719114805773773469e+02 2.617187500000000000e+00
1.721955392694903821e+02 -1.029296875000000000e+00
1.724257997017210755e+02 4.833984375000000000e-02
1.726693993332546597e+02 3.276367187500000000e-01
1.729244094134292027e+02 2.802734375000000000e-01
1.731800682560613041e+02 1.201171875000000000e-01
1.734285347487189028e+02 -2.560546875000000000e+00
1.736804645073816573e+02 -2.791503906250000000e+00
1.739364914794216475e+02 -4.702148437500000000e+00
1.741846069190819435e+02 -1.942382812500000000e+00
1.744432198832178074e+02 -2.899414062500000000e+00
1.746925626159511467e+02 -2.324218750000000000e+00
1.749473679616921800e+02 -2.893066406250000000e+00
1.752011096402676458e+02 -2.451660156250000000e+00
1.754515383525090328e+02 -1.458007812500000000e+00
1.757119441621144915e+02 -2.822753906250000000e+00
1.759594922650805984e+02 5.986328125000000000e-01
1.762142720110123264e+02 2.142578125000000000e+00
1.764698237187446921e+02 1.903320312500000000e+00
1.767170165381338620e+02 1.030761718750000000e+00
1.769703277993785377e+02 1.455078125000000000e+00
1.772264218118809822e+02 5.166015625000000000e+00
1.774811765957447278e+02 5.035644531250000000e+00
1.777330134038088545e+02 2.465820312500000000e+00
1.779824923799617409e+02 9.472656250000000000e-01
1.782306139712477489e+02 4.345703125000000000e-01
1.784927203402883151e+02 -5.546875000000000000e-01
1.787480816560409949e+02 -2.489746093750000000e+00
1.789998923335765539e+02 -6.721679687500000000e+00
1.792494212051035447e+02 -5.177734375000000000e+00
1.795041381181317774e+02 -5.326171875000000000e+00
1.797595863487701990e+02 -5.249023437500000000e+00
1.800069480750297544e+02 -6.056640625000000000e+00
1.802667724798843665e+02 -7.775390625000000000e+00
1.805156197048097511e+02 -4.689453125000000000e+00
1.807644765901445680e+02 -2.447265625000000000e+00
1.810228143508898029e+02 -2.707031250000000000e+00
1.812753359177681887e+02 -1.231445312500000000e+00
1.815205484357670684e+02 -2.300781250000000000e+00
1.817824874455516238e+02 2.109375000000000000e-01
1.820314077324169375e+02 1.049804687500000000e+00
1.822831582071039520e+02 2.413574218750000000e+00
1.825393479799106444e+02 2.774414062500000000e+00
1.827860196202763063e+02 3.109863281250000000e+00
1.830326919834647015e+02 2.797851562500000000e+00
1.832954176334253589e+02 5.625000000000000000e-01
1.835518710035063350e+02 9.824218750000000000e-01
1.838157070477818706e+02 2.199218750000000000e+00
1.840544104093664828e+02 1.481445312500000000e+00
1.843144245161530534e+02 3.774414062500000000e-01
1.845623449650822749e+02 2.497070312500000000e+00
1.848090193108236008e+02 5.717773437500000000e-01
1.850686668138546338e+02 4.327148437500000000e+00
1.853198776853513436e+02 2.944335937500000000e+00
1.855730305039169252e+02 5.817382812500000000e+00
1.858269915362601523e+02 3.667480468750000000e+00
1.860774125512784849e+02 6.712890625000000000e+00
1.863355521944281463e+02 6.374023437500000000e+00
1.865868062811586015e+02 3.987792968750000000e+00
1.868399387730814851e+02 5.195312500000000000e+00
1.870938977869576547e+02 2.910156250000000000e+00
1.873507889977800005e+02 4.603027343750000000e+00
1.876024387816464696e+02 5.306640625000000000e+00
1.878347677785518499e+02 7.515625000000000000e+00
1.881068473376499242e+02 1.061083984375000000e+01
1.883584844900428834e+02 4.864257812500000000e+00
1.886279149682914067e+02 1.894042968750000000e+00
1.888693264717835518e+02 5.351562500000000000e-01
1.891180831767021573e+02 -8.886718750000000000e-02
1.893615098008450559e+02 -2.185058593750000000e+00
1.896207382286189613e+02 -2.179687500000000000e+00
