#Time Flux
-2.724473947185332534e+00 -3.378906250000000000e+00
-2.713640965217731349e+00 -1.187500000000000000e+00
-2.702548289836860462e+00 -2.468750000000000000e+00
-2.691534325048364096e+00 -3.115234375000000000e+00
-2.680704975765495490e+00 -2.457031250000000000e+00
-2.669882958417010954e+00 -3.566406250000000000e+00
-2.659034454462762653e+00 -1.718750000000000000e-01
-2.648019146497627929e+00 -2.542968750000000000e+00
-2.637135346569650096e+00 -1.910156250000000000e+00
-2.626732529016971185e+00 -2.773437500000000000e+00
-2.615473337540697329e+00 -3.839843750000000000e+00
-2.604839374856071643e+00 -2.957031250000000000e+00
-2.593287239670180711e+00 -3.109375000000000000e+00
-2.582859542592432334e+00 -1.464843750000000000e+00
-2.571648803473634004e+00 -1.896484375000000000e+00
-2.560914715455124835e+00 -1.445312500000000000e+00
-2.549679528255049732e+00 -1.871093750000000000e+00
-2.539064656535057196e+00 -3.761718750000000000e+00
-2.527894125323454588e+00 -2.707031250000000000e+00
-2.517061196451372496e+00 -1.916015625000000000e+00
-2.506151660932966152e+00 -3.482421875000000000e+00
-2.495398588720805222e+00 -1.591796875000000000e+00
-2.484035299112532513e+00 -2.878906250000000000e+00
-2.473627437453199462e+00 -2.617187500000000000e-01
-2.462362189886281527e+00 -3.085937500000000000e+00
-2.451721312645773310e+00 -1.886718750000000000e+00
-2.440628158551385596e+00 -1.896484375000000000e+00
-2.429780098493656837e+00 -7.265625000000000000e-01
-2.419366934887024811e+00 -1.355468750000000000e+00
-2.408168005816646584e+00 -2.796875000000000000e+00
-2.397135374901532501e+00 -2.226562500000000000e-01
-2.385821929508185946e+00 -2.531250000000000000e+00
-2.374894606638648042e+00 -4.687500000000000000e-01
-2.364193571160377871e+00 -1.949218750000000000e+00
-2.352889126178061119e+00 -1.261718750000000000e+00
-2.342341522671434362e+00 -2.714843750000000000e-01
-2.331222978020033310e+00 -1.265625000000000000e+00
-2.320418056385657124e+00 -2.781250000000000000e+00
-2.309772776398583360e+00 -6.855468750000000000e-01
-2.298629533673208769e+00 -2.625000000000000000e+00
-2.288071928137160427e+00 -1.054687500000000000e+00
-2.276922403738664613e+00 -2.712890625000000000e+00
-2.266312881624335418e+00 -2.501953125000000000e+00
-2.255032170779251999e+00 -1.449218750000000000e+00
-2.244490338363922532e+00 -1.425781250000000000e+00
-2.233333684586780166e+00 -1.294921875000000000e+00
-2.222233675243051820e+00 -1.271484375000000000e+00
-2.211231230838695438e+00 -3.515625000000000000e-01
-2.200323725460860302e+00 -1.251953125000000000e+00
-2.189205132714507229e+00 -2.068359375000000000e+00
-2.178533692285396839e+00 -6.601562500000000000e-01
-2.167541918040315707e+00 -2.207031250000000000e+00
-2.156821687811120825e+00 -1.644531250000000000e+00
-2.145758860750305530e+00 3.789062500000000000e-01
-2.135047765795002661e+00 -6.386718750000000000e-01
-2.123808862886225057e+00 -1.187500000000000000e+00
-2.112967427734350423e+00 -1.847656250000000000e+00
-2.102373164600669142e+00 -2.113281250000000000e+00
-2.091014459308071949e+00 -2.285156250000000000e+00
-2.080413921924431975e+00 -1.214843750000000000e+00
-2.069142364203704787e+00 -8.769531250000000000e-01
-2.058350894646844509e+00 -2.376953125000000000e+00
-2.047113196724977158e+00 -1.242187500000000000e+00
-2.036642249717528941e+00 -2.029296875000000000e+00
-2.025615418302132653e+00 -5.195312500000000000e-01
-2.014898200019503705e+00 -2.640625000000000000e+00
-2.003802781635874553e+00 -1.175781250000000000e+00
-1.993216022934042542e+00 4.296875000000000000e-01
-1.982054121002965630e+00 -1.003906250000000000e+00
-1.971414910490254968e+00 1.154296875000000000e+00
-1.960147581840525177e+00 -1.726562500000000000e+00
-1.949459798055997339e+00 -7.558593750000000000e-01
-1.938372310134527154e+00 -2.175781250000000000e+00
-1.927548949214523688e+00 -5.507812500000000000e-01
-1.916447684284014130e+00 -1.230468750000000000e+00
-1.905612071298103061e+00 -3.046875000000000000e+00
-1.894612231016166604e+00 -1.066406250000000000e+00
-1.883592538011088280e+00 -1.023437500000000000e+00
-1.872708221888325753e+00 -1.431640625000000000e+00
-1.861610787111223075e+00 6.054687500000000000e-01
-1.850603766253861693e+00 1.390625000000000000e+00
-1.840139358942520786e+00 -1.203125000000000000e+00
-1.829116510022089415e+00 -4.882812500000000000e-01
-1.818292394129189304e+00 -9.121093750000000000e-01
-1.807898992178618158e+00 -8.339843750000000000e-01
-1.796344390390450130e+00 1.875000000000000000e-01
-1.785615895394823127e+00 1.312500000000000000e+00
-1.774740185018755412e+00 5.390625000000000000e-01
-1.763692855450623043e+00 1.310546875000000000e+00
-1.752721318841739873e+00 5.351562500000000000e-01
-1.741451471234270798e+00 -3.515625000000000000e-02
-1.730867773858280501e+00 -1.027343750000000000e+00
-1.719475433730673686e+00 -1.558593750000000000e+00
-1.709086135513040006e+00 -3.984375000000000000e-01
-1.698291136832215997e+00 -2.539062500000000000e-01
-1.687140976138998383e+00 7.070312500000000000e-01
-1.676561702385816588e+00 6.250000000000000000e-02
-1.665307826925106482e+00 1.222656250000000000e+00
-1.654819675575950555e+00 3.398437500000000000e-01
-1.643481478046252775e+00 4.902343750000000000e-01
-1.632717341589689397e+00 8.945312500000000000e-01
-1.621722892847264674e+00 -3.613281250000000000e-01
-1.610854158893289423e+00 3.984375000000000000e-01
-1.599913911076674466e+00 1.386718750000000000e-01
-1.589093121641145245e+00 -3.828125000000000000e-01
-1.577982439453720076e+00 -6.601562500000000000e-01
-1.567166944851143384e+00 -2.232421875000000000e+00
-1.555952355543276155e+00 1.968750000000000000e+00
-1.545585683959018297e+00 9.746093750000000000e-01
-1.534011699117085570e+00 -5.468750000000000000e-02
-1.523367409282954554e+00 -1.507812500000000000e+00
-1.512205176007357821e+00 1.130859375000000000e+00
-1.501483474910438431e+00 1.937500000000000000e+00
-1.490193585409381072e+00 -5.898437500000000000e-01
-1.479686830979430212e+00 7.128906250000000000e-01
-1.468926501113548611e+00 -7.617187500000000000e-02
-1.458014504981701265e+00 9.960937500000000000e-01
-1.446980810654880045e+00 8.046875000000000000e-01
-1.435987993926920225e+00 -6.562500000000000000e-01
-1.425038451985988885e+00 5.976562500000000000e-01
-1.414101876589358042e+00 1.103515625000000000e+00
-1.403585812214098283e+00 1.277343750000000000e+00
-1.392213387242899003e+00 9.941406250000000000e-01
-1.381617168094390280e+00 2.929687500000000000e-01
-1.370288629331282593e+00 1.328125000000000000e+00
-1.359873126188736236e+00 -1.919921875000000000e+00
-1.348352372915927688e+00 -7.871093750000000000e-01
-1.338009739020291633e+00 -7.714843750000000000e-01
-1.326693435183793568e+00 1.367187500000000000e+00
-1.316045316119801356e+00 1.156250000000000000e+00
-1.304947940472574786e+00 1.062500000000000000e+00
-1.294094082440954807e+00 -7.910156250000000000e-01
-1.283242308289285205e+00 1.363281250000000000e+00
-1.272316903796690823e+00 1.402343750000000000e+00
-1.261162854602245531e+00 8.652343750000000000e-01
-1.250135301866338366e+00 8.437500000000000000e-01
-1.239370641829456332e+00 1.792968750000000000e+00
-1.228488084097866917e+00 -3.984375000000000000e-01
-1.217307161945154093e+00 2.089843750000000000e-01
-1.206364090789699972e+00 4.609375000000000000e-01
-1.196201035537532320e+00 -3.906250000000000000e-02
-1.184767074322246927e+00 -1.277343750000000000e+00
-1.174534421502849924e+00 4.453125000000000000e-01
-1.162908618429801422e+00 -5.078125000000000000e-02
-1.152483557355539645e+00 1.660156250000000000e+00
-1.141307391069402044e+00 -8.847656250000000000e-01
-1.130568620626416276e+00 1.519531250000000000e+00
-1.119123290350490407e+00 4.453125000000000000e-01
-1.108692218076040348e+00 -3.906250000000000000e-03
-1.097559484231988236e+00 -3.437500000000000000e-01
-1.086366934718045130e+00 1.273437500000000000e+00
-1.075694300085315191e+00 9.648437500000000000e-01
-1.065051068674025103e+00 9.218750000000000000e-01
-1.053722820908824076e+00 9.726562500000000000e-01
-1.042896083755019632e+00 2.656250000000000000e-01
-1.031858724116295534e+00 6.562500000000000000e-01
-1.020823855202737107e+00 7.089843750000000000e-01
-1.010465507587952061e+00 1.132812500000000000e-01
-9.992134559960152984e-01 2.011718750000000000e+00
-9.883855887632844173e-01 4.921875000000000000e-01
-9.773646259383035328e-01 -9.726562500000000000e-01
-9.667811789017068946e-01 1.214843750000000000e+00
-9.555156978469518947e-01 1.691406250000000000e+00
-9.448687305282295057e-01 1.455078125000000000e+00
-9.339580653682961753e-01 1.466796875000000000e+00
-9.225152550058641765e-01 1.078125000000000000e+00
-9.118988272503543158e-01 1.363281250000000000e+00
-9.006682940555137407e-01 1.257812500000000000e+00
-8.899856716487057895e-01 1.390625000000000000e+00
-8.786783494761944979e-01 1.019531250000000000e+00
-8.682827540833475410e-01 7.773437500000000000e-01
-8.568270385621641339e-01 1.503906250000000000e+00
-8.465717606471496737e-01 -8.925781250000000000e-01
-8.354927086884895715e-01 1.085937500000000000e+00
-8.245539401154466930e-01 3.125000000000000000e-01
-8.135211969410960364e-01 1.136718750000000000e+00
-8.027334487740347413e-01 2.113281250000000000e+00
-7.919527249640765376e-01 3.828125000000000000e-01
-7.809763458623866228e-01 1.517578125000000000e+00
-7.702464654838880875e-01 1.828125000000000000e+00
-7.588835744861928134e-01 -5.175781250000000000e-01
-7.481965106332886251e-01 8.515625000000000000e-01
-7.368477988072310580e-01 3.134765625000000000e+00
-7.264252398205055528e-01 6.386718750000000000e-01
-7.151899271120267798e-01 2.804687500000000000e+00
-7.045523829677602379e-01 1.171875000000000000e+00
-6.933109165355038073e-01 8.828125000000000000e-01
-6.825906487294748359e-01 -1.169921875000000000e+00
-6.717656405848728696e-01 9.843750000000000000e-01
-6.606569988943586935e-01 -3.750000000000000000e-01
-6.497802474788691995e-01 -4.335937500000000000e-01
-6.387286786945853834e-01 1.347656250000000000e+00
-6.281073924817697218e-01 -6.445312500000000000e-01
-6.169840147441778555e-01 1.890625000000000000e+00
-6.066708231955502129e-01 1.847656250000000000e+00
-5.950799180448900216e-01 1.130859375000000000e+00
-5.838680419271433664e-01 1.306640625000000000e+00
-5.732617217208986204e-01 7.421875000000000000e-02
-5.629685099498686895e-01 8.398437500000000000e-01
-5.514596631841630625e-01 4.550781250000000000e-01
-5.409809401010914343e-01 2.265625000000000000e-01
-5.296699802471067642e-01 2.490234375000000000e+00
-5.187238273431482583e-01 1.126953125000000000e+00
-5.080588727141179817e-01 3.218750000000000000e+00
-4.971343350762129631e-01 9.023437500000000000e-01
-4.859913830953974667e-01 1.046875000000000000e+00
-4.745659124289005604e-01 1.519531250000000000e+00
-4.642454334192205323e-01 1.359375000000000000e+00
-4.532051230774403194e-01 1.425781250000000000e+00
-4.424346409356907373e-01 7.031250000000000000e-01
-4.316059960709619503e-01 6.328125000000000000e-01
-4.202849550604366158e-01 1.312500000000000000e+00
-4.097646693199710199e-01 1.779296875000000000e+00
-3.987256101921445861e-01 9.199218750000000000e-01
-3.878703395634719442e-01 1.367187500000000000e-02
-3.764944419409808063e-01 -1.435546875000000000e+00
-3.660054043398215384e-01 1.410156250000000000e+00
-3.546667497840605421e-01 -6.894531250000000000e-01
-3.445290537309588785e-01 7.500000000000000000e-01
-3.330488762212375775e-01 5.859375000000000000e-02
-3.223413374920518493e-01 -4.335937500000000000e-01
-3.109918221250200787e-01 -3.632812500000000000e-01
-3.006650445566076968e-01 1.972656250000000000e+00
-2.890643256029665764e-01 5.351562500000000000e-01
-2.787560194864422414e-01 1.437500000000000000e+00
-2.673547640075604193e-01 6.562500000000000000e-01
-2.565676769479843244e-01 -2.500000000000000000e-01
-2.453121451992235080e-01 -7.363281250000000000e-01
-2.346396261369321223e-01 1.015625000000000000e+00
-2.241566170451729789e-01 1.322265625000000000e+00
-2.130261540470606008e-01 -6.953125000000000000e-01
-2.023375277709629216e-01 1.697265625000000000e+00
-1.910870277769660674e-01 1.035156250000000000e+00
-1.805104479565695641e-01 1.566406250000000000e+00
-1.692781370909699490e-01 9.218750000000000000e-01
-1.586310639333738948e-01 -4.531250000000000000e-01
-1.475012416653989078e-01 1.117187500000000000e+00
-1.368866368394279220e-01 -1.492187500000000000e+00
-1.253786806048626801e-01 -9.062500000000000000e-01
-1.147365629781926799e-01 2.351562500000000000e+00
-1.037316571693889244e-01 9.765625000000000000e-02
-9.310502670613018950e-02 4.921875000000000000e-01
-8.209343975754102019e-02 -5.253906250000000000e-01
-7.110783622507632629e-02 1.304687500000000000e+00
-5.970165656397341536e-02 2.351562500000000000e+00
-4.915350045232180776e-02 3.710937500000000000e-02
-3.809852834086946416e-02 -5.859375000000000000e-02
-2.722010858992085502e-02 1.054687500000000000e-01
-1.631829331216394507e-02 -3.867187500000000000e-01
-5.291892469083236961e-03 -4.082031250000000000e-01
5.232257203772405774e-03 -1.451171875000000000e+00
1.641029275595151660e-02 -9.179687500000000000e-02
2.676883018027798045e-02 -1.517578125000000000e+00
3.817282902780760878e-02 -1.628906250000000000e+00
4.928908251929797757e-02 -9.960937500000000000e-02
6.009583533615803219e-02 1.367187500000000000e-02
7.061440781634331643e-02 1.958984375000000000e+00
8.192181631083705895e-02 -1.457031250000000000e+00
9.271841356809407131e-02 -1.585937500000000000e+00
1.038450002338411338e-01 -4.570312500000000000e-01
1.147224830526631933e-01 -3.828125000000000000e-01
1.255110176702647351e-01 3.710937500000000000e-01
1.366349357800435982e-01 -4.296875000000000000e-01
1.474282955092984793e-01 1.277343750000000000e+00
1.588765105064311456e-01 -8.710937500000000000e-01
1.693096104114921729e-01 8.828125000000000000e-01
1.801688081340628855e-01 -1.812500000000000000e+00
1.908783570393177698e-01 3.066406250000000000e-01
2.018423696473963247e-01 -1.367187500000000000e+00
2.131136475925998752e-01 3.906250000000000000e-02
2.236618254381967930e-01 -1.066406250000000000e+00
2.345130141432072435e-01 -2.441406250000000000e+00
2.455601871847985507e-01 -9.375000000000000000e-02
2.568421630072936779e-01 -4.511718750000000000e-01
2.676375613376675844e-01 -1.267578125000000000e+00
2.787650566373702787e-01 -1.812500000000000000e+00
2.892516798310902360e-01 2.480468750000000000e-01
3.003939668569906019e-01 1.082031250000000000e+00
3.108915832414549385e-01 8.710937500000000000e-01
3.223453583580493387e-01 -8.476562500000000000e-01
3.330113813077879570e-01 -1.554687500000000000e+00
3.443344876959075762e-01 -1.646484375000000000e+00
3.547308196215244180e-01 -6.562500000000000000e-01
3.657084113965343164e-01 -5.742187500000000000e-01
3.766566098554680053e-01 1.835937500000000000e-01
3.872085849137416602e-01 -1.101562500000000000e+00
3.985109570980638338e-01 -1.462890625000000000e+00
4.094574171308167365e-01 6.718750000000000000e-01
4.203109852402651114e-01 -2.232421875000000000e+00
4.311860945073373586e-01 -1.812500000000000000e+00
4.423374118283298628e-01 -2.703125000000000000e+00
4.532661656974745767e-01 -1.992187500000000000e-01
4.643923509671541439e-01 2.148437500000000000e-01
4.750140551976711478e-01 7.402343750000000000e-01
4.859489183285568004e-01 5.351562500000000000e-01
4.967072449799658784e-01 1.351562500000000000e+00
5.079766312512452586e-01 1.166015625000000000e+00
5.186446098898791490e-01 2.332031250000000000e+00
5.296848406476684090e-01 -1.703125000000000000e+00
5.404298173715007536e-01 2.539062500000000000e-01
5.515736559915751513e-01 1.101562500000000000e+00
5.622814276839411818e-01 -2.773437500000000000e-01
5.735983111656022260e-01 1.517578125000000000e+00
5.842220121974737168e-01 -3.554687500000000000e-01
5.953265184508023111e-01 2.656250000000000000e-01
6.061814228530213455e-01 -2.968750000000000000e-01
6.171436524799140955e-01 -8.437500000000000000e-01
6.280215732502050230e-01 -1.787109375000000000e+00
6.390901834448357022e-01 1.953125000000000000e-02
6.498497182332148014e-01 -1.296875000000000000e+00
6.607054853872877942e-01 5.312500000000000000e-01
6.716073395629607035e-01 1.066406250000000000e+00
6.822419127525574112e-01 -1.992187500000000000e-01
6.932817840951521760e-01 4.375000000000000000e-01
7.040676296406545021e-01 1.718750000000000000e-01
7.151384769876845127e-01 6.093750000000000000e-01
7.257881451555814323e-01 -7.851562500000000000e-01
7.372011375577329773e-01 -6.132812500000000000e-01
7.477510986853106445e-01 1.250000000000000000e+00
7.589310075622552887e-01 1.460937500000000000e+00
7.697551891776877042e-01 1.976562500000000000e+00
7.811896214886466794e-01 2.484375000000000000e+00
7.916121787287027090e-01 1.589843750000000000e+00
8.026490391909257838e-01 -3.593750000000000000e-01
8.137103462583592517e-01 2.074218750000000000e+00
8.245815365624640236e-01 3.500000000000000000e+00
8.353018462704984159e-01 -2.343750000000000000e-02
8.465712270515153293e-01 1.736328125000000000e+00
8.570881115291770769e-01 -5.039062500000000000e-01
8.681918711205582895e-01 2.667968750000000000e+00
8.792491858511315428e-01 2.169921875000000000e+00
8.893516925236859549e-01 3.494140625000000000e+00
9.008662204864865686e-01 2.705078125000000000e+00
9.119656121297712303e-01 2.988281250000000000e+00
9.224732687174297396e-01 1.853515625000000000e+00
9.332668939396295826e-01 2.523437500000000000e+00
9.443114110396617633e-01 3.195312500000000000e+00
9.554899714733098293e-01 3.275390625000000000e+00
9.663269480628331465e-01 3.144531250000000000e+00
9.777810604954924045e-01 3.730468750000000000e+00
9.884139413225572213e-01 2.371093750000000000e+00
9.991665912693665774e-01 3.222656250000000000e+00
1.010179146157947905e+00 2.847656250000000000e+00
1.020627163553717409e+00 3.046875000000000000e+00
1.031896929525007778e+00 2.359375000000000000e+00
1.043104354558154867e+00 3.828125000000000000e+00
1.053505356182744990e+00 3.320312500000000000e+00
1.064454787958872828e+00 5.093750000000000000e+00
1.075648673732233718e+00 4.531250000000000000e+00
1.086337019988329544e+00 4.216796875000000000e+00
1.097413337998494498e+00 3.281250000000000000e+00
1.108325293663355637e+00 3.425781250000000000e+00
1.119372148062445227e+00 5.498046875000000000e+00
1.130184997390803581e+00 4.962890625000000000e+00
1.141417524176381981e+00 3.957031250000000000e+00
1.152064977484105412e+00 3.500000000000000000e+00
1.163164230065180327e+00 6.541015625000000000e+00
1.173868295472694001e+00 4.542968750000000000e+00
1.185107676586975245e+00 4.642578125000000000e+00
1.195658162976023675e+00 5.804687500000000000e+00
1.206987539767279571e+00 5.078125000000000000e+00
1.217196903410856734e+00 3.978515625000000000e+00
1.228317570598791875e+00 4.753906250000000000e+00
1.239260443539087930e+00 4.093750000000000000e+00
1.250290201097428167e+00 6.582031250000000000e+00
1.261342868437258957e+00 5.093750000000000000e+00
1.272233864105356105e+00 4.535156250000000000e+00
1.283304783002582994e+00 6.542968750000000000e+00
1.294151381813852808e+00 5.242187500000000000e+00
1.304961339269557818e+00 4.646484375000000000e+00
1.315706575794662214e+00 5.644531250000000000e+00
1.326634596900279739e+00 7.732421875000000000e+00
1.337526891407461171e+00 5.675781250000000000e+00
1.348643290650267446e+00 6.277343750000000000e+00
1.359263005838201366e+00 7.390625000000000000e+00
1.370593058448625001e+00 6.539062500000000000e+00
1.381187810641475444e+00 5.914062500000000000e+00
1.392369995087666901e+00 5.539062500000000000e+00
1.403120572518724352e+00 6.951171875000000000e+00
1.414205455432696823e+00 6.013671875000000000e+00
1.424822918637419278e+00 7.246093750000000000e+00
1.436180933660271108e+00 7.994140625000000000e+00
1.446778255794830770e+00 7.367187500000000000e+00
1.458125634332589016e+00 6.304687500000000000e+00
1.468489782698943813e+00 6.318359375000000000e+00
1.480048120772748277e+00 7.839843750000000000e+00
1.490434999207552735e+00 8.462890625000000000e+00
1.501874879373698235e+00 7.773437500000000000e+00
1.512354577635319330e+00 6.500000000000000000e+00
1.522815009042149725e+00 7.425781250000000000e+00
1.534103638050893892e+00 8.595703125000000000e+00
1.544755905534598739e+00 7.191406250000000000e+00
1.556000250743226232e+00 9.980468750000000000e+00
1.566671499580281512e+00 8.835937500000000000e+00
1.578095083729476045e+00 6.478515625000000000e+00
1.588616962112999964e+00 8.546875000000000000e+00
1.599966233022184880e+00 8.132812500000000000e+00
1.611165601617880583e+00 8.453125000000000000e+00
1.621928155827095708e+00 9.484375000000000000e+00
1.632369239665473870e+00 8.310546875000000000e+00
1.643524229991067287e+00 8.667968750000000000e+00
1.653912485583038716e+00 9.472656250000000000e+00
1.665400126436019868e+00 8.501953125000000000e+00
1.676153327596603404e+00 8.667968750000000000e+00
1.687153864045447094e+00 8.287109375000000000e+00
1.698087440002180593e+00 7.802734375000000000e+00
1.708925950941101668e+00 9.041015625000000000e+00
1.720099226170910711e+00 9.468750000000000000e+00
1.730186778770605116e+00 8.705078125000000000e+00
1.741902825836286972e+00 1.145312500000000000e+01
1.752817805557329578e+00 9.445312500000000000e+00
1.763627617770159084e+00 1.003710937500000000e+01
1.774754158592716458e+00 9.441406250000000000e+00
1.785442809195249225e+00 9.894531250000000000e+00
1.796568086287869903e+00 1.058984375000000000e+01
1.807148511867321616e+00 8.695312500000000000e+00
1.818483037621970944e+00 1.185351562500000000e+01
1.828928052434484641e+00 1.280273437500000000e+01
1.839820765183013407e+00 1.021484375000000000e+01
1.850715625558564170e+00 9.058593750000000000e+00
1.861345926345727264e+00 7.597656250000000000e+00
1.872636795416465105e+00 1.125390625000000000e+01
1.883902512581167699e+00 1.136523437500000000e+01
1.894557584117773530e+00 1.020703125000000000e+01
1.905595354374838735e+00 1.045117187500000000e+01
1.916365820213737692e+00 1.260937500000000000e+01
1.927389167849927532e+00 1.254492187500000000e+01
1.938232620297922537e+00 1.075781250000000000e+01
1.949314052856403912e+00 1.073437500000000000e+01
1.960141174838927469e+00 1.207421875000000000e+01
1.970852024226033450e+00 1.189453125000000000e+01
1.982096705403870729e+00 1.160937500000000000e+01
1.992713036747645106e+00 9.183593750000000000e+00
2.003926490741715583e+00 1.180468750000000000e+01
2.014559486130217181e+00 1.103906250000000000e+01
2.025771447790662094e+00 1.092578125000000000e+01
2.036494047275358099e+00 1.091796875000000000e+01
2.047688151905886045e+00 1.189453125000000000e+01
2.058250405024500296e+00 1.265625000000000000e+01
2.069551857577078380e+00 1.123242187500000000e+01
2.080295501789390045e+00 1.241406250000000000e+01
2.091489727976899360e+00 1.098632812500000000e+01
2.101909133214849845e+00 1.394921875000000000e+01
2.113368690266561600e+00 1.113671875000000000e+01
2.123870935950451511e+00 1.259765625000000000e+01
2.135076936644669132e+00 1.155273437500000000e+01
2.145783186693492439e+00 1.308984375000000000e+01
2.156257715344017001e+00 1.260156250000000000e+01
2.167517872412039637e+00 1.269531250000000000e+01
2.178147428703720578e+00 1.075390625000000000e+01
2.189453322660982693e+00 1.383984375000000000e+01
2.200168171561546870e+00 1.468359375000000000e+01
2.211588588789506815e+00 1.323828125000000000e+01
2.222027965727310317e+00 1.387500000000000000e+01
2.233265306263692906e+00 1.346093750000000000e+01
2.244099573196491448e+00 1.394531250000000000e+01
2.255044075064121856e+00 1.166796875000000000e+01
2.265532208888666688e+00 1.279687500000000000e+01
2.276953039816048019e+00 1.201171875000000000e+01
2.287345935691025289e+00 1.287890625000000000e+01
2.298847799855161078e+00 1.222460937500000000e+01
2.309686011494396674e+00 1.328320312500000000e+01
2.320477369337805129e+00 1.142578125000000000e+01
2.331440896687470676e+00 1.187304687500000000e+01
2.342338804370720950e+00 1.129687500000000000e+01
2.353629568124066651e+00 1.273046875000000000e+01
2.364189716115124185e+00 1.312890625000000000e+01
2.375052013775327708e+00 1.126953125000000000e+01
2.385545802649565950e+00 1.312500000000000000e+01
2.396924170827311684e+00 1.164648437500000000e+01
2.408075751092450645e+00 1.340234375000000000e+01
2.418754829592268507e+00 1.440234375000000000e+01
2.429977545107593784e+00 1.186328125000000000e+01
2.440681054499927782e+00 1.243359375000000000e+01
2.451925185704365795e+00 1.201562500000000000e+01
2.462352581802397467e+00 1.148828125000000000e+01
2.473494750247910545e+00 1.018359375000000000e+01
2.483941300904898952e+00 1.167187500000000000e+01
2.495129466388370076e+00 1.138671875000000000e+01
2.505830545829575762e+00 1.098437500000000000e+01
2.517185579069533219e+00 1.142187500000000000e+01
2.527764496413638540e+00 1.357812500000000000e+01
2.539129190621888910e+00 1.270312500000000000e+01
2.549970379889761496e+00 1.247851562500000000e+01
2.560844162301240345e+00 1.216796875000000000e+01
2.571754843469298280e+00 9.472656250000000000e+00
2.582635812348213378e+00 1.193359375000000000e+01
2.593575985458614674e+00 1.202343750000000000e+01
2.604208194270377419e+00 1.093750000000000000e+01
2.615495546856306142e+00 9.320312500000000000e+00
2.625842327392883035e+00 1.094921875000000000e+01
2.637252393343421986e+00 1.011718750000000000e+01
2.647859228734501080e+00 1.193554687500000000e+01
2.659317195164611292e+00 1.017968750000000000e+01
2.669608328111344520e+00 1.029296875000000000e+01
2.681284142495447220e+00 1.082226562500000000e+01
2.691835050574786337e+00 1.187109375000000000e+01
2.703052334150616076e+00 1.079492187500000000e+01
2.714579577051676296e+00 1.200781250000000000e+01
2.724926821977445179e+00 9.892578125000000000e+00
2.735431927676160946e+00 1.261523437500000000e+01
2.746787100402634962e+00 1.270703125000000000e+01
2.757306889282533646e+00 9.201171875000000000e+00
2.767780146130817798e+00 1.117187500000000000e+01
2.779038466634279558e+00 9.896484375000000000e+00
2.789542952076351057e+00 8.523437500000000000e+00
2.800918048664336801e+00 1.011718750000000000e+01
2.811459443444091377e+00 1.021093750000000000e+01
2.823093315678761428e+00 9.261718750000000000e+00
2.833564185040615691e+00 1.051757812500000000e+01
2.845073277067006856e+00 9.626953125000000000e+00
2.855581610109064528e+00 1.082421875000000000e+01
2.866610701821973528e+00 8.841796875000000000e+00
2.877557862841696235e+00 9.113281250000000000e+00
2.888447220784199132e+00 1.046875000000000000e+01
2.899038517438070173e+00 9.048828125000000000e+00
2.910336078999733012e+00 9.134765625000000000e+00
2.920774246083071901e+00 7.935546875000000000e+00
2.931673612867618850e+00 9.396484375000000000e+00
2.942808576984443647e+00 1.033593750000000000e+01
2.953195445114451090e+00 9.195312500000000000e+00
2.964683899359245700e+00 1.228320312500000000e+01
2.975182754765897997e+00 9.359375000000000000e+00
2.986606963048595631e+00 7.746093750000000000e+00
2.997130691911491951e+00 8.867187500000000000e+00
3.008537241230390791e+00 8.753906250000000000e+00
3.019627188645266358e+00 8.048828125000000000e+00
3.030240333143209952e+00 7.011718750000000000e+00
3.041665133241904684e+00 6.199218750000000000e+00
3.052318671742998646e+00 8.478515625000000000e+00
3.063015339876054455e+00 7.746093750000000000e+00
3.073858812466109924e+00 5.794921875000000000e+00
3.084996844113680581e+00 8.386718750000000000e+00
3.095680115809571475e+00 7.453125000000000000e+00
3.106613369110765355e+00 6.238281250000000000e+00
3.117291718556975511e+00 7.503906250000000000e+00
3.128354987057153203e+00 7.865234375000000000e+00
3.138959315723822030e+00 7.191406250000000000e+00
3.150973067865904476e+00 5.804687500000000000e+00
3.161239583414333865e+00 6.078125000000000000e+00
3.172552300163710370e+00 5.152343750000000000e+00
3.183243890033096157e+00 6.810546875000000000e+00
3.194110718288628803e+00 7.214843750000000000e+00
3.205245738644144637e+00 6.644531250000000000e+00
3.215788571012371477e+00 7.097656250000000000e+00
3.226960211784307475e+00 6.521484375000000000e+00
3.237446796669441795e+00 5.269531250000000000e+00
3.248836341112817827e+00 6.125000000000000000e+00
3.259279210013909633e+00 6.210937500000000000e+00
3.270672712639841606e+00 4.593750000000000000e+00
3.281204026863029810e+00 6.710937500000000000e+00
3.292545914538547613e+00 3.812500000000000000e+00
3.303160063910173250e+00 5.289062500000000000e+00
3.314474726059874143e+00 5.300781250000000000e+00
3.325177612112947045e+00 4.015625000000000000e+00
3.336409835769785559e+00 5.675781250000000000e+00
3.347155807419673224e+00 6.351562500000000000e+00
3.358334423887125553e+00 4.707031250000000000e+00
3.368720270670301886e+00 4.726562500000000000e+00
3.379708635746989209e+00 5.871093750000000000e+00
3.390505815833220638e+00 2.496093750000000000e+00
3.401380850014530388e+00 1.503906250000000000e+00
3.412473158359984993e+00 5.527343750000000000e+00
3.423113961223188006e+00 4.337890625000000000e+00
3.434376337614687635e+00 4.837890625000000000e+00
3.445046025792304789e+00 3.980468750000000000e+00
3.456436396940284261e+00 4.535156250000000000e+00
3.466990741172971013e+00 3.933593750000000000e+00
3.478189822858571922e+00 3.005859375000000000e+00
3.488721439332925556e+00 2.824218750000000000e+00
3.499935091607968118e+00 1.761718750000000000e+00
3.510645606838391330e+00 4.677734375000000000e+00
3.521918487684503773e+00 4.164062500000000000e+00
3.532322630840696753e+00 3.617187500000000000e+00
3.543826792019585170e+00 1.656250000000000000e+00
3.554256418933531059e+00 4.220703125000000000e+00
3.565571274163719551e+00 2.402343750000000000e+00
3.576367470424066219e+00 8.554687500000000000e-01
3.587202997896810075e+00 1.441406250000000000e+00
3.598067205232791110e+00 1.929687500000000000e+00
3.608600887933185675e+00 3.779296875000000000e+00
3.619977253195884259e+00 3.871093750000000000e+00
3.630461375177596040e+00 8.554687500000000000e-01
3.641876257993043708e+00 1.173828125000000000e+00
3.652396677499044841e+00 4.726562500000000000e-01
3.663790746966604672e+00 1.992187500000000000e-01
3.674723714639310579e+00 3.441406250000000000e+00
3.685617270313835903e+00 1.003906250000000000e+00
3.695945252218420407e+00 3.312500000000000000e+00
3.707348452489436674e+00 1.923828125000000000e+00
3.718109685917900364e+00 3.605468750000000000e+00
3.729235103409727969e+00 1.496093750000000000e+00
3.739974663080703365e+00 1.156250000000000000e+00
3.750971804897176298e+00 1.394531250000000000e+00
3.761578680963596710e+00 3.203125000000000000e-01
3.772713278933716552e+00 3.710937500000000000e-01
3.784010236509690372e+00 9.550781250000000000e-01
3.794657764539787870e+00 -1.587890625000000000e+00
3.805491975564208929e+00 3.789062500000000000e-01
3.816560175449694725e+00 -6.640625000000000000e-02
3.827575283767417957e+00 2.652343750000000000e+00
3.838546519819376890e+00 -6.777343750000000000e-01
3.849208422421060760e+00 -3.792968750000000000e+00
3.860153597935444658e+00 1.679687500000000000e-01
3.870935195874824153e+00 8.828125000000000000e-01
3.882398951742266568e+00 1.136718750000000000e+00
3.892825658360109742e+00 1.931640625000000000e+00
3.903759601880179453e+00 5.703125000000000000e-01
3.914665551551784972e+00 -2.289062500000000000e+00
3.925570856993489954e+00 -1.570312500000000000e+00
3.936621594296003224e+00 -1.300781250000000000e+00
3.947886303245083717e+00 -1.648437500000000000e+00
3.958163207140222184e+00 -1.503906250000000000e+00
3.969496090389139198e+00 -1.023437500000000000e+00
3.980322192762447919e+00 -8.085937500000000000e-01
3.991822510607474506e+00 -9.160156250000000000e-01
4.002060742677995719e+00 4.296875000000000000e-01
4.013298079002176166e+00 -1.148437500000000000e+00
4.023978559097502128e+00 -8.085937500000000000e-01
4.034990210199604022e+00 -1.968750000000000000e+00
4.045909047196960984e+00 -1.660156250000000000e-01
4.056532863721130866e+00 1.082031250000000000e+00
4.067556594212126342e+00 -2.480468750000000000e+00
4.078494992665707031e+00 -1.359375000000000000e+00
4.089719855157589734e+00 7.695312500000000000e-01
4.100343752913633288e+00 -1.498046875000000000e+00
4.111355702552443425e+00 -1.935546875000000000e+00
4.122126896165624999e+00 -2.501953125000000000e+00
4.133391061580969250e+00 -3.658203125000000000e+00
4.144086191233821381e+00 -1.566406250000000000e+00
4.155355287526960595e+00 -9.570312500000000000e-01
4.165787883566858696e+00 3.554687500000000000e-01
4.177233689798211635e+00 -1.751953125000000000e+00
4.187647720169096033e+00 -2.359375000000000000e+00
4.199189884806392215e+00 -2.984375000000000000e+00
4.209473374259592227e+00 -5.019531250000000000e-01
4.220390347277738208e+00 -1.986328125000000000e+00
4.231307754364117990e+00 -3.666015625000000000e+00
4.242054450250485331e+00 -9.746093750000000000e-01
4.253397622645479714e+00 -3.535156250000000000e+00
4.263910142405997306e+00 -2.582031250000000000e+00
4.275095717262179740e+00 -2.326171875000000000e+00
4.285981642375398692e+00 -3.746093750000000000e+00
4.297229293828472407e+00 -1.207031250000000000e+00
4.308398348042441484e+00 -2.859375000000000000e+00
4.319036012895688614e+00 -3.435546875000000000e+00
4.329250773507860472e+00 -1.570312500000000000e+00
4.340730735968149290e+00 -3.789062500000000000e+00
4.351317023595465017e+00 -1.632812500000000000e+00
4.362662400260910012e+00 -3.494140625000000000e+00
4.373052173545925569e+00 -3.398437500000000000e-01
4.384431448315497803e+00 -3.070312500000000000e+00
4.395007450833675833e+00 -2.871093750000000000e+00
4.406165228367664000e+00 -2.492187500000000000e+00
4.417199568751725813e+00 -4.087890625000000000e+00
4.428053939567817565e+00 -3.265625000000000000e+00
4.438787803078067640e+00 -3.406250000000000000e+00
4.449983439689958686e+00 -1.613281250000000000e+00
4.460719185171818424e+00 -3.101562500000000000e+00
4.471900754424618540e+00 -2.808593750000000000e+00
4.482662458263096283e+00 -3.316406250000000000e+00
4.493603386122580368e+00 -1.972656250000000000e+00
4.504435091682589487e+00 -3.273437500000000000e+00
4.515388531089461921e+00 -3.328125000000000000e+00
4.526286419423725782e+00 -1.509765625000000000e+00
4.536996520078592887e+00 -1.558593750000000000e+00
4.547990366773642990e+00 -4.072265625000000000e+00
4.558713305363542467e+00 -3.640625000000000000e+00
4.569928493556353999e+00 -4.183593750000000000e+00
4.580971745639741854e+00 -4.765625000000000000e+00
4.591661941122782586e+00 -2.488281250000000000e+00
4.603077082889670102e+00 -2.958984375000000000e+00
4.613697771497296429e+00 -3.519531250000000000e+00
4.625139122825048688e+00 -5.558593750000000000e+00
4.635581247708169705e+00 -4.523437500000000000e+00
4.646336867397963921e+00 -3.945312500000000000e+00
4.657324163295147201e+00 -3.164062500000000000e+00
4.668454767296490004e+00 -2.500000000000000000e+00
4.678861983974689664e+00 -3.472656250000000000e+00
4.689905958654615681e+00 -3.623046875000000000e+00
4.700685074928938612e+00 -3.369140625000000000e+00
4.711835829856480196e+00 -4.677734375000000000e+00
4.723050533936931750e+00 -2.625000000000000000e+00
4.733887966889064103e+00 -5.425781250000000000e+00
4.744786013322030982e+00 -5.185546875000000000e+00
4.755569014853444187e+00 -3.792968750000000000e+00
4.766827772196026380e+00 -5.394531250000000000e+00
4.777740408144653728e+00 -6.142578125000000000e+00
4.788751230048999830e+00 -3.289062500000000000e+00
4.799142073153397803e+00 -4.339843750000000000e+00
4.810505818690053559e+00 -5.582031250000000000e+00
4.821077541592291738e+00 -4.699218750000000000e+00
4.832517003098058872e+00 -4.841796875000000000e+00
4.842777262560026053e+00 -6.527343750000000000e+00
4.853584929076950161e+00 -3.929687500000000000e+00
4.864512160507429961e+00 -2.755859375000000000e+00
4.875858782988997220e+00 -4.958984375000000000e+00
4.886696698976582987e+00 -5.298828125000000000e+00
4.897737387776047946e+00 -4.976562500000000000e+00
4.908733033261139411e+00 -6.726562500000000000e+00
4.919904111420962067e+00 -4.824218750000000000e+00
4.930399270678808676e+00 -4.386718750000000000e+00
4.941407276245355362e+00 -6.335937500000000000e+00
4.952238846303714581e+00 -7.849609375000000000e+00
4.962669142709396297e+00 -7.324218750000000000e+00
4.974152574219968592e+00 -4.628906250000000000e+00
4.984577668188161503e+00 -6.132812500000000000e+00
4.995982056475935629e+00 -5.771484375000000000e+00
5.006469298119823108e+00 -5.230468750000000000e+00
5.017809535609899285e+00 -8.007812500000000000e+00
5.028397925562739346e+00 -4.085937500000000000e+00
5.040071093283177817e+00 -5.343750000000000000e+00
5.050918540496983411e+00 -3.625000000000000000e+00
5.061596529287106350e+00 -6.718750000000000000e+00
5.072341698364752460e+00 -5.906250000000000000e+00
5.083424636999023249e+00 -7.113281250000000000e+00
5.094143918204260046e+00 -5.699218750000000000e+00
5.105425950190456419e+00 -6.398437500000000000e+00
5.115726805510691477e+00 -5.230468750000000000e+00
5.126657174961634311e+00 -6.841796875000000000e+00
5.137632623757577122e+00 -6.265625000000000000e+00
5.148616090337620577e+00 -7.300781250000000000e+00
5.159573801619835365e+00 -6.763671875000000000e+00
5.170195356603563219e+00 -5.605468750000000000e+00
5.181430763733128941e+00 -4.875000000000000000e+00
5.191803453771300703e+00 -5.363281250000000000e+00
5.203622174663781408e+00 -5.574218750000000000e+00
5.214390511389698446e+00 -6.083984375000000000e+00
5.225539470824784871e+00 -4.484375000000000000e+00
5.236335991666294376e+00 -6.566406250000000000e+00
5.247498230502554151e+00 -6.968750000000000000e+00
5.257611766626702376e+00 -5.357421875000000000e+00
5.269105310838986256e+00 -7.011718750000000000e+00
5.279437854140320852e+00 -8.015625000000000000e+00
5.290734259425653008e+00 -5.695312500000000000e+00
5.301162623898758142e+00 -6.429687500000000000e+00
5.312406689677644067e+00 -7.910156250000000000e+00
5.323066347701991496e+00 -5.531250000000000000e+00
5.334138853858772400e+00 -7.328125000000000000e+00
5.345405902808612275e+00 -5.578125000000000000e+00
5.355850885445887499e+00 -7.753906250000000000e+00
5.367363236608207799e+00 -6.976562500000000000e+00
5.378253970840587428e+00 -6.925781250000000000e+00
5.389149690379439583e+00 -7.955078125000000000e+00
5.399983007328430951e+00 -5.884765625000000000e+00
5.411810046749064185e+00 -6.503906250000000000e+00
5.421759616676999016e+00 -5.621093750000000000e+00
5.432606343389509540e+00 -6.843750000000000000e+00
5.443443750441998574e+00 -7.601562500000000000e+00
5.454336008194131225e+00 -5.949218750000000000e+00
5.465225000605269834e+00 -5.837890625000000000e+00
5.476218252921149166e+00 -7.265625000000000000e+00
5.486923709303717978e+00 -7.558593750000000000e+00
5.497861557091871632e+00 -5.058593750000000000e+00
5.509316352379881820e+00 -7.605468750000000000e+00
5.520154588447756971e+00 -5.787109375000000000e+00
5.531513261854324348e+00 -8.546875000000000000e+00
5.541795141068920572e+00 -5.902343750000000000e+00
5.553366507379678296e+00 -7.675781250000000000e+00
5.563754102185248129e+00 -7.484375000000000000e+00
5.575330906300855816e+00 -7.734375000000000000e+00
5.585574981185949639e+00 -6.906250000000000000e+00
5.596433832991509760e+00 -6.164062500000000000e+00
5.607387530331671144e+00 -5.144531250000000000e+00
5.617985731282731265e+00 -7.382812500000000000e+00
5.629198624688047659e+00 -7.246093750000000000e+00
5.639932204602569499e+00 -7.292968750000000000e+00
5.650789183273645655e+00 -8.740234375000000000e+00
5.661670696960637628e+00 -7.417968750000000000e+00
5.673532942916200028e+00 -6.378906250000000000e+00
5.683658369571775282e+00 -4.402343750000000000e+00
5.695162253581855794e+00 -6.964843750000000000e+00
5.705766332813354325e+00 -7.625000000000000000e+00
5.717003748536132690e+00 -7.408203125000000000e+00
5.727221660147824522e+00 -6.324218750000000000e+00
5.738947718702830159e+00 -8.250000000000000000e+00
5.749150870255419044e+00 -6.048828125000000000e+00
5.760680316624338104e+00 -6.601562500000000000e+00
5.771069283520969151e+00 -7.041015625000000000e+00
5.781842457034498395e+00 -5.093750000000000000e+00
5.792995245923512115e+00 -8.175781250000000000e+00
5.803639792086960902e+00 -6.736328125000000000e+00
5.814691689229562144e+00 -4.460937500000000000e+00
5.825295930590936422e+00 -4.523437500000000000e+00
5.837017085306455577e+00 -5.705078125000000000e+00
5.847286873333263912e+00 -6.953125000000000000e+00
5.858579048884183571e+00 -8.498046875000000000e+00
5.869779856774249183e+00 -5.500000000000000000e+00
5.881184744341497961e+00 -5.623046875000000000e+00
5.890995436595453327e+00 -6.507812500000000000e+00
5.902541810030289327e+00 -4.011718750000000000e+00
5.912649132942221719e+00 -4.949218750000000000e+00
5.924232219987077386e+00 -4.679687500000000000e+00
5.934549209355083121e+00 -5.328125000000000000e+00
5.946144717674810565e+00 -6.332031250000000000e+00
5.956476797954955771e+00 -5.283203125000000000e+00
5.967819120419497025e+00 -5.808593750000000000e+00
5.978572592080508841e+00 -5.925781250000000000e+00
5.989375664062153604e+00 -6.355468750000000000e+00
6.000784395043787356e+00 -3.289062500000000000e+00
6.011302598722446433e+00 -4.476562500000000000e+00
6.022486598582526440e+00 -6.949218750000000000e+00
6.033269387107333515e+00 -5.222656250000000000e+00
6.045051145103696122e+00 -5.544921875000000000e+00
6.054517768161510105e+00 -5.628906250000000000e+00
6.066042950899040775e+00 -6.507812500000000000e+00
6.076393508448081349e+00 -4.269531250000000000e+00
6.087942027943842760e+00 -5.304687500000000000e+00
6.098858537018523762e+00 -6.796875000000000000e+00
6.109799710124112160e+00 -5.955078125000000000e+00
6.120247051815293382e+00 -5.242187500000000000e+00
6.131531108945191377e+00 -4.460937500000000000e+00
6.142415603081950337e+00 -4.882812500000000000e+00
6.153235055175663604e+00 -3.421875000000000000e+00
6.164836714925531425e+00 -3.425781250000000000e+00
6.175197199975394291e+00 -5.251953125000000000e+00
6.186369670680713639e+00 -7.414062500000000000e+00
6.197140564833008014e+00 -5.839843750000000000e+00
6.208780679964745808e+00 -4.636718750000000000e+00
6.218655125899844371e+00 -6.187500000000000000e+00
6.230311235705793038e+00 -5.824218750000000000e+00
6.240205574162588142e+00 -2.947265625000000000e+00
6.251827524063982011e+00 -6.562500000000000000e+00
6.262561660808618313e+00 -5.097656250000000000e+00
6.273401492291068138e+00 -5.035156250000000000e+00
6.283820590452577903e+00 -5.082031250000000000e+00
6.295174625907142385e+00 -4.210937500000000000e+00
6.306390844746836422e+00 -3.656250000000000000e+00
6.317085384703521989e+00 -5.675781250000000000e+00
6.328345721149290171e+00 -3.507812500000000000e+00
6.338665810758123520e+00 -3.589843750000000000e+00
6.350253719869236591e+00 -4.904296875000000000e+00
6.360666381525422075e+00 -5.330078125000000000e+00
6.372401027052829292e+00 -3.535156250000000000e+00
6.382472650905278044e+00 -5.718750000000000000e+00
6.394156426062099996e+00 -4.589843750000000000e+00
6.404175718675013229e+00 -4.335937500000000000e+00
6.415767494824882178e+00 -5.398437500000000000e+00
6.426172766920988266e+00 -4.589843750000000000e+00
6.437575059438555236e+00 -3.683593750000000000e+00
6.448311965953376301e+00 -2.177734375000000000e+00
6.459046117412415633e+00 -4.712890625000000000e+00
6.470239780640571148e+00 -5.636718750000000000e+00
6.480648039662534998e+00 -5.357421875000000000e+00
6.492101454288984996e+00 -4.320312500000000000e+00
6.502949273110853134e+00 -4.199218750000000000e+00
6.514270083139032330e+00 -4.527343750000000000e+00
6.524148321367732706e+00 -5.800781250000000000e+00
6.535973092167459697e+00 -3.492187500000000000e+00
6.546066358271106722e+00 -5.058593750000000000e+00
6.557681056835188649e+00 -3.542968750000000000e+00
6.567985562759472096e+00 -5.597656250000000000e+00
6.579448071784188556e+00 -3.056640625000000000e+00
6.589898446334691684e+00 -6.109375000000000000e+00
6.601240134846355190e+00 -3.351562500000000000e+00
6.611987083489417216e+00 -5.257812500000000000e+00
6.622820121238818913e+00 -4.496093750000000000e+00
6.633493168040867971e+00 -5.597656250000000000e+00
6.644114470206861078e+00 -2.855468750000000000e+00
6.655831837424534214e+00 -3.984375000000000000e+00
6.666740422447611003e+00 -5.552734375000000000e+00
6.678116785338987782e+00 -4.224609375000000000e+00
6.688208429236600416e+00 -2.705078125000000000e+00
6.699461151305635909e+00 -2.765625000000000000e+00
6.709912550220199279e+00 -5.203125000000000000e+00
6.721307154259755556e+00 -4.132812500000000000e+00
6.731919694200210635e+00 -3.107421875000000000e+00
6.743175000615934778e+00 -3.925781250000000000e+00
6.753572066056710455e+00 -4.972656250000000000e+00
6.765036430627506370e+00 -5.767578125000000000e+00
6.775779140380960186e+00 -4.769531250000000000e+00
6.786872915614679869e+00 -4.646484375000000000e+00
6.797907325811150869e+00 -2.710937500000000000e+00
6.808522340314542731e+00 -3.542968750000000000e+00
6.819735064168916061e+00 -5.935546875000000000e+00
6.830601354342125120e+00 -3.800781250000000000e+00
6.842157921684314914e+00 -4.527343750000000000e+00
6.852116675042188021e+00 -4.218750000000000000e+00
6.863771026533848740e+00 -2.519531250000000000e+00
6.873956313643044602e+00 -5.578125000000000000e+00
6.885080631637705117e+00 -3.496093750000000000e+00
6.895797834845135199e+00 -3.777343750000000000e+00
6.906741832018937544e+00 -4.410156250000000000e+00
6.917037325398757375e+00 -5.031250000000000000e+00
6.928748980065044805e+00 -4.500000000000000000e+00
6.939341504015224871e+00 -5.359375000000000000e+00
6.950524343356072166e+00 -3.066406250000000000e+00
6.961563497393414401e+00 -4.925781250000000000e+00
6.972510051615881110e+00 -4.908203125000000000e+00
6.983678527967413174e+00 -5.382812500000000000e+00
6.994115056638893435e+00 -2.988281250000000000e+00
7.005767090606264347e+00 -4.011718750000000000e+00
7.015992232559709052e+00 -4.070312500000000000e+00
7.027588084894805576e+00 -4.246093750000000000e+00
7.037814938561257172e+00 -4.529296875000000000e+00
7.048992922686759144e+00 -4.269531250000000000e+00
7.059540287425239313e+00 -5.285156250000000000e+00
7.071190930525357743e+00 -2.832031250000000000e+00
7.080848290483171326e+00 -4.441406250000000000e+00
7.092794815088327098e+00 -5.097656250000000000e+00
7.103362972094964256e+00 -4.443359375000000000e+00
7.114136023363148098e+00 -5.175781250000000000e+00
7.125335119892024061e+00 -2.082031250000000000e+00
7.136687417978004433e+00 -2.839843750000000000e+00
7.147343776918330782e+00 -3.957031250000000000e+00
7.157721699957232175e+00 -4.208984375000000000e+00
7.169326365350853436e+00 -4.386718750000000000e+00
7.179518354727063567e+00 -4.988281250000000000e+00
7.191068245528201786e+00 -6.375000000000000000e+00
7.201415628933514057e+00 -3.050781250000000000e+00
7.212754307863997738e+00 -4.429687500000000000e+00
7.223340482244957172e+00 -9.179687500000000000e-01
7.234904011365424381e+00 -6.824218750000000000e+00
7.244607923054190657e+00 -3.107421875000000000e+00
7.256291569197254709e+00 -2.550781250000000000e+00
7.266915485462109636e+00 -3.564453125000000000e+00
7.278229938906784824e+00 -2.691406250000000000e+00
7.289040610532737219e+00 -5.296875000000000000e+00
7.300212462405607283e+00 -4.234375000000000000e+00
7.310965921945223656e+00 -2.968750000000000000e+00
7.321669177664351658e+00 -5.191406250000000000e+00
7.332935753868246920e+00 -4.587890625000000000e+00
7.343350749698604574e+00 -4.205078125000000000e+00
7.354692424035219389e+00 -5.023437500000000000e+00
7.365370505852648186e+00 -2.558593750000000000e+00
7.376330696147395116e+00 -5.414062500000000000e+00
7.386829008569174349e+00 -2.050781250000000000e+00
7.398596948051001654e+00 -3.052734375000000000e+00
7.408902082330658168e+00 -4.099609375000000000e+00
7.420156777229330203e+00 -3.105468750000000000e+00
7.431014701273836565e+00 -4.134765625000000000e+00
7.441946767001812901e+00 -3.904296875000000000e+00
7.452616262787247869e+00 -4.013671875000000000e+00
7.463930629597069100e+00 -2.929687500000000000e+00
7.474580537499007526e+00 -5.960937500000000000e+00
7.485554087368385900e+00 -2.914062500000000000e+00
7.496456023340861918e+00 -4.679687500000000000e+00
7.507312196935869153e+00 -3.671875000000000000e+00
7.518271728432727841e+00 -4.515625000000000000e+00
7.529366762304582572e+00 -3.480468750000000000e+00
7.540212283173366004e+00 -2.509765625000000000e+00
7.550733653544065227e+00 -4.964843750000000000e+00
7.562173512759379435e+00 -3.457031250000000000e+00
7.572795508004979581e+00 -4.751953125000000000e+00
7.583974658901592392e+00 -2.246093750000000000e+00
7.594638173610428922e+00 -5.960937500000000000e+00
7.605763176218076183e+00 -6.068359375000000000e+00
7.616555720299064802e+00 -2.117187500000000000e+00
7.627532816871880783e+00 -1.476562500000000000e+00
7.639092438185521416e+00 -2.050781250000000000e+00
7.649428362672095361e+00 -4.750000000000000000e+00
7.660105852866711196e+00 -5.269531250000000000e+00
7.671239053533115637e+00 -4.044921875000000000e+00
7.682000638463235553e+00 -3.039062500000000000e+00
7.693153263024454347e+00 -4.265625000000000000e+00
7.704471465918522277e+00 -4.792968750000000000e+00
7.714829109462902679e+00 -1.869140625000000000e+00
7.726230759462977105e+00 -4.710937500000000000e+00
7.736884194789186431e+00 -2.560546875000000000e+00
7.747522245651654593e+00 -4.089843750000000000e+00
7.758653927930044603e+00 -5.601562500000000000e+00
7.769493645459643716e+00 -3.250000000000000000e+00
7.780242910778023102e+00 -9.726562500000000000e-01
7.791069259378758716e+00 -1.554687500000000000e+00
7.802560289724842946e+00 -5.097656250000000000e+00
7.812965754525378337e+00 -2.232421875000000000e+00
7.824486222795728807e+00 -5.664062500000000000e-01
7.835350295924750519e+00 -1.625000000000000000e+00
7.845932383695203072e+00 -4.826171875000000000e+00
7.856796899456520933e+00 -3.925781250000000000e+00
7.868219753268922645e+00 -5.281250000000000000e+00
7.878838762873256130e+00 -1.308593750000000000e+00
7.889708330355405863e+00 -9.804687500000000000e-01
7.900756546078534726e+00 -3.792968750000000000e+00
7.911343186970094088e+00 -3.050781250000000000e+00
7.922246571704799400e+00 -3.189453125000000000e+00
7.933622741121382660e+00 5.371093750000000000e-01
7.944233362441207369e+00 -3.119140625000000000e+00
7.955129961948022022e+00 -4.128906250000000000e+00
7.966297485987647420e+00 -4.429687500000000000e+00
7.976559175295541593e+00 -3.150390625000000000e+00
7.987950873613466563e+00 -1.992187500000000000e+00
7.998759364942435113e+00 -2.171875000000000000e+00
8.009861568340324922e+00 -1.363281250000000000e+00
8.020399403401878402e+00 -3.875000000000000000e+00
8.031568815102968273e+00 -3.722656250000000000e+00
8.042369959140682312e+00 -3.919921875000000000e+00
8.053487279363666929e+00 -3.156250000000000000e+00
8.064321614387871762e+00 -1.529296875000000000e+00
8.075190036594918297e+00 -2.910156250000000000e+00
8.086059251679305504e+00 -4.568359375000000000e+00
8.097362702169828452e+00 -2.177734375000000000e+00
8.108194175612464250e+00 -6.542968750000000000e-01
8.119003405451357125e+00 -1.433593750000000000e+00
8.129784190386763143e+00 -2.113281250000000000e+00
8.140588069127602466e+00 -2.781250000000000000e+00
8.151615457535426046e+00 -2.808593750000000000e+00
8.162946641569920558e+00 -2.179687500000000000e+00
8.173579358016336727e+00 -1.214843750000000000e+00
8.184284276911110823e+00 -1.308593750000000000e+00
