#Time Flux
-2.663306775739876286e+00 3.952500000000000000e+02
-2.652742057985749469e+00 1.508750000000000000e+02
-2.641362517345898553e+00 3.614687500000000000e+02
-2.631907087955823954e+00 1.626875000000000000e+02
-2.620498820843371490e+00 3.097500000000000000e+02
-2.610268878444843565e+00 2.594375000000000000e+02
-2.599592098731884349e+00 3.451250000000000000e+02
-2.588356995087634616e+00 3.959062500000000000e+02
-2.578747766400065089e+00 3.207187500000000000e+02
-2.567745859916012563e+00 3.644062500000000000e+02
-2.556519976616467460e+00 2.699375000000000000e+02
-2.546175104345582696e+00 4.003750000000000000e+02
-2.534753130600943649e+00 2.276875000000000000e+02
-2.525212467364628566e+00 3.420625000000000000e+02
-2.513853181669267300e+00 2.039687500000000000e+02
-2.503086532294082289e+00 3.668125000000000000e+02
-2.492239721548456188e+00 2.016250000000000000e+02
-2.481326589137415439e+00 3.316875000000000000e+02
-2.470861834034627336e+00 2.887187500000000000e+02
-2.460827017755882196e+00 3.310000000000000000e+02
-2.449323016939837672e+00 2.613750000000000000e+02
-2.439028950882722313e+00 5.415000000000000000e+02
-2.427995568021458439e+00 2.430625000000000000e+02
-2.417535817087285821e+00 5.144687500000000000e+02
-2.407462250690409533e+00 2.042187500000000000e+02
-2.396200499971820719e+00 4.302500000000000000e+02
-2.386157556867496865e+00 2.339062500000000000e+02
-2.374918933844893942e+00 5.925625000000000000e+02
-2.364825223453680181e+00 2.869687500000000000e+02
-2.354230002906444241e+00 4.227500000000000000e+02
-2.342974268630623413e+00 3.655000000000000000e+02
-2.332647850914741028e+00 3.419687500000000000e+02
-2.322379965087309373e+00 4.338125000000000000e+02
-2.311308099527590088e+00 4.321875000000000000e+02
-2.300963690429615127e+00 4.821250000000000000e+02
-2.289140861024383966e+00 5.241875000000000000e+02
-2.278491913920708711e+00 3.587500000000000000e+02
-2.268645305262046108e+00 3.888750000000000000e+02
-2.258057696342268272e+00 3.555000000000000000e+02
-2.247027909368396692e+00 2.793750000000000000e+02
-2.236446614096740504e+00 3.532812500000000000e+02
-2.224548779668788612e+00 2.823750000000000000e+02
-2.215486891557603144e+00 4.307187500000000000e+02
-2.204114767585219070e+00 3.118125000000000000e+02
-2.193817052562600622e+00 4.790000000000000000e+02
-2.182727046062924003e+00 2.580625000000000000e+02
-2.172325517236844306e+00 5.058750000000000000e+02
-2.162220762624588843e+00 2.663750000000000000e+02
-2.150570271655634969e+00 4.297812500000000000e+02
-2.140279452614707978e+00 2.803125000000000000e+02
-2.129456145251207744e+00 5.317500000000000000e+02
-2.118971669929885948e+00 3.138125000000000000e+02
-2.108921978022047838e+00 4.051250000000000000e+02
-2.097769058661778985e+00 3.012500000000000000e+02
-2.086352438937037590e+00 3.998750000000000000e+02
-2.076245438378625963e+00 3.556875000000000000e+02
-2.065380485422934953e+00 2.532500000000000000e+02
-2.055616427766270959e+00 4.582812500000000000e+02
-2.043871246786741480e+00 3.579062500000000000e+02
-2.033783827396829835e+00 3.498125000000000000e+02
-2.022361145665028559e+00 3.674375000000000000e+02
-2.012401433712659227e+00 2.751875000000000000e+02
-2.001443384721993013e+00 5.926875000000000000e+02
-1.991237823749207436e+00 4.298437500000000000e+02
-1.979461064481782273e+00 3.706250000000000000e+02
-1.969984398530945313e+00 4.146250000000000000e+02
-1.958906577573310770e+00 3.210312500000000000e+02
-1.948383910624365001e+00 5.141875000000000000e+02
-1.937544926722482685e+00 2.538750000000000000e+02
-1.926554736903421272e+00 5.062500000000000000e+02
-1.916866557042306241e+00 3.190312500000000000e+02
-1.904952313514369777e+00 5.237500000000000000e+02
-1.895737266365708606e+00 2.792187500000000000e+02
-1.884196239644717608e+00 4.717812500000000000e+02
-1.873122361176447370e+00 4.060625000000000000e+02
-1.863386744044797538e+00 5.261250000000000000e+02
-1.852438616418966788e+00 4.488750000000000000e+02
-1.841141762315682939e+00 5.015312500000000000e+02
-1.830838783528069058e+00 4.028125000000000000e+02
-1.819494472993879342e+00 4.612812500000000000e+02
-1.809763392025207196e+00 3.817812500000000000e+02
-1.798663372947933325e+00 5.440312500000000000e+02
-1.788068316583496298e+00 4.013750000000000000e+02
-1.777149101683873411e+00 4.205312500000000000e+02
-1.766733090279096530e+00 3.695000000000000000e+02
-1.755096355610319847e+00 6.675625000000000000e+02
-1.746029040437525381e+00 3.754375000000000000e+02
-1.734249709937628836e+00 3.517500000000000000e+02
-1.724302223838064307e+00 4.099687500000000000e+02
-1.712920615669233371e+00 3.779375000000000000e+02
-1.702899321976111935e+00 5.118750000000000000e+02
-1.692280101344190157e+00 2.725625000000000000e+02
-1.680998136443742297e+00 4.779375000000000000e+02
-1.670961241406425657e+00 2.681875000000000000e+02
-1.659613589782841458e+00 5.339687500000000000e+02
-1.649728068680433424e+00 2.058750000000000000e+02
-1.638610688111763025e+00 2.847500000000000000e+02
-1.627792319693380563e+00 2.355937500000000000e+02
-1.616630451139567271e+00 3.203437500000000000e+02
-1.607229872371989998e+00 4.540625000000000000e+02
-1.595755706716541766e+00 3.300000000000000000e+02
-1.585490309446885959e+00 4.081250000000000000e+02
-1.574220781251382206e+00 5.218125000000000000e+02
-1.563290851217436384e+00 2.185625000000000000e+02
-1.553786631193828427e+00 3.638750000000000000e+02
-1.542764037021816748e+00 3.502812500000000000e+02
-1.532047589333556559e+00 3.655000000000000000e+02
-1.520982067614360389e+00 4.046875000000000000e+02
-1.511024816002814575e+00 4.761250000000000000e+02
-1.500051313812045706e+00 4.180000000000000000e+02
-1.489132808082032966e+00 4.285625000000000000e+02
-1.479092292704050848e+00 3.540937500000000000e+02
-1.467708572630314734e+00 3.537500000000000000e+02
-1.456568387908413698e+00 4.045000000000000000e+02
-1.447074808429428927e+00 2.947812500000000000e+02
-1.434985825671757809e+00 3.333750000000000000e+02
-1.424950075188990084e+00 2.656250000000000000e+02
-1.414210493575575711e+00 3.070625000000000000e+02
-1.403241934287198234e+00 4.853125000000000000e+02
-1.393719645023887566e+00 2.738750000000000000e+02
-1.382454971868300575e+00 3.594375000000000000e+02
-1.371328829805346317e+00 2.810625000000000000e+02
-1.360986464574796884e+00 2.850000000000000000e+02
-1.350379928681332942e+00 3.346875000000000000e+02
-1.340277949947466851e+00 3.212500000000000000e+02
-1.329137099897121033e+00 3.769375000000000000e+02
-1.317893618771313058e+00 1.189375000000000000e+02
-1.307919574462715673e+00 3.731875000000000000e+02
-1.296979101441435134e+00 1.367187500000000000e+02
-1.286724903905534845e+00 3.788125000000000000e+02
-1.275526434485882987e+00 2.277812500000000000e+02
-1.264355212214397284e+00 3.764375000000000000e+02
-1.254795084578367081e+00 1.421250000000000000e+02
-1.243826750236237899e+00 3.967500000000000000e+02
-1.232912610580207513e+00 2.392500000000000000e+02
-1.222370841631516214e+00 2.994375000000000000e+02
-1.211008177518744233e+00 2.425625000000000000e+02
-1.201684389739023473e+00 3.181562500000000000e+02
-1.190155840939572940e+00 2.953125000000000000e+02
-1.178999097079065805e+00 2.716875000000000000e+02
-1.169000483177280003e+00 2.573750000000000000e+02
-1.157680245871178570e+00 3.530000000000000000e+02
-1.148348684628453853e+00 2.591875000000000000e+02
-1.137196859704561192e+00 2.835937500000000000e+02
-1.126116897295499797e+00 3.113750000000000000e+02
-1.115637389910606458e+00 2.143750000000000000e+02
-1.104560693526051907e+00 3.582812500000000000e+02
-1.094568656349157010e+00 1.626250000000000000e+02
-1.083926985067005688e+00 3.758125000000000000e+02
-1.072774183281699933e+00 1.631250000000000000e+02
-1.062057366967961158e+00 3.026875000000000000e+02
-1.050994277979745206e+00 1.522500000000000000e+02
-1.041221414280213864e+00 3.673125000000000000e+02
-1.030560020288950440e+00 1.720625000000000000e+02
-1.019049529735255533e+00 3.691875000000000000e+02
-1.008626273543860918e+00 1.233750000000000000e+02
-9.977188105927297102e-01 2.489687500000000000e+02
-9.871420971543773959e-01 1.917187500000000000e+02
-9.770982298813439826e-01 2.626250000000000000e+02
-9.657561675933941103e-01 1.786875000000000000e+02
-9.557647735285943469e-01 2.423750000000000000e+02
-9.449543637698152310e-01 1.809062500000000000e+02
-9.337888120715778228e-01 3.371562500000000000e+02
-9.237294746304574034e-01 1.809375000000000000e+02
-9.124713159089328229e-01 3.102500000000000000e+02
-9.029796176991258250e-01 2.096250000000000000e+02
-8.919866079627514210e-01 2.914687500000000000e+02
-8.809048537254362543e-01 3.672500000000000000e+02
-8.704255488668231067e-01 2.211562500000000000e+02
-8.591509245355659630e-01 3.728750000000000000e+02
-8.486026273254463348e-01 1.693125000000000000e+02
-8.386522536774787540e-01 3.544375000000000000e+02
-8.274689552516516500e-01 2.147500000000000000e+02
-8.171777132775002173e-01 3.050937500000000000e+02
-8.057830771911280721e-01 2.023125000000000000e+02
-7.951448349046810193e-01 2.808750000000000000e+02
-7.848757047368142281e-01 1.668750000000000000e+02
-7.739313539613448256e-01 3.223125000000000000e+02
-7.633027114611721231e-01 2.456875000000000000e+02
-7.523815722562972041e-01 2.234375000000000000e+02
-7.411950159830329454e-01 8.200000000000000000e+01
-7.318789538589278720e-01 2.893125000000000000e+02
-7.201862751922671890e-01 9.546875000000000000e+01
-7.097748448019434164e-01 2.530937500000000000e+02
-6.991386041141058882e-01 1.793750000000000000e+02
-6.880149070622803009e-01 3.084375000000000000e+02
-6.785172544801785222e-01 1.030625000000000000e+02
-6.672623556787034005e-01 2.578750000000000000e+02
-6.563055592541751082e-01 2.021875000000000000e+02
-6.467761980125192878e-01 3.047812500000000000e+02
-6.353517224858897805e-01 2.507500000000000000e+02
-6.252137158265931305e-01 2.623437500000000000e+02
-6.139407619678927119e-01 3.196875000000000000e+02
-6.028778651647481723e-01 2.253750000000000000e+02
-5.924032635885065901e-01 2.708437500000000000e+02
-5.821314023464818632e-01 1.757187500000000000e+02
-5.712342472492917267e-01 3.225625000000000000e+02
-5.606207002417722407e-01 2.055625000000000000e+02
-5.490609603944704986e-01 2.724375000000000000e+02
-5.396054819157907190e-01 1.321250000000000000e+02
-5.285256039794550276e-01 2.617187500000000000e+02
-5.179787156368220735e-01 1.619375000000000000e+02
-5.071697608911449606e-01 2.905000000000000000e+02
-4.957946545850990816e-01 6.965625000000000000e+01
-4.863269494976520946e-01 2.672500000000000000e+02
-4.749848181041524953e-01 9.215625000000000000e+01
-4.645348194449798740e-01 2.558125000000000000e+02
-4.538704864669504957e-01 9.018750000000000000e+01
-4.428397031476016821e-01 2.595000000000000000e+02
-4.331489718736154515e-01 7.037500000000000000e+01
-4.221997235175329877e-01 2.436875000000000000e+02
-4.105762303522588752e-01 1.227500000000000000e+02
-4.005751904094161375e-01 2.194375000000000000e+02
-3.891648579059214796e-01 2.717500000000000000e+02
-3.797383352336289875e-01 1.000312500000000000e+02
-3.686653141330094030e-01 3.651250000000000000e+02
-3.576661475212059571e-01 1.301250000000000000e+02
-3.468548496552426030e-01 2.882500000000000000e+02
-3.363625561419141263e-01 1.095625000000000000e+02
-3.252992387178945677e-01 3.490625000000000000e+02
-3.153608188338434815e-01 1.501250000000000000e+02
-3.038493091804213009e-01 1.841875000000000000e+02
-2.944337571639579210e-01 9.059375000000000000e+01
-2.826416809465683855e-01 1.734375000000000000e+02
-2.719452371278965330e-01 1.909375000000000000e+01
-2.619166351377177904e-01 2.173750000000000000e+02
-2.505869542633281100e-01 7.612500000000000000e+01
-2.405683061746319851e-01 2.133125000000000000e+02
-2.293149789375839021e-01 4.459375000000000000e+01
-2.192211427839527715e-01 2.042812500000000000e+02
-2.085271483261781356e-01 2.943750000000000000e+01
-1.975780884974849272e-01 2.780000000000000000e+02
-1.877826323770168671e-01 7.525000000000000000e+01
-1.768443453456161052e-01 2.635000000000000000e+02
-1.652235644800850167e-01 8.159375000000000000e+01
-1.552242962865229003e-01 2.375000000000000000e+02
-1.438888721740436694e-01 3.344375000000000000e+02
-1.339253320382063350e-01 1.411875000000000000e+02
-1.233890555236154540e-01 2.981875000000000000e+02
-1.123602889384809345e-01 1.285000000000000000e+02
-1.015330364326398893e-01 2.885937500000000000e+02
-9.058402538791732184e-02 8.331250000000000000e+01
-7.925609570726521724e-02 -5.225000000000000000e+01
-6.970051324334214371e-02 -9.629375000000000000e+02
-5.872978800191219761e-02 -2.874875000000000000e+03
-4.821314208843574534e-02 -4.797125000000000000e+03
-3.718032067644116978e-02 -6.850375000000000000e+03
-2.599585841286433663e-02 -8.641187500000000000e+03
-1.670852119098142907e-02 -9.911625000000000000e+03
-5.015506782532597185e-03 -1.082509375000000000e+04
5.556455732131482250e-03 -1.047378125000000000e+04
1.618067130295219869e-02 -1.001096875000000000e+04
2.749652745302277879e-02 -8.365375000000000000e+03
3.846232999240228878e-02 -6.865000000000000000e+03
4.762332266478530585e-02 -4.788000000000000000e+03
5.907466298646468772e-02 -2.814875000000000000e+03
6.941316314829393264e-02 -9.458125000000000000e+02
8.088747179232580464e-02 2.194687500000000000e+02
9.084876566542376963e-02 1.257500000000000000e+02
1.013876838764975474e-01 2.585625000000000000e+02
1.123231408442624257e-01 1.480000000000000000e+02
1.232447907849820723e-01 2.234062500000000000e+02
1.344140762004002454e-01 1.723125000000000000e+02
1.455219808465102460e-01 2.334375000000000000e+02
1.550687356457185473e-01 1.976250000000000000e+02
1.661393504695496404e-01 1.749375000000000000e+02
1.766769589080396941e-01 1.398750000000000000e+02
1.874728318820899631e-01 1.762812500000000000e+02
1.987794383178114188e-01 -2.968750000000000000e+00
2.080599485422265360e-01 2.543750000000000000e+02
2.197543045669938522e-01 -5.431250000000000000e+01
2.301013938486686783e-01 2.265937500000000000e+02
2.408319921209640668e-01 -1.414062500000000000e+02
2.513938723206239345e-01 2.698437500000000000e+02
2.614630800639101693e-01 -1.112500000000000000e+02
2.723913500078740668e-01 2.353125000000000000e+02
2.837634504897188492e-01 -3.106250000000000000e+01
2.936674035885173950e-01 2.440000000000000000e+02
3.047521889780444582e-01 9.312500000000000000e+01
3.146245060509151870e-01 1.431250000000000000e+02
3.260979813358657609e-01 1.275312500000000000e+02
3.371004134265493946e-01 1.696875000000000000e+02
3.472111430695861145e-01 -1.351875000000000000e+02
3.578461552883656083e-01 1.746562500000000000e+02
3.687403057679450313e-01 1.118437500000000000e+02
3.794041748799177327e-01 1.650000000000000000e+02
3.910929787653838474e-01 1.040000000000000000e+02
4.003583680513802534e-01 2.475000000000000000e+01
4.118265426037330812e-01 1.374375000000000000e+02
4.221302896277094874e-01 2.478125000000000000e+01
4.328308857421818701e-01 1.605000000000000000e+02
4.441740199093313635e-01 -6.287500000000000000e+01
4.541941238954825266e-01 1.482187500000000000e+02
4.649602315960130738e-01 -4.946875000000000000e+01
4.755460458461140405e-01 1.524062500000000000e+02
4.861663280342485294e-01 -1.030312500000000000e+02
4.971592463837257725e-01 1.755625000000000000e+02
5.068279884342157260e-01 -7.143750000000000000e+01
5.179730327185838590e-01 1.349375000000000000e+02
5.290644288439274590e-01 -8.525000000000000000e+01
5.395426146093278419e-01 8.356250000000000000e+01
5.508078455046820920e-01 -3.687500000000000000e+01
5.605971235499502825e-01 3.459375000000000000e+01
5.713085929465391288e-01 4.096875000000000000e+01
5.824072204740051717e-01 1.064687500000000000e+02
5.932346900071099327e-01 3.971875000000000000e+01
6.038878030780034933e-01 7.128125000000000000e+01
6.146735516476775629e-01 8.437500000000000000e+00
6.246153843705801734e-01 1.225625000000000000e+02
6.366009287918066306e-01 -1.987500000000000000e+01
6.455663574942409610e-01 2.681250000000000000e+01
6.575866126766527486e-01 1.093750000000000000e+01
6.674693971321161712e-01 -7.712500000000000000e+01
6.782304420772353737e-01 8.118750000000000000e+01
6.893754520337980196e-01 -3.412500000000000000e+01
7.000906142894347539e-01 8.784375000000000000e+01
7.101659863303559916e-01 -3.762500000000000000e+01
7.210806485248451025e-01 1.020312500000000000e+02
7.312990469883864364e-01 -1.061250000000000000e+02
7.423605520737144303e-01 1.372500000000000000e+02
7.521910199858066193e-01 -5.212500000000000000e+01
7.631237399855859138e-01 1.104375000000000000e+02
7.742765431654028419e-01 -2.550000000000000000e+01
7.846127662362611943e-01 3.818750000000000000e+01
7.960849931160423054e-01 3.128125000000000000e+01
8.058069492989936577e-01 7.531250000000000000e+01
8.165861722877583162e-01 -3.000000000000000000e+01
8.269987549196313736e-01 7.843750000000000000e+01
8.384468120556523019e-01 2.537500000000000000e+01
8.490965043569014270e-01 1.249375000000000000e+02
8.608966338742112256e-01 2.034375000000000000e+01
8.702436096746080096e-01 9.075000000000000000e+01
8.818092802863182200e-01 2.156250000000000000e+01
8.907743799990530675e-01 -1.150000000000000000e+02
9.027985945029399772e-01 3.568750000000000000e+01
9.132381722116198475e-01 -1.150312500000000000e+02
9.236268326699246245e-01 5.393750000000000000e+01
9.345829916478551880e-01 -6.556250000000000000e+01
9.455356127352398943e-01 3.918750000000000000e+01
9.560268491308834271e-01 -1.292500000000000000e+02
9.668120220571880807e-01 3.575000000000000000e+01
9.765063808965699366e-01 -1.557500000000000000e+02
9.877304127482240403e-01 2.175000000000000000e+01
9.990542316923587407e-01 -8.543750000000000000e+01
1.008393749707903631e+00 3.825000000000000000e+01
1.019932750826727741e+00 -7.906250000000000000e+01
1.029966273995906789e+00 -4.003125000000000000e+01
1.041295608768510128e+00 -4.890625000000000000e+01
1.052301267629980330e+00 -5.012500000000000000e+01
1.062753053727633734e+00 -5.890625000000000000e+01
1.073046606752990684e+00 1.628125000000000000e+01
1.084108843055959781e+00 -6.075000000000000000e+01
1.094808156903226859e+00 1.613125000000000000e+02
1.105937247708183691e+00 -1.289375000000000000e+02
1.115497405793988150e+00 9.743750000000000000e+01
1.127328680574549935e+00 -7.343750000000000000e+01
1.137090855492253638e+00 -3.184375000000000000e+01
1.148018737485684504e+00 -2.284375000000000000e+01
1.159337090021541172e+00 -1.153125000000000000e+02
1.169945130232674657e+00 -3.787500000000000000e+01
1.179810450730945703e+00 -1.451875000000000000e+02
1.190846211244190656e+00 -3.400000000000000000e+01
1.201193067144847859e+00 -2.081250000000000000e+02
1.212320536378992841e+00 -4.606250000000000000e+01
1.221877855041745065e+00 -1.563125000000000000e+02
1.232935673357733464e+00 -1.107812500000000000e+02
1.244427747731524647e+00 -1.251875000000000000e+02
1.254470732464890048e+00 -5.906250000000000000e+01
1.265792469351967320e+00 -7.900000000000000000e+01
1.275441926331335907e+00 -1.373125000000000000e+02
1.286506226374572570e+00 -8.065625000000000000e+01
1.296984475912185353e+00 -6.090625000000000000e+01
1.308436671685656805e+00 -7.312500000000000000e+01
1.318577983611860738e+00 5.425000000000000000e+01
1.330421890717090605e+00 -1.222500000000000000e+02
1.339814848633276156e+00 1.509375000000000000e+02
1.352106696235836125e+00 -1.605000000000000000e+02
1.360756715692255980e+00 6.306250000000000000e+01
1.372652856806174881e+00 -1.221875000000000000e+02
1.382542140427283073e+00 -5.821875000000000000e+01
1.393423620640148464e+00 -7.378125000000000000e+01
1.404564046190441395e+00 -5.725000000000000000e+01
1.415291577894164377e+00 -1.124687500000000000e+02
1.425349606933412616e+00 -5.671875000000000000e+01
1.436495231135877404e+00 -1.081875000000000000e+02
1.446487013550029843e+00 -2.148750000000000000e+02
1.457530914892467777e+00 -6.743750000000000000e+01
1.468127633940224719e+00 -4.771875000000000000e+01
1.478380397511938504e+00 -9.225000000000000000e+01
1.489389827565251068e+00 1.562500000000000000e+00
1.499744425234932343e+00 -1.293750000000000000e+02
1.511215001594468532e+00 -1.218750000000000000e+01
1.521760367401301828e+00 1.403125000000000000e+01
1.531716745787949030e+00 -9.537500000000000000e+01
1.542724704663294588e+00 -3.156250000000000000e+01
1.552799217499710949e+00 -2.575000000000000000e+01
1.564288405989253228e+00 8.125000000000000000e+00
1.575927634917874798e+00 -1.643750000000000000e+02
1.585474494648636323e+00 4.137500000000000000e+01
1.596681900349805616e+00 -2.086250000000000000e+02
1.606966435296406814e+00 6.106250000000000000e+01
1.617982909206778785e+00 -1.089062500000000000e+02
1.629150555804895539e+00 -1.116250000000000000e+02
1.638632641057099271e+00 -5.665625000000000000e+01
1.650443008908185405e+00 -4.787500000000000000e+01
1.660639243085297423e+00 -1.108125000000000000e+02
1.671221469937752779e+00 -1.172187500000000000e+02
1.681269298580430060e+00 -1.182500000000000000e+02
1.691868144724500311e+00 -4.925000000000000000e+01
1.702735261527595689e+00 -1.933750000000000000e+02
1.714167563324085819e+00 2.356250000000000000e+01
1.723526461757556305e+00 -1.077500000000000000e+02
1.735008814837105007e+00 -4.137500000000000000e+01
1.744882384309514478e+00 -2.026250000000000000e+02
1.756210278170132533e+00 -1.019062500000000000e+02
1.766438858010797475e+00 -1.420625000000000000e+02
1.777569721578771578e+00 -1.333125000000000000e+02
1.788033097694887275e+00 -1.101562500000000000e+02
1.799136803894301195e+00 -1.762187500000000000e+02
1.810246071211125241e+00 3.240625000000000000e+01
1.821139954021177232e+00 -2.272500000000000000e+02
1.831241446978340015e+00 1.328125000000000000e+01
1.842208700461553939e+00 -1.798437500000000000e+02
1.852654643272579449e+00 -5.462500000000000000e+01
1.863212110194410798e+00 -1.495000000000000000e+02
1.874545067616506522e+00 -9.928125000000000000e+01
1.884587427116108493e+00 -1.754062500000000000e+02
1.895327412906443243e+00 -4.553125000000000000e+01
1.905851678720337006e+00 -1.494375000000000000e+02
1.916431011022230457e+00 -1.090625000000000000e+02
1.926912316316402141e+00 -2.039375000000000000e+02
1.937080424828669933e+00 -6.218750000000000000e+01
1.947940179585020637e+00 -2.133750000000000000e+02
1.959379639046606059e+00 -1.053750000000000000e+02
1.968801170671651057e+00 -2.205312500000000000e+02
1.980592927304663853e+00 -1.702187500000000000e+02
1.990234593433580557e+00 -1.253750000000000000e+02
2.001419326061099291e+00 -1.486875000000000000e+02
2.012180503594581005e+00 -1.284687500000000000e+02
2.023529962765282519e+00 -1.813125000000000000e+02
2.033963079220036718e+00 -8.087500000000000000e+01
2.045620513122386797e+00 -2.073125000000000000e+02
2.055451475127895833e+00 -8.525000000000000000e+01
2.066982974301565967e+00 -2.107187500000000000e+02
2.077070400420318208e+00 -8.418750000000000000e+01
2.087934164580996566e+00 -1.584375000000000000e+02
2.098977749981491669e+00 -1.418125000000000000e+02
2.108425695680337775e+00 -1.649375000000000000e+02
2.119790160066548523e+00 -1.260625000000000000e+02
2.129797663582045253e+00 -2.163437500000000000e+02
2.140533037779494663e+00 -1.224375000000000000e+02
2.150926655416766309e+00 -1.752500000000000000e+02
2.161766628202546947e+00 -1.318125000000000000e+02
2.172411059141236223e+00 -2.265937500000000000e+02
2.182586296853591179e+00 -1.649375000000000000e+02
2.193145064696909508e+00 -1.954062500000000000e+02
2.204591865010375074e+00 -1.369687500000000000e+02
2.214078090661953269e+00 -1.955000000000000000e+02
2.225976235950769322e+00 -1.533125000000000000e+02
2.235710260561031504e+00 -1.685937500000000000e+02
2.246846259908711119e+00 -1.768125000000000000e+02
2.257925456188411673e+00 -1.417500000000000000e+02
2.268850896881220436e+00 -1.390625000000000000e+02
2.279975090626166434e+00 -6.793750000000000000e+01
2.290980875314247101e+00 -1.326875000000000000e+02
2.300721649013135917e+00 -1.273750000000000000e+02
2.312191252687255449e+00 -1.553437500000000000e+02
2.322282391581659056e+00 -9.337500000000000000e+01
2.333135130454660811e+00 -1.081875000000000000e+02
2.344335771821730141e+00 -1.316250000000000000e+02
2.353825889034084184e+00 -1.232500000000000000e+02
2.365304986630906825e+00 -1.051875000000000000e+02
2.375842081362334213e+00 -7.318750000000000000e+01
2.386415902380993437e+00 -1.100000000000000000e+02
2.396469800409233741e+00 -1.791875000000000000e+02
2.406976444842091389e+00 -9.906250000000000000e+01
2.417916280190001821e+00 -2.837812500000000000e+02
2.429280910868332199e+00 -6.906250000000000000e+01
2.438720366373727799e+00 -2.984375000000000000e+02
2.449892632296329253e+00 -5.250000000000000000e+01
2.460065845598203182e+00 -2.656875000000000000e+02
2.471183550534009399e+00 -2.388750000000000000e+02
2.481630298754890163e+00 -1.748750000000000000e+02
2.492193322155332069e+00 -7.237500000000000000e+01
2.503234767358543778e+00 -1.451250000000000000e+02
2.514171719413072381e+00 -1.272500000000000000e+02
2.525361122100539646e+00 -7.375000000000000000e+01
2.536487373779812593e+00 -1.422812500000000000e+02
2.546437256909514169e+00 -1.062500000000000000e+02
2.557733415896194629e+00 -7.656250000000000000e+01
2.568286688436542953e+00 -1.462812500000000000e+02
2.578410383394524885e+00 2.931250000000000000e+01
2.589733285285999109e+00 -1.271562500000000000e+02
2.600342683078208594e+00 1.018750000000000000e+01
2.610807040106154275e+00 -9.856250000000000000e+01
2.621150837078586093e+00 -8.703125000000000000e+01
2.631625378272890892e+00 -2.058750000000000000e+02
2.642386995837082253e+00 -1.812500000000000000e+02
2.652283135128888247e+00 -1.113750000000000000e+02
2.663139074928349004e+00 -2.646875000000000000e+02
2.674581677528554025e+00 -1.383750000000000000e+02
2.684837665868892387e+00 -2.907500000000000000e+02
2.695769677715710522e+00 -2.125312500000000000e+02
2.705963373052934884e+00 -2.198750000000000000e+02
2.716390932521720813e+00 -1.703125000000000000e+02
2.727914256773681601e+00 -2.336250000000000000e+02
2.738732119074088089e+00 -9.300000000000000000e+01
2.749146979161658066e+00 -2.108750000000000000e+02
2.759546254311802116e+00 -1.315625000000000000e+02
2.770633943626719997e+00 -1.652812500000000000e+02
2.781555037237680494e+00 -1.272500000000000000e+02
2.791647265692547286e+00 -2.359375000000000000e+02
2.802607745080961443e+00 -1.387500000000000000e+01
2.812943037743131924e+00 -2.635312500000000000e+02
2.823625597553302669e+00 -1.053125000000000000e+02
2.835282477645922228e+00 -2.240000000000000000e+02
2.845553592333756043e+00 -1.642500000000000000e+02
2.856006254976962921e+00 -2.421250000000000000e+02
2.866458840999241531e+00 -1.872500000000000000e+02
2.877060974748379962e+00 -1.400625000000000000e+02
2.887870794081445425e+00 -2.593750000000000000e+02
2.897639826600189039e+00 -9.550000000000000000e+01
2.908347674271080763e+00 -2.930625000000000000e+02
2.919882675586055854e+00 -1.351250000000000000e+02
2.930126674304157852e+00 -3.575937500000000000e+02
2.941164245935327770e+00 -1.277500000000000000e+02
2.951056968459237595e+00 -2.993125000000000000e+02
2.961820899454127520e+00 -1.342500000000000000e+02
2.972586609268918600e+00 -2.538125000000000000e+02
2.983550439817904909e+00 -2.337500000000000000e+01
2.994991424780190314e+00 -3.730000000000000000e+02
3.006029622312027527e+00 3.812500000000000000e+00
3.015912651220711282e+00 -3.030000000000000000e+02
3.026904045860567827e+00 -1.257500000000000000e+02
3.037600415926895892e+00 -3.414375000000000000e+02
3.048230997609001847e+00 -1.431875000000000000e+02
3.059658349250344855e+00 -1.416250000000000000e+02
3.069770475280725996e+00 -5.540625000000000000e+01
3.080772271128951800e+00 -2.169375000000000000e+02
3.091044995302054232e+00 -1.980625000000000000e+02
3.101635645646855011e+00 -3.277500000000000000e+02
3.111879023862753613e+00 -2.315000000000000000e+02
3.122273476507322343e+00 -7.218750000000000000e+01
3.133122298404796169e+00 -3.578125000000000000e+02
3.144482940866513587e+00 -6.337500000000000000e+01
3.153735329290793921e+00 -3.110000000000000000e+02
3.165247330913107504e+00 -4.787500000000000000e+01
3.175421233771213991e+00 -3.880000000000000000e+02
3.186595601706161851e+00 -9.059375000000000000e+01
3.196821907020630960e+00 -2.484375000000000000e+02
3.207391133145835127e+00 -8.231250000000000000e+01
3.218436435014035979e+00 -2.835000000000000000e+02
3.229265036886234341e+00 -1.345625000000000000e+02
3.240534942570766574e+00 -1.303125000000000000e+02
3.251392927250392972e+00 -1.415000000000000000e+02
3.261120989443876184e+00 -3.108750000000000000e+02
3.272112276399560038e+00 -1.192500000000000000e+02
3.282931980384198312e+00 -3.818750000000000000e+02
3.293615336387858861e+00 -1.352500000000000000e+02
3.304921352143080249e+00 -2.529062500000000000e+02
3.314980781446698721e+00 -1.406250000000000000e+02
3.325693782161796008e+00 -3.834375000000000000e+02
3.336447836616555307e+00 -1.158750000000000000e+02
3.346819603496858697e+00 -2.361875000000000000e+02
3.357839338051471501e+00 -2.875625000000000000e+02
3.367485782339278089e+00 -8.681250000000000000e+01
3.378510238729359294e+00 -3.277500000000000000e+02
3.389783760513896738e+00 -7.040625000000000000e+01
3.400109364249185084e+00 -3.570000000000000000e+02
3.410747255773316056e+00 -1.455000000000000000e+02
3.421046550107643469e+00 -3.553125000000000000e+02
3.431804572180939594e+00 -1.246562500000000000e+02
3.443114700147441809e+00 -2.963750000000000000e+02
3.453130986230831923e+00 -1.295000000000000000e+02
3.464330481086570046e+00 -4.697500000000000000e+02
3.474904057972539206e+00 -2.053125000000000000e+02
3.485575793455709004e+00 -1.649687500000000000e+02
3.496604431562857940e+00 -1.790625000000000000e+02
3.506329359797669909e+00 -5.766875000000000000e+02
3.517448843717003726e+00 -1.389375000000000000e+02
3.528262061943131300e+00 -5.421875000000000000e+02
3.538827337015220564e+00 -1.025000000000000000e+02
3.550193789217081175e+00 -2.445000000000000000e+02
3.560191091308857914e+00 -1.593125000000000000e+02
3.570899325544122149e+00 -3.645937500000000000e+02
3.581659555795324579e+00 -1.846875000000000000e+02
3.592156741235901229e+00 -1.772187500000000000e+02
3.603072812960635751e+00 -2.824375000000000000e+02
3.612840210460253942e+00 -1.466250000000000000e+02
3.623899104497523282e+00 -2.797500000000000000e+02
3.634995985171631361e+00 -1.776875000000000000e+02
3.645558183539488795e+00 -4.154687500000000000e+02
3.656352079317843007e+00 -1.322500000000000000e+02
3.666258639243391571e+00 -4.687812500000000000e+02
3.677013437590889389e+00 -2.160312500000000000e+02
3.688426090902675369e+00 -3.139375000000000000e+02
3.698740692194392388e+00 -1.742500000000000000e+02
3.710056239184149618e+00 -3.269375000000000000e+02
3.721381733077990361e+00 -1.762500000000000000e+02
3.731021727330201543e+00 -3.800937500000000000e+02
3.741970160792092770e+00 -1.827500000000000000e+02
3.752053224567164058e+00 -3.001875000000000000e+02
3.763473080176094498e+00 -1.685625000000000000e+02
3.774578096421242535e+00 -1.910625000000000000e+02
3.784405668446652271e+00 -1.565000000000000000e+02
3.795405753893936307e+00 -3.575625000000000000e+02
3.806105340219870570e+00 -1.929375000000000000e+02
3.816577650525612597e+00 -3.449687500000000000e+02
3.827075553040527822e+00 -1.990937500000000000e+02
3.837366473969102465e+00 -1.948750000000000000e+02
3.848494238696003045e+00 -3.313437500000000000e+02
3.859684791119438074e+00 -2.034375000000000000e+02
3.869108601285971005e+00 -3.510625000000000000e+02
3.880595796478932158e+00 -1.876875000000000000e+02
3.890525926783122479e+00 -3.907187500000000000e+02
3.902017348819430964e+00 -2.301250000000000000e+02
3.911800394392184188e+00 -3.639687500000000000e+02
3.922520215656791542e+00 -1.954062500000000000e+02
3.933537649400557612e+00 -2.899375000000000000e+02
3.944575814974315975e+00 -2.119375000000000000e+02
3.955268098417827005e+00 -1.205937500000000000e+02
3.966989847451342754e+00 -2.641875000000000000e+02
3.976141963506043098e+00 -2.433750000000000000e+02
3.987423517302969955e+00 -2.101250000000000000e+02
3.998015580866955077e+00 -4.081875000000000000e+02
4.008792877336103899e+00 -1.880625000000000000e+02
4.019911357308243005e+00 -3.128125000000000000e+02
4.029615387704780005e+00 -1.523125000000000000e+02
4.040876702472122162e+00 -3.279375000000000000e+02
4.051554311371274864e+00 -1.591562500000000000e+02
4.062029812697108611e+00 -2.062500000000000000e+02
4.072488797005162198e+00 -2.635000000000000000e+02
4.082688462808070184e+00 -1.639375000000000000e+02
4.093703228903177838e+00 -2.861562500000000000e+02
4.104985842768005710e+00 -1.972812500000000000e+02
4.114809383947760857e+00 -3.103437500000000000e+02
4.125911749047958210e+00 -1.902500000000000000e+02
4.135981694409220921e+00 -3.282500000000000000e+02
4.146997181763967255e+00 -2.749687500000000000e+02
4.157768616622351310e+00 -2.959062500000000000e+02
4.168309122689976220e+00 -2.386875000000000000e+02
4.179232288189568045e+00 -2.467500000000000000e+02
4.190099690483124917e+00 -2.508750000000000000e+02
4.200614380471259679e+00 -5.050000000000000000e+01
4.212193870042112209e+00 -1.508125000000000000e+02
4.221520822544258422e+00 -3.933750000000000000e+02
4.233349935691052224e+00 -1.163125000000000000e+02
4.243460676024731981e+00 -3.095625000000000000e+02
4.254391087166823127e+00 -7.443750000000000000e+01
4.265395521541284651e+00 -3.076250000000000000e+02
4.275950472189590457e+00 -1.213750000000000000e+02
4.286082179497714861e+00 -2.690312500000000000e+02
4.297061916856661057e+00 -1.256250000000000000e+02
4.307236701665932088e+00 -2.472500000000000000e+02
4.318253134237056479e+00 -2.520625000000000000e+02
4.328040701418776948e+00 -2.499375000000000000e+02
4.339093548000219513e+00 -3.175000000000000000e+02
4.350287129197173641e+00 -2.190000000000000000e+02
4.360607948265407430e+00 -3.645625000000000000e+02
4.371771911198979232e+00 -2.593750000000000000e+02
4.381576162442495814e+00 -1.945625000000000000e+02
4.392438509118296253e+00 -3.085625000000000000e+02
4.403526550917911564e+00 -1.566250000000000000e+02
4.413512914312747171e+00 -2.739375000000000000e+02
4.425123658497350121e+00 -7.943750000000000000e+01
4.435867656330622744e+00 -3.482812500000000000e+02
4.446112811684534094e+00 -1.305000000000000000e+02
4.457285400387184460e+00 -9.659375000000000000e+01
4.467769060958879379e+00 -1.493125000000000000e+02
4.478708506007127887e+00 -1.798125000000000000e+02
4.489773079341608408e+00 -2.280000000000000000e+02
4.499421129171565781e+00 -9.443750000000000000e+01
4.510607455251664177e+00 -3.171250000000000000e+02
4.521450336041580087e+00 -1.193125000000000000e+02
4.531533585028372002e+00 -3.421250000000000000e+02
4.542724664613128738e+00 -2.132187500000000000e+02
4.552678846350678654e+00 -1.079375000000000000e+02
4.563868993276683383e+00 -2.997500000000000000e+02
4.574886658252584226e+00 -2.407500000000000000e+02
4.584353500279104487e+00 -2.237187500000000000e+02
4.595645605017043778e+00 -2.518750000000000000e+02
4.605818879523450704e+00 -3.350625000000000000e+02
4.616980806353043754e+00 -2.801250000000000000e+02
4.627205725193771713e+00 -1.498750000000000000e+02
4.637717793762081264e+00 -2.367812500000000000e+02
4.648839500765342692e+00 -1.123750000000000000e+02
4.659560444515195243e+00 -3.273125000000000000e+02
4.670603157715257581e+00 -1.441250000000000000e+02
4.681793491938563534e+00 -1.959375000000000000e+02
4.691221098275064172e+00 -1.640937500000000000e+02
4.702601904397026189e+00 -1.170625000000000000e+02
4.712459266620528275e+00 -1.576875000000000000e+02
4.723842042959926601e+00 -2.308125000000000000e+02
4.735095634380937391e+00 -2.226250000000000000e+02
4.744632102368228743e+00 -1.146562500000000000e+02
4.755730801504339134e+00 -2.044062500000000000e+02
4.766756041963800428e+00 -1.723750000000000000e+02
4.777198057856073987e+00 -1.667500000000000000e+02
4.787929446872080774e+00 -2.622812500000000000e+02
4.797770876312658750e+00 -1.707812500000000000e+02
4.809078696236666062e+00 -1.779375000000000000e+02
4.820187916640211512e+00 -1.677500000000000000e+02
4.830000477777832479e+00 -2.903125000000000000e+02
4.841039127360589944e+00 -1.704062500000000000e+02
4.851565174263367197e+00 -1.795625000000000000e+02
4.862425732916239696e+00 -1.821875000000000000e+02
4.873719218017095400e+00 -1.771250000000000000e+02
4.883667574615651930e+00 -2.355312500000000000e+02
4.894696685963488392e+00 -1.838750000000000000e+02
4.905142819997793779e+00 -2.816562500000000000e+02
4.915858614172656793e+00 -1.326562500000000000e+02
4.927267742661491035e+00 -1.587812500000000000e+02
4.936614841965322853e+00 -2.011562500000000000e+02
4.947805816393239908e+00 -1.395000000000000000e+02
4.958430783700201516e+00 -2.163750000000000000e+02
4.969191979464680387e+00 -1.448750000000000000e+02
4.980301609082030900e+00 -1.957187500000000000e+02
4.990020578296480380e+00 -1.625000000000000000e+02
5.001031390076894567e+00 -1.987500000000000000e+02
5.011875125006026721e+00 -1.910000000000000000e+02
5.022416670058608368e+00 -1.788750000000000000e+02
5.033488040859392498e+00 -1.596875000000000000e+02
5.043378989342349072e+00 -1.770000000000000000e+02
5.054288326611695581e+00 -1.578125000000000000e+02
5.065633752385028998e+00 -1.823437500000000000e+02
5.076112817766425422e+00 -1.356875000000000000e+02
5.087202111778100999e+00 -2.443750000000000000e+02
5.097740823983630598e+00 -1.061562500000000000e+02
5.107704841601903745e+00 -2.600937500000000000e+02
5.118931570531595199e+00 -1.170625000000000000e+02
5.129550196453751099e+00 -2.746250000000000000e+02
5.140591893064291540e+00 -1.213125000000000000e+02
5.151064454478722077e+00 -2.665312500000000000e+02
5.161112063542596218e+00 -1.152500000000000000e+02
5.172475762430543078e+00 -1.729062500000000000e+02
5.181921242028616703e+00 -1.113125000000000000e+02
5.193764104996347442e+00 -2.287500000000000000e+02
5.203870445580285775e+00 -1.040625000000000000e+02
5.214619805240687356e+00 -1.181250000000000000e+02
5.225809066154686988e+00 -1.904375000000000000e+02
5.235941842016436532e+00 -9.359375000000000000e+01
5.246715275225140473e+00 -1.795000000000000000e+02
5.257469133577002296e+00 -8.406250000000000000e+01
5.267881473908706980e+00 -1.856875000000000000e+02
5.278880050132284119e+00 -1.020937500000000000e+02
5.290177813202976864e+00 -1.210625000000000000e+02
5.299497884227148958e+00 -2.030625000000000000e+02
5.310844955050843197e+00 -1.602187500000000000e+02
5.321060809058873353e+00 -2.054375000000000000e+02
5.332481157745010414e+00 -2.178125000000000000e+02
5.342950904594917283e+00 -7.190625000000000000e+01
5.352983681135343730e+00 -1.913750000000000000e+02
5.364040942083983410e+00 -9.550000000000000000e+01
5.374762327131579198e+00 -2.719375000000000000e+02
5.385712998319186262e+00 -9.878125000000000000e+01
5.396993659466218674e+00 -1.720937500000000000e+02
5.406487796516548983e+00 -1.865625000000000000e+02
5.417683860954560338e+00 -1.825937500000000000e+02
5.428180991706675229e+00 -1.448125000000000000e+02
5.438993222817165574e+00 -1.445312500000000000e+02
5.450279642763431021e+00 -1.754062500000000000e+02
5.459655414026030940e+00 -1.640000000000000000e+02
5.471020956558566795e+00 -1.963125000000000000e+02
5.481957913415227424e+00 -4.370000000000000000e+02
5.492403161756772789e+00 -1.131250000000000000e+03
5.503110142831214802e+00 -3.029093750000000000e+03
5.513230264210269738e+00 -4.718562500000000000e+03
5.524089083555009161e+00 -6.781781250000000000e+03
5.535479568232918979e+00 -8.208500000000000000e+03
5.545191449193555222e+00 -9.078656250000000000e+03
5.556473486211310764e+00 -9.188968750000000000e+03
5.566651722454775353e+00 -8.303812500000000000e+03
5.577691838913838573e+00 -7.074343750000000000e+03
5.588818577416413191e+00 -5.166593750000000000e+03
5.598429273425559849e+00 -3.105718750000000000e+03
5.609252898462608883e+00 -1.488625000000000000e+03
5.620083401196923845e+00 -5.100312500000000000e+02
5.631096772485825852e+00 -7.568750000000000000e+01
5.642457886888144536e+00 -9.125000000000000000e+01
5.651904554453645702e+00 -1.225625000000000000e+02
5.662983881831761934e+00 -1.226875000000000000e+02
5.673746041457086164e+00 -1.153750000000000000e+02
5.684296496851051650e+00 -1.258437500000000000e+02
5.695485524797928356e+00 -1.180312500000000000e+02
5.705216346780161984e+00 -8.837500000000000000e+01
5.716125276069303318e+00 -9.600000000000000000e+01
5.727170023876807292e+00 -7.993750000000000000e+01
5.737610416204622865e+00 -6.812500000000000000e+01
5.748546781519744187e+00 -1.026875000000000000e+02
5.758441890540543895e+00 -1.373750000000000000e+02
5.769298165613872875e+00 -1.275312500000000000e+02
5.780602092282865812e+00 -1.633750000000000000e+02
5.790773096583345492e+00 -1.138750000000000000e+02
5.802400219460327691e+00 -2.047500000000000000e+02
5.812179742360012114e+00 2.487500000000000000e+01
5.822834350949637638e+00 -2.361250000000000000e+02
5.834134470501476599e+00 9.875000000000000000e+00
5.844309976502686688e+00 -2.033125000000000000e+02
5.855528939872337801e+00 4.412500000000000000e+01
5.865701678495328864e+00 -1.555625000000000000e+02
5.876458327230457357e+00 3.268750000000000000e+01
5.887577986422670051e+00 -4.800000000000000000e+01
5.898169725236719785e+00 1.400000000000000000e+01
5.908576933386568975e+00 -1.742812500000000000e+02
5.919615872975170667e+00 2.796875000000000000e+01
5.929645252548482404e+00 -8.843750000000000000e+01
5.940957946405866608e+00 -4.475000000000000000e+01
5.951141004996279626e+00 -1.690312500000000000e+02
5.961913766233718270e+00 2.856250000000000000e+01
5.972474183818105686e+00 -8.400000000000000000e+01
5.982822073545028374e+00 -1.021875000000000000e+02
5.994073014258174403e+00 -1.227187500000000000e+02
6.005290029885149039e+00 1.625000000000000000e+01
6.014507145983952974e+00 -2.422812500000000000e+02
6.025904050995965378e+00 -8.668750000000000000e+01
6.036253071345892174e+00 -6.031250000000000000e+00
6.047611006770825526e+00 -2.393750000000000000e+02
6.058147213711353452e+00 5.434375000000000000e+01
6.068045240007126750e+00 -2.002500000000000000e+02
6.079242367915748346e+00 5.137500000000000000e+01
6.089964236523487173e+00 -2.118125000000000000e+02
6.101081283166486458e+00 -5.625000000000000000e-01
6.112355973212956428e+00 1.312500000000000000e+00
6.121774208805121020e+00 -6.646875000000000000e+01
6.132874081316834314e+00 -1.812500000000000000e+01
6.143624105164086302e+00 1.918750000000000000e+01
6.154178254969423278e+00 -9.150000000000000000e+01
6.165463381178793334e+00 -3.112500000000000000e+01
6.174857355061078579e+00 -6.562500000000000000e+00
6.186222438124167056e+00 1.036250000000000000e+02
6.197159822254162620e+00 -1.159062500000000000e+02
6.207589459155531841e+00 -1.531250000000000000e+01
6.218067417523952756e+00 -3.812500000000000000e+00
6.228296567435242181e+00 -5.400000000000000000e+01
6.239281992649194031e+00 -1.035625000000000000e+02
6.250501948461536728e+00 -2.825000000000000000e+01
6.260014587066418557e+00 -2.500000000000000000e+00
6.271395058697866176e+00 -1.098125000000000000e+02
6.281740211355081982e+00 -6.187500000000000000e+00
6.292821715209942823e+00 -1.978750000000000000e+02
6.304019982002381894e+00 6.384375000000000000e+01
6.313391308467076968e+00 -8.281250000000000000e+01
6.324559281992288007e+00 -3.750000000000000000e+00
6.335285454012508310e+00 -8.746875000000000000e+01
6.346359737404354995e+00 2.200000000000000000e+01
6.357648050090495495e+00 -3.228125000000000000e+01
6.367096818370479028e+00 4.437500000000000000e+00
6.378161532489768248e+00 -7.837500000000000000e+01
6.389057539290114107e+00 2.706250000000000000e+01
6.399572760711320640e+00 8.937500000000000000e+00
6.410757103751780761e+00 2.187500000000000000e+00
6.420240851174781938e+00 -3.781250000000000000e+01
6.431404558694246099e+00 1.009687500000000000e+02
6.442463517520065963e+00 -1.220000000000000000e+02
6.452810943746660755e+00 4.893750000000000000e+01
6.463714946417221441e+00 -4.668750000000000000e+01
6.473642781724029405e+00 2.928125000000000000e+01
6.484734949267005000e+00 -1.140625000000000000e+01
6.495894309974179492e+00 -6.187500000000000000e+00
6.506236550062932444e+00 -1.381250000000000000e+01
6.517100413065167075e+00 -5.818750000000000000e+01
6.527376650473296849e+00 4.775000000000000000e+01
6.538032544546371838e+00 -1.343125000000000000e+02
6.549585272395533231e+00 3.293750000000000000e+01
6.559499444880189323e+00 -7.868750000000000000e+01
6.570860398454778206e+00 2.812500000000000000e+01
6.580606851421409331e+00 -1.256250000000000000e+01
6.591630558289571340e+00 1.681250000000000000e+01
6.602856045470537616e+00 -3.590625000000000000e+01
6.613492229501837016e+00 2.028125000000000000e+01
6.623755113076943424e+00 -5.321875000000000000e+01
6.634268635508668410e+00 5.081250000000000000e+01
6.644814040404738442e+00 2.287500000000000000e+01
6.656149429408721119e+00 6.625000000000000000e+01
6.665622337145123311e+00 -3.743750000000000000e+01
6.676614846000936687e+00 8.896875000000000000e+01
6.687583970945253142e+00 -4.109375000000000000e+01
6.698022459526034922e+00 5.818750000000000000e+01
6.709077889431082298e+00 -3.237500000000000000e+01
6.718987644896591505e+00 1.072500000000000000e+02
6.729888189927860864e+00 -1.918750000000000000e+01
6.741106524187276960e+00 7.625000000000000000e+01
6.751730547225616164e+00 2.975000000000000000e+01
6.762558203699685855e+00 2.718750000000000000e+00
6.772783716022086509e+00 5.256250000000000000e+01
6.783310621381192895e+00 1.571875000000000000e+01
6.795038391913756470e+00 3.087500000000000000e+01
6.805165951276253011e+00 -1.600000000000000000e+01
6.816238089295119984e+00 5.196875000000000000e+01
6.827228790712226214e+00 2.743750000000000000e+01
6.836956388073716084e+00 4.871875000000000000e+01
6.848064069314125923e+00 5.153125000000000000e+01
6.858581200917022613e+00 1.223750000000000000e+02
6.869362747917270084e+00 6.934375000000000000e+01
6.879479750644712510e+00 6.575000000000000000e+01
6.890059469402160630e+00 4.337500000000000000e+01
6.901357999647622421e+00 9.268750000000000000e+01
6.912270531357917136e+00 1.856250000000000000e+01
6.921858137391899035e+00 1.015000000000000000e+02
6.933260831449542749e+00 8.650000000000000000e+01
6.943234060637839988e+00 1.648750000000000000e+02
6.954474986897548838e+00 6.878125000000000000e+01
6.965703513613338060e+00 1.478750000000000000e+02
6.975214077115108324e+00 -1.443750000000000000e+01
6.986443142914326998e+00 1.284687500000000000e+02
6.997055366986682401e+00 4.356250000000000000e+01
7.008020125710249459e+00 1.092500000000000000e+02
7.019320373322637252e+00 2.593750000000000000e+01
7.028588131331604316e+00 1.354375000000000000e+02
7.039960407062460845e+00 5.737500000000000000e+01
7.050487490635449106e+00 1.114687500000000000e+02
7.061542575056164672e+00 7.121875000000000000e+01
7.072770724121923536e+00 1.313750000000000000e+02
7.082161832965041981e+00 1.315625000000000000e+01
7.093338967888568547e+00 1.345000000000000000e+02
7.104148041895420818e+00 8.550000000000000000e+01
7.114762809943071531e+00 1.431250000000000000e+02
7.125852544698514812e+00 1.218750000000000000e+02
7.135439974064098578e+00 9.859375000000000000e+01
7.146566601435075938e+00 1.746250000000000000e+02
7.157573798160866474e+00 -1.787500000000000000e+01
7.167996607998664338e+00 1.644375000000000000e+02
7.178882800027404087e+00 -1.618750000000000000e+01
7.188711794715706205e+00 2.806875000000000000e+02
7.199873641076974806e+00 4.437500000000000000e+01
7.211096819196033181e+00 2.378750000000000000e+02
7.221428530450249461e+00 5.340625000000000000e+01
7.232044526712424037e+00 1.315312500000000000e+02
7.242573794473127435e+00 1.099687500000000000e+02
7.253231015495334333e+00 1.141875000000000000e+02
7.264876320673168131e+00 9.237500000000000000e+01
7.274688606968980231e+00 1.344062500000000000e+02
7.285934055762945505e+00 9.450000000000000000e+01
7.295951934565467312e+00 1.632812500000000000e+02
7.306693571750720650e+00 8.837500000000000000e+01
7.318045912686932830e+00 2.300000000000000000e+02
7.327498201075210105e+00 7.131250000000000000e+01
7.338542518764453959e+00 2.347500000000000000e+02
7.349359945697976571e+00 1.187812500000000000e+02
7.360010100232314834e+00 2.495000000000000000e+02
7.371236443745216249e+00 2.157812500000000000e+02
7.380818318203182571e+00 9.975000000000000000e+01
7.391775134421074256e+00 2.179375000000000000e+02
7.403060962334462758e+00 1.153437500000000000e+02
7.413222821882007096e+00 4.084375000000000000e+02
7.424458896442229339e+00 7.971875000000000000e+01
7.434055367049714036e+00 4.393125000000000000e+02
7.445142866105453727e+00 1.411562500000000000e+02
7.456127250648936666e+00 2.948125000000000000e+02
7.466933148939443043e+00 1.506250000000000000e+02
7.478007582455251878e+00 2.793125000000000000e+02
7.489103014095769950e+00 1.721875000000000000e+02
7.498574643657308414e+00 2.518750000000000000e+02
7.510084506144878880e+00 2.158125000000000000e+02
7.519896338610110753e+00 3.791250000000000000e+02
7.531274111357442180e+00 1.550625000000000000e+02
7.542593364782490539e+00 2.894687500000000000e+02
7.551902809398661987e+00 3.106250000000000000e+01
7.563312507705715504e+00 2.771875000000000000e+02
7.572572462450310127e+00 1.962500000000000000e+02
7.584581917531153294e+00 3.508750000000000000e+02
7.594464274727975805e+00 1.697500000000000000e+02
7.605261653446916625e+00 2.979375000000000000e+02
7.616333690317947713e+00 4.056875000000000000e+02
7.627563737899164309e+00 1.378437500000000000e+02
7.637021605405514002e+00 3.002812500000000000e+02
7.648454494271090809e+00 1.570000000000000000e+02
7.658414669961946863e+00 4.300625000000000000e+02
7.669919222939353354e+00 1.697812500000000000e+02
7.680151269280526272e+00 4.584375000000000000e+02
7.690762945196513378e+00 1.458437500000000000e+02
7.701521489940720500e+00 4.427500000000000000e+02
7.712257247551246309e+00 1.671875000000000000e+02
7.723284643930187876e+00 2.219062500000000000e+02
7.734422478253572208e+00 2.090312500000000000e+02
7.744194878951390137e+00 4.768125000000000000e+02
7.755160197375369435e+00 2.834375000000000000e+02
7.765799516157359861e+00 4.300625000000000000e+02
7.776645663821590837e+00 1.812187500000000000e+02
7.788027726028224684e+00 3.674687500000000000e+02
7.797206018188253651e+00 2.164375000000000000e+02
7.808897613377514979e+00 2.499375000000000000e+02
7.819117399008511882e+00 1.862812500000000000e+02
7.829873295487117524e+00 3.606875000000000000e+02
7.840429836476302761e+00 2.949062500000000000e+02
7.850473911926940218e+00 2.506250000000000000e+02
7.861535436407098842e+00 3.799375000000000000e+02
7.872775780694338366e+00 2.035937500000000000e+02
7.883167490407902989e+00 4.294375000000000000e+02
7.894150435878873218e+00 2.184062500000000000e+02
7.903914591366989484e+00 4.080000000000000000e+02
7.915129843219330219e+00 2.222500000000000000e+02
7.926299380193601252e+00 4.107500000000000000e+02
7.936923442209245394e+00 2.566875000000000000e+02
7.947733995726397715e+00 2.640312500000000000e+02
7.957961185269805782e+00 3.390625000000000000e+02
7.968560971930388703e+00 3.588125000000000000e+02
7.979937211079084491e+00 2.712500000000000000e+02
7.989424740471196884e+00 3.920000000000000000e+02
8.000883521878684235e+00 2.229687500000000000e+02
