#Time Flux
-3.610427707384197049e+00 3.504687500000000000e+01
-3.594720983806746872e+00 3.408984375000000000e+01
-3.582331223913920226e+00 3.501562500000000000e+01
-3.567828294435468450e+00 3.144531250000000000e+01
-3.552266118585462706e+00 3.551562500000000000e+01
-3.537453269512271348e+00 3.976953125000000000e+01
-3.524194973684155130e+00 3.247656250000000000e+01
-3.509229968069943695e+00 3.218750000000000000e+01
-3.493947726661787101e+00 3.901562500000000000e+01
-3.480604563021273634e+00 3.503906250000000000e+01
-3.466314287714121534e+00 4.126562500000000000e+01
-3.450426728261030362e+00 3.292968750000000000e+01
-3.436361465220119982e+00 3.420312500000000000e+01
-3.422707866909128427e+00 3.326562500000000000e+01
-3.407478339404843126e+00 3.613281250000000000e+01
-3.392676352047976351e+00 3.545703125000000000e+01
-3.379607699958070199e+00 3.097265625000000000e+01
-3.364964756818311642e+00 3.772656250000000000e+01
-3.348651799017899222e+00 2.901562500000000000e+01
-3.336066426425166043e+00 3.418750000000000000e+01
-3.321253417120537677e+00 3.469531250000000000e+01
-3.306589343734755104e+00 3.667968750000000000e+01
-3.291297958607595220e+00 3.326953125000000000e+01
-3.278265709560386654e+00 3.573437500000000000e+01
-3.263075052059061676e+00 2.964843750000000000e+01
-3.247839366385724347e+00 2.467968750000000000e+01
-3.234533228536006888e+00 2.673828125000000000e+01
-3.219605572019377249e+00 3.394531250000000000e+01
-3.205071163781132881e+00 3.146875000000000000e+01
-3.189861513846214081e+00 3.319531250000000000e+01
-3.176457706735368092e+00 2.753515625000000000e+01
-3.161849440469181260e+00 3.506250000000000000e+01
-3.146603012143692979e+00 3.088281250000000000e+01
-3.133026190717593806e+00 3.160937500000000000e+01
-3.118604061966729901e+00 3.151953125000000000e+01
-3.103253876327052296e+00 3.366796875000000000e+01
-3.089028179916660122e+00 2.695703125000000000e+01
-3.075338668251722751e+00 3.253125000000000000e+01
-3.061280578675633635e+00 3.091406250000000000e+01
-3.045047358424357142e+00 2.724218750000000000e+01
-3.032288751284871964e+00 3.053906250000000000e+01
-3.017681946739548593e+00 2.400000000000000000e+01
-3.001907152160066872e+00 2.362500000000000000e+01
-2.989138850205875997e+00 2.736718750000000000e+01
-2.973880750522589267e+00 3.489843750000000000e+01
-2.959232684480316067e+00 2.452343750000000000e+01
-2.943520620183869951e+00 2.889843750000000000e+01
-2.930886745708434660e+00 3.467968750000000000e+01
-2.915769221697138036e+00 3.602343750000000000e+01
-2.901020473919725617e+00 2.538671875000000000e+01
-2.886967058612157189e+00 2.771093750000000000e+01
-2.872224339516565195e+00 2.775781250000000000e+01
-2.857701000578265038e+00 2.542187500000000000e+01
-2.842477311712233501e+00 2.261718750000000000e+01
-2.829445193190133878e+00 2.477343750000000000e+01
-2.814474174105106030e+00 2.639062500000000000e+01
-2.799368325955082781e+00 1.963281250000000000e+01
-2.785760430492171480e+00 2.955859375000000000e+01
-2.770507361920627076e+00 2.359765625000000000e+01
-2.756029932060597432e+00 2.537890625000000000e+01
-2.741680128501055691e+00 2.112500000000000000e+01
-2.728211119905688875e+00 2.798437500000000000e+01
-2.713801319366345055e+00 2.692968750000000000e+01
-2.698183730126995528e+00 2.311718750000000000e+01
-2.684850470887978346e+00 2.526562500000000000e+01
-2.670400848548093009e+00 2.526562500000000000e+01
-2.654967570746400440e+00 1.844531250000000000e+01
-2.641307334386144845e+00 1.934375000000000000e+01
-2.626508358199139082e+00 2.457031250000000000e+01
-2.612323040953411279e+00 1.738281250000000000e+01
-2.597482387281134564e+00 2.271484375000000000e+01
-2.583486596387835732e+00 2.017187500000000000e+01
-2.568406226534881043e+00 2.122656250000000000e+01
-2.554022626096926984e+00 1.757031250000000000e+01
-2.540202010934430987e+00 2.588281250000000000e+01
-2.524843157836317076e+00 2.491406250000000000e+01
-2.510330813044594933e+00 2.801562500000000000e+01
-2.495311594276218514e+00 2.471093750000000000e+01
-2.482070087691193194e+00 2.354687500000000000e+01
-2.467095318603076848e+00 1.999218750000000000e+01
-2.452152474559291306e+00 1.910156250000000000e+01
-2.438546473808179016e+00 2.358203125000000000e+01
-2.423840307355826340e+00 2.379296875000000000e+01
-2.408672477578148730e+00 2.197656250000000000e+01
-2.394588544809606034e+00 2.464062500000000000e+01
-2.380872905439117559e+00 2.093750000000000000e+01
-2.366534889962187194e+00 1.359375000000000000e+01
-2.350866576162497168e+00 1.558203125000000000e+01
-2.337537790099380786e+00 2.264843750000000000e+01
-2.323031657173055819e+00 1.803906250000000000e+01
-2.307867334782477187e+00 1.750781250000000000e+01
-2.294149148786319259e+00 1.438281250000000000e+01
-2.279135940380733416e+00 1.864843750000000000e+01
-2.264921434916542964e+00 1.821875000000000000e+01
-2.249715588915661257e+00 2.033203125000000000e+01
-2.236496591949821422e+00 1.428125000000000000e+01
-2.221043163153245459e+00 1.296875000000000000e+01
-2.206621619256253553e+00 1.734375000000000000e+01
-2.192385421115600863e+00 1.642187500000000000e+01
-2.177497617400684149e+00 1.087109375000000000e+01
-2.163058714788876458e+00 1.190625000000000000e+01
-2.148180338501918030e+00 1.329687500000000000e+01
-2.134695105585217689e+00 1.264843750000000000e+01
-2.119716619417721049e+00 1.403515625000000000e+01
-2.104840998540774777e+00 1.638281250000000000e+01
-2.091238126672049447e+00 1.170312500000000000e+01
-2.076979380383496832e+00 1.357812500000000000e+01
-2.061288830919876247e+00 1.483593750000000000e+01
-2.048006044798773573e+00 8.296875000000000000e+00
-2.033679260017169810e+00 9.929687500000000000e+00
-2.019277737142051166e+00 1.397656250000000000e+01
-2.003237487311144704e+00 1.610156250000000000e+01
-1.990244694345680188e+00 1.298046875000000000e+01
-1.975694871198486524e+00 1.864062500000000000e+01
-1.960486228626669103e+00 1.108203125000000000e+01
-1.946986631197745510e+00 8.750000000000000000e+00
-1.932251417718093833e+00 1.266406250000000000e+01
-1.917582066114333017e+00 1.303125000000000000e+01
-1.902496410567497520e+00 1.217187500000000000e+01
-1.889119447549296282e+00 1.106640625000000000e+01
-1.873680031195709361e+00 1.504687500000000000e+01
-1.859247702590579365e+00 1.274218750000000000e+01
-1.845449249273210413e+00 5.753906250000000000e+00
-1.830930265241487831e+00 8.656250000000000000e+00
-1.815590764747787134e+00 1.268750000000000000e+01
-1.800787999341773471e+00 8.902343750000000000e+00
-1.787439926266680246e+00 1.299218750000000000e+01
-1.772538629160960610e+00 9.320312500000000000e+00
-1.757625742995569951e+00 9.445312500000000000e+00
-1.743932656168448503e+00 9.617187500000000000e+00
-1.728776104505502786e+00 5.679687500000000000e+00
-1.714986652728718752e+00 9.070312500000000000e+00
-1.700621967753056296e+00 3.531250000000000000e+00
-1.686318065821625467e+00 1.018359375000000000e+01
-1.671902913484604625e+00 4.117187500000000000e+00
-1.656558698411084052e+00 2.296875000000000000e+00
-1.642865000798853004e+00 9.527343750000000000e+00
-1.628360001226482723e+00 1.267968750000000000e+01
-1.612814725634841295e+00 4.125000000000000000e+00
-1.599385352946201877e+00 2.773437500000000000e+00
-1.584870004662393583e+00 1.110937500000000000e+01
-1.570184885776908956e+00 1.500000000000000000e+00
-1.555340408455750278e+00 1.108593750000000000e+01
-1.541349906925340463e+00 7.925781250000000000e+00
-1.526316830327578700e+00 5.156250000000000000e-01
-1.512054225280234476e+00 3.421875000000000000e+00
-1.497620425484624818e+00 7.074218750000000000e+00
-1.483166062257387452e+00 5.000000000000000000e+00
-1.468361458220991622e+00 5.984375000000000000e+00
-1.454347927121581563e+00 4.164062500000000000e+00
-1.440001535937314614e+00 -5.546875000000000000e-01
-1.424971483835845376e+00 3.851562500000000000e+00
-1.411347784586235221e+00 9.125000000000000000e+00
-1.396562528497719669e+00 -7.734375000000000000e-01
-1.381711674991466410e+00 3.539062500000000000e+00
-1.367187802323252654e+00 1.539062500000000000e+00
-1.353942951811841766e+00 4.851562500000000000e+00
-1.338942283425796020e+00 3.207031250000000000e+00
-1.322987346124689267e+00 2.480468750000000000e+00
-1.309899707198443508e+00 3.593750000000000000e-01
-1.295839626045472315e+00 -3.753906250000000000e+00
-1.280914094015292548e+00 6.445312500000000000e+00
-1.265993799516861529e+00 1.074218750000000000e+00
-1.252409251195045314e+00 1.679687500000000000e+00
-1.237488443701026952e+00 -7.890625000000000000e-01
-1.222792344822888566e+00 1.953125000000000000e-01
-1.208515754949159415e+00 5.207031250000000000e+00
-1.193991583598275952e+00 5.226562500000000000e+00
-1.178913100868202335e+00 1.949218750000000000e+00
-1.164752104588771431e+00 6.742187500000000000e+00
-1.150696370265345436e+00 -1.765625000000000000e+00
-1.136188719251638446e+00 1.039062500000000000e+00
-1.120972191362470838e+00 -3.703125000000000000e+00
-1.107020196530053013e+00 1.988281250000000000e+00
-1.093445834955709017e+00 -2.984375000000000000e+00
-1.077777636121579619e+00 -1.523437500000000000e+00
-1.063519724186898330e+00 -9.609375000000000000e-01
-1.049669494233306466e+00 -1.460937500000000000e+00
-1.034859039572117112e+00 -2.808593750000000000e+00
-1.019810057456135510e+00 -4.921875000000000000e-01
-1.006201569424389319e+00 1.621093750000000000e+00
-9.915664226206093446e-01 -7.207031250000000000e+00
-9.765665458136734145e-01 -1.589843750000000000e+00
-9.625153883581027969e-01 -9.062500000000000000e-01
-9.484582706699260513e-01 -8.351562500000000000e+00
-9.336402633942810780e-01 -4.953125000000000000e+00
-9.191733057217295055e-01 -1.757812500000000000e+00
-9.054893737287645905e-01 -5.007812500000000000e+00
-8.901070353019395753e-01 -1.166406250000000000e+01
-8.754265450991134401e-01 -2.156250000000000000e+00
-8.611389297630847039e-01 -6.058593750000000000e+00
-8.474148516783106544e-01 -7.507812500000000000e+00
-8.316829233533891141e-01 -9.523437500000000000e+00
-8.173698708559840043e-01 -7.656250000000000000e-01
-8.035915579719059565e-01 -6.914062500000000000e+00
-7.887922640147841946e-01 -6.664062500000000000e+00
-7.736232217426959323e-01 -5.500000000000000000e+00
-7.596092960387146320e-01 -7.523437500000000000e+00
-7.460622481276359963e-01 -6.007812500000000000e+00
-7.303971452498512207e-01 -8.226562500000000000e+00
-7.161036157619058429e-01 -2.921875000000000000e+00
-7.023364812673502655e-01 -9.968750000000000000e+00
-6.877304067616343275e-01 -7.585937500000000000e+00
-6.724323766174453709e-01 -1.053906250000000000e+01
-6.584700239216427775e-01 -1.158593750000000000e+01
-6.442354664354326133e-01 -6.789062500000000000e+00
-6.294970568170779046e-01 -9.132812500000000000e+00
-6.149750564743055037e-01 -7.324218750000000000e+00
-6.010768993491186762e-01 -7.746093750000000000e+00
-5.862334239879540831e-01 -9.570312500000000000e+00
-5.718548138031582795e-01 -9.339843750000000000e+00
-5.572393545180336361e-01 -6.007812500000000000e+00
-5.428229764706617999e-01 -3.039062500000000000e+00
-5.280991300418786949e-01 -6.468750000000000000e+00
-5.134621580590437162e-01 -5.281250000000000000e+00
-4.992331444745872204e-01 -1.034375000000000000e+01
-4.846888455054330080e-01 -9.929687500000000000e+00
-4.702152547877833655e-01 -7.132812500000000000e+00
-4.556674538762575111e-01 -8.210937500000000000e+00
-4.414310878174525499e-01 -1.360937500000000000e+01
-4.265488283629803590e-01 -8.867187500000000000e+00
-4.122689070024225799e-01 -1.302734375000000000e+01
-3.985115346039744821e-01 -9.765625000000000000e+00
-3.828227743723058296e-01 -9.933593750000000000e+00
-3.687289320284001803e-01 -9.109375000000000000e+00
-3.549589282174583360e-01 -9.843750000000000000e+00
-3.407895541333108014e-01 -1.412500000000000000e+01
-3.257610788002605062e-01 -9.250000000000000000e+00
-3.109883217988880233e-01 -1.439453125000000000e+01
-2.970054960151120582e-01 -1.230468750000000000e+01
-2.824029509728411824e-01 -1.757812500000000000e+01
-2.675926273129345390e-01 -1.258593750000000000e+01
-2.540240603784553741e-01 -1.502343750000000000e+01
-2.389371577998780083e-01 -1.224218750000000000e+01
-2.244756626971611269e-01 -9.957031250000000000e+00
-2.096359792690059010e-01 -1.437890625000000000e+01
-1.958256723253182230e-01 -1.481250000000000000e+01
-1.810398259659482534e-01 -1.386718750000000000e+01
-1.660848663894984867e-01 -1.215625000000000000e+01
-1.526579543082124957e-01 -1.401562500000000000e+01
-1.373120003541306033e-01 -1.409375000000000000e+01
-1.228453616684621608e-01 -6.695312500000000000e+00
-1.082866529905270880e-01 -2.127343750000000000e+01
-9.405229137073334300e-02 -1.665234375000000000e+01
-7.951429468329784811e-02 -1.841796875000000000e+01
-6.485122403218568365e-02 -1.566406250000000000e+01
-5.152973088401147095e-02 -1.155468750000000000e+01
-3.604516038271476930e-02 -1.926953125000000000e+01
-2.138191259347799189e-02 -9.390625000000000000e+00
-7.595614506501036090e-03 -1.412500000000000000e+01
6.788533870481394672e-03 -1.401953125000000000e+01
2.162010992311369506e-02 -1.193359375000000000e+01
3.557270002194812264e-02 -1.618750000000000000e+01
5.035886551377721787e-02 -2.096875000000000000e+01
6.527117582559505138e-02 -1.457031250000000000e+01
7.994238080724613837e-02 -1.848437500000000000e+01
9.397768963658670316e-02 -1.793750000000000000e+01
1.084952967160530690e-01 -1.446093750000000000e+01
1.229034365676389129e-01 -9.949218750000000000e+00
1.377317809823601635e-01 -1.262500000000000000e+01
1.519831197341883211e-01 -1.161718750000000000e+01
1.664069364548881325e-01 -1.879687500000000000e+01
1.813018295326767060e-01 -1.685937500000000000e+01
1.947631924163371053e-01 -1.721875000000000000e+01
2.104214492776135259e-01 -1.071484375000000000e+01
2.245248138744297961e-01 -1.129687500000000000e+01
2.388096335613356658e-01 -1.691796875000000000e+01
2.533077956375713313e-01 -1.303125000000000000e+01
2.681922957950035880e-01 -8.421875000000000000e+00
2.824713664700011506e-01 -1.438281250000000000e+01
2.959605463725853980e-01 -1.848437500000000000e+01
3.107904041870108713e-01 -1.576562500000000000e+01
3.259741443957064888e-01 -1.226562500000000000e+01
3.397765763663542771e-01 -1.520312500000000000e+01
3.543571039831157066e-01 -1.525000000000000000e+01
3.686837972203509395e-01 -1.104687500000000000e+01
3.836818805541160060e-01 -1.909375000000000000e+01
3.978324508725821218e-01 -1.688671875000000000e+01
4.126553112827000547e-01 -1.954687500000000000e+01
4.267711481717428867e-01 -1.296875000000000000e+01
4.407533002159951252e-01 -1.921484375000000000e+01
4.557482548643312370e-01 -1.333984375000000000e+01
4.703622926332666765e-01 -9.375000000000000000e+00
4.851119290109657811e-01 -1.895312500000000000e+01
4.985350753148871661e-01 -1.409765625000000000e+01
5.137277847253578500e-01 -1.771875000000000000e+01
5.286807045597381460e-01 -1.742187500000000000e+01
5.420589509655737714e-01 -1.672656250000000000e+01
5.574416050271358003e-01 -1.051562500000000000e+01
5.720268196324722609e-01 -1.626953125000000000e+01
5.858975737239759951e-01 -1.900000000000000000e+01
6.004053820697921040e-01 -1.986328125000000000e+01
6.155867723870622754e-01 -1.565625000000000000e+01
6.297954853889482507e-01 -1.668750000000000000e+01
6.434718552363491995e-01 -2.301562500000000000e+01
6.587188999675657186e-01 -1.779296875000000000e+01
6.733763298428856459e-01 -1.989062500000000000e+01
6.868613838975594632e-01 -2.085156250000000000e+01
7.013263667229931997e-01 -1.710937500000000000e+01
7.163826296075592737e-01 -1.626171875000000000e+01
7.303394563229055336e-01 -1.875000000000000000e+01
7.448369837900328250e-01 -1.720312500000000000e+01
7.595871375085554433e-01 -1.173437500000000000e+01
7.747039185575559372e-01 -1.882812500000000000e+01
7.877297450084155273e-01 -1.487109375000000000e+01
8.031630213960969655e-01 -2.249609375000000000e+01
8.176617785027238128e-01 -1.757812500000000000e+01
8.318854226570815413e-01 -1.635156250000000000e+01
8.466796362359030326e-01 -1.980468750000000000e+01
8.611991618136816129e-01 -1.064843750000000000e+01
8.752754035136369737e-01 -1.358203125000000000e+01
8.895146993495810506e-01 -1.547656250000000000e+01
9.045219537221615980e-01 -8.425781250000000000e+00
9.192652118755884061e-01 -1.084375000000000000e+01
9.331451570975168863e-01 -1.327343750000000000e+01
9.477867409341600435e-01 -1.308984375000000000e+01
9.626120335827250685e-01 -1.736328125000000000e+01
9.770623477218602915e-01 -1.205078125000000000e+01
9.907274406756148011e-01 -1.124218750000000000e+01
1.005857172719323955e+00 -1.593750000000000000e+01
1.020755330718547960e+00 -1.387109375000000000e+01
1.034143571980893128e+00 -8.925781250000000000e+00
1.048607138663623317e+00 -1.505468750000000000e+01
1.063763959833758044e+00 -1.306640625000000000e+01
1.077709443068233242e+00 -1.336718750000000000e+01
1.092213715993007206e+00 -1.353515625000000000e+01
1.106947163032367953e+00 -1.709375000000000000e+01
1.121268009195992121e+00 -1.821875000000000000e+01
1.134721149665471884e+00 -1.658593750000000000e+01
1.150472628355946547e+00 -1.069531250000000000e+01
1.164851773391056611e+00 -1.105078125000000000e+01
1.179470433549482777e+00 -1.764843750000000000e+01
1.193312127252273314e+00 -1.341406250000000000e+01
1.208510650299552402e+00 -9.648437500000000000e+00
1.222514404681252387e+00 -1.363281250000000000e+01
1.236444349979897162e+00 -1.180078125000000000e+01
1.252195162619911706e+00 -1.048828125000000000e+01
1.266635434341131017e+00 -9.015625000000000000e+00
1.280515471989549070e+00 -1.577343750000000000e+01
1.295443669032298573e+00 -9.148437500000000000e+00
1.309662070802067646e+00 -5.812500000000000000e+00
1.324432538922613034e+00 -9.519531250000000000e+00
1.338110910739120030e+00 -9.402343750000000000e+00
1.352936396270544073e+00 -6.675781250000000000e+00
1.367294836550776438e+00 -1.041406250000000000e+01
1.381740713636167683e+00 -1.527734375000000000e+01
1.396030600815447720e+00 -1.101953125000000000e+01
1.410157668169489398e+00 -1.383593750000000000e+01
1.425088299527050850e+00 -1.309765625000000000e+01
1.439802146196234922e+00 -1.141406250000000000e+01
1.453959713723238067e+00 -1.183593750000000000e+01
1.468633227893517912e+00 -1.485937500000000000e+01
1.482890099137996742e+00 -9.039062500000000000e+00
1.497789110370485233e+00 -1.255468750000000000e+01
1.512000022383013231e+00 -1.317187500000000000e+01
1.526654795859664127e+00 -7.226562500000000000e+00
1.541060753924520021e+00 -1.112109375000000000e+01
1.555762543866348935e+00 -8.609375000000000000e+00
1.569896814775976424e+00 -1.246875000000000000e+01
1.584655117183298323e+00 -1.319921875000000000e+01
1.599247648760199425e+00 -1.066406250000000000e+01
1.613561912214849237e+00 -1.120703125000000000e+01
1.627756503516053499e+00 -1.474218750000000000e+01
1.642822454426838163e+00 -9.187500000000000000e+00
1.656684263598556583e+00 -8.843750000000000000e+00
1.671232116676461210e+00 -6.214843750000000000e+00
1.685365992427460213e+00 -1.064843750000000000e+01
1.700318366795564806e+00 -6.707031250000000000e+00
1.714386961883914040e+00 -1.141406250000000000e+01
1.728900497930952795e+00 -9.195312500000000000e+00
1.743373851307818967e+00 -7.078125000000000000e+00
1.757532398352708469e+00 -1.098437500000000000e+01
1.772471995575539694e+00 -2.460937500000000000e+00
1.786967135051550137e+00 -4.578125000000000000e+00
1.801079825926984235e+00 -1.091796875000000000e+01
1.815691167253853600e+00 -1.002734375000000000e+01
1.830268929901770036e+00 -1.040234375000000000e+01
1.845153094015239859e+00 -1.219531250000000000e+01
1.859480361087253897e+00 -9.664062500000000000e+00
1.874035443950284652e+00 -4.546875000000000000e+00
1.888437896691592677e+00 -6.085937500000000000e+00
1.903125498989011177e+00 -6.710937500000000000e+00
1.917409684928838232e+00 -5.910156250000000000e+00
1.931583512849746498e+00 -3.476562500000000000e+00
1.946075542180691897e+00 -3.148437500000000000e+00
1.960926590801157943e+00 -7.960937500000000000e+00
1.975124314896589794e+00 -8.664062500000000000e+00
1.989485364200731965e+00 -9.539062500000000000e+00
2.004068429061710788e+00 -2.929687500000000000e+00
2.018429655163538783e+00 -6.140625000000000000e+00
2.032583569500915566e+00 -4.125000000000000000e+00
2.047229933371435884e+00 -4.292968750000000000e+00
2.061913970728982193e+00 -2.269531250000000000e+00
2.076110221862974115e+00 -6.578125000000000000e+00
2.090676009625917153e+00 -2.804687500000000000e+00
2.105343035888854075e+00 -3.175781250000000000e+00
2.119842818152758213e+00 -1.906250000000000000e+00
2.134157288732508206e+00 -3.273437500000000000e+00
2.148605635994341512e+00 -5.753906250000000000e+00
2.163404616181869855e+00 -3.378906250000000000e+00
2.177647909207856003e+00 -3.664062500000000000e+00
2.192463079989660280e+00 -2.046875000000000000e+00
2.206803646899992088e+00 6.015625000000000000e-01
2.221622852937485959e+00 -2.031250000000000000e+00
2.235429276653032815e+00 -4.968750000000000000e+00
2.250488322555083798e+00 -4.375000000000000000e-01
2.264606645176080235e+00 -2.101562500000000000e+00
2.278964584750346134e+00 -4.476562500000000000e+00
2.293709472219706669e+00 -5.507812500000000000e+00
2.308097464666705179e+00 -1.468750000000000000e+00
2.322341663501452658e+00 -5.105468750000000000e+00
2.336691103473194531e+00 -2.921875000000000000e+00
2.351452687606190750e+00 -1.890625000000000000e+00
2.365813540123975045e+00 -7.812500000000000000e+00
2.379915581358133636e+00 -3.781250000000000000e+00
2.394788369204301048e+00 -3.898437500000000000e+00
2.409296648960934206e+00 -3.441406250000000000e+00
2.423517961458340864e+00 -1.132812500000000000e+00
2.437963030794412234e+00 -2.843750000000000000e+00
2.452494202226857212e+00 -5.234375000000000000e+00
2.467029212218248446e+00 -1.582031250000000000e+00
2.481463285677284247e+00 2.500000000000000000e-01
2.495877660691883548e+00 -4.132812500000000000e+00
2.511063754545962645e+00 3.304687500000000000e+00
2.524224967394308905e+00 -4.937500000000000000e+00
2.539831158368737185e+00 -3.593750000000000000e-01
2.554220368984307044e+00 -3.097656250000000000e+00
2.568586656371602217e+00 -4.023437500000000000e-01
2.582827389414877217e+00 1.710937500000000000e+00
2.597975836729471411e+00 -2.039062500000000000e+00
2.612043836334752456e+00 -1.820312500000000000e+00
2.625973917017140558e+00 1.214843750000000000e+00
2.641093611664036445e+00 -4.289062500000000000e+00
2.655487855624789617e+00 -2.421875000000000000e-01
2.669602216333789357e+00 2.460937500000000000e+00
2.683899839108550900e+00 4.296875000000000000e-01
2.699003752395674915e+00 -2.796875000000000000e+00
2.713257849001002420e+00 -1.777343750000000000e+00
2.727107471425916252e+00 2.812500000000000000e+00
2.741694466676039887e+00 -2.148437500000000000e-01
2.757211964112854297e+00 2.738281250000000000e+00
2.770563539566956557e+00 3.480468750000000000e+00
2.785207339296253082e+00 4.500000000000000000e+00
2.799878262625183467e+00 2.578125000000000000e-01
2.814411582353413266e+00 1.003906250000000000e+00
2.828841932737679699e+00 6.171875000000000000e+00
2.843445733753982907e+00 -1.664062500000000000e+00
2.858162303779172575e+00 4.402343750000000000e+00
2.871996781924987197e+00 -3.753906250000000000e+00
2.887245077080132560e+00 4.148437500000000000e+00
2.901320439206008572e+00 1.789062500000000000e+00
2.915965436814852652e+00 3.230468750000000000e+00
2.930568836521396214e+00 2.105468750000000000e+00
2.944377755535304786e+00 3.351562500000000000e+00
2.959213093325141486e+00 4.890625000000000000e+00
2.973059141859333288e+00 4.964843750000000000e+00
2.988614840581607091e+00 2.566406250000000000e+00
3.002800598886741668e+00 7.937500000000000000e+00
3.016517346662356047e+00 4.070312500000000000e+00
3.031634175321300972e+00 5.152343750000000000e+00
3.045316099233804863e+00 2.738281250000000000e+00
3.060197348162826181e+00 8.554687500000000000e+00
3.074653899017491199e+00 6.828125000000000000e+00
3.089845871298913416e+00 6.164062500000000000e+00
3.103656551598892754e+00 -5.664062500000000000e-01
3.118262284321600575e+00 1.093750000000000000e-01
3.132803417578565508e+00 2.714843750000000000e+00
3.146871434612037888e+00 3.390625000000000000e+00
3.161982710729279944e+00 3.656250000000000000e+00
3.176303368956991946e+00 6.250000000000000000e+00
3.190721133435062917e+00 5.921875000000000000e+00
3.205522725590638444e+00 5.679687500000000000e+00
3.219374919664711676e+00 1.053125000000000000e+01
3.234046572833081612e+00 -8.593750000000000000e-01
3.248589682301373571e+00 2.929687500000000000e+00
3.263340712195473614e+00 6.312500000000000000e+00
3.277584662981087860e+00 5.507812500000000000e+00
3.291594153446658844e+00 3.300781250000000000e+00
3.306486078463697353e+00 3.929687500000000000e+00
3.320000292526443353e+00 9.218750000000000000e+00
3.335602875800899980e+00 -5.117187500000000000e-01
3.350190190413766977e+00 4.796875000000000000e+00
3.363883370725732291e+00 5.640625000000000000e+00
3.378293968615385445e+00 7.125000000000000000e+00
3.392474463865850609e+00 4.984375000000000000e+00
3.407194154912215112e+00 4.375000000000000000e+00
3.421869130331597120e+00 1.052343750000000000e+01
3.436750060850481070e+00 9.769531250000000000e+00
3.451038438090241023e+00 8.363281250000000000e+00
3.465004526916573013e+00 8.179687500000000000e+00
3.480005697559026778e+00 9.046875000000000000e+00
3.494253056575033156e+00 5.671875000000000000e+00
3.508552718168042261e+00 9.015625000000000000e+00
3.523845902183120771e+00 6.031250000000000000e+00
3.537996227022387252e+00 5.804687500000000000e+00
3.552241572786858370e+00 3.867187500000000000e+00
3.566753072804000446e+00 6.792968750000000000e+00
3.581427888740195797e+00 9.859375000000000000e+00
3.595857808857386928e+00 5.015625000000000000e+00
3.610401068934604218e+00 6.589843750000000000e+00
3.624944698886704231e+00 2.890625000000000000e+00
3.638473457698872870e+00 5.542968750000000000e+00
3.653760155454280678e+00 4.828125000000000000e+00
3.668174943302753732e+00 5.875000000000000000e+00
3.682723340846486337e+00 3.062500000000000000e+00
3.697521399074238602e+00 7.343750000000000000e+00
3.711239901467703994e+00 3.718750000000000000e+00
3.725661338785489995e+00 5.746093750000000000e+00
3.739538464941652762e+00 5.750000000000000000e+00
3.754961703655051330e+00 6.828125000000000000e+00
3.769392644743263077e+00 5.953125000000000000e+00
3.783660663415270520e+00 8.523437500000000000e+00
3.798109005539229699e+00 3.937500000000000000e+00
3.812372082880877144e+00 5.773437500000000000e+00
3.827171759243919169e+00 5.109375000000000000e+00
3.841532459810469646e+00 3.996093750000000000e+00
3.855931472297791984e+00 2.050781250000000000e+00
3.870887611936749906e+00 6.218750000000000000e+00
3.885224052641113701e+00 1.914062500000000000e+00
3.899615878396122781e+00 2.617187500000000000e+00
3.914131291161335291e+00 7.632812500000000000e+00
3.928759811489891618e+00 8.121093750000000000e+00
3.943330285193498597e+00 7.457031250000000000e+00
3.957172053008132906e+00 8.515625000000000000e+00
3.972305342247469895e+00 1.060937500000000000e+01
3.986508267073139322e+00 5.734375000000000000e+00
4.001130896309975427e+00 3.132812500000000000e+00
4.015137329722129778e+00 5.664062500000000000e+00
4.029537596647836395e+00 4.210937500000000000e+00
4.044172595096519274e+00 9.796875000000000000e+00
4.058553622567345975e+00 9.074218750000000000e+00
4.072884700493614396e+00 3.554687500000000000e+00
4.087460459534685953e+00 5.574218750000000000e+00
4.102343956036118122e+00 -2.117187500000000000e+00
4.116579965331403024e+00 2.582031250000000000e+00
4.130578713395817836e+00 1.996093750000000000e+00
4.145527691690729100e+00 4.671875000000000000e+00
4.159750998769716546e+00 1.273437500000000000e+00
4.174536129503957582e+00 1.062500000000000000e+01
4.188902328660834229e+00 7.589843750000000000e+00
4.203714785793002839e+00 3.179687500000000000e+00
4.217906198607360047e+00 7.964843750000000000e+00
4.232546593463356821e+00 5.000000000000000000e+00
4.246886857630283174e+00 1.032421875000000000e+01
4.261092667120122357e+00 5.851562500000000000e+00
4.276085836697591347e+00 1.484375000000000000e-01
4.290562012304019568e+00 1.453125000000000000e+00
4.304696826144521538e+00 -1.914062500000000000e-01
4.319684607505966056e+00 6.640625000000000000e-01
4.333586176293586334e+00 4.234375000000000000e+00
4.348587968716369545e+00 6.273437500000000000e+00
4.362555726143976464e+00 8.687500000000000000e+00
4.377201900698147519e+00 3.937500000000000000e+00
4.391898113544072224e+00 6.718750000000000000e+00
4.405926063526934833e+00 2.574218750000000000e+00
4.420262898296368981e+00 -7.890625000000000000e-01
4.434295323312618109e+00 -6.250000000000000000e-01
4.449319202207913548e+00 -1.328125000000000000e+00
4.463956956040663115e+00 -3.671875000000000000e-01
4.477986070466045021e+00 -2.992187500000000000e+00
4.492865539984562062e+00 4.062500000000000000e-01
4.507122181136779204e+00 3.609375000000000000e+00
4.521930118381878749e+00 6.992187500000000000e-01
4.536146263578324067e+00 -2.242187500000000000e+00
4.550918791982270228e+00 -1.914062500000000000e-01
4.565734558030646539e+00 1.226562500000000000e+00
4.579912185269367164e+00 -1.175781250000000000e+00
4.593951414161988822e+00 3.265625000000000000e+00
4.608471303735880653e+00 -4.867187500000000000e+00
4.623572517905900625e+00 -1.351562500000000000e+00
4.637617258949296328e+00 -3.484375000000000000e+00
4.651945655813896963e+00 -5.468750000000000000e-02
4.667063833758053448e+00 -4.218750000000000000e-01
4.680970278368597803e+00 -2.023437500000000000e+00
4.695330646356513427e+00 1.960937500000000000e+00
4.709904997372142077e+00 5.148437500000000000e+00
4.725398077911012962e+00 3.523437500000000000e+00
4.738394880210894833e+00 -3.660156250000000000e+00
4.753135861325789691e+00 -2.089843750000000000e+00
4.767653665754163939e+00 -5.312500000000000000e-01
4.782010838907494232e+00 -5.921875000000000000e+00
4.796352429338782031e+00 -3.625000000000000000e+00
4.811301363452008317e+00 -5.757812500000000000e+00
4.825439170638191833e+00 -5.292968750000000000e+00
4.839570303022316722e+00 -6.406250000000000000e+00
4.854502387373045735e+00 -1.429687500000000000e+00
4.869369417582413817e+00 -2.691406250000000000e+00
4.883404492144443054e+00 -3.187500000000000000e+00
4.898058149088443614e+00 -4.687500000000000000e-01
4.913011953229696971e+00 -4.898437500000000000e+00
4.927327134167988731e+00 -7.398437500000000000e+00
4.941317689798875534e+00 -3.031250000000000000e+00
4.955850001345991629e+00 -3.097656250000000000e+00
4.970954020252152716e+00 -2.117187500000000000e+00
4.984919537704033843e+00 1.335937500000000000e+00
4.999103419442457508e+00 -1.570312500000000000e+00
5.014195677141313645e+00 -6.015625000000000000e+00
5.028496173645272016e+00 -7.867187500000000000e+00
5.042693860154020769e+00 -6.984375000000000000e+00
5.057025095408089754e+00 -3.906250000000000000e-01
5.073006419080472895e+00 -3.265625000000000000e+00
5.085473833776850583e+00 -5.644531250000000000e+00
5.100365895075734457e+00 -7.125000000000000000e+00
5.115037188830296344e+00 -1.062500000000000000e+00
5.129394889243171107e+00 -3.726562500000000000e+00
5.143511819744902347e+00 -3.312500000000000000e+00
5.158666827433995294e+00 -3.781250000000000000e+00
5.173098669001541694e+00 -7.703125000000000000e+00
5.186851598462066448e+00 -6.960937500000000000e+00
5.201882549662528277e+00 -5.265625000000000000e+00
5.216681181538788792e+00 -8.218750000000000000e+00
5.230862238001485309e+00 -1.017968750000000000e+01
5.245435816306541099e+00 -7.703125000000000000e+00
5.260035819447929306e+00 -6.148437500000000000e+00
5.274761264393867499e+00 -8.570312500000000000e+00
5.288634511301987473e+00 -7.054687500000000000e+00
5.303236224518093067e+00 -1.048437500000000000e+01
5.318335768300217481e+00 -9.179687500000000000e+00
5.332292926775469510e+00 -1.350000000000000000e+01
5.346298739491960106e+00 -7.132812500000000000e+00
5.360455754895578906e+00 -1.192187500000000000e+01
5.375876532156417476e+00 -1.183984375000000000e+01
5.389682570658983707e+00 -1.171093750000000000e+01
5.404540352526597147e+00 -1.271875000000000000e+01
5.419346966450413028e+00 -9.472656250000000000e+00
5.432852743033654619e+00 -1.170312500000000000e+01
5.447778038057505157e+00 -9.359375000000000000e+00
5.462106717996425331e+00 -6.156250000000000000e+00
5.477194720872271105e+00 -1.360937500000000000e+01
5.490893874947517794e+00 -9.765625000000000000e+00
5.505919810119985769e+00 -1.221484375000000000e+01
5.520296929396917740e+00 -1.210156250000000000e+01
5.534319469782037260e+00 -1.096093750000000000e+01
5.549270278891754060e+00 -1.717968750000000000e+01
5.564042076052047037e+00 -1.288281250000000000e+01
5.578439812582868029e+00 -7.496093750000000000e+00
5.592825562164629005e+00 -1.442578125000000000e+01
5.607396508447139105e+00 -1.104296875000000000e+01
5.621958368868135381e+00 -1.269140625000000000e+01
5.636004589994607628e+00 -1.097656250000000000e+01
5.651023350224728681e+00 -1.617187500000000000e+01
5.665588004464796157e+00 -1.678125000000000000e+01
5.679717006223090614e+00 -1.382421875000000000e+01
5.694000057792351299e+00 -1.657031250000000000e+01
5.707817298475188039e+00 -1.321875000000000000e+01
5.722403525571630567e+00 -1.097656250000000000e+01
5.736688961857364433e+00 -1.396093750000000000e+01
5.751359092210687862e+00 -1.015625000000000000e+01
5.766998391502774268e+00 -1.350000000000000000e+01
5.780254159269459180e+00 -1.077343750000000000e+01
5.795113517695350325e+00 -1.880468750000000000e+01
5.809415927670561253e+00 -1.324218750000000000e+01
5.824368497445011172e+00 -1.594921875000000000e+01
5.838504961475024402e+00 -1.541406250000000000e+01
5.853293846678889523e+00 -1.245312500000000000e+01
5.867625948933495650e+00 -1.767968750000000000e+01
5.881950734931622016e+00 -2.332812500000000000e+01
5.896645468936306145e+00 -2.050781250000000000e+01
5.911345078044372592e+00 -1.571484375000000000e+01
5.925806572271024919e+00 -2.209765625000000000e+01
5.940204412045980931e+00 -2.357812500000000000e+01
5.953929153784192962e+00 -1.765625000000000000e+01
5.969430944098256475e+00 -1.663281250000000000e+01
5.983374951219937898e+00 -1.835156250000000000e+01
5.997257179748042510e+00 -1.703125000000000000e+01
6.012963422073214659e+00 -1.426562500000000000e+01
6.027039782807467105e+00 -2.307812500000000000e+01
6.040643038852499203e+00 -2.001171875000000000e+01
6.055178684086481411e+00 -1.521875000000000000e+01
6.070506982603667723e+00 -2.042187500000000000e+01
6.084069976423418069e+00 -1.792187500000000000e+01
6.098645922987266488e+00 -2.007812500000000000e+01
6.114377329983462062e+00 -2.408593750000000000e+01
6.127899106756584224e+00 -2.633984375000000000e+01
6.141855176175567976e+00 -1.920312500000000000e+01
6.156726815704391953e+00 -1.983593750000000000e+01
6.171241444948321941e+00 -2.235156250000000000e+01
6.185657955321233636e+00 -2.067578125000000000e+01
6.200456708387184435e+00 -2.046484375000000000e+01
6.215176663142978342e+00 -2.597656250000000000e+01
6.228903948713824690e+00 -2.176562500000000000e+01
6.243191823056539747e+00 -1.812500000000000000e+01
6.258743920763099489e+00 -1.835937500000000000e+01
6.272935962028917345e+00 -1.766406250000000000e+01
6.286902974660968368e+00 -1.781250000000000000e+01
6.301313371808864972e+00 -2.025000000000000000e+01
6.316705016385739668e+00 -2.066796875000000000e+01
6.330555844588731773e+00 -2.456250000000000000e+01
6.344609668446706152e+00 -1.709375000000000000e+01
6.360242546451803314e+00 -2.512500000000000000e+01
6.374473596493207772e+00 -2.139062500000000000e+01
6.387885656567149795e+00 -2.309765625000000000e+01
6.402540011715668555e+00 -2.217968750000000000e+01
6.418143611706971896e+00 -2.960937500000000000e+01
6.431255687022845891e+00 -2.522656250000000000e+01
6.445962969062753345e+00 -2.185937500000000000e+01
6.462037130992170475e+00 -1.939062500000000000e+01
6.475280575895365764e+00 -2.067578125000000000e+01
6.488402864166003425e+00 -1.881250000000000000e+01
6.504152360627704077e+00 -2.041796875000000000e+01
6.519131977988781301e+00 -2.438671875000000000e+01
6.532791856329689395e+00 -2.069531250000000000e+01
6.547027420063376013e+00 -1.799218750000000000e+01
6.562285684347784809e+00 -2.547656250000000000e+01
6.576133811520683992e+00 -2.186328125000000000e+01
6.590218604954166004e+00 -1.797265625000000000e+01
6.606081266991362888e+00 -2.110546875000000000e+01
6.620235467019645270e+00 -2.857812500000000000e+01
6.634276777821703774e+00 -2.567968750000000000e+01
6.648697690299959717e+00 -2.086718750000000000e+01
6.663992997441694932e+00 -2.889843750000000000e+01
6.677458347239872083e+00 -2.401562500000000000e+01
6.691767347863997628e+00 -2.256250000000000000e+01
6.707788328294720159e+00 -2.462109375000000000e+01
6.721419848495775895e+00 -2.285546875000000000e+01
6.735260941403893753e+00 -1.979296875000000000e+01
6.749783992950664668e+00 -2.118750000000000000e+01
6.765275166730255307e+00 -2.666406250000000000e+01
6.778786258476099391e+00 -1.921875000000000000e+01
6.793325054416230024e+00 -2.311718750000000000e+01
6.808382200078066937e+00 -1.947656250000000000e+01
6.821997554068539138e+00 -1.500390625000000000e+01
6.835781808512100710e+00 -2.206250000000000000e+01
6.851520608103673915e+00 -2.149218750000000000e+01
6.866513796562703220e+00 -2.480859375000000000e+01
6.880155094074995148e+00 -2.239062500000000000e+01
6.894392600744051691e+00 -1.855468750000000000e+01
6.909585328902477563e+00 -1.921093750000000000e+01
6.923667470756019071e+00 -2.366406250000000000e+01
6.937209877312919382e+00 -1.964062500000000000e+01
6.953449337341420566e+00 -1.955859375000000000e+01
6.967495358530415572e+00 -2.254687500000000000e+01
6.981475933589155858e+00 -2.423437500000000000e+01
6.995885050397987470e+00 -1.736718750000000000e+01
7.011311329205042853e+00 -2.160937500000000000e+01
7.024841846756453734e+00 -2.064062500000000000e+01
7.039243483287198622e+00 -2.234375000000000000e+01
7.055001651874948543e+00 -1.821093750000000000e+01
7.068313231424598442e+00 -2.158593750000000000e+01
7.082636207097593228e+00 -2.084375000000000000e+01
7.097167746478202588e+00 -2.067187500000000000e+01
7.111921059928485889e+00 -2.417187500000000000e+01
7.126016351072527399e+00 -2.183984375000000000e+01
7.140683505574397572e+00 -1.869531250000000000e+01
7.155995876581849657e+00 -2.308593750000000000e+01
7.169024875384327089e+00 -2.228125000000000000e+01
7.183574439244675425e+00 -1.837500000000000000e+01
7.198834355115909744e+00 -1.298437500000000000e+01
7.212845592258439353e+00 -2.003906250000000000e+01
7.227533148141207064e+00 -1.875000000000000000e+01
7.242123855173539404e+00 -1.403515625000000000e+01
7.256803099010988412e+00 -2.019531250000000000e+01
7.270701243356181287e+00 -1.382031250000000000e+01
7.284980402011341560e+00 -1.932812500000000000e+01
7.300817507688601715e+00 -1.862890625000000000e+01
7.314587093856112610e+00 -1.912109375000000000e+01
7.328792230573007771e+00 -2.045312500000000000e+01
7.343698244331815950e+00 -1.651953125000000000e+01
7.358728914100523433e+00 -2.417578125000000000e+01
7.372072432861376257e+00 -1.562500000000000000e+01
7.386616754437189236e+00 -1.626171875000000000e+01
7.402381139013772149e+00 -1.750390625000000000e+01
7.415277362723050381e+00 -2.301562500000000000e+01
7.429909346875275489e+00 -1.919531250000000000e+01
7.444587637037347605e+00 -1.875000000000000000e+01
7.459106370622084370e+00 -2.108593750000000000e+01
7.473014545613126280e+00 -1.271484375000000000e+01
7.488045561330491040e+00 -1.857812500000000000e+01
7.503380178258206357e+00 -2.255468750000000000e+01
7.516259865543080565e+00 -1.305468750000000000e+01
7.530953152221608882e+00 -1.315625000000000000e+01
7.546123492768595398e+00 -9.625000000000000000e+00
7.560474169727452676e+00 -1.537109375000000000e+01
7.574911269146229031e+00 -1.572656250000000000e+01
7.589499863418731174e+00 -1.324609375000000000e+01
7.604435966452342655e+00 -1.370312500000000000e+01
7.617963860446527846e+00 -1.372656250000000000e+01
7.632360976982226042e+00 -1.091406250000000000e+01
7.648183813872146075e+00 -9.148437500000000000e+00
7.661962323977655309e+00 -1.399218750000000000e+01
7.676034644104134941e+00 -1.557812500000000000e+01
7.690850643917874763e+00 -8.406250000000000000e+00
7.706096995681021689e+00 -2.002734375000000000e+01
7.719120476763414729e+00 -1.230078125000000000e+01
7.733705614766575920e+00 -1.660156250000000000e+01
7.749760581805634096e+00 -8.253906250000000000e+00
7.762358208035363916e+00 -1.358593750000000000e+01
7.777293178401079032e+00 -1.263281250000000000e+01
7.791984952977568213e+00 -6.960937500000000000e+00
7.806680189045787088e+00 -9.179687500000000000e+00
7.820154533183059087e+00 -3.453125000000000000e+00
7.835417210103217123e+00 -8.445312500000000000e+00
7.851017909554522056e+00 -8.800781250000000000e+00
7.863460119680802052e+00 -9.511718750000000000e+00
7.878331756179231427e+00 -1.064062500000000000e+01
7.893625325087559652e+00 -1.061718750000000000e+01
7.907561099739744748e+00 -1.101562500000000000e+01
7.921946734725222150e+00 -4.960937500000000000e+00
7.937212691855647151e+00 -5.828125000000000000e+00
7.951605522405850834e+00 -6.453125000000000000e+00
7.965334061138767296e+00 -1.028906250000000000e+01
7.980087884437692125e+00 -7.335937500000000000e+00
7.995549005442279977e+00 -5.492187500000000000e+00
8.009194294182979235e+00 -6.179687500000000000e+00
8.023478935717019311e+00 -1.214843750000000000e+00
8.038234959847832428e+00 -5.312500000000000000e-01
8.053140927885859668e+00 -3.281250000000000000e+00
8.066492988619934579e+00 -4.316406250000000000e+00
8.081298066372465172e+00 -5.398437500000000000e+00
8.097065907718860700e+00 -7.734375000000000000e-01
8.108981265333984112e+00 -4.257812500000000000e+00
8.124617908575086034e+00 -1.890625000000000000e+00
8.139256667418248270e+00 9.687500000000000000e-01
8.153870129649494203e+00 -3.574218750000000000e+00
8.167534074695113944e+00 1.414062500000000000e+00
8.182732910106839341e+00 -4.875000000000000000e+00
8.197660127210024683e+00 -2.351562500000000000e+00
8.211150339146531252e+00 -6.710937500000000000e+00
8.225302858029598596e+00 -6.367187500000000000e+00
8.241044645458236673e+00 -4.554687500000000000e+00
8.254926222095653188e+00 -3.007812500000000000e+00
8.269686099166259297e+00 6.640625000000000000e-02
8.283916682361439854e+00 1.937500000000000000e+00
8.299088093352775530e+00 -2.664062500000000000e+00
8.312801087975438818e+00 1.718750000000000000e+00
8.327459584161749362e+00 -2.179687500000000000e+00
8.342921719608252573e+00 3.539062500000000000e+00
8.356482893731797645e+00 1.484375000000000000e+00
8.370561077142832929e+00 2.476562500000000000e+00
8.385619174089006478e+00 5.101562500000000000e+00
8.400023699087007856e+00 -1.289062500000000000e+00
8.413567414885985585e+00 4.937500000000000000e+00
8.428236616197452236e+00 8.125000000000000000e-01
8.444154026949176384e+00 1.515625000000000000e+00
8.456466749992994636e+00 8.195312500000000000e+00
8.471346484030632951e+00 8.523437500000000000e+00
8.486635563327308063e+00 1.057421875000000000e+01
8.501252109822434733e+00 3.546875000000000000e+00
8.515537217701554695e+00 4.609375000000000000e-01
8.530145753041026069e+00 7.906250000000000000e+00
8.545533103754545223e+00 1.406250000000000000e-01
8.558207287120147555e+00 6.953125000000000000e-01
8.573088886208989123e+00 4.562500000000000000e+00
8.588222156951403008e+00 8.375000000000000000e+00
8.602012316716592721e+00 4.062500000000000000e+00
8.616699135211543847e+00 7.859375000000000000e+00
8.631627531388637919e+00 4.789062500000000000e+00
8.646288378333286673e+00 9.164062500000000000e+00
8.659994900061340317e+00 3.554687500000000000e+00
8.674837044276989317e+00 2.250000000000000000e+00
8.690292461802656021e+00 1.230468750000000000e+01
8.702632497699728020e+00 3.316406250000000000e+00
8.717711636297810429e+00 8.242187500000000000e+00
8.733003486300949803e+00 1.124218750000000000e+01
8.747028294698118600e+00 1.353906250000000000e+01
8.760948811177879492e+00 1.033593750000000000e+01
8.775776857728985192e+00 3.171875000000000000e+00
8.791236941366868507e+00 9.734375000000000000e+00
8.803846387354877123e+00 4.722656250000000000e+00
8.819444359944965228e+00 8.164062500000000000e+00
8.833514165645542704e+00 9.632812500000000000e+00
8.847791143507958367e+00 1.153125000000000000e+01
8.862790921071479033e+00 9.031250000000000000e+00
8.877525384852566148e+00 7.914062500000000000e+00
8.891670028990784402e+00 1.524218750000000000e+01
8.905786291927771714e+00 1.420312500000000000e+01
8.920898121198675312e+00 1.038281250000000000e+01
8.935503036252892883e+00 1.718750000000000000e+01
8.949428848074445497e+00 1.279687500000000000e+01
8.964713011618016480e+00 1.517187500000000000e+01
8.978665629670015136e+00 1.263281250000000000e+01
8.993618447441621200e+00 1.381250000000000000e+01
9.007447024988962880e+00 1.659765625000000000e+01
9.022233694499581347e+00 1.836718750000000000e+01
9.037169593103742571e+00 2.031250000000000000e+01
9.049703153419029533e+00 1.741406250000000000e+01
9.065702703277047192e+00 1.903125000000000000e+01
9.080180700978303321e+00 1.617968750000000000e+01
9.094028543353838145e+00 2.056250000000000000e+01
9.108330255432885991e+00 1.839843750000000000e+01
9.123518727484393409e+00 1.968750000000000000e+01
9.137621526518255877e+00 2.210156250000000000e+01
9.150787395272651281e+00 1.623437500000000000e+01
9.166828114876762967e+00 2.010156250000000000e+01
9.180883996133420766e+00 2.600781250000000000e+01
9.195165411340450845e+00 1.549609375000000000e+01
9.209923708095459460e+00 2.082421875000000000e+01
9.224857209009623915e+00 2.214062500000000000e+01
9.238909345357649627e+00 1.791406250000000000e+01
9.252745957937785093e+00 2.398437500000000000e+01
9.268923272607420216e+00 2.198828125000000000e+01
9.282847181031119277e+00 2.292187500000000000e+01
9.296992061260446860e+00 1.842968750000000000e+01
9.311822745089424203e+00 1.878125000000000000e+01
9.326049499039061885e+00 2.482812500000000000e+01
9.340724477313912644e+00 2.303125000000000000e+01
9.354709556313812513e+00 1.964843750000000000e+01
9.370417790437613803e+00 2.183593750000000000e+01
9.384646032384063474e+00 3.059765625000000000e+01
9.397059187875347774e+00 2.229296875000000000e+01
9.412223609584975392e+00 2.467578125000000000e+01
9.427354286873660172e+00 2.539843750000000000e+01
9.441408514838608212e+00 2.189062500000000000e+01
9.455711747301759118e+00 2.448437500000000000e+01
9.470194429181926665e+00 2.407421875000000000e+01
9.486601128124238613e+00 2.676562500000000000e+01
9.498430524339323000e+00 2.753515625000000000e+01
9.514051426365691455e+00 2.511718750000000000e+01
9.528299476606552076e+00 2.421484375000000000e+01
9.542832886165200534e+00 1.612500000000000000e+01
9.557011154318148627e+00 2.416406250000000000e+01
9.572066546254912822e+00 2.501562500000000000e+01
9.586565494173896695e+00 2.862500000000000000e+01
9.600012315528026363e+00 2.374218750000000000e+01
9.615659858834092688e+00 2.563281250000000000e+01
9.630244400508498614e+00 3.055468750000000000e+01
9.644414928526364506e+00 3.180468750000000000e+01
9.658385510393003415e+00 2.486328125000000000e+01
9.673419613920319904e+00 2.611718750000000000e+01
9.688127116206473488e+00 2.459375000000000000e+01
9.701523650895476081e+00 2.441406250000000000e+01
9.716969439996807623e+00 2.844531250000000000e+01
9.731918884544272785e+00 2.835156250000000000e+01
9.743941054163203219e+00 2.243750000000000000e+01
9.759473540298127858e+00 2.746093750000000000e+01
9.774400809841193194e+00 2.705468750000000000e+01
9.789733250247143914e+00 2.575781250000000000e+01
9.802771685486419528e+00 2.628125000000000000e+01
9.817503799105544715e+00 2.871875000000000000e+01
9.833678523640768887e+00 2.528906250000000000e+01
9.845320270507707860e+00 2.835156250000000000e+01
9.860831989565895128e+00 3.014843750000000000e+01
9.875888040891505071e+00 3.446093750000000000e+01
9.890780259743241487e+00 2.778906250000000000e+01
9.903681034734525213e+00 3.215625000000000000e+01
9.919434720793045557e+00 3.094921875000000000e+01
9.934253815517354980e+00 3.004687500000000000e+01
9.947379652632541536e+00 2.665234375000000000e+01
9.962202899455141036e+00 2.835156250000000000e+01
9.977575311357776755e+00 2.517968750000000000e+01
9.991469708657513493e+00 3.185546875000000000e+01
1.000520606618715114e+01 3.032812500000000000e+01
1.002058431042771858e+01 3.304687500000000000e+01
1.003560433443331945e+01 2.660156250000000000e+01
1.004881842963549232e+01 2.346875000000000000e+01
1.006357417880651539e+01 3.013671875000000000e+01
1.007924526149090028e+01 3.381250000000000000e+01
1.009183889420942926e+01 2.954687500000000000e+01
1.010688429379230691e+01 3.181250000000000000e+01
1.012145062805354812e+01 3.562500000000000000e+01
1.013655604030851265e+01 3.230468750000000000e+01
1.014989761255930034e+01 3.578515625000000000e+01
1.016491928830254921e+01 3.792187500000000000e+01
1.018051655413439249e+01 3.273046875000000000e+01
1.019314084797833075e+01 3.219531250000000000e+01
1.020825102962318454e+01 3.639062500000000000e+01
1.022299368062093450e+01 3.780468750000000000e+01
1.023758593479382739e+01 3.726562500000000000e+01
1.025105565443232791e+01 3.214843750000000000e+01
1.026601205620680801e+01 3.237500000000000000e+01
1.028132075938605716e+01 3.903906250000000000e+01
1.029465715155913763e+01 3.229687500000000000e+01
1.030955486045835379e+01 3.376562500000000000e+01
1.032493805361753303e+01 3.332031250000000000e+01
1.033884530450142769e+01 3.213281250000000000e+01
1.035233690784260219e+01 3.500000000000000000e+01
1.036775318024250758e+01 3.212500000000000000e+01
1.038283894879218394e+01 3.318750000000000000e+01
1.039593399961194820e+01 2.960937500000000000e+01
1.041054978580438473e+01 3.397656250000000000e+01
1.042678116833138269e+01 3.775390625000000000e+01
1.043917452153175240e+01 3.458593750000000000e+01
1.045409619525838352e+01 2.839453125000000000e+01
1.046883457256769745e+01 2.981250000000000000e+01
1.048393800397958131e+01 3.357421875000000000e+01
1.049699776327438805e+01 3.802734375000000000e+01
1.051220366967781494e+01 3.532031250000000000e+01
1.052789780059976721e+01 3.586328125000000000e+01
1.054029247365573241e+01 3.417968750000000000e+01
1.055477734591624817e+01 3.494531250000000000e+01
1.057040429534106707e+01 3.455078125000000000e+01
1.058536989567951814e+01 3.454687500000000000e+01
1.059835020238855918e+01 3.753906250000000000e+01
1.061338975887139568e+01 3.269531250000000000e+01
1.062867950585472876e+01 2.884375000000000000e+01
1.064212863128550701e+01 3.427343750000000000e+01
1.065661704373610519e+01 3.181640625000000000e+01
1.067229696953121731e+01 3.438281250000000000e+01
1.068622089684924426e+01 3.189062500000000000e+01
1.069993013448742580e+01 3.196484375000000000e+01
1.071470595698839112e+01 3.811718750000000000e+01
1.073031724857921532e+01 3.758593750000000000e+01
1.074306712582656687e+01 3.501562500000000000e+01
1.075749092262157802e+01 3.786718750000000000e+01
1.077400340316980376e+01 3.777734375000000000e+01
1.078659571935109618e+01 3.357031250000000000e+01
1.080081711518153753e+01 3.381250000000000000e+01
1.081606786393828301e+01 3.373437500000000000e+01
1.083178565794342063e+01 3.655078125000000000e+01
1.084439777376243974e+01 3.055468750000000000e+01
