#Time Flux
-6.662302710079109147e+01 -3.792968750000000000e+00
-6.635279134146287561e+01 -1.417968750000000000e+00
-6.608365568187582539e+01 -3.031250000000000000e+00
-6.581801049345085630e+01 -3.179687500000000000e+00
-6.554941740682158979e+01 -1.621093750000000000e+00
-6.528083564623170787e+01 2.921875000000000000e+00
-6.501813875759660277e+01 3.238281250000000000e+00
-6.474785021003799557e+01 3.500000000000000000e+00
-6.447867534267106748e+01 2.835937500000000000e+00
-6.421481911945738830e+01 -6.132812500000000000e-01
-6.394741860077601814e+01 1.460937500000000000e+00
-6.366951967362808773e+01 -4.386718750000000000e+00
-6.341616199555255662e+01 -2.539062500000000000e+00
-6.315053365638277683e+01 -2.406250000000000000e+00
-6.288667444222664926e+01 -3.046875000000000000e+00
-6.261810147715675612e+01 -3.609375000000000000e+00
-6.235128818987345767e+01 -5.078125000000000000e-01
-6.208565058847511864e+01 9.296875000000000000e-01
-6.181645727553507186e+01 -2.058593750000000000e+00
-6.154155719980713002e+01 -1.390625000000000000e+00
-6.127592396258637564e+01 -7.968750000000000000e-01
-6.100860233995945237e+01 -2.867187500000000000e+00
-6.074297248594257326e+01 -4.539062500000000000e+00
-6.047734260604511292e+01 1.562500000000000000e-02
-6.021171280015869343e+01 -1.359375000000000000e+00
-5.994608286808534103e+01 2.460937500000000000e+00
-5.967869327518928912e+01 -2.292968750000000000e+00
-5.940883783751837655e+01 1.531250000000000000e+00
-5.914319968535914995e+01 4.882812500000000000e+00
-5.888056218372992134e+01 6.292968750000000000e+00
-5.859749982635139531e+01 8.460937500000000000e+00
-5.834628508602531838e+01 7.281250000000000000e+00
-5.807344047013611998e+01 2.226562500000000000e+00
-5.780779584073752631e+01 5.054687500000000000e+00
-5.754215112543170108e+01 7.265625000000000000e+00
-5.727099864512069871e+01 3.875000000000000000e+00
-5.700371954641332195e+01 6.695312500000000000e+00
-5.673808928580865540e+01 3.648437500000000000e+00
-5.647071099209279055e+01 6.894531250000000000e+00
-5.620682887974135156e+01 4.351562500000000000e+00
-5.593945253947094898e+01 4.511718750000000000e+00
-5.567556815963644112e+01 -7.031250000000000000e-01
-5.540819404054855113e+01 -3.656250000000000000e+00
-5.512469009954349985e+01 1.562500000000000000e-01
-5.487519401833969823e+01 -1.875000000000000000e+00
-5.460823863053099103e+01 -3.437500000000000000e-01
-5.434393792452874550e+01 1.921875000000000000e+00
-5.407697163989666933e+01 1.343750000000000000e+00
-5.380269299189239973e+01 -1.062500000000000000e+00
-5.353171262430055322e+01 7.656250000000000000e-01
-5.326608057567295873e+01 4.171875000000000000e+00
-5.299963916788749430e+01 2.144531250000000000e+00
-5.273400792462109621e+01 1.742187500000000000e+00
-5.246583844592532841e+01 -1.453125000000000000e+00
-5.220193778086422753e+01 -1.992187500000000000e+00
-5.193711379668877726e+01 -2.324218750000000000e+00
-5.167067616332087709e+01 -2.992187500000000000e+00
-5.140332062501693144e+01 2.890625000000000000e+00
-5.113941452190510972e+01 -9.062500000000000000e-01
-5.087065677287216658e+01 3.789062500000000000e+00
-5.060815265552400888e+01 -1.148437500000000000e+00
-5.033625104552106677e+01 -2.554687500000000000e+00
-5.006065145415675488e+01 -3.101562500000000000e+00
-4.979501351258920749e+01 -4.253906250000000000e+00
-4.952937559535246237e+01 -7.148437500000000000e-01
-4.926373770244651951e+01 -1.660156250000000000e+00
-4.899809993415954068e+01 -3.765625000000000000e+00
-4.872990663371979281e+01 -6.375000000000000000e+00
-4.846347309607210718e+01 -5.152343750000000000e+00
-4.819784174672224708e+01 -5.976562500000000000e+00
-4.793221034615328335e+01 -1.800781250000000000e+00
-4.766738065833283144e+01 -4.000000000000000000e+00
-4.740014599143205487e+01 -3.828125000000000000e-01
-4.713451471999314890e+01 3.335937500000000000e+00
-4.686569217940893850e+01 -1.171875000000000000e+00
-4.660325187735315922e+01 3.945312500000000000e+00
-4.633922391046303346e+01 1.109375000000000000e+00
-4.605814307105902117e+01 1.867187500000000000e+00
-4.579249911745137069e+01 -3.437500000000000000e+00
-4.552189697020162384e+01 4.757812500000000000e+00
-4.525873865491200831e+01 -9.257812500000000000e-01
-4.499310110758131032e+01 -2.765625000000000000e+00
-4.472746358482152118e+01 -4.414062500000000000e-01
-4.445689322942519084e+01 -3.785156250000000000e+00
-4.419374140371451176e+01 -2.671875000000000000e+00
-4.392315759146413257e+01 1.531250000000000000e+00
-4.365752941067739812e+01 3.187500000000000000e+00
-4.339190142511915838e+01 -1.718750000000000000e-01
-4.312794015301187756e+01 -3.113281250000000000e+00
-4.288107786966111235e+01 -3.476562500000000000e+00
-4.259834339627150257e+01 -2.960937500000000000e+00
-4.231227817442731975e+01 1.796875000000000000e+00
-4.204745345492540309e+01 -8.671875000000000000e-01
-4.179115505534821295e+01 2.445312500000000000e+00
-4.151938227098332845e+01 4.078125000000000000e+00
-4.125374512260793836e+01 5.664062500000000000e-01
-4.098573779086814284e+01 5.468750000000000000e+00
-4.071848567027655008e+01 3.671875000000000000e+00
-4.045120590471560718e+01 4.949218750000000000e+00
-4.018722114886213603e+01 4.921875000000000000e+00
-3.992240199489299357e+01 5.527343750000000000e+00
-3.965595658269330670e+01 8.140625000000000000e+00
-3.939032419507157101e+01 2.882812500000000000e+00
-3.912305449492487242e+01 2.394531250000000000e+00
-3.885578902307725002e+01 3.234375000000000000e+00
-3.858846870069407942e+01 -5.664062500000000000e-01
-3.832283397821390736e+01 -3.671875000000000000e+00
-3.805549448220176600e+01 -2.718750000000000000e+00
-3.778003085874559019e+01 -4.671875000000000000e+00
-3.751439411031503823e+01 -4.242187500000000000e+00
-3.724875733703345304e+01 -6.343750000000000000e+00
-3.698312058843191608e+01 -3.429687500000000000e+00
-3.671439105882802778e+01 -5.757812500000000000e+00
-3.644958658693008147e+01 -4.820312500000000000e+00
-3.618312803076753426e+01 -2.636718750000000000e+00
-3.591749645758011411e+01 -6.601562500000000000e-01
-3.565103389189926020e+01 -5.015625000000000000e+00
-3.538706574056209320e+01 -1.609375000000000000e+00
-3.512060180010723798e+01 -3.917968750000000000e+00
-3.485413503494373799e+01 1.171875000000000000e+00
-3.458850197333549659e+01 -1.343750000000000000e+00
-3.431967424093136287e+01 -2.078125000000000000e+00
-3.404288663130864734e+01 -2.132812500000000000e+00
-3.377504792576553427e+01 -1.265625000000000000e+00
-3.351719484965201445e+01 -6.667968750000000000e+00
-3.324293050063511146e+01 -1.265625000000000000e+00
-3.297426966832017570e+01 -1.023437500000000000e+00
-3.268989932130148190e+01 -3.484375000000000000e+00
-3.244300296331084610e+01 -8.359375000000000000e-01
-3.217822107778613372e+01 -2.714843750000000000e+00
-3.190294755608033483e+01 -2.804687500000000000e+00
-3.164695786337381378e+01 -7.832031250000000000e+00
-3.138046918721693146e+01 -3.453125000000000000e+00
-3.111326736281989724e+01 1.140625000000000000e+00
-3.084607058019582837e+01 2.687500000000000000e+00
-3.057666097559035734e+01 -6.640625000000000000e-01
-3.031291606838874486e+01 -8.125000000000000000e-01
-3.004537668790931093e+01 -9.765625000000000000e-01
-2.977973449741898548e+01 -1.007812500000000000e+00
-2.951030970360181982e+01 4.460937500000000000e+00
-2.923879854854646965e+01 1.144531250000000000e+00
-2.897020764205137766e+01 2.402343750000000000e+00
-2.870752641864498855e+01 2.945312500000000000e+00
-2.845152328382596352e+01 2.617187500000000000e+00
-2.817331237773453267e+01 2.968750000000000000e-01
-2.790679666434471073e+01 2.773437500000000000e+00
-2.762250199684581276e+01 2.554687500000000000e+00
-2.737552845810159852e+01 1.750000000000000000e+00
-2.710836510841909330e+01 5.781250000000000000e+00
-2.684120696947184115e+01 1.867187500000000000e+00
-2.657557810053231151e+01 7.468750000000000000e+00
-2.630794946425464786e+01 5.000000000000000000e+00
-2.604030710159918272e+01 4.414062500000000000e+00
-2.576710147642006632e+01 6.460937500000000000e+00
-2.549946308375626813e+01 5.429687500000000000e-01
-2.523382747508992452e+01 2.980468750000000000e+00
-2.497017550668533659e+01 1.468750000000000000e+00
-2.470453340746462345e+01 -6.875000000000000000e-01
-2.443403348740741876e+01 -1.875000000000000000e-01
-2.416748281327045333e+01 -1.015625000000000000e-01
-2.390942818064286257e+01 -6.796875000000000000e-01
-2.363472008429744164e+01 -2.761718750000000000e+00
-2.336908822682744358e+01 1.777343750000000000e+00
-2.309988565160108465e+01 4.687500000000000000e-01
-2.283782437236004625e+01 -2.808593750000000000e+00
-2.256651675246598643e+01 3.453125000000000000e+00
-2.230297756485686023e+01 -7.109375000000000000e-01
-2.204092839002260007e+01 -2.867187500000000000e+00
-2.177170537336075995e+01 -1.074218750000000000e+00
-2.149643071667378535e+01 -1.171875000000000000e-01
-2.122887810802319564e+01 -2.191406250000000000e+00
-2.096324288539005920e+01 -2.179687500000000000e+00
-2.069570901768543081e+01 -1.234375000000000000e+00
-2.042912040780777261e+01 -4.640625000000000000e+00
-2.016348829201217541e+01 -3.906250000000000000e+00
-1.989543772563774837e+01 -2.074218750000000000e+00
-1.963319332828336883e+01 -1.476562500000000000e+00
-1.936417312040430261e+01 -8.046875000000000000e-01
-1.910095990793035980e+01 -4.574218750000000000e+00
-1.883434874916156332e+01 -1.140625000000000000e+00
-1.856583827746771931e+01 -2.578125000000000000e+00
-1.830020890287823931e+01 1.171875000000000000e-01
-1.803601090635856963e+01 1.234375000000000000e+00
-1.776076119729361835e+01 1.382812500000000000e+00
-1.749137630021141376e+01 5.210937500000000000e+00
-1.722391794215479877e+01 -1.902343750000000000e+00
-1.695546909267488900e+01 8.671875000000000000e-01
-1.669264812873996107e+01 1.601562500000000000e+00
-1.642420451980854068e+01 2.121093750000000000e+00
-1.615755873225452888e+01 3.125000000000000000e-01
-1.589051635372015880e+01 1.687500000000000000e+00
-1.562488363499505795e+01 -2.949218750000000000e+00
-1.536065103879400340e+01 -8.125000000000000000e-01
-1.509604305437881067e+01 3.945312500000000000e-01
-1.484099533704852547e+01 6.460937500000000000e+00
-1.456477839309866340e+01 5.156250000000000000e+00
-1.429914604179123216e+01 4.781250000000000000e+00
-1.402135147980254715e+01 1.925781250000000000e+00
-1.375944885535341200e+01 -1.210937500000000000e+00
-1.349006697577817704e+01 -1.761718750000000000e+00
-1.321896305747111455e+01 -5.585937500000000000e-01
-1.295160926884068431e+01 2.054687500000000000e+00
-1.268598078485024416e+01 -2.273437500000000000e+00
-1.243122955837520749e+01 -1.562500000000000000e-02
-1.215642489898425538e+01 -1.953125000000000000e-02
-1.188666215865771392e+01 -3.804687500000000000e+00
-1.160303381782227916e+01 -2.796875000000000000e+00
-1.135432099991521682e+01 -2.218750000000000000e+00
-1.108868761154371896e+01 -3.019531250000000000e+00
-1.082305423911384423e+01 -5.558593750000000000e+00
-1.055607862300939814e+01 -5.593750000000000000e+00
-1.029044840551478046e+01 -2.593750000000000000e+00
-1.002240879747421332e+01 -5.125000000000000000e+00
-9.746929075263324194e+00 -3.789062500000000000e+00
-9.478006366529143634e+00 -4.921875000000000000e+00
-9.214013347914146834e+00 2.000000000000000000e+00
-8.945629017249871140e+00 1.621093750000000000e+00
-8.681121302002566154e+00 3.375000000000000000e+00
-8.405700268291411703e+00 4.875000000000000000e+00
-8.148730879857453147e+00 4.886718750000000000e+00
-7.879342403288774221e+00 4.765625000000000000e+00
-7.615017367192194797e+00 4.539062500000000000e+00
-7.349383542823488824e+00 5.562500000000000000e+00
-7.083749633413390256e+00 6.433593750000000000e+00
-6.818115638907329412e+00 7.472656250000000000e+00
-6.546763515908651243e+00 5.210937500000000000e+00
-6.283338858519414316e+00 5.609375000000000000e+00
-6.015187578841278082e+00 5.468750000000000000e-02
-5.749828595814733490e+00 1.453125000000000000e+00
-5.483612737904195455e+00 2.890625000000000000e-01
-5.214292489811782616e+00 -4.050781250000000000e+00
-4.943434718918865656e+00 -5.117187500000000000e-01
-4.677800771731995155e+00 -7.421875000000000000e-01
-4.413697947682521772e+00 -1.617187500000000000e+00
-4.143804916170324759e+00 -1.906250000000000000e+00
-3.878171908338686080e+00 -3.304687500000000000e+00
-3.608818280471041362e+00 -4.773437500000000000e+00
-3.344438076805090532e+00 -1.566406250000000000e+00
-3.081272832642412141e+00 -2.683593750000000000e+00
-2.811925361395424261e+00 -2.843750000000000000e+00
-2.543975289113291183e+00 -1.277343750000000000e+00
-2.278337282349525594e+00 -4.019531250000000000e+00
-2.010366570613086878e+00 -2.007812500000000000e+00
-1.744154916059642346e+00 -1.484375000000000000e-01
-1.478510428760500872e+00 -1.484375000000000000e+00
-1.204128523847316501e+00 1.171875000000000000e-02
-9.399533217074349523e-01 1.875000000000000000e-01
-6.779453001082629271e-01 -1.468750000000000000e+00
-4.072277510157391589e-01 -3.906250000000000000e-03
-1.466615999717078012e-01 -3.964843750000000000e+00
1.292456684677745216e-01 -6.914062500000000000e-01
3.984760986178343956e-01 8.789062500000000000e-01
6.667980688127954636e-01 3.312500000000000000e+00
9.249558835404059209e-01 1.312500000000000000e+00
1.198371260788690051e+00 4.492187500000000000e+00
1.471230652474332601e+00 3.125000000000000000e-01
1.738273499214415097e+00 4.257812500000000000e+00
2.003906844064772486e+00 4.824218750000000000e+00
2.269540269881986205e+00 6.953125000000000000e-01
2.550624369002321146e+00 1.953125000000000000e-02
2.802189923613923384e+00 2.734375000000000000e-01
3.072831290762678691e+00 1.156250000000000000e+00
3.343393996946133484e+00 5.492187500000000000e+00
3.604094909368996014e+00 3.578125000000000000e+00
3.869726769978569791e+00 7.273437500000000000e+00
4.137842862460388460e+00 1.238281250000000000e+00
4.405971616156193704e+00 3.445312500000000000e+00
4.671902614716827884e+00 5.000000000000000000e-01
4.947647562885549632e+00 3.578125000000000000e+00
5.203478998829950797e+00 2.960937500000000000e+00
5.477572684482879595e+00 1.718750000000000000e+00
5.743205817952116377e+00 3.316406250000000000e+00
6.008838933347874445e+00 5.925781250000000000e+00
6.269607690347470452e+00 4.406250000000000000e+00
6.538794140360550955e+00 -4.609375000000000000e-01
6.810996935902949190e+00 -2.117187500000000000e+00
7.062994326128091416e+00 -3.195312500000000000e+00
7.338300239471436726e+00 -2.976562500000000000e+00
7.610468704829713715e+00 -3.386718750000000000e+00
7.889989407836992541e+00 -3.648437500000000000e+00
8.145717472211117638e+00 6.250000000000000000e-02
8.405887102660472010e+00 1.273437500000000000e+00
8.677006656964522335e+00 1.757812500000000000e-01
8.942358363462290072e+00 -7.265625000000000000e-01
9.208589437895852825e+00 -1.585937500000000000e+00
9.477739547760279493e+00 -3.882812500000000000e+00
9.743380942988437710e+00 -4.414062500000000000e+00
1.001251976036292035e+01 1.484375000000000000e+00
1.027939979003451754e+01 7.031250000000000000e-02
1.054627032760095062e+01 2.382812500000000000e+00
1.081491039960064882e+01 1.898437500000000000e+00
1.108264681077298519e+01 -1.007812500000000000e+00
1.134619040511870480e+01 2.257812500000000000e+00
1.161287142335640965e+01 -2.078125000000000000e+00
1.187850794247424346e+01 -4.433593750000000000e+00
1.214414449887408409e+01 -1.593750000000000000e+00
1.241348786240371282e+01 -1.375000000000000000e+00
1.267912628543956544e+01 -1.343750000000000000e+00
1.294745206789843905e+01 -9.296875000000000000e-01
1.321370160933815896e+01 8.046875000000000000e-01
1.347502573416352334e+01 2.558593750000000000e+00
1.375187647648272105e+01 -3.437500000000000000e-01
1.401751340209739283e+01 3.046875000000000000e-01
1.428315049115190050e+01 -5.351562500000000000e+00
1.454995630922815053e+01 -2.781250000000000000e+00
1.481675328939513747e+01 -2.398437500000000000e+00
1.508931215801351300e+01 -1.941406250000000000e+00
1.535898894351544186e+01 1.367187500000000000e+00
1.561686947767566380e+01 -1.593750000000000000e+00
1.588251012653608996e+01 -1.234375000000000000e+00
1.615188066949633594e+01 -2.187500000000000000e+00
1.642125412342170421e+01 -3.390625000000000000e+00
1.668721112241314586e+01 -2.117187500000000000e+00
1.695316989411890063e+01 -2.476562500000000000e+00
1.721849996106379876e+01 1.691406250000000000e+00
1.749346844516753663e+01 -3.968750000000000000e+00
1.775686222199874464e+01 -3.781250000000000000e+00
1.801912505707775836e+01 -3.453125000000000000e+00
1.829035325021163771e+01 1.671875000000000000e+00
1.855487665709108569e+01 4.894531250000000000e+00
1.883312146372713869e+01 4.164062500000000000e+00
1.909812245583339063e+01 1.093750000000000000e+00
1.935627562292620496e+01 2.789062500000000000e+00
1.962191676754855507e+01 -8.203125000000000000e-01
1.988755784657087133e+01 -3.250000000000000000e+00
2.015694732884514906e+01 -1.757812500000000000e-01
2.042666618634598308e+01 -1.476562500000000000e+00
2.068823173321072773e+01 -2.566406250000000000e+00
2.096160799221877369e+01 -1.390625000000000000e+00
2.122392967571590816e+01 2.437500000000000000e+00
2.149288944801708112e+01 -1.367187500000000000e+00
2.176183989946002839e+01 1.171875000000000000e+00
2.202852947902385949e+01 2.085937500000000000e+00
2.229416160520224821e+01 3.523437500000000000e+00
2.255874777767166961e+01 1.429687500000000000e+00
2.282646834325191776e+01 4.375000000000000000e+00
2.309389267383028255e+01 1.167968750000000000e+00
2.335952763665352450e+01 8.398437500000000000e-01
2.362129103980259970e+01 2.125000000000000000e+00
2.389261346526154739e+01 2.382812500000000000e+00
2.415643296033101706e+01 1.941406250000000000e+00
2.442765750457840568e+01 -4.609375000000000000e-01
2.469775357271805660e+01 -1.640625000000000000e+00
2.496270366376006677e+01 -6.796875000000000000e-01
2.522904434112365379e+01 -3.695312500000000000e+00
2.549468962332116462e+01 -2.117187500000000000e+00
2.576680931563168997e+01 -1.953125000000000000e-01
2.603631278971749907e+01 -6.132812500000000000e-01
2.629808014366426505e+01 -1.484375000000000000e-01
2.656371555355144665e+01 -3.179687500000000000e+00
2.683034020177467482e+01 -1.644531250000000000e+00
2.709885408347997782e+01 2.968750000000000000e-01
2.735741425569619878e+01 -3.906250000000000000e-02
2.763368476198547796e+01 -5.703125000000000000e-01
2.789849818489892641e+01 1.636718750000000000e+00
2.817157728200049860e+01 1.500000000000000000e+00
2.843059063901773698e+01 -2.375000000000000000e+00
2.870213398335795318e+01 -2.109375000000000000e-01
2.896851333877361867e+01 6.875000000000000000e-01
2.923341882115960289e+01 1.390625000000000000e+00
2.949980392516386019e+01 2.273437500000000000e+00
2.977177050868340302e+01 3.187500000000000000e+00
3.003740534755343106e+01 -1.156250000000000000e+00
3.030398828007048451e+01 -6.445312500000000000e-01
3.056962011548341707e+01 -1.089843750000000000e+00
3.083117010873218078e+01 -1.535156250000000000e+00
3.110182297238702631e+01 1.437500000000000000e+00
3.137223863595500006e+01 -6.015625000000000000e-01
3.163509229512726506e+01 -5.468750000000000000e-01
3.190351710080722114e+01 -4.179687500000000000e-01
3.216992377882297660e+01 1.367187500000000000e+00
3.243855936391366868e+01 -2.851562500000000000e-01
3.270720096954642031e+01 -2.867187500000000000e+00
3.297323488312599693e+01 6.640625000000000000e-01
3.323887855995258178e+01 -2.800781250000000000e+00
3.350491731995657574e+01 5.703125000000000000e-01
3.377672354894457385e+01 2.687500000000000000e+00
3.404235785020864569e+01 1.250000000000000000e-01
3.431188466004766724e+01 -1.441406250000000000e+00
3.457543334087881703e+01 -3.695312500000000000e+00
3.485317345787757404e+01 -2.042968750000000000e+00
3.511089393194970398e+01 -2.937500000000000000e+00
3.537726440657206695e+01 4.257812500000000000e-01
3.564290411797264824e+01 -1.531250000000000000e+00
3.590926488062132194e+01 -2.351562500000000000e+00
3.617346590443457899e+01 -2.343750000000000000e-02
3.643982355613843538e+01 -5.078125000000000000e-02
3.670546345325055881e+01 3.230468750000000000e+00
3.698175288264508254e+01 -2.527343750000000000e+00
3.724739245123316778e+01 5.117187500000000000e-01
3.751002926363958068e+01 3.023437500000000000e+00
3.777567440712095959e+01 1.632812500000000000e+00
3.804730231088615255e+01 1.828125000000000000e+00
3.830995040765890280e+01 3.066406250000000000e+00
3.858030598439859205e+01 -3.359375000000000000e-01
3.884813376539693763e+01 4.179687500000000000e-01
3.911377021023088218e+01 1.875000000000000000e-01
3.936954487699927085e+01 2.843750000000000000e+00
3.964793814601580380e+01 -9.921875000000000000e-01
3.991357849553605774e+01 -1.054687500000000000e+00
4.019451640966349260e+01 -4.953125000000000000e+00
4.044195254263775041e+01 -9.140625000000000000e-01
4.071468366424289798e+01 -2.308593750000000000e+00
4.098294754844278032e+01 -3.929687500000000000e+00
4.124949423762677725e+01 -2.171875000000000000e+00
4.151468445636623983e+01 8.750000000000000000e-01
4.178078423740021208e+01 1.570312500000000000e+00
4.204642912069334670e+01 -1.234375000000000000e+00
4.231871303863692901e+01 -6.589843750000000000e+00
4.258434460971432145e+01 -3.878906250000000000e+00
4.284997607140132914e+01 -6.250000000000000000e-02
4.311875294930302971e+01 -2.554687500000000000e+00
4.338733894125834922e+01 -4.921875000000000000e-01
4.365297969445964554e+01 7.617187500000000000e-01
4.391862042925276910e+01 -1.105468750000000000e+00
4.418130036138188643e+01 2.964843750000000000e+00
4.444928121121893128e+01 2.257812500000000000e+00
4.471616079619298034e+01 2.875000000000000000e+00
4.498179875801315575e+01 1.023437500000000000e+00
4.525363425767022818e+01 3.125000000000000000e+00
4.551976077998756409e+01 6.144531250000000000e+00
4.578589155100576136e+01 6.210937500000000000e+00
4.605153614967071007e+01 3.843750000000000000e+00
4.631619621552704302e+01 2.671875000000000000e+00
4.658843307135975920e+01 6.304687500000000000e+00
4.685488164581431647e+01 2.238281250000000000e+00
4.711690681997322372e+01 2.402343750000000000e+00
4.738996693213891831e+01 -1.203125000000000000e+00
4.766172291872965161e+01 7.851562500000000000e-01
4.791821886678576448e+01 1.328125000000000000e-01
4.818931089183024596e+01 4.410156250000000000e+00
4.846175231550910212e+01 1.390625000000000000e+00
4.872001917982970554e+01 5.023437500000000000e+00
4.899955936675542034e+01 5.976562500000000000e+00
4.925867251302292971e+01 4.515625000000000000e+00
4.952483186649828895e+01 -1.093750000000000000e+00
4.979372613523707969e+01 3.769531250000000000e+00
5.005936445259328593e+01 2.878906250000000000e+00
5.032852373727394024e+01 1.117187500000000000e+00
5.059495706176153362e+01 -4.843750000000000000e-01
5.086058767166309735e+01 -1.023437500000000000e+00
5.112461766426713439e+01 -3.070312500000000000e+00
5.139437247489274796e+01 -2.617187500000000000e-01
5.166254012123363282e+01 1.328125000000000000e-01
5.192818449116430202e+01 -1.585937500000000000e+00
5.219490578163413375e+01 -1.226562500000000000e+00
5.246000902677769773e+01 -8.984375000000000000e-02
5.272511770470418924e+01 -1.656250000000000000e+00
5.299549320986682233e+01 -2.316406250000000000e+00
5.326113500571284476e+01 -2.761718750000000000e+00
5.353045200719293462e+01 -4.210937500000000000e+00
5.379873367625884839e+01 5.859375000000000000e-02
5.406779703858512676e+01 -1.136718750000000000e+00
5.433602664846898733e+01 -8.632812500000000000e-01
5.459985355693993370e+01 -1.117187500000000000e+00
5.486548473024072337e+01 -2.820312500000000000e+00
5.513032285425026657e+01 1.578125000000000000e+00
5.539674697246869073e+01 -1.070312500000000000e+00
5.566500993241004380e+01 -5.039062500000000000e-01
5.593378811058209976e+01 -1.453125000000000000e+00
5.620304948209479790e+01 -1.074218750000000000e+00
5.646507240237042424e+01 -5.078125000000000000e-01
5.673071448798509664e+01 -7.734375000000000000e-01
5.699996770328027651e+01 6.203125000000000000e+00
5.726872581796374106e+01 1.296875000000000000e+00
5.753436474848308535e+01 4.375000000000000000e+00
5.780000364384500244e+01 -1.101562500000000000e+00
5.806683706297712888e+01 -1.640625000000000000e+00
5.833501101946137624e+01 -2.777343750000000000e+00
5.860064865811989421e+01 -4.871093750000000000e+00
5.886880353413289413e+01 -7.726562500000000000e+00
5.913794584262564058e+01 -8.890625000000000000e+00
5.940358382816179983e+01 -1.315625000000000000e+01
5.967274645551924550e+01 -8.429687500000000000e+00
5.993885666607820895e+01 -5.625000000000000000e+00
6.020496205875269879e+01 -6.554687500000000000e+00
6.047060230056695218e+01 -5.531250000000000000e+00
6.073935304025974347e+01 -5.445312500000000000e+00
6.100499248216249271e+01 -3.839843750000000000e+00
6.127499789772787153e+01 -3.171875000000000000e+00
6.154001029320920679e+01 7.109375000000000000e-01
6.180565135826168444e+01 -1.011718750000000000e+00
6.207129239478513227e+01 3.558593750000000000e+00
6.234603510574220309e+01 5.644531250000000000e+00
6.260321633652142737e+01 4.820312500000000000e+00
6.286886002004553120e+01 5.781250000000000000e+00
6.313933316753536928e+01 7.156250000000000000e+00
6.340858664287793545e+01 5.273437500000000000e+00
6.367828795265450026e+01 6.976562500000000000e+00
6.394436226891730257e+01 5.109375000000000000e+00
6.421000302330821796e+01 6.085937500000000000e+00
6.447564371344515166e+01 5.140625000000000000e+00
6.474437789937394427e+01 -2.031250000000000000e-01
6.501310928680209145e+01 2.109375000000000000e+00
6.527874727772609731e+01 -4.296875000000000000e-01
6.554129618083709374e+01 -7.031250000000000000e-02
6.581069791599861674e+01 -4.601562500000000000e+00
6.607935988824726792e+01 -5.078125000000000000e-01
6.634499675657832540e+01 -1.351562500000000000e+00
6.661296444840263575e+01 -8.125000000000000000e-01
6.687627056863391317e+01 -1.792968750000000000e+00
6.714794976686448535e+01 -8.750000000000000000e-01
6.740985575093509397e+01 -6.648437500000000000e+00
6.767922530850978546e+01 -2.578125000000000000e-01
6.794901015021605417e+01 -1.378906250000000000e+00
6.821505200731508012e+01 2.656250000000000000e+00
6.848069332358454631e+01 9.375000000000000000e-01
6.875247091414235001e+01 2.718750000000000000e+00
6.901810839377753837e+01 3.039062500000000000e+00
6.928445726671111515e+01 3.640625000000000000e+00
6.954938304360871371e+01 6.234375000000000000e+00
6.981502041381349954e+01 1.055468750000000000e+01
7.008137783797269549e+01 9.347656250000000000e+00
7.033560221658103728e+01 7.015625000000000000e+00
7.062587704022007529e+01 1.005468750000000000e+01
7.088508364149413410e+01 6.054687500000000000e+00
7.115072776947738475e+01 1.187500000000000000e+01
7.142280737625333131e+01 4.675781250000000000e+00
7.168807627065370980e+01 2.960937500000000000e+00
7.194984652360130895e+01 3.398437500000000000e+00
7.222314853508680699e+01 -5.859375000000000000e-01
7.249766448266746011e+01 -1.273437500000000000e+00
7.275139242189061406e+01 -4.328125000000000000e+00
7.302460339930053124e+01 -4.554687500000000000e+00
7.328570606007735933e+01 -6.691406250000000000e+00
7.355437275586768919e+01 -8.257812500000000000e+00
7.382153145927236437e+01 -6.210937500000000000e+00
7.408717412695636995e+01 -6.210937500000000000e+00
7.435128289883027719e+01 -6.109375000000000000e+00
7.462356780518996402e+01 -5.007812500000000000e+00
7.488919962540705910e+01 -2.535156250000000000e+00
7.515483135406714155e+01 -3.980468750000000000e+00
7.542046314128049289e+01 -4.398437500000000000e+00
7.568696820442187345e+01 -1.195312500000000000e+00
7.595883451866075120e+01 1.265625000000000000e+00
7.621648098644800484e+01 -8.906250000000000000e-01
7.649047022198647028e+01 -3.410156250000000000e+00
7.675611402436697972e+01 -2.414062500000000000e+00
7.702175789290049579e+01 -6.250000000000000000e-02
7.729943219413689803e+01 -2.507812500000000000e+00
7.755935402371574128e+01 1.171875000000000000e-01
7.782499028703637123e+01 -2.265625000000000000e+00
7.809062651380986608e+01 1.718750000000000000e+00
7.835705953317506101e+01 6.015625000000000000e-01
7.862757957604480907e+01 9.687500000000000000e-01
7.889411061616294774e+01 4.687500000000000000e-01
7.915317085302262967e+01 2.570312500000000000e+00
7.942446761778410291e+01 -1.750000000000000000e+00
7.969100644905222453e+01 -1.664062500000000000e+00
7.995663834691833927e+01 -6.421875000000000000e+00
8.023024405267960901e+01 -3.937500000000000000e+00
8.049588679096223132e+01 4.687500000000000000e-02
8.076152955771567576e+01 -2.484375000000000000e+00
8.103011397887996736e+01 -1.972656250000000000e+00
8.129869138765820935e+01 2.734375000000000000e-01
8.156432703386849425e+01 -9.296875000000000000e-01
8.182378147376948618e+01 -5.468750000000000000e-01
8.209643829863694009e+01 -1.664062500000000000e+00
8.236487116981413692e+01 -2.773437500000000000e-01
8.263433235587058334e+01 -4.375000000000000000e-01
8.289808046045072842e+01 -5.625000000000000000e-01
8.316465593192071992e+01 -8.203125000000000000e-02
8.343450297671677163e+01 2.070312500000000000e+00
8.369687276629906592e+01 7.648437500000000000e+00
8.396578343770977426e+01 8.570312500000000000e+00
8.423142382202365752e+01 8.664062500000000000e+00
8.450096479043304498e+01 7.601562500000000000e+00
8.476660797022805127e+01 9.585937500000000000e+00
8.503802078053445257e+01 6.734375000000000000e+00
8.530077510996954970e+01 4.343750000000000000e+00
8.557292811035483737e+01 8.242187500000000000e-01
8.583492616373291639e+01 -1.101562500000000000e+00
8.610233551833312049e+01 -1.078125000000000000e+00
8.636708656920950489e+01 -4.417968750000000000e+00
8.663546858870802225e+01 -3.511718750000000000e+00
8.690493163973792434e+01 -2.804687500000000000e+00
8.716957196573014244e+01 -3.511718750000000000e+00
8.743520433751939436e+01 -1.460937500000000000e+00
8.769983412908914033e+01 -2.195312500000000000e+00
8.797446724234396243e+01 -1.667968750000000000e+00
8.823981785744081208e+01 4.062500000000000000e-01
8.850575602943717968e+01 -3.242187500000000000e-01
8.877110837165355406e+01 5.625000000000000000e-01
8.904015704847654433e+01 -8.164062500000000000e-01
8.930861274422090901e+01 5.234375000000000000e-01
8.957517573276186340e+01 -6.992187500000000000e-01
8.984081346047082661e+01 3.285156250000000000e+00
9.009962251262186328e+01 1.917968750000000000e+00
9.037208881427272900e+01 7.406250000000000000e+00
9.063866756206493847e+01 6.843750000000000000e+00
9.090990528946917948e+01 3.562500000000000000e+00
9.117554166268587323e+01 -3.515625000000000000e-01
9.144117807712086687e+01 6.718750000000000000e-01
9.170575585129438423e+01 -3.445312500000000000e+00
9.197586796958728428e+01 -2.261718750000000000e+00
9.224150880000468078e+01 -4.179687500000000000e-01
9.250372394870123571e+01 -1.460937500000000000e+00
9.277622055328947681e+01 -5.046875000000000000e+00
9.304214594152654172e+01 -5.660156250000000000e+00
9.331356146897337567e+01 -4.984375000000000000e+00
9.357919547535743732e+01 -7.656250000000000000e+00
9.383935824697573480e+01 -3.593750000000000000e+00
9.409644899028819509e+01 -7.160156250000000000e+00
9.438141533437737962e+01 -3.218750000000000000e+00
9.464138994891095535e+01 -4.500000000000000000e+00
9.493421354216582131e+01 -5.457031250000000000e+00
9.517830055595550220e+01 1.132812500000000000e+00
9.545310570642732273e+01 -3.578125000000000000e+00
9.571179944672098827e+01 -4.789062500000000000e+00
9.598091614485326772e+01 -3.121093750000000000e+00
9.625004091674463780e+01 -5.601562500000000000e+00
9.651568580085267968e+01 9.140625000000000000e-01
9.677434797443333991e+01 -2.242187500000000000e+00
9.705286849240542324e+01 1.570312500000000000e+00
9.731850190192812988e+01 -2.671875000000000000e+00
9.758676213637897945e+01 1.835937500000000000e+00
9.784972251529120513e+01 9.531250000000000000e-01
9.810253471042437923e+01 8.281250000000000000e-01
9.837837610664166732e+01 -1.699218750000000000e+00
9.864666922637002244e+01 -1.656250000000000000e+00
9.891491646967858742e+01 -3.292968750000000000e+00
9.918786416216084945e+01 -6.718750000000000000e-01
9.945872811832259686e+01 -1.906250000000000000e+00
9.971130334688291441e+01 -4.453125000000000000e-01
9.998477384562488623e+01 6.914062500000000000e-01
1.002456716175802285e+02 1.437500000000000000e+00
1.005210499183885986e+02 2.468750000000000000e+00
1.007921684828459092e+02 8.203125000000000000e-01
1.010525947357996301e+02 2.750000000000000000e+00
1.013106041853554871e+02 1.703125000000000000e+00
1.015875488005373199e+02 1.953125000000000000e-02
1.018568534423882284e+02 -1.671875000000000000e+00
1.021224927611526709e+02 -3.679687500000000000e+00
1.023803077968518664e+02 -2.343750000000000000e-01
1.026515993232740129e+02 3.500000000000000000e+00
1.029221384563097672e+02 4.300781250000000000e+00
1.031981853276770380e+02 2.757812500000000000e+00
1.034548927681581745e+02 1.367187500000000000e+00
1.037205260242418490e+02 4.273437500000000000e+00
1.039910147879012356e+02 4.109375000000000000e+00
1.042517925390903883e+02 2.464843750000000000e+00
1.045258995645094728e+02 3.515625000000000000e-01
1.047917988433327992e+02 -1.707031250000000000e+00
1.050576980651781014e+02 -2.750000000000000000e+00
1.053233428295457088e+02 -6.054687500000000000e+00
1.055939918742649297e+02 -4.687500000000000000e+00
1.058633016205084232e+02 -4.582031250000000000e+00
1.061275130469709893e+02 -1.171875000000000000e+00
1.063920205623237507e+02 1.671875000000000000e+00
1.066587905343092189e+02 7.734375000000000000e-01
1.069258354663023738e+02 3.308593750000000000e+00
1.071928697535040556e+02 1.625000000000000000e+00
1.074611548496488922e+02 2.632812500000000000e+00
1.077241258376016049e+02 3.851562500000000000e+00
1.079858335262308628e+02 -1.585937500000000000e+00
1.082580717133771486e+02 -3.437500000000000000e-01
1.085389118674569318e+02 6.640625000000000000e-02
1.087971597233222383e+02 -4.429687500000000000e+00
1.090628046733650081e+02 -2.632812500000000000e+00
1.093369688205701777e+02 -1.921875000000000000e+00
1.095989087780533282e+02 1.750000000000000000e+00
1.098657139083973107e+02 9.765625000000000000e-01
1.101313489364422367e+02 -4.832031250000000000e+00
1.103969840308366201e+02 -2.605468750000000000e+00
1.106626191914785977e+02 1.265625000000000000e+00
1.109294399604748378e+02 1.328125000000000000e-01
1.111977240325359162e+02 4.328125000000000000e+00
1.114735237356403559e+02 -3.484375000000000000e+00
1.117289800780345104e+02 -1.593750000000000000e+00
1.120011337186982701e+02 6.250000000000000000e-01
1.122667755339856512e+02 1.136718750000000000e+00
1.125363623232879036e+02 2.332031250000000000e+00
1.128017447766656005e+02 1.250000000000000000e+00
1.130679140972747518e+02 5.343750000000000000e+00
1.133358729254406398e+02 3.472656250000000000e+00
1.136050361319996682e+02 4.550781250000000000e+00
1.138694497641688486e+02 -7.734375000000000000e-01
1.141375295384548281e+02 1.710937500000000000e+00
1.144031672283360876e+02 2.585937500000000000e+00
1.146663441343614522e+02 1.570312500000000000e+00
1.149319755634267040e+02 -2.140625000000000000e+00
1.152013292897162273e+02 1.171875000000000000e+00
1.154697062920178041e+02 3.449218750000000000e+00
1.157338343887822703e+02 7.968750000000000000e-01
1.160009743888887215e+02 1.339843750000000000e+00
1.162681263926881456e+02 1.335937500000000000e+00
1.165411951794126253e+02 1.312500000000000000e+00
1.168068389984441637e+02 -2.382812500000000000e+00
1.170730256696219840e+02 -5.054687500000000000e+00
1.173443517083489951e+02 -6.171875000000000000e-01
1.176065184170885232e+02 -2.414062500000000000e+00
1.178743518681937985e+02 -6.578125000000000000e+00
1.181425255306146482e+02 3.437500000000000000e-01
1.184081627763641791e+02 -4.304687500000000000e+00
1.186725223385130903e+02 1.066406250000000000e+00
1.189418050860040239e+02 2.570312500000000000e+00
1.192025067282800137e+02 5.468750000000000000e-02
1.194746530038765968e+02 1.738281250000000000e+00
1.197375188871145610e+02 1.132812500000000000e+00
1.200031514115606797e+02 6.640625000000000000e-02
1.202699458601782680e+02 2.421875000000000000e+00
1.205388072639127586e+02 5.859375000000000000e-01
1.208044480422270226e+02 -1.265625000000000000e+00
1.210775720548085701e+02 1.398437500000000000e+00
1.213479860697032109e+02 5.773437500000000000e+00
1.216136166674466494e+02 2.507812500000000000e+00
1.218830123784381385e+02 1.031250000000000000e+00
1.221475132942994151e+02 8.906250000000000000e-01
1.224131499926713786e+02 1.843750000000000000e+00
1.226799097517204018e+02 3.132812500000000000e+00
1.229575103577267328e+02 2.117187500000000000e+00
1.232087298723474760e+02 -1.496093750000000000e+00
1.234756962231601847e+02 -3.000000000000000000e+00
1.237452392324204311e+02 1.644531250000000000e+00
1.240125736704305837e+02 -2.187500000000000000e-01
1.242765087907256429e+02 -8.828125000000000000e-01
1.245476129678094139e+02 1.378906250000000000e+00
1.248173062090754684e+02 2.488281250000000000e+00
1.250832446858726144e+02 6.085937500000000000e+00
1.253508829677385847e+02 3.460937500000000000e+00
1.256165208025241782e+02 9.257812500000000000e-01
1.258841364298848475e+02 2.539062500000000000e+00
1.261455273484680220e+02 -4.105468750000000000e+00
1.264111715920953429e+02 1.093750000000000000e+00
1.266837649618735213e+02 1.703125000000000000e+00
1.269504601645265893e+02 2.285156250000000000e+00
1.272078007659479226e+02 1.250000000000000000e+00
1.274863458691927462e+02 -9.375000000000000000e-01
1.277501960685232234e+02 -2.675781250000000000e+00
1.280140329799032770e+02 -1.195312500000000000e+00
1.282814662414103850e+02 -3.062500000000000000e+00
1.285489126773702537e+02 -5.257812500000000000e+00
1.288145544860255995e+02 -4.296875000000000000e+00
1.290949214676272732e+02 -4.218750000000000000e+00
1.293577600372507277e+02 -2.781250000000000000e+00
1.296114801062160495e+02 -1.015625000000000000e-01
1.298928470075069299e+02 -1.765625000000000000e+00
1.301584790726145684e+02 -2.070312500000000000e+00
1.304241111763648178e+02 9.960937500000000000e-01
1.306907512250691070e+02 1.257812500000000000e+00
1.309553752500349901e+02 4.960937500000000000e-01
1.312238872562203369e+02 4.527343750000000000e+00
1.314866393792643748e+02 2.246093750000000000e+00
1.317522712773705962e+02 3.664062500000000000e+00
1.320207933589127833e+02 7.031250000000000000e+00
1.322883346165128842e+02 4.609375000000000000e+00
1.325577498596570649e+02 5.933593750000000000e+00
1.328196189551838415e+02 4.445312500000000000e+00
1.330928077811299772e+02 1.054687500000000000e+00
1.333436470153376376e+02 -4.132812500000000000e+00
1.336261803228823055e+02 -2.699218750000000000e+00
1.338938976803317473e+02 -9.359375000000000000e+00
1.341682647615691621e+02 -5.148437500000000000e+00
1.344280621152481672e+02 -7.406250000000000000e+00
1.346922416021791378e+02 -5.625000000000000000e+00
1.349578737216454556e+02 -9.468750000000000000e+00
1.352259196717230907e+02 -8.265625000000000000e+00
1.354906018931849303e+02 -9.453125000000000000e+00
1.357581301722966600e+02 -1.227343750000000000e+01
1.360237591012919438e+02 -9.632812500000000000e+00
1.362884470865927824e+02 -9.449218750000000000e+00
1.365590478387332496e+02 -4.570312500000000000e+00
1.368284614390207707e+02 -3.382812500000000000e+00
1.370941036849611692e+02 3.343750000000000000e+00
1.373655139466951596e+02 6.683593750000000000e+00
1.376331407926907104e+02 4.101562500000000000e+00
1.378987700141722144e+02 3.742187500000000000e+00
1.381658906095601651e+02 1.984375000000000000e+00
1.384260837649385394e+02 5.484375000000000000e+00
1.387004820801812457e+02 7.250000000000000000e+00
1.389642853587336049e+02 5.570312500000000000e+00
1.392284176489868059e+02 5.203125000000000000e+00
1.394721116218559018e+02 6.359375000000000000e+00
1.397629985247695004e+02 1.249218750000000000e+01
1.400218683769759309e+02 1.269921875000000000e+01
1.403264435882560974e+02 8.148437500000000000e+00
1.405648711428340221e+02 1.917968750000000000e+00
1.408411226668383733e+02 6.250000000000000000e+00
1.411067516574682941e+02 8.226562500000000000e+00
1.413704782353539713e+02 5.246093750000000000e+00
1.416380093844697967e+02 3.554687500000000000e+00
1.419036383210830081e+02 1.328125000000000000e+00
1.421586978209935523e+02 3.046875000000000000e-01
1.424348961416824295e+02 -4.781250000000000000e+00
1.427224940059697929e+02 -1.433593750000000000e+00
1.429692305435216895e+02 -2.765625000000000000e+00
1.432348643283673937e+02 4.453125000000000000e-01
1.435178442619278485e+02 -5.375000000000000000e+00
1.437661319937449207e+02 -4.281250000000000000e+00
1.440326211552300038e+02 -4.195312500000000000e+00
1.442991062904329738e+02 -5.835937500000000000e+00
1.445766863187204763e+02 -4.109375000000000000e+00
1.448363463736334324e+02 -4.097656250000000000e+00
1.451019817499893634e+02 -8.421875000000000000e+00
1.453754274649523950e+02 -3.000000000000000000e+00
1.456522026695622571e+02 -3.562500000000000000e+00
1.459100683621493317e+02 -7.421875000000000000e-02
1.461756994490117449e+02 -4.207031250000000000e+00
1.464437386477646896e+02 -3.148437500000000000e+00
1.467085344157001146e+02 -2.539062500000000000e+00
1.469741678153275188e+02 -2.750000000000000000e+00
1.472398010809536117e+02 -4.750000000000000000e+00
1.475062649225463929e+02 1.003906250000000000e+00
1.477727252991826390e+02 1.929687500000000000e+00
1.480375279821699905e+02 1.484375000000000000e+00
1.483063123135190153e+02 -5.859375000000000000e-01
1.485742835799994737e+02 -1.570312500000000000e+00
1.488436508300795822e+02 -3.242187500000000000e+00
1.491055713669504712e+02 -4.828125000000000000e+00
1.493803810172736348e+02 -3.187500000000000000e+00
1.496477351531564182e+02 -2.273437500000000000e+00
1.499133636264366487e+02 -2.765625000000000000e+00
1.501805952764973426e+02 1.718750000000000000e+00
1.504486447851476214e+02 2.250000000000000000e+00
1.507134644494997247e+02 2.765625000000000000e+00
1.509790972413154577e+02 3.210937500000000000e+00
1.512463484833060647e+02 -4.375000000000000000e-01
1.515111708208813752e+02 -1.511718750000000000e+00
1.517792204810648400e+02 -2.820312500000000000e+00
1.520456643236221908e+02 -7.812500000000000000e-01
1.523174334116769160e+02 2.781250000000000000e+00
1.525793777189267075e+02 5.242187500000000000e+00
1.528450219168755666e+02 4.382812500000000000e+00
1.531180537552686474e+02 4.726562500000000000e+00
1.533836938797362563e+02 5.179687500000000000e+00
1.536509634989212145e+02 9.765625000000000000e-01
1.539165977267272183e+02 -1.699218750000000000e+00
1.541854859214092812e+02 1.757812500000000000e-01
1.544527544934005618e+02 2.703125000000000000e+00
1.547167464903416203e+02 -9.843750000000000000e-01
1.549823768182925505e+02 4.429687500000000000e+00
1.552496514880529048e+02 3.984375000000000000e+00
1.555160759539384117e+02 1.722656250000000000e+00
1.557817074993607775e+02 2.796875000000000000e+00
1.560481294936835184e+02 2.890625000000000000e-01
1.563137602420683834e+02 -5.570312500000000000e+00
1.565793910203065025e+02 -7.953125000000000000e+00
1.568501208409163610e+02 -3.250000000000000000e+00
1.571157653357970503e+02 -2.007812500000000000e+00
1.573918209609389578e+02 -1.523437500000000000e+00
1.576559066199057497e+02 4.296875000000000000e-02
1.579215404248258210e+02 -1.519531250000000000e+00
1.581887052459558163e+02 -4.117187500000000000e+00
1.584560017086607786e+02 -6.406250000000000000e-01
1.587233019771063027e+02 -7.890625000000000000e-01
1.589897179712123716e+02 2.355468750000000000e+00
1.592528916888352342e+02 6.402343750000000000e+00
1.595201974474236977e+02 1.906250000000000000e+00
1.597873955000904971e+02 1.351562500000000000e+00
1.600522437776515972e+02 6.765625000000000000e+00
1.603178752179763933e+02 4.324218750000000000e+00
1.605869340042273734e+02 3.277343750000000000e+00
1.608588466887734967e+02 2.394531250000000000e+00
1.611244886222406194e+02 2.699218750000000000e+00
1.613952113564715773e+02 -1.988281250000000000e+00
1.616468142453668406e+02 -2.750000000000000000e+00
1.619281706495831941e+02 -2.031250000000000000e+00
1.621938058717470312e+02 2.785156250000000000e+00
1.624731319191081411e+02 1.738281250000000000e+00
1.627289915088139196e+02 1.066406250000000000e+00
1.629921421866295077e+02 -9.648437500000000000e-01
1.632577718749946598e+02 3.789062500000000000e-01
1.635251041597346102e+02 -2.656250000000000000e+00
1.637922994222753914e+02 -1.562500000000000000e-02
1.640579309972090414e+02 -7.734375000000000000e-01
1.643235626057794434e+02 4.828125000000000000e+00
1.645946851751234590e+02 1.429687500000000000e+00
1.648603300017150559e+02 2.773437500000000000e+00
1.651295496316118943e+02 5.152343750000000000e+00
1.654001454150435393e+02 2.042968750000000000e+00
1.656671559553203679e+02 3.710937500000000000e+00
1.659327839676468557e+02 -1.609375000000000000e+00
1.661984118779425899e+02 -2.179687500000000000e+00
1.664577581585175494e+02 -4.406250000000000000e+00
1.667313894353885644e+02 -6.484375000000000000e+00
1.669952957982302451e+02 -3.257812500000000000e+00
1.672626484011691446e+02 -6.058593750000000000e+00
1.675300039693227063e+02 -3.921875000000000000e+00
1.677956348104905828e+02 4.531250000000000000e-01
1.680620543959147426e+02 6.054687500000000000e-01
1.683276858538218903e+02 2.054687500000000000e+00
1.685961606949022098e+02 5.843750000000000000e+00
1.688724940148281348e+02 9.007812500000000000e+00
1.691394422556237487e+02 9.039062500000000000e+00
1.694081165165173388e+02 3.359375000000000000e-01
1.696720083317256922e+02 5.703125000000000000e-01
1.699376363327598938e+02 -2.187500000000000000e+00
1.702032643346162786e+02 -2.515625000000000000e+00
1.704663216677331548e+02 -5.789062500000000000e+00
1.707362630507798258e+02 -9.773437500000000000e+00
1.710044308574896377e+02 -1.711718750000000000e+01
1.712700623644876714e+02 -1.132031250000000000e+01
1.715458152662826024e+02 -1.031250000000000000e+01
1.718005279449332647e+02 -5.914062500000000000e+00
1.720669571160568694e+02 -3.828125000000000000e+00
1.723363242424503596e+02 -1.933593750000000000e+00
1.726019632582111853e+02 -1.277343750000000000e+00
1.728705502701288879e+02 1.070312500000000000e+00
1.731431315879276553e+02 -1.960937500000000000e+00
1.734018407430432944e+02 1.234375000000000000e+00
1.736768608410191064e+02 2.085937500000000000e+00
1.739424888739511061e+02 5.781250000000000000e-01
1.742068989122032008e+02 3.082031250000000000e+00
1.744584519097115844e+02 3.210937500000000000e+00
1.747393727954611222e+02 6.265625000000000000e+00
1.750075761650399500e+02 4.656250000000000000e+00
1.752732067371720177e+02 2.355468750000000000e+00
1.755388373805757283e+02 4.816406250000000000e+00
1.758044680454289619e+02 4.164062500000000000e+00
1.760726843788070255e+02 3.945312500000000000e+00
1.763383175223207218e+02 -3.796875000000000000e+00
1.766235464072550485e+02 -4.476562500000000000e+00
1.768756631871240188e+02 -2.109375000000000000e+00
1.771413085102997229e+02 6.875000000000000000e-01
1.774039025589237326e+02 2.109375000000000000e+00
1.776817142362913273e+02 2.062500000000000000e+00
1.779473423445149365e+02 4.398437500000000000e+00
1.782129704593232873e+02 7.500000000000000000e-01
1.784785984808538615e+02 7.031250000000000000e-02
1.787459871555458903e+02 1.960937500000000000e+00
1.790133775617048286e+02 -2.289062500000000000e+00
1.792790074985584852e+02 6.171875000000000000e-01
1.795463537144532893e+02 9.609375000000000000e-01
1.798102669039196826e+02 2.835937500000000000e+00
1.800767590628628341e+02 5.273437500000000000e+00
1.803379953360115451e+02 7.500000000000000000e-01
1.806151319267394229e+02 1.570312500000000000e+00
1.808807774002582391e+02 3.437500000000000000e+00
1.811464225760521458e+02 1.195312500000000000e+00
1.814154051130821017e+02 -2.957031250000000000e+00
1.816854737993359095e+02 -2.082031250000000000e+00
1.819466867283366582e+02 -3.488281250000000000e+00
1.822195961017735044e+02 -3.437500000000000000e-01
1.824852249596026468e+02 -6.093750000000000000e-01
1.827575622684827295e+02 -4.769531250000000000e+00
1.830164827083447108e+02 -1.500000000000000000e+00
1.832803383822017622e+02 1.320312500000000000e+00
1.835504063086362976e+02 -4.023437500000000000e-01
1.838151435666420639e+02 -2.242187500000000000e+00
1.840807729107089017e+02 1.523437500000000000e+00
1.843473021557318816e+02 5.273437500000000000e-01
1.846170415485331660e+02 5.316406250000000000e+00
1.848858919434371728e+02 2.570312500000000000e+00
1.851548088724260879e+02 1.933593750000000000e+00
1.854204494876497620e+02 1.601562500000000000e+00
1.856903890820627794e+02 9.726562500000000000e-01
1.859570545002632116e+02 -3.507812500000000000e+00
1.862226827021211193e+02 -7.109375000000000000e-01
1.864918697161244836e+02 -2.335937500000000000e+00
1.867421618031522712e+02 -3.128906250000000000e+00
1.870195679832893347e+02 -6.562500000000000000e-01
1.872869768646144166e+02 -4.894531250000000000e+00
1.875543864809640127e+02 3.695312500000000000e+00
1.878182343661703726e+02 -1.429687500000000000e+00
1.880856446014565790e+02 5.546875000000000000e-01
1.883477102821332210e+02 1.484375000000000000e-01
1.886253610838705299e+02 1.750000000000000000e+00
1.889011825239233531e+02 1.855468750000000000e+00
1.891566518252095648e+02 3.945312500000000000e+00
1.894296697917831125e+02 7.460937500000000000e-01
1.896953016602288926e+02 1.992187500000000000e-01
1.899619143939478363e+02 -8.984375000000000000e-01
1.902265653652699484e+02 -1.324218750000000000e+00
1.904931715293630532e+02 -2.156250000000000000e+00
1.907588000702369300e+02 -2.007812500000000000e+00
1.910279966786745263e+02 -9.765625000000000000e-01
1.912890927015592979e+02 -2.871093750000000000e+00
1.915592544431617625e+02 -2.898437500000000000e+00
1.918230989716014392e+02 -2.636718750000000000e+00
1.920887277279528007e+02 9.375000000000000000e-01
1.923679653982029549e+02 -2.414062500000000000e+00
1.926237584847986000e+02 -5.976562500000000000e+00
1.928927574030614096e+02 -5.683593750000000000e+00
1.931583979482030600e+02 -5.781250000000000000e+00
1.934274109009804761e+02 -3.757812500000000000e+00
1.937019963095309549e+02 -6.242187500000000000e+00
1.939649092600852782e+02 -4.585937500000000000e+00
1.942332595949020515e+02 -1.511718750000000000e+00
1.945016040387542944e+02 -8.750000000000000000e-01
1.947636671613570343e+02 -5.273437500000000000e+00
1.950328613997460252e+02 3.500000000000000000e+00
1.952949250106310046e+02 3.250000000000000000e+00
1.955641187037015243e+02 4.375000000000000000e+00
1.958297473846594130e+02 1.085937500000000000e+00
1.960908984171525162e+02 -1.226562500000000000e+00
1.963610045057191655e+02 -1.281250000000000000e+00
1.966416869903955558e+02 -1.429687500000000000e+00
1.968978016452393831e+02 2.656250000000000000e+00
1.971668783996594811e+02 7.289062500000000000e+00
1.974385895396958404e+02 5.218750000000000000e+00
1.977042237190730702e+02 6.796875000000000000e+00
1.979707529940220638e+02 2.789062500000000000e+00
1.982363845745582012e+02 2.218750000000000000e+00
1.985037956841707683e+02 3.234375000000000000e+00
1.987685355442579294e+02 -4.171875000000000000e+00
1.990341646593794849e+02 -3.320312500000000000e+00
1.992997938957985298e+02 -2.109375000000000000e-01
1.995689795029736615e+02 -5.195312500000000000e+00
1.998328301636558990e+02 -4.019531250000000000e+00
2.000984589541787955e+02 -4.304687500000000000e+00
