#Time Flux
-5.929979581975209157e+01 -1.406250000000000000e-01
-5.906444813338819699e+01 2.527343750000000000e+00
-5.882054320565228522e+01 -7.421875000000000000e-01
-5.858392505119618932e+01 1.398437500000000000e+00
-5.835007474075166556e+01 -8.593750000000000000e-02
-5.811394836554237031e+01 2.070312500000000000e-01
-5.788480604859395839e+01 1.253906250000000000e+00
-5.763493783470406129e+01 2.265625000000000000e+00
-5.739940660937287475e+01 1.921875000000000000e+00
-5.715696871362916909e+01 1.484375000000000000e-01
-5.692816103355994528e+01 3.617187500000000000e+00
-5.668560761809584392e+01 -3.945312500000000000e-01
-5.644979484226135469e+01 9.453125000000000000e-01
-5.620988525901316279e+01 2.820312500000000000e+00
-5.597535739099882335e+01 7.421875000000000000e-02
-5.573462216777991785e+01 -2.460937500000000000e-01
-5.549901810236775646e+01 3.820312500000000000e+00
-5.525525136183586028e+01 8.906250000000000000e-01
-5.502472419518358038e+01 -1.511718750000000000e+00
-5.477521881968954176e+01 6.171875000000000000e-01
-5.454850595435038940e+01 1.296875000000000000e+00
-5.430427700927614865e+01 1.640625000000000000e-01
-5.407158038576045556e+01 1.953125000000000000e+00
-5.383430640539157253e+01 4.117187500000000000e+00
-5.359808287060505450e+01 -5.468750000000000000e-02
-5.335642461315757146e+01 1.984375000000000000e+00
-5.310971789922422204e+01 -1.199218750000000000e+00
-5.288236999935156746e+01 -7.187500000000000000e-01
-5.264472098618759333e+01 -2.347656250000000000e+00
-5.240867882177516890e+01 3.054687500000000000e+00
-5.216977037202758538e+01 2.019531250000000000e+00
-5.193306375980404255e+01 -3.156250000000000000e+00
-5.169401536519922047e+01 -3.906250000000000000e-03
-5.145459298191434527e+01 -2.074218750000000000e+00
-5.121784203477434971e+01 -2.152343750000000000e+00
-5.097834685138477084e+01 -1.125000000000000000e+00
-5.074099972550203574e+01 -1.562500000000000000e+00
-5.050267817887737465e+01 -4.023437500000000000e+00
-5.026784373971173636e+01 -2.617187500000000000e+00
-5.003369319193751608e+01 -2.031250000000000000e-01
-4.979693704169017110e+01 -6.804687500000000000e+00
-4.955426535186069259e+01 -4.984375000000000000e+00
-4.931851464110530969e+01 -5.789062500000000000e+00
-4.908176963023265671e+01 -5.632812500000000000e+00
-4.884073149496572341e+01 -4.140625000000000000e+00
-4.860231020671284341e+01 -5.750000000000000000e+00
-4.835813246319975178e+01 -2.062500000000000000e+00
-4.813232686554050588e+01 -7.500000000000000000e-01
-4.788919842746639688e+01 -3.437500000000000000e+00
-4.766234371819967919e+01 -1.101562500000000000e+00
-4.741713714249692657e+01 -4.296875000000000000e+00
-4.717193192047909633e+01 -6.289062500000000000e+00
-4.692672225937420194e+01 -1.941406250000000000e+00
-4.670301249633124030e+01 -4.000000000000000000e+00
-4.646668496721750330e+01 -3.300781250000000000e+00
-4.622531058870691822e+01 -4.898437500000000000e+00
-4.598677283612107658e+01 -2.031250000000000000e+00
-4.575150115749775637e+01 -7.500000000000000000e-01
-4.551676953821237248e+01 -3.101562500000000000e+00
-4.527266674131536206e+01 -3.648437500000000000e+00
-4.503595957107586401e+01 -5.937500000000000000e-01
-4.480161290949092745e+01 -5.156250000000000000e-01
-4.456599111080845432e+01 5.000000000000000000e-01
-4.432504516425279917e+01 -4.296875000000000000e-01
-4.408752298128459302e+01 -1.500000000000000000e+00
-4.385148939544166069e+01 1.203125000000000000e+00
-4.361640546550273712e+01 5.046875000000000000e+00
-4.337124646828362984e+01 4.796875000000000000e+00
-4.313597128871325026e+01 4.406250000000000000e+00
-4.290126862657109541e+01 5.664062500000000000e+00
-4.266568226460344704e+01 5.164062500000000000e+00
-4.242478082141343521e+01 7.664062500000000000e+00
-4.218832774456626566e+01 7.523437500000000000e+00
-4.195080882330503869e+01 6.687500000000000000e+00
-4.171283555859247372e+01 1.043359375000000000e+01
-4.147090058616652186e+01 9.578125000000000000e+00
-4.123967029597434930e+01 3.531250000000000000e+00
-4.100320268735180207e+01 1.968750000000000000e+00
-4.075800440671395108e+01 4.351562500000000000e+00
-4.052071048734075021e+01 7.343750000000000000e-01
-4.028688941051225925e+01 5.937500000000000000e+00
-4.005046179775663973e+01 1.792968750000000000e+00
-3.981256193215128292e+01 3.007812500000000000e+00
-3.957539127287617475e+01 2.378906250000000000e+00
-3.933502823812136739e+01 2.390625000000000000e+00
-3.909007110197845236e+01 -1.562500000000000000e-01
-3.886021265568723493e+01 -7.812500000000000000e-02
-3.862009256660522283e+01 -5.703125000000000000e-01
-3.838530494739910637e+01 -2.750000000000000000e+00
-3.815011404380484805e+01 -2.757812500000000000e+00
-3.791540904472697093e+01 -1.859375000000000000e+00
-3.766501888632092232e+01 2.976562500000000000e+00
-3.743492911620697328e+01 2.171875000000000000e+00
-3.718951113227353744e+01 -6.406250000000000000e-01
-3.695623024831004955e+01 -2.371093750000000000e+00
-3.671994814527721473e+01 -4.875000000000000000e+00
-3.648503692245924412e+01 -1.828125000000000000e+00
-3.624228391032323771e+01 1.218750000000000000e+00
-3.600475137957988636e+01 8.437500000000000000e-01
-3.577108610393409549e+01 -1.808593750000000000e+00
-3.553476515095832156e+01 -1.007812500000000000e+00
-3.529368998165620042e+01 -2.640625000000000000e+00
-3.505716212682403921e+01 -1.210937500000000000e+00
-3.481956864929094309e+01 2.578125000000000000e+00
-3.458459127810141354e+01 -1.484375000000000000e-01
-3.434200266362262255e+01 -1.359375000000000000e+00
-3.410437241036567002e+01 -4.812500000000000000e+00
-3.386945021498539177e+01 -2.281250000000000000e+00
-3.363423137393684215e+01 -2.847656250000000000e+00
-3.339130312749711038e+01 -1.312500000000000000e+00
-3.315430874418291296e+01 -2.242187500000000000e+00
-3.291904588172465651e+01 3.046875000000000000e-01
-3.267612942542126575e+01 -2.363281250000000000e+00
-3.243912100509680840e+01 -8.046875000000000000e-01
-3.220399450915289208e+01 -1.304687500000000000e+00
-3.196608895443625897e+01 3.515625000000000000e-01
-3.172524866388997111e+01 3.253906250000000000e+00
-3.148879878770100049e+01 8.593750000000000000e-02
-3.125395188608001718e+01 1.468750000000000000e+00
-3.102101365247307285e+01 1.171875000000000000e-01
-3.077801941497483540e+01 -8.828125000000000000e-01
-3.054010424233277377e+01 6.757812500000000000e-01
-3.030351035247795721e+01 6.640625000000000000e-01
-3.006869919342074127e+01 -4.453125000000000000e-01
-2.982985859727304501e+01 -1.875000000000000000e-01
-2.959056935306583114e+01 -1.457031250000000000e+00
-2.935359332610153160e+01 1.242187500000000000e+00
-2.911825372728321781e+01 -6.250000000000000000e-02
-2.888064777982856413e+01 -2.304687500000000000e-01
-2.863836614203390241e+01 1.210937500000000000e-01
-2.840317953846161458e+01 -2.195312500000000000e+00
-2.816261007655731419e+01 2.289062500000000000e+00
-2.792317883583453408e+01 -6.796875000000000000e-01
-2.769037052799484400e+01 -4.726562500000000000e-01
-2.745316454380457571e+01 -2.609375000000000000e+00
-2.721085402576085244e+01 -4.578125000000000000e+00
-2.697519787464642604e+01 -4.726562500000000000e-01
-2.673801137768603553e+01 2.867187500000000000e+00
-2.650282838797275531e+01 1.375000000000000000e+00
-2.626235221607231551e+01 5.468750000000000000e-02
-2.602285254738728781e+01 2.875000000000000000e+00
-2.578757104237570275e+01 6.953125000000000000e-01
-2.555281740707954441e+01 2.187500000000000000e-01
-2.531058021427401172e+01 6.875000000000000000e-01
-2.507488253129503164e+01 -9.804687500000000000e-01
-2.483914999827905490e+01 1.019531250000000000e+00
-2.460253512446075774e+01 -8.046875000000000000e-01
-2.436209500005526252e+01 -1.453125000000000000e+00
-2.412395686248800075e+01 4.492187500000000000e-01
-2.388723984070361439e+01 3.593750000000000000e-01
-2.364694444798107043e+01 2.453125000000000000e+00
-2.340880279881096726e+01 1.328125000000000000e+00
-2.317214784689718954e+01 2.078125000000000000e+00
-2.293730199425479555e+01 1.570312500000000000e+00
-2.269515187630116770e+01 2.468750000000000000e+00
-2.245691811286442885e+01 2.421875000000000000e-01
-2.222212337716393904e+01 4.921875000000000000e-01
-2.198697046100284069e+01 4.992187500000000000e+00
-2.174668752405005989e+01 1.250000000000000000e+00
-2.150692762618635356e+01 -5.085937500000000000e+00
-2.127175205516314804e+01 -4.253906250000000000e+00
-2.103694749504646211e+01 -4.890625000000000000e+00
-2.079331132803071114e+01 8.437500000000000000e-01
-2.055658477773982895e+01 -2.750000000000000000e+00
-2.032176437163519722e+01 -3.031250000000000000e+00
-2.008658590043697245e+01 -2.226562500000000000e-01
-1.984643096927931083e+01 -5.625000000000000000e-01
-1.961659479897912206e+01 -1.820312500000000000e+00
-1.937140875448682209e+01 -2.921875000000000000e+00
-1.913128065789379662e+01 -6.296875000000000000e+00
-1.889138617991628166e+01 -5.339843750000000000e+00
-1.864619595430207255e+01 -2.960937500000000000e+00
-1.842138747359479112e+01 -6.101562500000000000e+00
-1.817945752596955344e+01 -6.054687500000000000e+00
-1.794102617505623698e+01 -5.035156250000000000e+00
-1.770787109284009375e+01 -4.242187500000000000e+00
-1.747104627820581868e+01 -2.492187500000000000e+00
-1.723102435085485240e+01 -3.726562500000000000e+00
-1.698582994841882510e+01 -2.179687500000000000e+00
-1.675585959605078301e+01 -2.218750000000000000e+00
-1.651845645134423535e+01 -2.648437500000000000e+00
-1.627753620274978630e+01 -3.257812500000000000e+00
-1.604330275946634288e+01 -1.292968750000000000e+00
-1.580584523695927146e+01 -4.218750000000000000e-01
-1.556735595628174451e+01 -9.140625000000000000e-01
-1.533331440733351769e+01 -1.238281250000000000e+00
-1.509240214051914108e+01 4.453125000000000000e-01
-1.485550610358032486e+01 -3.125000000000000000e-01
-1.461814233547963227e+01 -2.187500000000000000e-01
-1.437723533226397876e+01 2.179687500000000000e+00
-1.414300338809701429e+01 3.550781250000000000e+00
-1.390297025818333054e+01 4.679687500000000000e+00
-1.366704105146686743e+01 2.269531250000000000e+00
-1.342516146343382388e+01 4.718750000000000000e+00
-1.319039200201308404e+01 3.445312500000000000e+00
-1.295783854438576554e+01 7.328125000000000000e+00
-1.271536148382466536e+01 6.414062500000000000e+00
-1.247514846489937668e+01 7.917968750000000000e+00
-1.223993089047877447e+01 9.656250000000000000e+00
-1.200265521428124771e+01 8.574218750000000000e+00
-1.176672730900804709e+01 8.492187500000000000e+00
-1.152749823755237912e+01 8.136718750000000000e+00
-1.128998183993897442e+01 7.582031250000000000e+00
-1.104835263091757724e+01 7.375000000000000000e+00
-1.081232822165128482e+01 7.312500000000000000e+00
-1.057663839046671228e+01 4.113281250000000000e+00
-1.033956970103469075e+01 5.414062500000000000e+00
-1.010481574507210212e+01 2.343750000000000000e+00
-9.863241998732917182e+00 -5.312500000000000000e-01
-9.627189704009822435e+00 2.734375000000000000e-01
-9.389629203288478720e+00 -3.414062500000000000e+00
-9.151244021020602304e+00 -1.691406250000000000e+00
-8.912019969164418853e+00 -2.929687500000000000e+00
-8.674552693163548156e+00 -1.687500000000000000e+00
-8.436073363900277400e+00 -2.285156250000000000e+00
-8.202022637408362016e+00 -1.570312500000000000e+00
-7.972130986814619291e+00 1.703125000000000000e+00
-7.724070006188327397e+00 1.039062500000000000e+00
-7.489401948217107474e+00 -1.179687500000000000e+00
-7.247826917438430883e+00 -2.093750000000000000e+00
-7.005732411543931448e+00 -1.382812500000000000e+00
-6.774090191888518575e+00 3.125000000000000000e-02
-6.538852211815594728e+00 -9.687500000000000000e-01
-6.299441451563609462e+00 -1.406250000000000000e+00
-6.068871397088571484e+00 -3.539062500000000000e+00
-5.823715537226149763e+00 -2.250000000000000000e+00
-5.588924267253588596e+00 1.265625000000000000e+00
-5.347565328163398135e+00 -1.679687500000000000e+00
-5.108528357341043602e+00 -3.910156250000000000e+00
-4.871358232976916725e+00 -4.511718750000000000e+00
-4.632413422528259161e+00 7.031250000000000000e-01
-4.396288732907152053e+00 -3.722656250000000000e+00
-4.158724301866584483e+00 -4.265625000000000000e+00
-3.923360995791796313e+00 -2.718750000000000000e+00
-3.686213248609846005e+00 -3.210937500000000000e+00
-3.443548920616137821e+00 -8.593750000000000000e-01
-3.208173728478783460e+00 -3.039062500000000000e+00
-2.971039391014045350e+00 -4.027343750000000000e+00
-2.732153044794756624e+00 -3.062500000000000000e+00
-2.493038110180123113e+00 -3.648437500000000000e+00
-2.258401826796159639e+00 -2.820312500000000000e+00
-2.022955115702700368e+00 1.062500000000000000e+00
-1.783775531308776863e+00 3.750000000000000000e-01
-1.540691333623243509e+00 -8.359375000000000000e-01
-1.307768667895345516e+00 2.968750000000000000e-01
-1.072814931315065223e+00 1.984375000000000000e+00
-8.318933069890022125e-01 1.710937500000000000e+00
-5.925825789891518980e-01 2.609375000000000000e+00
-3.576173321422402296e-01 4.453125000000000000e-01
-1.196726567393398000e-01 7.734375000000000000e-01
1.225555780875708933e-01 2.390625000000000000e+00
3.596288734693473543e-01 1.253906250000000000e+00
5.925823994766119540e-01 -1.250000000000000000e+00
8.377888155663981706e-01 4.687500000000000000e-01
1.065463501425483628e+00 -1.195312500000000000e+00
1.304634299780417450e+00 9.882812500000000000e-01
1.542501097973598689e+00 5.507812500000000000e-01
1.787975931925188888e+00 2.203125000000000000e+00
2.022910236777619275e+00 3.496093750000000000e+00
2.259949948707372869e+00 -7.656250000000000000e-01
2.502893092888569981e+00 3.152343750000000000e+00
2.738097539833773908e+00 2.136718750000000000e+00
2.975124712709231289e+00 8.320312500000000000e-01
3.212950566201016045e+00 7.109375000000000000e-01
3.453284788698596230e+00 2.640625000000000000e+00
3.688057344286079342e+00 1.656250000000000000e+00
3.923264979119352347e+00 1.347656250000000000e+00
4.168472081768499038e+00 1.316406250000000000e+00
4.403558169127222754e+00 4.140625000000000000e-01
4.638452317329296193e+00 -1.917968750000000000e+00
4.877348186127790086e+00 -1.328125000000000000e-01
5.118099054713695750e+00 -2.054687500000000000e+00
5.358484880216110469e+00 5.078125000000000000e-02
5.588744283202117913e+00 1.640625000000000000e-01
5.828458774812588672e+00 6.835937500000000000e-01
6.068826764731142021e+00 -3.929687500000000000e+00
6.303943119724294775e+00 -8.593750000000000000e-02
6.538783507276320961e+00 -1.859375000000000000e+00
6.780800528256776261e+00 2.906250000000000000e+00
7.018776640833692682e+00 -2.804687500000000000e+00
7.259513841476803009e+00 -3.125000000000000000e-02
7.481530531164253262e+00 -1.015625000000000000e-01
7.729469989776191596e+00 -7.109375000000000000e-01
7.969166217168321964e+00 -3.750000000000000000e-01
8.204328886581947700e+00 -1.320312500000000000e+00
8.439149386919098106e+00 -1.507812500000000000e+00
8.677870737926866695e+00 -3.828125000000000000e-01
8.919124816343554585e+00 3.984375000000000000e-01
9.164331004277499915e+00 -1.042968750000000000e+00
9.396259576464188967e+00 -6.718750000000000000e-01
9.631809286587497354e+00 -2.207031250000000000e+00
9.869479145149171018e+00 -2.562500000000000000e+00
1.010644569239187263e+01 -4.558593750000000000e+00
1.034487735552880849e+01 -1.601562500000000000e+00
1.058469597743177815e+01 -2.160156250000000000e+00
1.081991481608508820e+01 -1.445312500000000000e+00
1.105736221938082053e+01 -1.855468750000000000e+00
1.129657529761968249e+01 -3.855468750000000000e+00
1.153465670751685934e+01 -4.894531250000000000e+00
1.176986308368222467e+01 -7.609375000000000000e+00
1.200510271519249272e+01 -4.054687500000000000e+00
1.224725091111014308e+01 -2.179687500000000000e+00
1.248505017445140197e+01 -4.824218750000000000e+00
1.270983057920960846e+01 -6.367187500000000000e+00
1.296028416639506986e+01 -4.429687500000000000e+00
1.320760788538592578e+01 -6.921875000000000000e+00
1.343500336639701231e+01 -4.140625000000000000e+00
1.367021823784330081e+01 -3.117187500000000000e+00
1.390870402563422203e+01 -3.187500000000000000e+00
1.414967262596388764e+01 -2.406250000000000000e+00
1.438540421698425575e+01 -3.261718750000000000e+00
1.462174889498726316e+01 -1.507812500000000000e+00
1.486054046778787097e+01 1.171875000000000000e-01
1.510059114340410247e+01 1.609375000000000000e+00
1.533690966844676495e+01 -1.781250000000000000e+00
1.557059017539745582e+01 2.984375000000000000e+00
1.581575667911232586e+01 5.132812500000000000e+00
1.605416539488186345e+01 3.984375000000000000e+00
1.628575802282293239e+01 6.152343750000000000e+00
1.652259985289450128e+01 3.691406250000000000e+00
1.676296961972167310e+01 7.824218750000000000e+00
1.700097858975664167e+01 9.156250000000000000e+00
1.723569273697214044e+01 8.941406250000000000e+00
1.747594705577699870e+01 5.101562500000000000e+00
1.771609027301013839e+01 6.203125000000000000e+00
1.795147633898102413e+01 7.585937500000000000e+00
1.818615815331600061e+01 5.687500000000000000e+00
1.842439125629579166e+01 7.976562500000000000e+00
1.866544232624352162e+01 4.460937500000000000e+00
1.890124364847719107e+01 4.531250000000000000e+00
1.913810579571466519e+01 3.148437500000000000e+00
1.937620333755381807e+01 3.906250000000000000e+00
1.961642184733494787e+01 -8.828125000000000000e-01
1.985122029610940331e+01 2.296875000000000000e+00
2.008653334298310256e+01 -3.437500000000000000e-01
2.032325748633186890e+01 -9.765625000000000000e-02
2.056574004233613095e+01 -2.289062500000000000e+00
2.080165133453201065e+01 -2.156250000000000000e+00
2.103843539190668821e+01 -2.074218750000000000e+00
2.127171441086852610e+01 -2.867187500000000000e+00
2.151683788027739297e+01 -3.671875000000000000e+00
2.175156360997354454e+01 -2.117187500000000000e+00
2.199607053996356854e+01 -5.820312500000000000e+00
2.223202442485498409e+01 -5.757812500000000000e+00
2.246674633392032661e+01 -5.234375000000000000e+00
2.270210595627600014e+01 -7.500000000000000000e+00
2.294710579278029172e+01 -6.632812500000000000e+00
2.318120065600584212e+01 -3.531250000000000000e+00
2.341707909767859519e+01 -7.789062500000000000e+00
2.365264638013411513e+01 -5.070312500000000000e+00
2.389411601575903887e+01 -4.367187500000000000e+00
2.412113086310915833e+01 -2.234375000000000000e+00
2.436708860659493325e+01 -9.335937500000000000e-01
2.460235647220187616e+01 2.593750000000000000e+00
2.483629488920911399e+01 -1.554687500000000000e+00
2.509263512329192736e+01 -4.203125000000000000e+00
2.531740465902834103e+01 -1.695312500000000000e+00
2.555303683982435814e+01 -2.539062500000000000e+00
2.579439080689536468e+01 -1.613281250000000000e+00
2.603272897043288481e+01 -5.050781250000000000e+00
2.626662203372603699e+01 -2.093750000000000000e+00
2.650270848704175819e+01 -3.871093750000000000e+00
2.674775577938993365e+01 2.750000000000000000e+00
2.698261189020124107e+01 2.820312500000000000e+00
2.721789462760725087e+01 -3.359375000000000000e-01
2.745817933608091721e+01 2.382812500000000000e+00
2.769694821048238964e+01 1.601562500000000000e+00
2.793308065335085644e+01 2.980468750000000000e+00
2.816777037901485414e+01 3.746093750000000000e+00
2.840753227134752024e+01 2.828125000000000000e+00
2.865059117755336615e+01 2.265625000000000000e-01
2.888295200877402635e+01 6.140625000000000000e+00
2.911844221422529699e+01 2.984375000000000000e+00
2.935853529905912751e+01 5.683593750000000000e+00
2.959813351184058661e+01 3.472656250000000000e+00
2.983343171803798555e+01 5.742187500000000000e-01
3.006901925184445190e+01 2.242187500000000000e+00
3.031009467101085875e+01 3.011718750000000000e+00
3.054839765965147080e+01 5.265625000000000000e+00
3.077774677943722281e+01 3.359375000000000000e+00
3.102294147096159804e+01 2.226562500000000000e+00
3.126357123786141301e+01 4.203125000000000000e+00
3.149847244501071941e+01 2.843750000000000000e+00
3.173402244549674833e+01 3.734375000000000000e+00
3.196941002160690459e+01 1.203125000000000000e+00
3.220804900560375472e+01 1.539062500000000000e+00
3.244922050852642315e+01 5.726562500000000000e+00
3.268926429366152320e+01 -1.167968750000000000e+00
3.292120412683325981e+01 9.765625000000000000e-02
3.316441870922449198e+01 1.460937500000000000e+00
3.339117617060438192e+01 1.777343750000000000e+00
3.363637896758191914e+01 2.285156250000000000e+00
3.387961704427311815e+01 -7.812500000000000000e-03
3.411992034055566592e+01 4.339843750000000000e+00
3.435126720652283439e+01 -5.859375000000000000e-02
3.458500175268216026e+01 2.429687500000000000e+00
3.482579498912656391e+01 4.785156250000000000e+00
3.506450323699399974e+01 -6.171875000000000000e-01
3.529914749820383690e+01 -4.914062500000000000e+00
3.553417333270039080e+01 -1.562500000000000000e-01
3.577937510696204981e+01 1.000000000000000000e+00
3.601198590704731828e+01 -1.765625000000000000e+00
3.624998962484119147e+01 1.671875000000000000e+00
3.648539230655967458e+01 -3.570312500000000000e+00
3.672372025153941877e+01 -8.593750000000000000e-01
3.696485237349415343e+01 -1.523437500000000000e+00
3.721005866238928661e+01 -4.664062500000000000e+00
3.744580466507557048e+01 -2.179687500000000000e+00
3.768003740836147131e+01 -3.031250000000000000e+00
3.791467442360519158e+01 -1.281250000000000000e+00
3.814965659786679453e+01 -2.007812500000000000e+00
3.839117639463418641e+01 7.812500000000000000e-03
3.863184360244804338e+01 -3.042968750000000000e+00
3.886557461481447717e+01 -2.937500000000000000e+00
3.910550590348398714e+01 -5.800781250000000000e+00
3.934150331425536251e+01 8.437500000000000000e-01
3.958038565460455516e+01 -6.210937500000000000e-01
3.981618389072480113e+01 -1.625000000000000000e+00
4.005252398192206442e+01 -4.695312500000000000e+00
4.029516733091435299e+01 -4.437500000000000000e+00
4.053138454108500355e+01 -1.843750000000000000e+00
4.076596138897753008e+01 -9.062500000000000000e-01
4.100215817123125817e+01 -2.132812500000000000e+00
4.123939602846127173e+01 -2.421875000000000000e+00
4.147136240465567880e+01 -4.429687500000000000e+00
4.171733953951797957e+01 -5.507812500000000000e+00
4.195241132782416571e+01 -7.593750000000000000e+00
4.219974412325296953e+01 -5.734375000000000000e+00
4.243177437486826875e+01 -6.429687500000000000e+00
4.266634906076092193e+01 -8.328125000000000000e+00
4.290323175150081170e+01 -5.804687500000000000e+00
4.314570097170437180e+01 -2.347656250000000000e+00
4.337319585585612458e+01 -1.093750000000000000e+00
4.361839476793068116e+01 -3.523437500000000000e+00
4.385719863576724720e+01 6.406250000000000000e-01
4.410738653188252556e+01 -1.171875000000000000e-01
4.433286094575259995e+01 9.453125000000000000e-01
4.455763239000179965e+01 -4.765625000000000000e-01
4.481144838218469317e+01 1.914062500000000000e+00
4.504470218589909791e+01 1.054687500000000000e+00
4.528193729194049411e+01 3.289062500000000000e+00
4.551801953115455035e+01 7.843750000000000000e+00
4.575746818941826177e+01 9.453125000000000000e+00
4.599661039742940716e+01 7.425781250000000000e+00
4.623118592632746982e+01 6.828125000000000000e+00
4.647023118941484654e+01 6.953125000000000000e+00
4.671179417392349364e+01 1.023046875000000000e+01
4.694497555571348357e+01 7.335937500000000000e+00
4.718385569528655310e+01 1.164062500000000000e+01
4.741898006382655240e+01 6.960937500000000000e+00
4.766295278017003056e+01 4.367187500000000000e+00
4.789752655776851498e+01 5.976562500000000000e+00
4.813786480619435793e+01 3.261718750000000000e+00
4.837289289337769560e+01 7.429687500000000000e+00
4.860783093512853270e+01 6.507812500000000000e+00
4.884814121888427962e+01 7.015625000000000000e+00
4.908418391634077693e+01 3.636718750000000000e+00
4.932732256370590562e+01 1.019531250000000000e+00
4.956334094781720978e+01 2.492187500000000000e+00
4.979791607898391703e+01 -9.140625000000000000e-01
5.003388543529899835e+01 1.687500000000000000e+00
5.027555891367870800e+01 -1.171875000000000000e+00
5.051248326630238239e+01 -5.234375000000000000e-01
5.074906815636086321e+01 -1.726562500000000000e+00
5.098451298845648694e+01 -1.171875000000000000e+00
5.122766646105819177e+01 -2.199218750000000000e+00
5.146372850475688665e+01 -9.531250000000000000e-01
5.169830619425943041e+01 -3.679687500000000000e+00
5.193422846203566223e+01 -3.402343750000000000e+00
5.217582847495856413e+01 -5.765625000000000000e+00
5.241350683839141311e+01 -1.187500000000000000e+00
5.264941151377524875e+01 -8.867187500000000000e-01
5.288858662709372993e+01 -4.726562500000000000e-01
5.312800956612417735e+01 -2.613281250000000000e+00
5.336252871638427564e+01 2.214843750000000000e+00
5.360134550839626399e+01 -3.304687500000000000e+00
5.384247633718035786e+01 9.296875000000000000e-01
5.408024153319240668e+01 3.046875000000000000e-01
5.431519930586765099e+01 1.253906250000000000e+00
5.454975550635163017e+01 -1.632812500000000000e+00
5.478388644418760123e+01 2.171875000000000000e+00
5.502389093134459586e+01 -3.117187500000000000e+00
5.526329309825754876e+01 -1.226562500000000000e+00
5.550401126137859364e+01 -7.851562500000000000e-01
5.574276965882739887e+01 -2.500000000000000000e+00
5.597970019992442303e+01 -2.750000000000000000e+00
5.621553077436729495e+01 -2.941406250000000000e+00
5.645010031785159299e+01 -1.687500000000000000e+00
5.669320827612611424e+01 -5.468750000000000000e-01
5.692789789009833612e+01 -7.968750000000000000e-01
5.716488663781581181e+01 -1.125000000000000000e+00
5.740428083499483591e+01 -1.308593750000000000e+00
5.763935538019339333e+01 -1.515625000000000000e+00
5.788046785877259026e+01 1.054687500000000000e+00
5.812567375163371253e+01 -1.312500000000000000e+00
5.835905744307100917e+01 -2.968750000000000000e-01
5.859565169893494385e+01 1.382812500000000000e+00
5.882987976294703003e+01 7.187500000000000000e-01
5.906527108936950299e+01 1.992187500000000000e+00
5.930455055494877570e+01 3.292968750000000000e+00
5.954622119838714411e+01 -6.093750000000000000e-01
5.978081378750675867e+01 1.046875000000000000e+00
6.002568004512374955e+01 -1.968750000000000000e+00
6.025851307984697769e+01 1.117187500000000000e+00
6.049566747235746789e+01 1.734375000000000000e+00
6.072937381445089500e+01 -1.171875000000000000e-01
6.096629762952181864e+01 -3.125000000000000000e-01
6.120481458648265516e+01 2.582031250000000000e+00
6.144547171870385682e+01 2.687500000000000000e+00
6.167477391242920248e+01 -6.015625000000000000e-01
6.191997006444199769e+01 -1.210937500000000000e+00
6.216067266080085574e+01 -6.484375000000000000e-01
6.239605031948246960e+01 1.289062500000000000e+00
6.263274570166737476e+01 -3.835937500000000000e+00
6.285750976343894081e+01 -1.328125000000000000e-01
6.310935530613571132e+01 -2.035156250000000000e+00
6.334688360900000248e+01 -2.304687500000000000e-01
6.358123483872566339e+01 -1.273437500000000000e+00
6.382024054310369365e+01 -1.214843750000000000e+00
6.406007470694757444e+01 -8.046875000000000000e-01
6.429643218208309463e+01 -1.250000000000000000e-01
6.453302494462019467e+01 -3.265625000000000000e+00
6.477134177954923189e+01 -7.617187500000000000e-01
6.500535570047196643e+01 9.726562500000000000e-01
6.524818426725011022e+01 2.687500000000000000e+00
6.549146559706446169e+01 9.765625000000000000e-01
6.572287662432705702e+01 4.281250000000000000e+00
6.596145471883960454e+01 4.867187500000000000e+00
6.619703226502997495e+01 3.167968750000000000e+00
6.643802844684893216e+01 4.335937500000000000e+00
6.667665558689645877e+01 2.101562500000000000e+00
6.691200980186783909e+01 -1.757812500000000000e+00
6.714556394940890982e+01 3.160156250000000000e+00
6.738603832681090466e+01 4.667968750000000000e+00
6.761988550753054028e+01 6.406250000000000000e-01
6.785600499486443482e+01 4.375000000000000000e-01
6.809719274753240370e+01 -3.679687500000000000e+00
6.833183467860385463e+01 -1.140625000000000000e+00
6.858779373912284427e+01 -5.679687500000000000e+00
6.881256628070286752e+01 -1.539062500000000000e+00
6.905023779728767863e+01 -1.054687500000000000e-01
6.928996164476114927e+01 -5.398437500000000000e+00
6.952758532618406662e+01 1.625000000000000000e+00
6.976107959657392144e+01 -9.804687500000000000e-01
6.999773049327222907e+01 -2.187500000000000000e-01
7.024066480943949387e+01 -3.054687500000000000e+00
7.047743679953441642e+01 -8.046875000000000000e-01
7.071652329221583955e+01 -9.804687500000000000e-01
7.095369945964108638e+01 -2.484375000000000000e+00
7.119143905908285319e+01 -2.453125000000000000e+00
7.141933028913945236e+01 -1.007812500000000000e+00
7.166452623972463698e+01 -1.878906250000000000e+00
7.190972207156619334e+01 3.125000000000000000e-02
7.214315862661840129e+01 9.453125000000000000e-01
7.237659355185323307e+01 3.546875000000000000e+00
7.261338744987699556e+01 4.328125000000000000e+00
7.285395777532454531e+01 -4.656250000000000000e+00
7.309051827664364964e+01 -7.265625000000000000e-01
7.332833963093378316e+01 -1.609375000000000000e+00
7.356606251794406148e+01 -3.574218750000000000e+00
7.380822791856212461e+01 2.585937500000000000e+00
7.403603503743912029e+01 -1.058593750000000000e+00
7.427821674569008792e+01 1.406250000000000000e-01
7.451361648522606629e+01 -3.164062500000000000e-01
7.475647256739395630e+01 2.457031250000000000e+00
7.499210564104586751e+01 3.621093750000000000e+00
7.522880226946972471e+01 6.250000000000000000e-01
7.546936629836915245e+01 3.773437500000000000e+00
7.570728444496862153e+01 5.683593750000000000e+00
7.594390937755758841e+01 3.054687500000000000e+00
7.618156142176999879e+01 7.968750000000000000e+00
7.642246306116803112e+01 6.277343750000000000e+00
7.665910391366867316e+01 4.289062500000000000e+00
7.689243755687138560e+01 3.808593750000000000e+00
7.712921849635279159e+01 2.625000000000000000e+00
7.737429815885786866e+01 5.132812500000000000e+00
7.759913294306124953e+01 7.277343750000000000e+00
7.784439652907860818e+01 9.500000000000000000e+00
7.808022602402394341e+01 8.773437500000000000e+00
7.832138186871446806e+01 7.851562500000000000e+00
7.856307657915002096e+01 5.863281250000000000e+00
7.879419506523868222e+01 4.390625000000000000e+00
7.902954937067227092e+01 3.203125000000000000e+00
7.926761797195996451e+01 3.746093750000000000e+00
7.950794636629879619e+01 1.503906250000000000e+00
7.974467837236397827e+01 -2.093750000000000000e+00
7.997995222673526428e+01 -3.789062500000000000e-01
8.022312424634955619e+01 -2.425781250000000000e+00
8.045982188592404327e+01 1.250000000000000000e+00
8.069568630834015721e+01 -2.703125000000000000e+00
8.093680951949494329e+01 -3.210937500000000000e+00
8.117501517639118447e+01 -4.203125000000000000e+00
8.140978290233056214e+01 -5.117187500000000000e+00
8.164506212267554019e+01 -4.476562500000000000e+00
8.188528626495741491e+01 -3.804687500000000000e+00
8.212498253499529710e+01 -3.898437500000000000e+00
8.236024216438784151e+01 -3.031250000000000000e+00
8.259547743081603244e+01 -2.121093750000000000e+00
8.283707959800079834e+01 -2.046875000000000000e+00
8.307540360206576224e+01 -4.035156250000000000e+00
8.331017026043286933e+01 -9.164062500000000000e+00
8.354536833653344274e+01 -3.468750000000000000e+00
8.378554192799407474e+01 -5.843750000000000000e+00
8.402378160053567058e+01 -2.148437500000000000e+00
8.426056991226460013e+01 -4.882812500000000000e+00
8.449535761741594797e+01 -4.125000000000000000e+00
8.473734827987931340e+01 -4.085937500000000000e+00
8.497575279672980741e+01 -3.304687500000000000e+00
8.521055682818428068e+01 9.375000000000000000e-01
8.544573683752935267e+01 5.468750000000000000e-01
8.569094327092489038e+01 -1.925781250000000000e+00
8.592410869769454962e+01 8.984375000000000000e-01
8.616092311236161549e+01 -4.609375000000000000e-01
8.640094749531914431e+01 -1.328125000000000000e+00
8.664178677165233466e+01 1.007812500000000000e+00
8.688281159253523356e+01 -2.882812500000000000e+00
8.711392598042567670e+01 -2.953125000000000000e+00
8.734607734299754611e+01 7.734375000000000000e-01
8.759128277630918546e+01 -5.937500000000000000e-01
8.782653215559949444e+01 6.289062500000000000e-01
8.806127657764909600e+01 -2.378906250000000000e+00
8.830646530441265440e+01 4.296875000000000000e+00
8.854134005169203192e+01 1.617187500000000000e+00
8.877646348984080760e+01 5.703125000000000000e+00
8.901205969474591484e+01 3.125000000000000000e+00
8.925303593365237020e+01 2.000000000000000000e+00
8.949162582825340451e+01 2.382812500000000000e+00
8.972722891657809896e+01 1.859375000000000000e+00
8.996818943592364803e+01 2.781250000000000000e+00
9.020680926474562966e+01 1.710937500000000000e+00
9.043993591586340131e+01 4.070312500000000000e+00
9.067681733528615950e+01 1.324218750000000000e+00
9.091930067093502998e+01 3.625000000000000000e+00
9.115511171184343198e+01 2.062500000000000000e+00
9.139203763907369193e+01 2.851562500000000000e+00
9.162964767701470237e+01 2.660156250000000000e+00
9.186523676721813558e+01 -6.328125000000000000e-01
9.210443460894688883e+01 3.070312500000000000e+00
9.234240775341132235e+01 3.097656250000000000e+00
9.258360691119008834e+01 5.039062500000000000e+00
9.281686389313750851e+01 2.570312500000000000e+00
9.305730580117983664e+01 -1.562500000000000000e-02
9.329239876787266894e+01 3.671875000000000000e-01
9.352993080175275509e+01 2.484375000000000000e+00
9.377304931934537535e+01 6.484375000000000000e-01
9.400754559818915368e+01 2.222656250000000000e+00
9.423742607849618480e+01 5.203125000000000000e+00
9.448071962971121707e+01 1.808593750000000000e+00
9.471990408146970708e+01 1.035156250000000000e+00
9.495793920212636863e+01 -2.296875000000000000e+00
9.518077416112305400e+01 4.492187500000000000e-01
9.543021515083438544e+01 -3.828125000000000000e-01
9.567541314701139754e+01 6.445312500000000000e-01
9.590790002273888604e+01 4.804687500000000000e-01
9.614333265031797282e+01 -8.828125000000000000e-01
9.637218119637606151e+01 -4.710937500000000000e+00
9.662303948547889831e+01 -1.890625000000000000e+00
9.685806909726693448e+01 3.906250000000000000e-01
9.710327953783439625e+01 -2.703125000000000000e+00
9.733252579509195357e+01 -6.171875000000000000e-01
9.757367768797899998e+01 -2.960937500000000000e+00
9.780820569457102920e+01 -5.718750000000000000e+00
9.804364858330569632e+01 -4.210937500000000000e+00
9.828337344987431834e+01 -4.414062500000000000e+00
9.852339243551216441e+01 -3.312500000000000000e+00
9.875844926077866148e+01 -4.664062500000000000e+00
9.899347157105455608e+01 -4.289062500000000000e+00
9.923368622648931137e+01 -4.218750000000000000e-01
9.946950214063684825e+01 -2.117187500000000000e+00
9.970860938599389556e+01 -3.808593750000000000e+00
9.994886682739897310e+01 -8.050781250000000000e+00
1.001869115082374719e+02 -6.527343750000000000e+00
1.004237966573268750e+02 -5.605468750000000000e+00
1.006720480680120602e+02 -1.335937500000000000e+00
1.008998053935792427e+02 -1.523437500000000000e+00
1.011389839386097265e+02 -3.152343750000000000e+00
1.013741511410557052e+02 -1.289062500000000000e-01
1.016119846451835258e+02 -4.796875000000000000e+00
1.018511579032668521e+02 -2.617187500000000000e+00
1.020891828714522944e+02 -5.218750000000000000e+00
1.023162039285633114e+02 -4.929687500000000000e+00
1.025663274028077865e+02 -4.742187500000000000e+00
1.028000648117085234e+02 -3.695312500000000000e+00
1.030393387002982308e+02 -1.238281250000000000e+00
1.032746375784268480e+02 -2.703125000000000000e+00
1.035122899608610680e+02 1.562500000000000000e-02
1.037484498766780803e+02 4.218750000000000000e-01
1.039895597994038781e+02 -1.937500000000000000e+00
1.042184061813814537e+02 -2.281250000000000000e+00
1.044666783492895945e+02 -2.218750000000000000e+00
1.047047552164297031e+02 9.062500000000000000e-01
1.049426265539911185e+02 6.332031250000000000e+00
1.051725102242163246e+02 3.191406250000000000e+00
1.054199503532438484e+02 4.960937500000000000e+00
1.056549198881833718e+02 6.390625000000000000e+00
1.058900370278683170e+02 6.773437500000000000e+00
1.061306256066235960e+02 9.593750000000000000e+00
1.063638591812478467e+02 9.664062500000000000e+00
1.066051303306596765e+02 9.226562500000000000e+00
1.068505188487475266e+02 7.750000000000000000e+00
1.070752887409476557e+02 7.757812500000000000e+00
1.073157326390209505e+02 9.945312500000000000e+00
1.075521171624706938e+02 4.687500000000000000e+00
1.077904661820508068e+02 9.382812500000000000e+00
1.080280645357885589e+02 7.671875000000000000e+00
1.082603674189198557e+02 8.031250000000000000e+00
1.085055740350693725e+02 4.183593750000000000e+00
1.087340749068599166e+02 2.601562500000000000e+00
1.089824525952528518e+02 -2.160156250000000000e+00
1.092206983641156057e+02 -4.765625000000000000e-01
1.094556132662759182e+02 1.328125000000000000e-01
1.096907960716058028e+02 -3.296875000000000000e+00
1.099335165492412614e+02 -3.378906250000000000e+00
1.101675873483611383e+02 -3.078125000000000000e+00
1.104077738379017433e+02 -1.468750000000000000e+00
1.106435326974675775e+02 -2.785156250000000000e+00
1.108795299483236363e+02 -6.359375000000000000e+00
1.111186589329518881e+02 -3.621093750000000000e+00
1.113559570283536004e+02 -4.679687500000000000e+00
1.115911282155507820e+02 -2.578125000000000000e+00
1.118286660147529403e+02 -6.558593750000000000e+00
1.120711142555660444e+02 -5.257812500000000000e+00
1.123062777286071707e+02 -3.593750000000000000e-01
1.125411166833795278e+02 4.531250000000000000e-01
1.127797910529398564e+02 3.906250000000000000e-02
1.130214407582973308e+02 -1.390625000000000000e+00
1.132562816331478643e+02 1.546875000000000000e+00
1.134932029518056993e+02 4.617187500000000000e+00
1.137229767256243065e+02 -4.218750000000000000e-01
1.139714688330273020e+02 -2.542968750000000000e+00
1.142066173625792089e+02 -3.710937500000000000e+00
1.144441311048427963e+02 -4.289062500000000000e+00
1.146866493835910887e+02 -3.437500000000000000e+00
1.149318583747223101e+02 1.265625000000000000e+00
1.151566386979751542e+02 7.890625000000000000e-01
1.153917993092987331e+02 1.609375000000000000e+00
1.156370021849436398e+02 -1.101562500000000000e+00
1.158634698269230796e+02 -9.804687500000000000e-01
1.161086690908885544e+02 -1.734375000000000000e+00
1.163470614317774903e+02 2.335937500000000000e+00
1.165870101882242125e+02 -1.222656250000000000e+00
1.168238362290974806e+02 -2.054687500000000000e+00
1.170570038001966395e+02 1.484375000000000000e-01
1.172938034015494964e+02 -2.062500000000000000e+00
1.175347552904279382e+02 3.023437500000000000e+00
1.177721771834108040e+02 1.441406250000000000e+00
1.180106218882565940e+02 2.984375000000000000e+00
1.182473177085484508e+02 -5.078125000000000000e-01
1.184873911285754957e+02 3.046875000000000000e-01
1.187257753590957350e+02 -3.632812500000000000e+00
1.189624679534026086e+02 1.148437500000000000e+00
1.192025170895498150e+02 1.429687500000000000e+00
1.194350541492169668e+02 9.765625000000000000e-02
1.196725310384640579e+02 2.203125000000000000e+00
1.199142918629433723e+02 4.140625000000000000e-01
1.201475740384120741e+02 -4.750000000000000000e+00
1.203877179032419917e+02 -1.679687500000000000e+00
1.206244427946110704e+02 -1.328125000000000000e+00
1.208577493338085560e+02 6.953125000000000000e-01
1.211029047773040475e+02 -9.843750000000000000e-01
1.213380279397102299e+02 2.796875000000000000e+00
1.215728846685410645e+02 7.226562500000000000e-01
1.218111534454793059e+02 -8.984375000000000000e-01
1.220505209584446220e+02 -3.214843750000000000e+00
1.222880039754448944e+02 7.109375000000000000e-01
1.225263077564005130e+02 4.062500000000000000e-01
1.227715035975843989e+02 6.484375000000000000e-01
1.230032581283335276e+02 -1.410156250000000000e+00
1.232384605499394183e+02 1.898437500000000000e+00
1.234781309734025285e+02 1.250000000000000000e+00
1.237184447883951179e+02 -5.234375000000000000e-01
1.239536501282711924e+02 1.328125000000000000e-01
1.241885148465222528e+02 0.000000000000000000e+00
1.244300569652179718e+02 2.328125000000000000e+00
1.246659899274020518e+02 -1.906250000000000000e+00
1.249036110962401835e+02 1.054687500000000000e+00
1.251388209386861945e+02 -3.906250000000000000e-02
1.253760418507734187e+02 -1.492187500000000000e+00
1.256186891708415487e+02 1.476562500000000000e+00
1.258540099809254116e+02 -4.140625000000000000e-01
1.260888921576330404e+02 3.281250000000000000e-01
1.263268454708587001e+02 -1.015625000000000000e-01
1.265662928138156076e+02 1.019531250000000000e+00
1.268039638481673137e+02 -1.445312500000000000e-01
1.270391253248530177e+02 -1.093750000000000000e+00
1.272739434271311438e+02 -1.449218750000000000e+00
1.275191502281481917e+02 -4.796875000000000000e+00
1.277543681208701400e+02 -1.843750000000000000e+00
1.279995194991792289e+02 -5.554687500000000000e+00
1.282447828395600027e+02 -1.164062500000000000e+00
1.284694996177462656e+02 -3.687500000000000000e+00
1.287067063501051791e+02 -3.726562500000000000e+00
1.289444524347634911e+02 -2.085937500000000000e+00
1.291846294689754018e+02 -1.304687500000000000e+00
1.294195023236529778e+02 -3.277343750000000000e+00
1.296560803894896310e+02 -5.738281250000000000e+00
1.298969342376951772e+02 -4.429687500000000000e+00
1.301345161054263144e+02 -6.015625000000000000e+00
1.303712524136132345e+02 -4.718750000000000000e+00
1.306046679252353897e+02 -1.953125000000000000e+00
1.308425531456369413e+02 -3.710937500000000000e+00
1.310850991283807616e+02 -2.257812500000000000e+00
1.313200446295519441e+02 -5.835937500000000000e+00
1.315549638240777881e+02 -2.289062500000000000e+00
1.317943099461626275e+02 -2.882812500000000000e+00
1.320350399617195762e+02 -2.984375000000000000e+00
1.322715094458142744e+02 -3.632812500000000000e+00
1.325094606404672390e+02 -5.437500000000000000e+00
1.327500123095736626e+02 -3.148437500000000000e+00
1.329854523949472878e+02 -5.453125000000000000e+00
1.332202051571143784e+02 -6.875000000000000000e-01
1.334579854391768663e+02 -3.468750000000000000e+00
1.337005278720831143e+02 2.687500000000000000e+00
1.339353910057029680e+02 4.648437500000000000e+00
1.341654546941536807e+02 3.132812500000000000e+00
1.344056112785907544e+02 4.593750000000000000e+00
1.346508220274841960e+02 2.859375000000000000e+00
1.348858039375265889e+02 6.828125000000000000e+00
1.351205558833967189e+02 7.449218750000000000e+00
1.353761647908544603e+02 7.648437500000000000e+00
1.356011702731116202e+02 9.929687500000000000e+00
1.358360073635918752e+02 7.789062500000000000e+00
1.360713402053140726e+02 1.133593750000000000e+01
1.363160756460061407e+02 7.000000000000000000e+00
1.365509268584423808e+02 7.515625000000000000e+00
1.367861534297919661e+02 8.453125000000000000e+00
1.370251054598556379e+02 8.234375000000000000e+00
1.372661122535569120e+02 8.109375000000000000e+00
1.375017414903838926e+02 7.484375000000000000e+00
1.377265189799061318e+02 7.070312500000000000e+00
1.379737003700057016e+02 7.648437500000000000e+00
1.382167325629266088e+02 4.105468750000000000e+00
1.384476262100864403e+02 4.449218750000000000e+00
1.386964721513973018e+02 1.550781250000000000e+00
1.389253654658168102e+02 -8.046875000000000000e-01
1.391664509577453828e+02 1.960937500000000000e+00
1.394021320103263406e+02 -2.500000000000000000e-01
1.396364297276481921e+02 -3.414062500000000000e+00
1.398739817275337032e+02 -5.078125000000000000e-01
1.401168691445202512e+02 -3.984375000000000000e-01
1.403516148653866367e+02 2.109375000000000000e-01
1.405882317479544383e+02 -1.121093750000000000e+00
1.408288084272428478e+02 -2.789062500000000000e+00
1.410664252504715250e+02 -2.210937500000000000e+00
1.413022762679970583e+02 -2.898437500000000000e+00
1.415407782033070703e+02 -2.289062500000000000e+00
1.417815959273788167e+02 -3.234375000000000000e+00
1.420174681529274494e+02 -3.667968750000000000e+00
1.422519634380873867e+02 -6.136718750000000000e+00
1.424967663158089408e+02 -2.421875000000000000e+00
1.427323562069946661e+02 -2.851562500000000000e+00
1.429675609963593388e+02 -3.617187500000000000e+00
1.432029123148156486e+02 -2.781250000000000000e+00
1.434410403044966529e+02 -3.335937500000000000e+00
1.436823328218301867e+02 -2.640625000000000000e+00
1.439178343839153058e+02 -4.714843750000000000e+00
1.441527487465351669e+02 -3.203125000000000000e+00
1.443889065656684636e+02 -1.511718750000000000e+00
1.446327380439108765e+02 -2.015625000000000000e+00
1.448679483404190478e+02 -2.367187500000000000e+00
1.450944166344195594e+02 -5.402343750000000000e+00
1.453446094224348144e+02 -3.039062500000000000e+00
1.455826803041486528e+02 -1.257812500000000000e+00
1.458189673827435513e+02 -5.664062500000000000e-01
1.460547962444468624e+02 -1.625000000000000000e+00
1.462999996326323355e+02 -3.308593750000000000e+00
1.465337025898395495e+02 -2.375000000000000000e+00
1.467581643692969919e+02 -2.144531250000000000e+00
1.470036912191851570e+02 -2.601562500000000000e+00
1.472415672720889575e+02 -6.273437500000000000e+00
1.474867626419072053e+02 -1.281250000000000000e+00
1.477188914675632532e+02 -2.484375000000000000e+00
1.479641030027839861e+02 -2.375000000000000000e+00
1.481982109566883992e+02 4.804687500000000000e-01
1.484337536088455636e+02 3.984375000000000000e-01
1.486681890470204053e+02 3.515625000000000000e-02
1.489054522539873346e+02 -1.492187500000000000e+00
1.491486019052139511e+02 -1.734375000000000000e+00
1.493839247959327849e+02 -1.656250000000000000e+00
1.496117904755373615e+02 3.515625000000000000e-01
1.498569861314680907e+02 -3.109375000000000000e+00
1.500985567160964820e+02 3.515625000000000000e-01
1.503337861692348838e+02 -2.531250000000000000e+00
1.505721401512709576e+02 1.921875000000000000e+00
1.508131555100184187e+02 -1.601562500000000000e+00
1.510489802896268543e+02 -2.632812500000000000e+00
1.512843140330656979e+02 4.609375000000000000e-01
1.515202891711695941e+02 -1.234375000000000000e+00
1.517641423940152947e+02 5.664062500000000000e-01
1.519989016809772693e+02 5.156250000000000000e-01
1.522354714322745224e+02 -5.351562500000000000e-01
1.524792892617335838e+02 2.164062500000000000e+00
1.527155292277526826e+02 8.203125000000000000e-01
1.529497113237481756e+02 1.519531250000000000e+00
1.531847036204268306e+02 2.023437500000000000e+00
1.534206309194950393e+02 2.890625000000000000e-01
1.536649085977766447e+02 9.843750000000000000e-01
1.538999041556813836e+02 2.703125000000000000e+00
1.541348954761703283e+02 2.468750000000000000e+00
1.543726757893600166e+02 -4.843750000000000000e-01
1.546144289740436761e+02 3.007812500000000000e-01
1.548504559465716284e+02 8.906250000000000000e-01
1.550850937938809011e+02 -2.664062500000000000e+00
1.553215026618409524e+02 6.875000000000000000e-01
1.555649250226566096e+02 -2.585937500000000000e+00
1.558016403519320932e+02 -2.554687500000000000e+00
1.560361562951756298e+02 -5.109375000000000000e+00
1.562799502115233281e+02 -2.812500000000000000e-01
1.565154950638967648e+02 -2.531250000000000000e+00
1.567504746288647368e+02 -3.144531250000000000e+00
1.569881013808989678e+02 5.937500000000000000e-01
1.572299547059660654e+02 -6.718750000000000000e-01
1.574656720706149429e+02 5.507812500000000000e-01
1.576991788059962118e+02 2.007812500000000000e+00
1.579364998734953645e+02 -2.386718750000000000e+00
1.581803878992981538e+02 3.082031250000000000e+00
1.584158857593644143e+02 -1.484375000000000000e-01
1.586512291345923131e+02 1.640625000000000000e+00
1.588883732444009524e+02 1.070312500000000000e+00
1.591302966292164456e+02 8.203125000000000000e-02
1.593656805647556780e+02 8.750000000000000000e-01
1.596023026571126877e+02 -1.824218750000000000e+00
1.598446704994270249e+02 2.343750000000000000e-01
1.600812519417337683e+02 -1.718750000000000000e+00
1.603162764645163634e+02 2.000000000000000000e+00
1.605512390688778908e+02 -8.710937500000000000e-01
1.607964496464225306e+02 -1.574218750000000000e+00
1.610297982568948783e+02 -7.812500000000000000e-03
1.612660603429908974e+02 -4.375000000000000000e-01
1.615116474274542782e+02 8.554687500000000000e-01
1.617466782691986964e+02 2.031250000000000000e-01
1.619816344377756252e+02 -1.718750000000000000e+00
1.622166674156029558e+02 3.468750000000000000e+00
1.624508983630951207e+02 2.156250000000000000e+00
1.626866565670640057e+02 -1.281250000000000000e+00
1.629309780729049635e+02 2.460937500000000000e+00
1.631671975938941159e+02 3.750000000000000000e+00
1.634018575049700530e+02 4.656250000000000000e+00
1.636566703925167587e+02 2.433593750000000000e+00
1.638816385698306135e+02 8.375000000000000000e+00
1.641170584489879047e+02 3.812500000000000000e+00
1.643567336539192354e+02 6.398437500000000000e+00
1.645968361115524772e+02 4.750000000000000000e+00
1.648313174583740874e+02 6.613281250000000000e+00
1.650672020466405741e+02 5.425781250000000000e+00
1.653115956146068584e+02 9.101562500000000000e+00
1.655485069632120769e+02 7.273437500000000000e+00
1.657827789359496364e+02 1.152343750000000000e+01
1.660195149088103221e+02 8.257812500000000000e+00
1.662616797956429764e+02 6.476562500000000000e+00
1.664978929551214719e+02 9.289062500000000000e+00
1.667326503387881758e+02 6.312500000000000000e+00
1.669682503041175607e+02 5.507812500000000000e+00
1.672131741507171228e+02 4.515625000000000000e+00
1.674468368648263095e+02 2.906250000000000000e+00
1.676831611273144063e+02 3.492187500000000000e+00
1.679197945884952219e+02 2.359375000000000000e+00
1.681620176516221363e+02 -3.437500000000000000e-01
1.683979805178165918e+02 8.906250000000000000e-01
1.686319935276910655e+02 -1.273437500000000000e+00
1.688688504812371889e+02 -1.757812500000000000e+00
1.691131782377703132e+02 -2.214843750000000000e+00
1.693482422002485919e+02 -2.117187500000000000e+00
1.695837826070955145e+02 -4.273437500000000000e+00
1.698237384226377742e+02 -2.253906250000000000e+00
1.700623652981807936e+02 -1.425781250000000000e+00
1.702937045935142066e+02 -3.089843750000000000e+00
1.705343341225596134e+02 -2.601562500000000000e+00
1.707764474059289341e+02 -1.382812500000000000e+00
1.710139359950032940e+02 -7.187500000000000000e-01
1.712486329801391776e+02 -1.710937500000000000e+00
1.714879733455702251e+02 -4.265625000000000000e+00
1.717293373712699633e+02 3.984375000000000000e-01
1.719638336705535266e+02 -3.351562500000000000e+00
1.721991190084143000e+02 -1.125000000000000000e+00
1.724346712966614916e+02 -5.382812500000000000e+00
1.726778812030092922e+02 -6.300781250000000000e+00
1.729143153040338348e+02 -2.921875000000000000e+00
1.731506809881320237e+02 -2.015625000000000000e+00
1.733918869960319853e+02 -2.476562500000000000e+00
1.736296865834473522e+02 -5.945312500000000000e+00
1.738642240375189658e+02 -5.859375000000000000e+00
1.740979934101344497e+02 -5.031250000000000000e+00
1.743350093421611575e+02 -6.289062500000000000e-01
1.745794246882284142e+02 -2.531250000000000000e+00
1.748184489066216543e+02 -3.679687500000000000e+00
1.750501905686831208e+02 -1.855468750000000000e+00
1.752921654296727638e+02 3.195312500000000000e+00
1.755373624794441412e+02 -1.007812500000000000e+00
1.757646142042500514e+02 1.546875000000000000e+00
1.759987196816186099e+02 -1.914062500000000000e+00
1.762397980165806928e+02 1.593750000000000000e+00
1.764812920045077931e+02 -6.015625000000000000e-01
1.767143374281736783e+02 2.109375000000000000e+00
1.769512559818539899e+02 4.609375000000000000e-01
1.771937286400711855e+02 3.679687500000000000e+00
1.774302652702961041e+02 -1.960937500000000000e+00
1.776637034510854392e+02 -4.687500000000000000e-02
1.779109165165462230e+02 -1.328125000000000000e-01
1.781447369519233348e+02 -3.281250000000000000e-01
