#Time Flux
-2.824162559901608915e+00 7.656250000000000000e+00
-2.812745008688970927e+00 4.542968750000000000e+00
-2.801347115425173229e+00 5.757812500000000000e+00
-2.791771129795257878e+00 8.839843750000000000e+00
-2.778615271693869460e+00 4.099609375000000000e+00
-2.771055564211142297e+00 7.769531250000000000e+00
-2.753030590223652041e+00 4.164062500000000000e+00
-2.745301614684585445e+00 6.207031250000000000e+00
-2.731802865266072189e+00 3.511718750000000000e+00
-2.723342297424689917e+00 6.906250000000000000e+00
-2.710641726329946266e+00 4.628906250000000000e+00
-2.699758895955177707e+00 3.851562500000000000e+00
-2.689778017096422502e+00 6.398437500000000000e+00
-2.676506901136178840e+00 5.322265625000000000e+00
-2.668934316507961313e+00 4.308593750000000000e+00
-2.651134855384743361e+00 4.230468750000000000e+00
-2.643136463515411094e+00 5.402343750000000000e+00
-2.629701482270903057e+00 2.980468750000000000e+00
-2.621573681454908211e+00 5.724609375000000000e+00
-2.608579860068143574e+00 4.761718750000000000e+00
-2.598186988134415287e+00 3.453125000000000000e+00
-2.587702812837825661e+00 3.332031250000000000e+00
-2.574538320146402270e+00 1.113281250000000000e+00
-2.566804143740618827e+00 1.943359375000000000e+00
-2.551132701937770975e+00 3.267578125000000000e+00
-2.542545998378340499e+00 2.958984375000000000e+00
-2.527548770035643599e+00 1.636718750000000000e+00
-2.519439444775059656e+00 1.339843750000000000e+00
-2.506448523071881596e+00 3.632812500000000000e-01
-2.496015497707134045e+00 6.875000000000000000e-01
-2.485564513398564657e+00 1.902343750000000000e+00
-2.472574124852854993e+00 8.164062500000000000e-01
-2.464637776985497908e+00 7.421875000000000000e-01
-2.450106322968661487e+00 2.734375000000000000e-01
-2.442012925962497860e+00 -2.304687500000000000e-01
-2.425381546149871781e+00 1.095703125000000000e+00
-2.417450920607087994e+00 9.707031250000000000e-01
-2.404445179730274162e+00 6.250000000000000000e-02
-2.394145962354681245e+00 -1.328125000000000000e+00
-2.383467134237577056e+00 8.593750000000000000e-01
-2.370519712287659786e+00 1.480468750000000000e+00
-2.362486483507698409e+00 -1.699218750000000000e-01
-2.348962656835517748e+00 -1.121093750000000000e+00
-2.340994414460890738e+00 -9.550781250000000000e-01
-2.323199215221976033e+00 -2.851562500000000000e+00
-2.315508793740598037e+00 -2.437500000000000000e+00
-2.302282833041680021e+00 -6.250000000000000000e-02
-2.293157848414278277e+00 -1.021484375000000000e+00
-2.281374097684469859e+00 -9.726562500000000000e-01
-2.268798306165567880e+00 1.523437500000000000e-01
-2.260415806661793425e+00 -1.017578125000000000e+00
-2.246911510601947271e+00 -1.230468750000000000e+00
-2.239251231587843449e+00 -3.296875000000000000e+00
-2.221070514181203492e+00 -2.541015625000000000e+00
-2.213528559534470475e+00 -3.507812500000000000e+00
-2.200322019021839992e+00 -3.812500000000000000e+00
-2.190986599159526094e+00 -3.720703125000000000e+00
-2.179301460303392446e+00 -1.312500000000000000e+00
-2.167096248350585341e+00 -2.582031250000000000e+00
-2.158328520238889325e+00 -3.382812500000000000e+00
-2.145010334012056319e+00 1.699218750000000000e-01
-2.137594432572818448e+00 -1.210937500000000000e+00
-2.118977161379298479e+00 -3.328125000000000000e+00
-2.111410913602746575e+00 -3.683593750000000000e+00
-2.098070435214317797e+00 -3.675781250000000000e+00
-2.088528715108125766e+00 -3.351562500000000000e+00
-2.077153265888917133e+00 -3.585937500000000000e+00
-2.065714475086437574e+00 -3.613281250000000000e+00
-2.056162565321162816e+00 -3.982421875000000000e+00
-2.042912873165931842e+00 -5.347656250000000000e+00
-2.035425757711941230e+00 -5.582031250000000000e+00
-2.016810324836406210e+00 -6.257812500000000000e+00
-2.009336426606321169e+00 -6.134765625000000000e+00
-1.996109981944755418e+00 -4.525390625000000000e+00
-1.986930905212950904e+00 -3.910156250000000000e+00
-1.974996037546979721e+00 -4.109375000000000000e+00
-1.964124669457682160e+00 -5.316406250000000000e+00
-1.954000217648598436e+00 -4.433593750000000000e+00
-1.940748507421830027e+00 -4.429687500000000000e+00
-1.933246656782891648e+00 -5.507812500000000000e+00
-1.915767349089591676e+00 -5.011718750000000000e+00
-1.907460528702657143e+00 -3.142578125000000000e+00
-1.893987138318188101e+00 -6.753906250000000000e+00
-1.885790168311807236e+00 -6.007812500000000000e+00
-1.872842454993225658e+00 -8.656250000000000000e+00
-1.861953282705520962e+00 -6.546875000000000000e+00
-1.851989043296200066e+00 -5.859375000000000000e+00
-1.838740654546143105e+00 -8.375000000000000000e+00
-1.831124912966359375e+00 -7.808593750000000000e+00
-1.813885395551050550e+00 -8.417968750000000000e+00
-1.805435467630459812e+00 -5.289062500000000000e+00
-1.791924893014652298e+00 -6.773437500000000000e+00
-1.783849223734875977e+00 -8.648437500000000000e+00
-1.770829749687557353e+00 -5.738281250000000000e+00
-1.760380577439804028e+00 -7.644531250000000000e+00
-1.749943153369528659e+00 -4.402343750000000000e+00
-1.736923063918673904e+00 -8.337890625000000000e+00
-1.729010666205169855e+00 -8.667968750000000000e+00
-1.712423945784998125e+00 -7.871093750000000000e+00
-1.704743137710760692e+00 -6.718750000000000000e+00
-1.689657867063068863e+00 -9.058593750000000000e+00
-1.681794620897569814e+00 -7.429687500000000000e+00
-1.668723938934430606e+00 -9.011718750000000000e+00
-1.658511157171172812e+00 -7.460937500000000000e+00
-1.647808557220848513e+00 -8.593750000000000000e+00
-1.634942129899592089e+00 -9.230468750000000000e+00
-1.626864523819264718e+00 -8.871093750000000000e+00
-1.613182291196007867e+00 -8.537109375000000000e+00
-1.604635449616765186e+00 -7.750000000000000000e+00
-1.587493127385677383e+00 -8.628906250000000000e+00
-1.579667933079043962e+00 -9.089843750000000000e+00
-1.566616179814474208e+00 -8.363281250000000000e+00
-1.556939656873158384e+00 -8.283203125000000000e+00
-1.545773724882614886e+00 -8.939453125000000000e+00
-1.532841298835720067e+00 -8.574218750000000000e+00
-1.524751411297209813e+00 -9.765625000000000000e+00
-1.511207820107536293e+00 -1.095312500000000000e+01
-1.503787813018455211e+00 -8.175781250000000000e+00
-1.485457598509988486e+00 -9.417968750000000000e+00
-1.477834282277626698e+00 -1.164843750000000000e+01
-1.464569949794409354e+00 -8.277343750000000000e+00
-1.454768198369141174e+00 -1.100195312500000000e+01
-1.443703921092236442e+00 -1.040039062500000000e+01
-1.431232320515277934e+00 -1.044531250000000000e+01
-1.422744635832231097e+00 -1.057421875000000000e+01
-1.409130367668566919e+00 -9.546875000000000000e+00
-1.401774549124557012e+00 -9.414062500000000000e+00
-1.383272941571060954e+00 -8.421875000000000000e+00
-1.375667580132585499e+00 -1.003125000000000000e+01
-1.362400071311881788e+00 -1.210546875000000000e+01
-1.352894977169356139e+00 -1.342968750000000000e+01
-1.341568293433518022e+00 -1.060937500000000000e+01
-1.330371926591919163e+00 -9.658203125000000000e+00
-1.320716002644068965e+00 -9.753906250000000000e+00
-1.307164305006750737e+00 -1.183593750000000000e+01
-1.299881704427271245e+00 -1.211718750000000000e+01
-1.281138552344927461e+00 -1.191406250000000000e+01
-1.273538007535400141e+00 -9.203125000000000000e+00
-1.260425385048726810e+00 -1.209375000000000000e+01
-1.250425327829010058e+00 -1.044140625000000000e+01
-1.239407627281337909e+00 -1.118554687500000000e+01
-1.227910699452635868e+00 -1.018359375000000000e+01
-1.218540489242020186e+00 -1.106835937500000000e+01
-1.205213809645808709e+00 -1.132812500000000000e+01
-1.197761153638154497e+00 -1.280468750000000000e+01
-1.179056030144856493e+00 -1.027343750000000000e+01
-1.171477903047495772e+00 -1.089453125000000000e+01
-1.158345412037306232e+00 -1.248046875000000000e+01
-1.148552283926122186e+00 -1.195703125000000000e+01
-1.137246837590673465e+00 -1.078125000000000000e+01
-1.126029291789176767e+00 -1.404296875000000000e+01
-1.116370702240107704e+00 -1.124023437500000000e+01
-1.103094056489076991e+00 -1.275390625000000000e+01
-1.095557617752376700e+00 -1.169921875000000000e+01
-1.077279306760487998e+00 -1.281250000000000000e+01
-1.069668267345704749e+00 -1.316015625000000000e+01
-1.056093104863830234e+00 -1.135937500000000000e+01
-1.048214173336461386e+00 -1.475390625000000000e+01
-1.035236797607240078e+00 -1.406640625000000000e+01
-1.023858077331691874e+00 -1.417187500000000000e+01
-1.014303424616542770e+00 -1.318359375000000000e+01
-1.001195361236622006e+00 -1.340625000000000000e+01
-9.934944837197221545e-01 -1.234375000000000000e+01
-9.760817374348782494e-01 -1.239843750000000000e+01
-9.677269202898699518e-01 -1.077734375000000000e+01
-9.540725002507670638e-01 -1.202734375000000000e+01
-9.460732315378912460e-01 -1.430859375000000000e+01
-9.331830442275084181e-01 -1.283398437500000000e+01
-9.219762924825900541e-01 -1.420312500000000000e+01
-9.122611938184093106e-01 -1.310546875000000000e+01
-8.992222293638221231e-01 -1.569140625000000000e+01
-8.914441733170193061e-01 -1.249609375000000000e+01
-8.763997363782465300e-01 -1.353125000000000000e+01
-8.686994658086071297e-01 -1.381640625000000000e+01
-8.519645440127305847e-01 -1.217968750000000000e+01
-8.440469760491460249e-01 -1.384765625000000000e+01
-8.310694611948576949e-01 -1.340625000000000000e+01
-8.201038656136496741e-01 -1.560546875000000000e+01
-8.101734762922703226e-01 -1.303515625000000000e+01
-7.972089423971375766e-01 -1.348046875000000000e+01
-7.893004294531671405e-01 -1.339453125000000000e+01
-7.755362430596299816e-01 -1.259375000000000000e+01
-7.675598320842418332e-01 -1.361523437500000000e+01
-7.497431784422943224e-01 -1.421875000000000000e+01
-7.420582438928313707e-01 -1.261523437500000000e+01
-7.289468317633378547e-01 -1.432421875000000000e+01
-7.185332833559492371e-01 -1.619531250000000000e+01
-7.080067620982433141e-01 -1.426367187500000000e+01
-6.950766494455642430e-01 -1.294921875000000000e+01
-6.872046255372836754e-01 -1.407617187500000000e+01
-6.734776770431381010e-01 -1.386132812500000000e+01
-6.661629675026325970e-01 -1.507812500000000000e+01
-6.476524485848500490e-01 -1.372265625000000000e+01
-6.400443620010705104e-01 -1.463671875000000000e+01
-6.269748597612476715e-01 -1.540625000000000000e+01
-6.163617522160471651e-01 -1.240234375000000000e+01
-6.059683418827006562e-01 -1.575390625000000000e+01
-5.939016111070074544e-01 -1.369921875000000000e+01
-5.850789077612006395e-01 -1.266015625000000000e+01
-5.714810575933526593e-01 -1.562890625000000000e+01
-5.642053710291179414e-01 -1.456250000000000000e+01
-5.454900779749962680e-01 -1.499609375000000000e+01
-5.379204518356814901e-01 -1.403515625000000000e+01
-5.248103339751821750e-01 -1.466796875000000000e+01
-5.150895918317957012e-01 -1.651953125000000000e+01
-5.038726895358109914e-01 -1.485937500000000000e+01
-4.925673844796385481e-01 -1.700781250000000000e+01
-4.829771875610724408e-01 -1.458593750000000000e+01
-4.695812259189722226e-01 -1.639062500000000000e+01
-4.621118356051994169e-01 -1.296484375000000000e+01
-4.433524903548935470e-01 -1.266210937500000000e+01
-4.358021145060853030e-01 -1.647265625000000000e+01
-4.226776771838203217e-01 -1.517968750000000000e+01
-4.129182322698881080e-01 -1.589453125000000000e+01
-4.016622263720179831e-01 -1.338281250000000000e+01
-3.898335379880286666e-01 -1.517578125000000000e+01
-3.808602959219093975e-01 -1.477343750000000000e+01
-3.674169715843333961e-01 -1.646484375000000000e+01
-3.600730040099264784e-01 -1.459375000000000000e+01
-3.412985807005313177e-01 -1.767578125000000000e+01
-3.340018973080525200e-01 -1.543359375000000000e+01
-3.205093955775382142e-01 -1.553515625000000000e+01
-3.123678220622352342e-01 -1.728125000000000000e+01
-2.996116501267493959e-01 -1.649609375000000000e+01
-2.882248325646052933e-01 -1.842773437500000000e+01
-2.787269605044393472e-01 -1.577539062500000000e+01
-2.651622797848709467e-01 -1.328710937500000000e+01
-2.580023364164176769e-01 -1.447265625000000000e+01
-2.399837942223754794e-01 -1.235156250000000000e+01
-2.319377509804425586e-01 -1.401562500000000000e+01
-2.183291273721259529e-01 -1.655859375000000000e+01
-2.105058595509099462e-01 -1.501953125000000000e+01
-1.975767001640917897e-01 -1.551953125000000000e+01
-1.869394231890453284e-01 -1.636718750000000000e+01
-1.766280972125215953e-01 -1.314453125000000000e+01
-1.633493211757937047e-01 -1.469140625000000000e+01
-1.557888928838906395e-01 -1.627929687500000000e+01
-1.383872033265873824e-01 -1.497265625000000000e+01
-1.305490160782980524e-01 -1.463281250000000000e+01
-1.162474609445780516e-01 -1.433007812500000000e+01
-1.084448681780543211e-01 -1.786328125000000000e+01
-9.540955849664101152e-02 -1.538281250000000000e+01
-8.537195666374230996e-02 -1.226562500000000000e+01
-7.447720987387285163e-02 -1.396679687500000000e+01
-6.135849033571361133e-02 -1.808789062500000000e+01
-5.362248404361480425e-02 -1.642773437500000000e+01
-3.787607152160532564e-02 -1.488085937500000000e+01
-3.029282714458858550e-02 -1.479882812500000000e+01
-1.417427615785982198e-02 -1.576171875000000000e+01
-6.284136582696220330e-03 -1.565234375000000000e+01
6.676135277061234774e-03 -1.482421875000000000e+01
1.679952636389003828e-02 -1.576562500000000000e+01
2.760194702624119145e-02 -1.598242187500000000e+01
4.064573486464695407e-02 -1.411914062500000000e+01
4.850164914821419870e-02 -1.358984375000000000e+01
6.357507788952432293e-02 -1.597265625000000000e+01
7.065459344969582389e-02 -1.399609375000000000e+01
8.798071391501238736e-02 -1.562695312500000000e+01
9.571838912204100325e-02 -1.875000000000000000e+01
1.088394917390260730e-01 -1.544921875000000000e+01
1.177944572799489720e-01 -1.311718750000000000e+01
1.297047597583187439e-01 -1.772265625000000000e+01
1.426637719903212087e-01 -1.687890625000000000e+01
1.506291773472661077e-01 -1.344531250000000000e+01
1.643902952075428914e-01 -1.216406250000000000e+01
1.714486237449435180e-01 -1.672265625000000000e+01
1.901215946921723798e-01 -1.641796875000000000e+01
1.976455468858979714e-01 -1.242187500000000000e+01
2.107734780231851346e-01 -1.623046875000000000e+01
2.199654916938627025e-01 -1.499218750000000000e+01
2.318514230268178267e-01 -1.638671875000000000e+01
2.448315886047041090e-01 -1.495312500000000000e+01
2.527953978821209091e-01 -1.603906250000000000e+01
2.664603033420078759e-01 -1.689062500000000000e+01
2.735571671544789751e-01 -1.608984375000000000e+01
2.922461221096455120e-01 -1.468359375000000000e+01
2.998664496300520454e-01 -1.440234375000000000e+01
3.129359559135629354e-01 -1.610156250000000000e+01
3.224262164682905052e-01 -1.728906250000000000e+01
3.339225934192384670e-01 -1.484375000000000000e+01
3.446505865701929849e-01 -1.485937500000000000e+01
3.548599193955013220e-01 -1.686718750000000000e+01
3.683926650840874117e-01 -1.509375000000000000e+01
3.756654526959479767e-01 -1.595507812500000000e+01
3.944124663175898604e-01 -1.504882812500000000e+01
4.019818726017483357e-01 -1.592773437500000000e+01
4.150200685209739504e-01 -1.803906250000000000e+01
4.243078684838721415e-01 -1.588281250000000000e+01
4.361303587934273196e-01 -1.477929687500000000e+01
4.471202595537633329e-01 -1.734375000000000000e+01
4.570433580325179435e-01 -1.473046875000000000e+01
4.704216850304341335e-01 -1.582031250000000000e+01
4.777837731712253344e-01 -1.614843750000000000e+01
4.963507655727177337e-01 -1.747851562500000000e+01
5.037962718930728556e-01 -1.664843750000000000e+01
5.171072034110011373e-01 -1.632031250000000000e+01
5.252922636191854622e-01 -1.930468750000000000e+01
5.380900001960853274e-01 -1.490429687500000000e+01
5.486954190290873612e-01 -1.633203125000000000e+01
5.590939669537817736e-01 -1.696875000000000000e+01
5.724952596545165306e-01 -1.648437500000000000e+01
5.799899515746531620e-01 -1.401757812500000000e+01
5.978192335593988105e-01 -1.745703125000000000e+01
6.058377244378689852e-01 -1.828515625000000000e+01
6.192701469144985538e-01 -1.526757812500000000e+01
6.273127669637261761e-01 -1.491406250000000000e+01
6.401640424071217694e-01 -1.725781250000000000e+01
6.505649631890868534e-01 -1.475976562500000000e+01
6.611269608282626109e-01 -1.798828125000000000e+01
6.743752216506813113e-01 -1.502539062500000000e+01
6.820628901511121001e-01 -1.536718750000000000e+01
6.990773284036606583e-01 -1.591015625000000000e+01
7.077533029552363075e-01 -1.294921875000000000e+01
7.214076492079648517e-01 -1.584179687500000000e+01
7.294155707352842910e-01 -1.576953125000000000e+01
7.423289833275923399e-01 -1.485742187500000000e+01
7.527364438629469134e-01 -1.310156250000000000e+01
7.633355566969868278e-01 -1.352343750000000000e+01
7.763210643488669405e-01 -1.650390625000000000e+01
7.841720910535983080e-01 -1.229296875000000000e+01
7.999298443569564654e-01 -1.366210937500000000e+01
8.081010120185929679e-01 -1.512500000000000000e+01
8.235928828516634326e-01 -1.578125000000000000e+01
8.315545057576585464e-01 -1.351171875000000000e+01
8.444171244905618323e-01 -1.417187500000000000e+01
8.543065319376061950e-01 -1.410937500000000000e+01
8.653414953028573109e-01 -1.397656250000000000e+01
8.783510823768843068e-01 -1.579882812500000000e+01
8.863079644978029137e-01 -1.556250000000000000e+01
8.999846769895363252e-01 -1.648828125000000000e+01
9.077596631120670168e-01 -1.291796875000000000e+01
9.257283349501079783e-01 -1.471875000000000000e+01
9.335486609315495343e-01 -1.235937500000000000e+01
9.465425351605532001e-01 -1.568359375000000000e+01
9.567773922119400254e-01 -1.521093750000000000e+01
9.674534565614649750e-01 -1.387109375000000000e+01
9.804400257323706569e-01 -1.423632812500000000e+01
9.883949264380369470e-01 -1.386523437500000000e+01
1.002104490245965707e+00 -1.631640625000000000e+01
1.009402846079012761e+00 -1.760156250000000000e+01
1.027843869793287013e+00 -1.538867187500000000e+01
1.035484475305700869e+00 -1.528125000000000000e+01
1.048455183782792233e+00 -1.504882812500000000e+01
1.058649450793733848e+00 -1.331445312500000000e+01
1.069487392670097847e+00 -1.338281250000000000e+01
1.081428513030100902e+00 -1.370703125000000000e+01
1.090615106307062376e+00 -1.413671875000000000e+01
1.104138411165170197e+00 -1.440625000000000000e+01
1.111314423437843146e+00 -1.534765625000000000e+01
1.129956876263022991e+00 -1.385546875000000000e+01
1.137581192081409398e+00 -1.616992187500000000e+01
1.150622155731255702e+00 -1.350390625000000000e+01
1.160230778527608919e+00 -1.407617187500000000e+01
1.171672081481638372e+00 -1.609375000000000000e+01
1.183041234552934640e+00 -1.477148437500000000e+01
1.192593922101924164e+00 -1.455664062500000000e+01
1.206170611068358767e+00 -1.622265625000000000e+01
1.213438797137616376e+00 -1.350976562500000000e+01
1.232073190720257116e+00 -1.430468750000000000e+01
1.239715333615308168e+00 -1.390625000000000000e+01
1.252727519325276262e+00 -1.364453125000000000e+01
1.261836641867400743e+00 -1.438476562500000000e+01
1.273791188041347056e+00 -1.288671875000000000e+01
1.284925485023983072e+00 -1.674218750000000000e+01
1.294817914836137618e+00 -1.291796875000000000e+01
1.308174499163563098e+00 -1.080078125000000000e+01
1.315560844562398302e+00 -1.492578125000000000e+01
1.333950872400578191e+00 -1.250000000000000000e+01
1.341565223778736993e+00 -1.227929687500000000e+01
1.354956094338561456e+00 -1.276367187500000000e+01
1.362913894118385372e+00 -1.369531250000000000e+01
1.375825699951676029e+00 -1.307812500000000000e+01
1.386799260848189164e+00 -1.406054687500000000e+01
1.396987259430723327e+00 -1.333203125000000000e+01
1.410249745715393743e+00 -1.614453125000000000e+01
1.417658139576499110e+00 -1.430273437500000000e+01
1.435262936995137295e+00 -1.566796875000000000e+01
1.443544397189679529e+00 -1.378320312500000000e+01
1.457048197806265932e+00 -1.399609375000000000e+01
1.465028754516673359e+00 -1.416406250000000000e+01
1.477921308700146596e+00 -1.326562500000000000e+01
1.488673270085115519e+00 -1.180468750000000000e+01
1.498881836904622844e+00 -1.335156250000000000e+01
1.512018337885947972e+00 -1.328515625000000000e+01
1.519824108184959499e+00 -1.369335937500000000e+01
1.536300319747844867e+00 -1.334375000000000000e+01
1.545272546997725982e+00 -1.160742187500000000e+01
1.559167830862278947e+00 -1.328906250000000000e+01
1.567169995003780514e+00 -1.352343750000000000e+01
1.580059275319044332e+00 -1.470898437500000000e+01
1.590844639498669721e+00 -1.247656250000000000e+01
1.600921740523773451e+00 -1.272460937500000000e+01
1.613948025237750272e+00 -1.200781250000000000e+01
1.621905535244707153e+00 -1.253125000000000000e+01
1.637596645086865976e+00 -1.230468750000000000e+01
1.645318906459866781e+00 -1.258789062500000000e+01
1.661339453767286756e+00 -1.394921875000000000e+01
1.669211464453830729e+00 -9.332031250000000000e+00
1.682192311198875245e+00 -1.465820312500000000e+01
1.692112517989141196e+00 -1.204882812500000000e+01
1.703078686285870447e+00 -1.334765625000000000e+01
1.716074826110254747e+00 -1.507421875000000000e+01
1.724012561569384872e+00 -1.139843750000000000e+01
1.737726894518402787e+00 -1.290625000000000000e+01
1.745302728560911731e+00 -1.380273437500000000e+01
1.763505666516866910e+00 -1.228710937500000000e+01
1.771216536187850465e+00 -1.514062500000000000e+01
1.784105823645660394e+00 -1.307421875000000000e+01
1.794583902208820803e+00 -1.344140625000000000e+01
1.805092575975841385e+00 -1.149218750000000000e+01
1.817785992862468447e+00 -1.117578125000000000e+01
1.826181661255237287e+00 -1.449023437500000000e+01
1.839809163224110478e+00 -1.032812500000000000e+01
1.847048889225114010e+00 -1.197656250000000000e+01
1.865530141658091168e+00 -1.228515625000000000e+01
1.873272235450848200e+00 -1.027343750000000000e+01
1.886163441418879927e+00 -9.425781250000000000e+00
1.896455401866102619e+00 -1.370507812500000000e+01
1.907244779605797191e+00 -1.156640625000000000e+01
1.919956288570233482e+00 -1.081640625000000000e+01
1.928288728634054650e+00 -1.203710937500000000e+01
1.941607120576357204e+00 -1.317382812500000000e+01
1.949081114063858422e+00 -1.283789062500000000e+01
1.967639114485937313e+00 -1.085546875000000000e+01
1.975330084411538678e+00 -1.308593750000000000e+01
1.988302913558715801e+00 -1.012500000000000000e+01
1.999228796949015674e+00 -1.174023437500000000e+01
2.009401534729537531e+00 -1.079687500000000000e+01
2.021401134426110247e+00 -1.133398437500000000e+01
2.030321593561069449e+00 -1.124609375000000000e+01
2.043773693147507231e+00 -1.162304687500000000e+01
2.051160013016172456e+00 -1.425781250000000000e+01
2.069629862484280380e+00 -8.107421875000000000e+00
2.077233535164406675e+00 -1.187109375000000000e+01
2.090471885744324965e+00 -1.075976562500000000e+01
2.100206816069391635e+00 -1.454687500000000000e+01
2.111558387751287569e+00 -1.260546875000000000e+01
2.123302506676978396e+00 -1.037500000000000000e+01
2.132548459771033578e+00 -1.237695312500000000e+01
2.145826570453920112e+00 -1.076562500000000000e+01
2.153320795223237383e+00 -8.935546875000000000e+00
2.170789206199106758e+00 -1.013281250000000000e+01
2.179222146650126035e+00 -1.065234375000000000e+01
2.192607578813621672e+00 -1.067187500000000000e+01
2.201023721859662885e+00 -9.824218750000000000e+00
2.213570059997408634e+00 -1.355078125000000000e+01
2.224604875902283396e+00 -1.279882812500000000e+01
2.234480841096086579e+00 -1.145312500000000000e+01
2.247803323979006507e+00 -1.129296875000000000e+01
2.255479265312871462e+00 -9.773437500000000000e+00
2.272389068580078941e+00 -1.225976562500000000e+01
2.281245602146654505e+00 -1.190234375000000000e+01
2.294844463487656583e+00 -1.128906250000000000e+01
2.302837709904117958e+00 -1.185156250000000000e+01
2.315737320764441165e+00 -9.550781250000000000e+00
2.327073238711442116e+00 -1.136718750000000000e+01
2.336547752397017064e+00 -1.060937500000000000e+01
2.349767813775670788e+00 -1.052343750000000000e+01
2.357576346136749379e+00 -8.650390625000000000e+00
2.373231020508661970e+00 -1.069921875000000000e+01
2.381826076165303618e+00 -1.114062500000000000e+01
2.396929551731737718e+00 -9.828125000000000000e+00
2.404963088768703017e+00 -8.921875000000000000e+00
2.417820380342718067e+00 -1.191992187500000000e+01
2.428650861018383011e+00 -1.107421875000000000e+01
2.438690753767140507e+00 -9.308593750000000000e+00
2.451742806263190744e+00 -8.253906250000000000e+00
2.459669088220664435e+00 -9.429687500000000000e+00
2.473344423364160605e+00 -1.297070312500000000e+01
2.481193642268173960e+00 -9.375000000000000000e+00
2.499093708925066437e+00 -8.554687500000000000e+00
2.506911437984811641e+00 -8.240234375000000000e+00
2.519970336529048893e+00 -7.828125000000000000e+00
2.531119149088905118e+00 -8.978515625000000000e+00
2.540854818627533263e+00 -9.511718750000000000e+00
2.553848830388144364e+00 -6.880859375000000000e+00
2.561833044591161013e+00 -9.238281250000000000e+00
2.575441042916192913e+00 -8.363281250000000000e+00
2.582619541723236267e+00 -9.294921875000000000e+00
2.601165016058658352e+00 -8.396484375000000000e+00
2.608685220992477127e+00 -1.016796875000000000e+01
2.621854494668951929e+00 -8.527343750000000000e+00
2.632390234497712811e+00 -8.851562500000000000e+00
2.642931831073934035e+00 -1.083984375000000000e+01
2.655973221098083314e+00 -9.615234375000000000e+00
2.663911871432485867e+00 -4.796875000000000000e+00
2.677409964190140101e+00 -6.705078125000000000e+00
2.684699992376383904e+00 -7.361328125000000000e+00
2.703231494975625537e+00 -9.714843750000000000e+00
2.710944640903321101e+00 -9.582031250000000000e+00
2.724063568657729917e+00 -7.150390625000000000e+00
2.734863586780253542e+00 -7.330078125000000000e+00
2.745098192354912925e+00 -5.699218750000000000e+00
2.757752752048531875e+00 -7.687500000000000000e+00
2.766081759744832169e+00 -6.671875000000000000e+00
2.779429764549696813e+00 -8.410156250000000000e+00
2.786842578727203090e+00 -7.640625000000000000e+00
2.804961650758318825e+00 -7.958984375000000000e+00
2.813017373478206906e+00 -7.066406250000000000e+00
2.826092109391758811e+00 -6.576171875000000000e+00
2.836733320693589633e+00 -7.289062500000000000e+00
2.847174311487748355e+00 -6.482421875000000000e+00
2.859470773540074617e+00 -8.292968750000000000e+00
2.868251603240917547e+00 -8.123046875000000000e+00
2.881600893072882030e+00 -7.533203125000000000e+00
2.888963547291471201e+00 -6.666015625000000000e+00
2.906523519150219670e+00 -6.136718750000000000e+00
2.914870530826874528e+00 -4.988281250000000000e+00
2.928326991094948539e+00 -5.712890625000000000e+00
2.937441712517308900e+00 -6.253906250000000000e+00
2.949336736749526011e+00 -3.003906250000000000e+00
2.961105411407757515e+00 -3.949218750000000000e+00
2.970334050458451003e+00 -5.064453125000000000e+00
2.983652811584455833e+00 -6.117187500000000000e+00
2.991129947862621208e+00 -4.390625000000000000e+00
3.008146200778725188e+00 -8.593750000000000000e+00
3.016924024732716703e+00 -5.878906250000000000e+00
3.030383116514130393e+00 -4.359375000000000000e+00
3.038429851913527102e+00 -4.972656250000000000e+00
3.051348720021763938e+00 -6.906250000000000000e+00
3.062114115311402429e+00 -3.675781250000000000e+00
3.072270789204619490e+00 -5.357421875000000000e+00
3.085511452787599751e+00 -6.414062500000000000e+00
3.093248999924810505e+00 -5.675781250000000000e+00
3.109603631182107364e+00 -4.013671875000000000e+00
3.118914899746300762e+00 -5.855468750000000000e+00
3.132550795205460759e+00 -4.789062500000000000e+00
3.140538134405499449e+00 -5.765625000000000000e+00
3.153494958380022695e+00 -5.097656250000000000e+00
3.164878199344080656e+00 -3.761718750000000000e+00
3.174390659721105123e+00 -4.234375000000000000e+00
3.187444815219333094e+00 -4.732421875000000000e+00
3.195266137950795837e+00 -3.970703125000000000e+00
3.210168854479395151e+00 -3.541015625000000000e+00
3.217859019966269329e+00 -2.902343750000000000e+00
3.234679954731255691e+00 -4.500000000000000000e+00
3.242624909560248625e+00 -4.812500000000000000e+00
3.255579869580110142e+00 -6.308593750000000000e+00
3.265853794788405651e+00 -3.707031250000000000e+00
3.276532889930095394e+00 -5.044921875000000000e+00
3.289494584086625650e+00 -4.521484375000000000e+00
3.297441358202171102e+00 -3.492187500000000000e+00
3.311084117709818031e+00 -7.265625000000000000e+00
3.318856321178316193e+00 -2.593750000000000000e+00
3.336735223856230448e+00 -4.359375000000000000e+00
3.344593850230733523e+00 -1.087890625000000000e+00
3.357678832854567474e+00 -3.335937500000000000e+00
3.367724713507765699e+00 -3.494140625000000000e+00
3.378615775490313666e+00 -6.533203125000000000e+00
3.391558254104147352e+00 6.328125000000000000e-01
3.399562479242447921e+00 -3.597656250000000000e+00
3.413083701759735078e+00 -9.218750000000000000e-01
3.420781922474240844e+00 -2.417968750000000000e+00
3.438902299749024394e+00 -2.699218750000000000e+00
3.446619017198091939e+00 -3.683593750000000000e+00
3.459662328568956724e+00 -2.992187500000000000e+00
3.470196783610141722e+00 -2.558593750000000000e+00
3.480633137470839245e+00 -3.753906250000000000e+00
3.493153911866816230e+00 -2.683593750000000000e+00
3.501742691449603484e+00 -2.734375000000000000e+00
3.515173590449542473e+00 -2.160156250000000000e+00
3.522472756532636140e+00 -3.878906250000000000e+00
3.540995923249429467e+00 -5.058593750000000000e-01
3.548711166579590071e+00 -2.064453125000000000e+00
3.561756098152841332e+00 -2.164062500000000000e+00
3.571766968716971746e+00 -3.746093750000000000e+00
3.582926217981572847e+00 -1.402343750000000000e+00
3.594832883366603227e+00 -8.984375000000000000e-01
3.603847019264328821e+00 -1.093750000000000000e-01
3.617178438366956073e+00 -2.597656250000000000e+00
3.624534976599946390e+00 2.734375000000000000e-02
3.643161798056389955e+00 -2.894531250000000000e+00
3.650774887811994773e+00 -2.857421875000000000e+00
3.663928824578036370e+00 -3.671875000000000000e-01
3.672794629524275933e+00 -1.796875000000000000e-01
3.684969235960714684e+00 2.500000000000000000e-01
3.696453029156533177e+00 4.277343750000000000e-01
3.705728660427851651e+00 5.117187500000000000e-01
3.719157795171469161e+00 -2.332031250000000000e+00
3.726655296642249482e+00 3.437500000000000000e-01
3.744813175746244838e+00 -9.531250000000000000e-01
3.752633868252587490e+00 1.181640625000000000e+00
3.765991169238404268e+00 6.484375000000000000e-01
3.774707256204553829e+00 2.660156250000000000e+00
3.786973383065486587e+00 3.191406250000000000e+00
3.798340352115324947e+00 -4.257812500000000000e-01
3.807894004410048439e+00 1.125000000000000000e+00
3.821378420290987066e+00 1.810546875000000000e+00
3.828767145507274705e+00 7.714843750000000000e-01
3.846677010640988215e+00 1.296875000000000000e+00
3.854579110782644591e+00 2.537109375000000000e+00
3.868101664885180924e+00 2.207031250000000000e+00
3.876187264912580588e+00 2.636718750000000000e+00
3.889114996120014212e+00 1.394531250000000000e+00
3.900215891806279700e+00 1.724609375000000000e+00
3.910028435823758031e+00 2.695312500000000000e-01
3.923134989507360615e+00 2.929687500000000000e+00
3.930865074061717479e+00 3.509765625000000000e+00
3.946671494973976735e+00 4.371093750000000000e+00
3.955798776532461147e+00 2.246093750000000000e+00
3.970218833670806191e+00 1.777343750000000000e+00
3.978330327846627767e+00 3.289062500000000000e+00
3.991232650108869962e+00 3.402343750000000000e+00
4.002091689480863579e+00 1.652343750000000000e+00
4.012144715076722434e+00 1.835937500000000000e+00
4.025267229331930707e+00 2.531250000000000000e+00
4.033034259691181234e+00 2.580078125000000000e+00
4.047690626678210890e+00 3.761718750000000000e+00
4.055966675795058762e+00 3.708984375000000000e+00
4.072431275832933295e+00 4.039062500000000000e+00
4.080299229055519561e+00 5.425781250000000000e+00
4.093363477656389193e+00 2.554687500000000000e+00
4.103660253096883537e+00 2.890625000000000000e+00
4.114302553453306643e+00 4.152343750000000000e+00
4.127286837838745726e+00 4.546875000000000000e+00
4.135181364887525746e+00 5.460937500000000000e+00
4.148832877535880925e+00 4.042968750000000000e+00
4.156410328205645044e+00 6.601562500000000000e+00
4.174505336835572678e+00 5.058593750000000000e+00
4.182298595684105891e+00 3.746093750000000000e+00
4.195351595965185254e+00 5.546875000000000000e+00
4.205530862180591356e+00 7.250000000000000000e+00
4.216347430456053758e+00 7.011718750000000000e+00
4.229392419123161773e+00 7.308593750000000000e+00
4.237298057988489575e+00 4.957031250000000000e+00
4.250839524937457981e+00 4.509765625000000000e+00
4.258060117663237776e+00 6.392578125000000000e+00
4.276716732911445717e+00 6.945312500000000000e+00
4.284341222113866365e+00 5.496093750000000000e+00
4.297439423984616980e+00 8.101562500000000000e+00
4.307401500542752615e+00 6.933593750000000000e+00
4.318389535623722963e+00 6.167968750000000000e+00
4.330197530341379775e+00 7.046875000000000000e+00
4.339398331465464054e+00 7.113281250000000000e+00
4.352931219339936320e+00 8.304687500000000000e+00
4.360219410209658975e+00 6.769531250000000000e+00
4.378755351426953268e+00 5.792968750000000000e+00
4.386442713868156318e+00 9.804687500000000000e+00
4.399516542370548677e+00 8.761718750000000000e+00
4.408985277844173822e+00 9.585937500000000000e+00
4.420509914272990670e+00 8.851562500000000000e+00
4.432085535850479374e+00 8.269531250000000000e+00
4.441323922942977731e+00 9.339843750000000000e+00
4.455056418224103254e+00 1.054101562500000000e+01
4.462364555943906907e+00 8.021484375000000000e+00
4.480379517668762190e+00 1.054687500000000000e+01
4.488419381507839034e+00 9.492187500000000000e+00
4.501602180277696874e+00 1.134960937500000000e+01
4.511156615454517294e+00 1.112890625000000000e+01
4.522674280599169094e+00 9.464843750000000000e+00
4.533973810620942402e+00 9.242187500000000000e+00
4.543490163788668212e+00 9.550781250000000000e+00
4.557091231717187441e+00 1.265234375000000000e+01
4.564508596656644102e+00 1.086328125000000000e+01
4.581927784215636734e+00 1.044921875000000000e+01
4.590324638150914183e+00 1.318945312500000000e+01
4.603883131782936289e+00 9.382812500000000000e+00
4.611778999577502702e+00 1.305468750000000000e+01
4.624734083033082754e+00 1.018164062500000000e+01
4.634952030823320968e+00 1.491406250000000000e+01
4.645624463312532981e+00 1.015234375000000000e+01
4.659235983248784407e+00 1.250195312500000000e+01
4.666656802299232965e+00 1.302929687500000000e+01
4.684099133947725591e+00 1.046484375000000000e+01
4.692392356720219482e+00 1.403515625000000000e+01
4.705931525627530476e+00 1.491210937500000000e+01
4.713929999482637356e+00 1.588671875000000000e+01
4.726840427594275695e+00 1.422851562500000000e+01
4.737726201079482280e+00 1.470703125000000000e+01
4.747784042618008016e+00 1.233984375000000000e+01
4.761047954187652920e+00 1.524609375000000000e+01
4.768658769950970822e+00 1.391210937500000000e+01
4.784182190422267666e+00 1.406250000000000000e+01
4.793830690635655145e+00 1.751757812500000000e+01
4.808017886251910511e+00 1.462890625000000000e+01
4.816001216460421119e+00 1.594140625000000000e+01
4.828957940057577503e+00 1.426953125000000000e+01
4.839596432901149825e+00 1.722460937500000000e+01
4.849879632432397614e+00 1.409765625000000000e+01
4.863049328471952037e+00 1.735351562500000000e+01
4.870953867676991678e+00 1.751757812500000000e+01
4.884475628916682410e+00 1.602343750000000000e+01
4.893171913504335890e+00 1.605468750000000000e+01
4.910108908384863469e+00 1.641796875000000000e+01
4.917918617709936768e+00 1.696875000000000000e+01
4.931095591063176187e+00 1.655078125000000000e+01
4.941767951406351500e+00 1.544531250000000000e+01
4.952029638735247374e+00 1.545117187500000000e+01
4.965058469946072250e+00 1.646679687500000000e+01
4.972845920447117152e+00 1.562304687500000000e+01
4.986515567167209895e+00 1.858398437500000000e+01
4.994336761557772064e+00 1.879296875000000000e+01
5.012187867629254612e+00 1.668945312500000000e+01
5.020000867968477110e+00 1.530468750000000000e+01
5.032994083511880490e+00 1.667578125000000000e+01
5.043638314864644201e+00 1.796875000000000000e+01
5.054022836091142779e+00 1.827734375000000000e+01
5.066800066743439857e+00 1.815234375000000000e+01
5.075014919932119284e+00 1.916406250000000000e+01
5.088516745117360074e+00 1.819531250000000000e+01
5.096081476438264701e+00 1.869921875000000000e+01
5.114265394912195006e+00 1.707031250000000000e+01
5.121973093910046515e+00 1.903125000000000000e+01
5.135163367344944163e+00 1.601171875000000000e+01
5.145508569365471629e+00 1.893750000000000000e+01
5.156130645689120939e+00 1.895312500000000000e+01
5.168244155146663132e+00 1.849218750000000000e+01
5.177183919358913755e+00 1.994531250000000000e+01
5.190574042654898079e+00 1.754296875000000000e+01
5.197988919222527926e+00 1.866992187500000000e+01
5.216475544765987848e+00 1.858007812500000000e+01
5.224139634990851988e+00 1.850585937500000000e+01
5.237265435943555758e+00 1.996875000000000000e+01
5.247378863069158683e+00 2.094531250000000000e+01
5.258296878676777197e+00 1.983789062500000000e+01
5.270414954296125387e+00 1.868554687500000000e+01
5.279182064238110428e+00 1.825585937500000000e+01
5.292675198336930009e+00 2.167968750000000000e+01
5.300087388070071626e+00 2.165625000000000000e+01
5.318121105045698016e+00 2.194921875000000000e+01
5.326154589931825001e+00 2.350781250000000000e+01
5.339242976435635057e+00 2.161328125000000000e+01
5.348961047808977298e+00 2.266406250000000000e+01
5.360380233511676806e+00 2.091796875000000000e+01
5.371778329100912686e+00 2.142187500000000000e+01
5.381247966033118502e+00 2.083789062500000000e+01
5.394741179005198006e+00 2.291992187500000000e+01
5.402160506269112261e+00 2.230468750000000000e+01
5.419828810545869402e+00 2.056445312500000000e+01
5.428158992943927785e+00 2.252343750000000000e+01
5.441409054070682316e+00 2.265039062500000000e+01
5.449544498915923185e+00 2.248828125000000000e+01
5.462473739586684474e+00 2.192187500000000000e+01
5.474231286150303077e+00 2.465039062500000000e+01
5.483381775921881029e+00 2.198437500000000000e+01
5.496631878403114513e+00 2.304296875000000000e+01
5.504294990470928184e+00 2.367187500000000000e+01
5.520553298341255299e+00 2.414453125000000000e+01
5.530045822075035034e+00 2.736328125000000000e+01
5.543479376727482588e+00 2.299218750000000000e+01
5.551696140021952885e+00 2.858593750000000000e+01
5.564577757362133781e+00 2.699414062500000000e+01
5.575826522091798410e+00 2.434375000000000000e+01
5.585496379169320846e+00 2.699609375000000000e+01
5.598647483387303225e+00 2.660156250000000000e+01
5.606432647448649220e+00 2.705468750000000000e+01
5.621124166348288043e+00 2.492968750000000000e+01
5.630582983427299126e+00 2.523046875000000000e+01
5.645666093311447753e+00 2.575390625000000000e+01
5.653703851873427055e+00 2.778710937500000000e+01
5.666696511278686899e+00 2.693554687500000000e+01
5.677703728326292776e+00 2.787890625000000000e+01
5.687652036011861867e+00 2.453906250000000000e+01
5.700664873855693315e+00 2.662890625000000000e+01
5.708596551217329562e+00 2.757812500000000000e+01
5.722180171293132389e+00 2.621093750000000000e+01
5.730234837146547022e+00 2.758984375000000000e+01
5.747835470858117191e+00 2.878906250000000000e+01
5.755669524891263933e+00 2.783007812500000000e+01
5.768731516166589302e+00 2.927734375000000000e+01
5.779273186594060974e+00 2.753515625000000000e+01
5.789799851957944554e+00 2.756054687500000000e+01
5.802706257545196422e+00 2.938671875000000000e+01
5.810709548851271222e+00 2.865234375000000000e+01
5.824158749091424170e+00 2.816015625000000000e+01
5.831860539920000974e+00 3.159960937500000000e+01
5.849996725396195529e+00 2.872265625000000000e+01
5.857572407743564469e+00 3.268750000000000000e+01
5.870822715081306598e+00 3.183203125000000000e+01
5.881143284225242240e+00 3.058398437500000000e+01
5.891802533776761663e+00 3.168750000000000000e+01
5.904116896782348078e+00 3.137500000000000000e+01
5.912858407090361368e+00 3.236132812500000000e+01
5.926292240059829908e+00 3.317578125000000000e+01
5.934031332342840415e+00 3.232617187500000000e+01
5.952116675416764480e+00 3.163867187500000000e+01
5.959704253884837044e+00 3.367187500000000000e+01
5.972900660362213898e+00 3.277734375000000000e+01
5.982718155216122824e+00 3.423828125000000000e+01
5.993893931695335908e+00 3.225976562500000000e+01
6.005802132932572590e+00 3.530859375000000000e+01
6.014946246657903117e+00 3.265625000000000000e+01
6.028266155785225067e+00 3.383398437500000000e+01
6.035689710220587756e+00 3.287500000000000000e+01
6.054282890625618307e+00 3.534375000000000000e+01
6.061761778157954694e+00 3.254687500000000000e+01
6.074938280152419878e+00 3.419531250000000000e+01
6.084889612774265544e+00 3.524218750000000000e+01
6.096139038316003678e+00 3.319140625000000000e+01
6.107692278846503342e+00 3.549609375000000000e+01
6.117112625222919320e+00 3.474609375000000000e+01
6.130333736363809294e+00 3.365820312500000000e+01
6.137845149653415433e+00 3.571484375000000000e+01
6.155554778384690451e+00 3.612890625000000000e+01
6.163602949521873597e+00 3.657617187500000000e+01
6.177179130413861685e+00 3.606640625000000000e+01
6.185410934749807410e+00 3.682812500000000000e+01
6.198169876083266416e+00 3.579882812500000000e+01
6.209863431371037024e+00 3.834960937500000000e+01
6.219126852354939672e+00 3.603515625000000000e+01
6.232500480825819977e+00 3.643554687500000000e+01
6.240012139864532514e+00 3.706250000000000000e+01
6.257536306619854827e+00 3.615625000000000000e+01
6.265743106664444895e+00 3.899609375000000000e+01
6.279141327235993941e+00 3.790234375000000000e+01
6.287292483663470932e+00 3.573046875000000000e+01
6.300268071929139069e+00 3.694140625000000000e+01
6.311754052841557439e+00 3.955468750000000000e+01
6.321166520373665776e+00 3.900781250000000000e+01
6.334341722809167408e+00 3.675781250000000000e+01
6.342039904008537121e+00 3.819921875000000000e+01
6.358522053720349732e+00 4.049609375000000000e+01
6.366762619418000924e+00 3.991015625000000000e+01
6.381256355271617053e+00 3.840625000000000000e+01
6.389360964138461441e+00 3.985156250000000000e+01
6.402339594443009929e+00 3.904492187500000000e+01
6.413925294547503597e+00 3.765234375000000000e+01
6.423282608491547307e+00 4.169531250000000000e+01
6.436353050423477384e+00 4.165625000000000000e+01
6.444213859687284440e+00 3.882421875000000000e+01
6.458660250242953538e+00 4.152734375000000000e+01
6.466440652796720201e+00 4.259960937500000000e+01
6.483419931882092868e+00 3.887500000000000000e+01
6.491385481771423827e+00 3.851562500000000000e+01
6.504474428847156986e+00 4.085546875000000000e+01
6.515502345015107721e+00 4.136523437500000000e+01
6.525387080804797790e+00 4.126171875000000000e+01
6.538411148579307053e+00 4.254687500000000000e+01
6.546330975367716576e+00 4.028906250000000000e+01
6.559987804742107187e+00 3.926171875000000000e+01
6.567638283390230924e+00 4.076171875000000000e+01
6.585587054062344237e+00 4.163671875000000000e+01
6.593349533608702018e+00 4.125000000000000000e+01
6.606446838306148095e+00 3.973046875000000000e+01
6.616778074227465112e+00 4.080664062500000000e+01
6.627430451617534857e+00 3.754492187500000000e+01
6.640516473874722436e+00 4.199804687500000000e+01
6.648461670659280287e+00 4.058007812500000000e+01
6.662090560339986922e+00 4.151953125000000000e+01
6.669366510780207591e+00 4.098046875000000000e+01
6.687723283808736596e+00 3.830078125000000000e+01
6.695338566236305411e+00 4.219531250000000000e+01
6.708569357591045446e+00 3.957031250000000000e+01
6.719251246273621803e+00 4.226953125000000000e+01
6.729553890098472380e+00 4.028515625000000000e+01
6.742390358391844529e+00 3.848437500000000000e+01
6.750403844986259116e+00 4.174023437500000000e+01
6.763885282481773231e+00 3.913671875000000000e+01
6.771280167904453862e+00 4.146289062500000000e+01
6.789889767263957765e+00 3.985156250000000000e+01
6.797488778498944839e+00 4.275781250000000000e+01
6.810524294790521793e+00 4.024414062500000000e+01
6.820819498420448213e+00 4.171875000000000000e+01
6.831618971262940931e+00 3.980859375000000000e+01
6.844086224206826330e+00 4.029296875000000000e+01
6.852466072736991265e+00 4.133007812500000000e+01
6.866030464587659310e+00 3.624804687500000000e+01
6.873390800120237287e+00 4.121875000000000000e+01
6.891606555860771977e+00 4.038476562500000000e+01
6.899529152961616063e+00 4.089843750000000000e+01
6.912600356430921522e+00 3.883203125000000000e+01
6.922990950343361760e+00 4.181640625000000000e+01
6.933788380002368967e+00 3.853125000000000000e+01
6.946015920356426676e+00 3.905859375000000000e+01
6.954741193307391711e+00 3.952539062500000000e+01
6.968171715813788580e+00 4.001562500000000000e+01
6.975506932931310189e+00 3.972656250000000000e+01
6.993261971720631465e+00 3.782031250000000000e+01
7.001429427757823731e+00 4.026757812500000000e+01
7.014700889665114403e+00 3.643359375000000000e+01
7.023473055767233575e+00 4.012890625000000000e+01
7.035919423129818995e+00 3.708593750000000000e+01
7.047387045336641620e+00 3.825390625000000000e+01
7.056786084584892649e+00 3.804492187500000000e+01
7.070148931915156254e+00 3.423828125000000000e+01
7.077655533743357097e+00 3.667382812500000000e+01
7.094873879016514451e+00 3.605078125000000000e+01
7.103521784358591162e+00 3.786718750000000000e+01
7.116870648938352417e+00 3.536328125000000000e+01
7.125054783094086019e+00 4.019140625000000000e+01
7.137960979548779505e+00 3.643750000000000000e+01
7.149837651902476665e+00 3.715820312500000000e+01
7.158920186767794291e+00 3.575000000000000000e+01
7.172033820301567886e+00 3.698437500000000000e+01
7.179814337393302992e+00 3.571093750000000000e+01
7.195724544151723023e+00 3.405468750000000000e+01
7.204300257817372710e+00 3.782421875000000000e+01
7.219040403082040314e+00 3.328125000000000000e+01
7.227113598404969252e+00 3.723046875000000000e+01
7.240058167031676817e+00 3.515234375000000000e+01
7.251436827047424316e+00 3.665625000000000000e+01
7.261066628755919794e+00 3.474218750000000000e+01
7.274090356266519564e+00 3.341015625000000000e+01
7.281952690012083451e+00 3.580859375000000000e+01
7.295586074497535378e+00 3.126562500000000000e+01
7.303962837469573088e+00 3.658398437500000000e+01
7.321193938808431056e+00 3.330664062500000000e+01
7.329160150403325247e+00 3.373242187500000000e+01
7.342203287539568635e+00 3.436718750000000000e+01
7.353315473106619038e+00 3.581640625000000000e+01
7.363158308434798016e+00 3.004492187500000000e+01
7.376174890020756436e+00 3.201757812500000000e+01
7.384007675182921560e+00 3.464062500000000000e+01
7.397687020310097950e+00 3.427929687500000000e+01
7.405144388203332539e+00 3.196484375000000000e+01
7.423332869253790989e+00 2.905664062500000000e+01
7.430938222563700180e+00 3.434765625000000000e+01
7.444187440077371321e+00 3.286328125000000000e+01
7.455186496552475006e+00 3.008984375000000000e+01
7.465194683870912229e+00 3.021093750000000000e+01
7.478211270884767004e+00 3.266601562500000000e+01
7.486292050452000524e+00 3.228515625000000000e+01
7.499709215989554423e+00 2.949218750000000000e+01
7.507162539789248967e+00 3.060156250000000000e+01
7.525490257065371225e+00 3.028515625000000000e+01
7.533055721054108034e+00 3.172656250000000000e+01
7.546270377143812880e+00 2.895507812500000000e+01
7.556755886666348232e+00 2.602734375000000000e+01
7.567347121732893811e+00 2.780468750000000000e+01
7.579949690153430453e+00 2.878906250000000000e+01
7.588309107646612262e+00 2.865429687500000000e+01
7.601715897830711555e+00 2.699804687500000000e+01
7.609035086501073408e+00 2.960156250000000000e+01
7.627655985110322945e+00 2.667578125000000000e+01
7.635129583290829913e+00 2.815234375000000000e+01
7.648523502664467344e+00 2.767578125000000000e+01
7.658927362610835843e+00 2.726953125000000000e+01
7.669506242536854757e+00 2.558593750000000000e+01
7.681645313697213595e+00 2.533789062500000000e+01
7.690379587445761445e+00 2.572460937500000000e+01
7.703755381507200184e+00 2.429296875000000000e+01
7.711167666497917850e+00 2.669921875000000000e+01
7.729626061688616545e+00 2.643554687500000000e+01
7.737079903991535446e+00 2.706640625000000000e+01
7.750439885189845057e+00 2.306640625000000000e+01
7.761400687575793711e+00 2.651562500000000000e+01
7.771621928398964485e+00 2.488671875000000000e+01
7.783577032621238345e+00 2.490234375000000000e+01
7.792473988136890739e+00 2.453515625000000000e+01
7.805815186957168805e+00 2.294140625000000000e+01
7.813305385889250942e+00 2.486328125000000000e+01
7.831063509859223615e+00 2.223828125000000000e+01
7.839006398543997278e+00 2.287109375000000000e+01
7.852528613723116280e+00 2.296289062500000000e+01
7.860668809321353478e+00 2.198046875000000000e+01
7.873670736846094087e+00 2.207031250000000000e+01
7.885177373894826758e+00 2.279296875000000000e+01
7.894591459653746313e+00 2.197656250000000000e+01
7.907712970980774969e+00 2.254687500000000000e+01
7.915448502384084151e+00 2.182031250000000000e+01
7.931963308379323507e+00 1.835937500000000000e+01
7.939650961849107347e+00 2.091992187500000000e+01
7.954694715568912500e+00 2.069335937500000000e+01
7.962787701054761413e+00 2.201562500000000000e+01
7.975770049310817456e+00 1.788671875000000000e+01
7.986778313550445318e+00 1.889453125000000000e+01
7.996682766268207843e+00 1.673437500000000000e+01
8.009787011547143010e+00 1.858398437500000000e+01
8.017584715224050029e+00 1.852343750000000000e+01
8.032946127005104131e+00 1.645312500000000000e+01
8.040354198176643763e+00 1.576953125000000000e+01
8.056860872559191478e+00 1.675390625000000000e+01
8.064866100423671469e+00 1.348046875000000000e+01
8.077909456223121509e+00 1.670703125000000000e+01
8.088949718696227364e+00 1.810156250000000000e+01
8.098850331469865438e+00 1.705468750000000000e+01
8.111772543433453109e+00 1.455468750000000000e+01
8.119745087749006274e+00 1.610351562500000000e+01
8.133317356986356828e+00 1.434570312500000000e+01
8.141474659116049395e+00 1.338085937500000000e+01
8.158974508774836210e+00 1.444726562500000000e+01
8.166742749950785196e+00 1.628906250000000000e+01
8.179969884296880878e+00 1.107421875000000000e+01
8.189917328136786523e+00 1.308203125000000000e+01
8.200859022597128956e+00 1.484960937500000000e+01
8.213813751400721230e+00 1.500000000000000000e+01
8.221910679766708085e+00 1.327734375000000000e+01
8.235392017211690785e+00 1.195703125000000000e+01
8.243092544673402244e+00 9.574218750000000000e+00
8.261117656153487587e+00 1.172265625000000000e+01
8.268704775038631993e+00 1.101367187500000000e+01
8.281974054935858476e+00 1.210937500000000000e+01
8.292390670207520742e+00 1.156250000000000000e+01
8.302929215426253506e+00 1.257421875000000000e+01
8.315575775898455646e+00 1.185546875000000000e+01
8.323998477279939578e+00 1.496875000000000000e+01
8.337406233207275363e+00 8.740234375000000000e+00
8.344699752433346163e+00 1.071875000000000000e+01
8.363260283029667619e+00 9.800781250000000000e+00
8.370871411816469987e+00 9.500000000000000000e+00
8.383959342387534264e+00 8.824218750000000000e+00
8.394260255985997787e+00 8.269531250000000000e+00
8.405093764338950280e+00 1.033007812500000000e+01
8.417036711334063170e+00 8.589843750000000000e+00
8.426073452770626915e+00 1.031835937500000000e+01
8.439339194931655186e+00 8.519531250000000000e+00
8.446818134329490135e+00 9.355468750000000000e+00
8.465407123643817755e+00 6.691406250000000000e+00
8.472961255016848270e+00 6.414062500000000000e+00
8.486152862823800547e+00 6.707031250000000000e+00
