#Time Flux
-2.562312703156905513e+00 -1.571484375000000000e+01
-2.552414795150326654e+00 -2.141406250000000000e+01
-2.541859726016895138e+00 -1.403515625000000000e+01
-2.531800815895479673e+00 -1.095898437500000000e+01
-2.521407821411244754e+00 -1.536328125000000000e+01
-2.511330739943446133e+00 -1.053906250000000000e+01
-2.500474855580520739e+00 -1.555078125000000000e+01
-2.490780253161915425e+00 -1.160546875000000000e+01
-2.479768491753475246e+00 -1.241992187500000000e+01
-2.470346655837033722e+00 -9.585937500000000000e+00
-2.459335271617874241e+00 -1.256445312500000000e+01
-2.449912858750735722e+00 -1.431640625000000000e+01
-2.438905585433460033e+00 -1.818359375000000000e+01
-2.429410474721834134e+00 -1.548828125000000000e+01
-2.418450711350971005e+00 -1.360351562500000000e+01
-2.408652408325650640e+00 -1.499218750000000000e+01
-2.398031140574929054e+00 -1.141406250000000000e+01
-2.388380809042331521e+00 -1.505859375000000000e+01
-2.377583801453084789e+00 -1.116992187500000000e+01
-2.367748052774089729e+00 -1.807226562500000000e+01
-2.357169119244190369e+00 -1.084765625000000000e+01
-2.347314502888451671e+00 -1.221484375000000000e+01
-2.336716790513975184e+00 -9.861328125000000000e+00
-2.326846654571880890e+00 -1.406640625000000000e+01
-2.316296884112560406e+00 -1.190625000000000000e+01
-2.306318494289229193e+00 -1.070312500000000000e+01
-2.295836662695350583e+00 -8.175781250000000000e+00
-2.285884880145971465e+00 -1.196875000000000000e+01
-2.275295421742228541e+00 -1.055859375000000000e+01
-2.265179051551129419e+00 -9.873046875000000000e+00
-2.254407992580212294e+00 -9.339843750000000000e+00
-2.244690848304003339e+00 -1.002343750000000000e+01
-2.233974441763251662e+00 -1.421679687500000000e+01
-2.224053133430402340e+00 -7.324218750000000000e+00
-2.213527525372555260e+00 -1.260937500000000000e+01
-2.203620141465194138e+00 -1.414062500000000000e+01
-2.193107490836240459e+00 -1.190039062500000000e+01
-2.183182538163066511e+00 -1.446875000000000000e+01
-2.172659530600284938e+00 -1.103906250000000000e+01
-2.162751330911390824e+00 -9.417968750000000000e+00
-2.152173882831732499e+00 -9.294921875000000000e+00
-2.142151071111328520e+00 -8.554687500000000000e-01
-2.131577240570365461e+00 -1.693359375000000000e+01
-2.121798568252202699e+00 -1.619140625000000000e+00
-2.111144421882087840e+00 -1.407031250000000000e+01
-2.101283130363043483e+00 -1.093750000000000000e+00
-2.090506737747759303e+00 -1.507812500000000000e+01
-2.080608231653343410e+00 -1.675781250000000000e+00
-2.069971401578058590e+00 -1.189062500000000000e+01
-2.060036836989723952e+00 -3.728515625000000000e+00
-2.049450213295813228e+00 -1.177148437500000000e+01
-2.039579899871483804e+00 -1.445312500000000000e-01
-2.028929980907051345e+00 -1.357421875000000000e+01
-2.018808815752151986e+00 -7.902343750000000000e+00
-2.008136104179655490e+00 -1.133007812500000000e+01
-1.998358402082885732e+00 -1.253906250000000000e+00
-1.987993455647597330e+00 -1.742968750000000000e+01
-1.977933564158860236e+00 -2.160156250000000000e+00
-1.967269092683935128e+00 -1.215234375000000000e+01
-1.957434136525577628e+00 5.859375000000000000e-01
-1.946513516381656927e+00 -7.707031250000000000e+00
-1.937057246084805229e+00 -3.046875000000000000e-01
-1.926079976045713238e+00 -7.958984375000000000e+00
-1.916510362473758278e+00 -4.312500000000000000e+00
-1.905735047128430892e+00 -4.714843750000000000e+00
-1.895974944137151397e+00 -3.125000000000000000e+00
-1.885124965272197528e+00 -8.769531250000000000e+00
-1.875643417418444869e+00 -3.054687500000000000e+00
-1.864196261133699295e+00 -1.015234375000000000e+01
-1.854295041167915770e+00 -6.984375000000000000e+00
-1.843273720063862697e+00 -1.039453125000000000e+01
-1.834111627706377590e+00 -4.107421875000000000e+00
-1.822822277292999615e+00 -6.056640625000000000e+00
-1.813359625001595532e+00 1.714843750000000000e+00
-1.802256454934038743e+00 -1.008789062500000000e+01
-1.792633511084503084e+00 -5.134765625000000000e+00
-1.781295923951283555e+00 -1.033789062500000000e+01
-1.771913470346561326e+00 -3.906250000000000000e-02
-1.760862405268589725e+00 -1.441015625000000000e+01
-1.751067987139620641e+00 -9.589843750000000000e-01
-1.740428986408396383e+00 -1.181445312500000000e+01
-1.730634704834599802e+00 1.162109375000000000e+00
-1.719500821207546437e+00 -2.771484375000000000e+00
-1.709769253445195147e+00 -6.250000000000000000e-01
-1.698787255431255971e+00 -1.105859375000000000e+01
-1.688883576120204566e+00 2.253906250000000000e+00
-1.678214515634437021e+00 -9.583984375000000000e+00
-1.668449882752682356e+00 6.996093750000000000e+00
-1.657522055859757870e+00 -9.380859375000000000e+00
-1.647786841544558456e+00 3.515625000000000000e-01
-1.636935926622555826e+00 -8.935546875000000000e+00
-1.627139813183916317e+00 4.269531250000000000e+00
-1.616291289275125109e+00 -5.357421875000000000e+00
-1.606424022813854435e+00 4.371093750000000000e+00
-1.595230107815410747e+00 -2.941406250000000000e+00
-1.585813925738207786e+00 3.859375000000000000e+00
-1.574545470792287460e+00 -6.480468750000000000e+00
-1.565379681326035666e+00 1.640625000000000000e+00
-1.554111837611486635e+00 1.812500000000000000e+00
-1.544945536674518394e+00 -1.117187500000000000e+00
-1.533592645401682830e+00 -3.160156250000000000e+00
-1.524191736343510684e+00 1.496093750000000000e+00
-1.513152311678808815e+00 -1.898437500000000000e+00
-1.503758112595988905e+00 -5.625000000000000000e-01
-1.492811236215999315e+00 -1.109375000000000000e+00
-1.483324488808449360e+00 1.601562500000000000e-01
-1.472289717445988799e+00 -4.859375000000000000e+00
-1.462242573542070545e+00 6.250000000000000000e-02
-1.451756064853952921e+00 -5.320312500000000000e+00
-1.441898814672285312e+00 5.363281250000000000e+00
-1.431196944310499930e+00 -6.769531250000000000e+00
-1.421376284199695306e+00 9.464843750000000000e+00
-1.410461836316557083e+00 -3.437500000000000000e+00
-1.400626518219283412e+00 1.080859375000000000e+01
-1.389977001963558223e+00 -3.072265625000000000e+00
-1.380086197164487771e+00 6.906250000000000000e+00
-1.369493208421744157e+00 -7.023437500000000000e+00
-1.359513990691070262e+00 6.505859375000000000e+00
-1.348951739409116612e+00 -5.093750000000000000e+00
-1.338940477498226755e+00 3.070312500000000000e+00
-1.328381783670550931e+00 -1.054687500000000000e+00
-1.318506360699075231e+00 4.755859375000000000e+00
-1.307945496513852390e+00 -8.300781250000000000e-01
-1.297772609277572542e+00 4.597656250000000000e+00
-1.287215000086405325e+00 2.621093750000000000e+00
-1.277315869813193672e+00 6.660156250000000000e+00
-1.266849901619735874e+00 5.435546875000000000e+00
-1.256882788790264271e+00 4.750000000000000000e+00
-1.246344610249309426e+00 -1.298828125000000000e+00
-1.236196655576563330e+00 7.226562500000000000e-01
-1.225907451116142965e+00 8.773437500000000000e+00
-1.215709825504134756e+00 3.925781250000000000e+00
-1.205426731887001779e+00 3.410156250000000000e+00
-1.195255106470838768e+00 -7.460937500000000000e-01
-1.184559477712440412e+00 2.726562500000000000e+00
-1.174738052307972680e+00 5.652343750000000000e+00
-1.164204457914308932e+00 5.294921875000000000e+00
-1.154155682350634038e+00 -1.480468750000000000e+00
-1.143690982710808157e+00 3.644531250000000000e+00
-1.133441976162984588e+00 4.605468750000000000e+00
-1.123337475264122531e+00 8.044921875000000000e+00
-1.113287124532021721e+00 -1.308593750000000000e-01
-1.102822388166799783e+00 -6.328125000000000000e-01
-1.092574816863461251e+00 8.462890625000000000e+00
-1.082248415928432905e+00 5.449218750000000000e-01
-1.072011884331217857e+00 -4.636718750000000000e+00
-1.061814589148951882e+00 2.039062500000000000e+00
-1.051508399663603655e+00 3.205078125000000000e+00
-1.041603210507162203e+00 1.455078125000000000e+00
-1.031146298075540813e+00 -2.265625000000000000e+00
-1.020794097417990542e+00 1.007812500000000000e+00
-1.010570811970225691e+00 2.281250000000000000e+00
-1.000345819559271376e+00 -1.171875000000000000e-02
-9.900197776466939104e-01 4.099609375000000000e+00
-9.798728761694661671e-01 -2.013671875000000000e+00
-9.694263962536240342e-01 3.431640625000000000e+00
-9.594390007865882808e-01 6.640625000000000000e-02
-9.490357592814717691e-01 -1.929687500000000000e+00
-9.390584721879235985e-01 -5.144531250000000000e+00
-9.285160062231483380e-01 3.648437500000000000e+00
-9.184511238769914598e-01 -1.714843750000000000e+00
-9.080821068005064944e-01 5.804687500000000000e+00
-8.980312555357272686e-01 -5.878906250000000000e-01
-8.876481071515485155e-01 -8.203125000000000000e-01
-8.775979304517136370e-01 6.310546875000000000e+00
-8.670897968191724203e-01 2.128906250000000000e-01
-8.571525008434832671e-01 8.082031250000000000e+00
-8.466427471404500693e-01 -4.527343750000000000e+00
-8.364732115059467787e-01 4.546875000000000000e+00
-8.262225459771883607e-01 1.583984375000000000e+00
-8.160617448340303781e-01 1.103125000000000000e+01
-8.056658767322346648e-01 -2.988281250000000000e-01
-7.955365143660344529e-01 5.798828125000000000e+00
-7.850449984196927744e-01 5.027343750000000000e+00
-7.749602651745703952e-01 6.822265625000000000e+00
-7.646115699916151698e-01 2.910156250000000000e-01
-7.545267578423704435e-01 2.251953125000000000e+00
-7.441780414099810059e-01 1.988281250000000000e+00
-7.340933003322902550e-01 6.875000000000000000e-01
-7.237444126566003888e-01 1.035156250000000000e+00
-7.135670284074819847e-01 1.726562500000000000e+00
-7.033109337588427934e-01 7.214843750000000000e+00
-6.933184432673726860e-01 -2.347656250000000000e+00
-6.828774046824435118e-01 5.083984375000000000e+00
-6.727927279824257312e-01 -4.859375000000000000e+00
-6.624438754314212474e-01 5.541015625000000000e+00
-6.523592205338104577e-01 -7.695312500000000000e-01
-6.420103460567077036e-01 -2.011718750000000000e+00
-6.318350265679271160e-01 1.675781250000000000e+00
-6.213977976386644286e-01 3.378906250000000000e+00
-6.112523084790382200e-01 -3.527343750000000000e+00
-6.008775087334186082e-01 1.241796875000000000e+01
-5.907355241633212017e-01 -1.455078125000000000e+00
-5.802423033374140005e-01 6.085937500000000000e+00
-5.702114647816074466e-01 -3.306640625000000000e+00
-5.598088955439521897e-01 4.128906250000000000e+00
-5.498469817726459041e-01 -2.000000000000000000e+00
-5.393479251552122378e-01 4.646484375000000000e+00
-5.293452856881799562e-01 -2.244140625000000000e+00
-5.188873144898167311e-01 3.167968750000000000e+00
-5.088433817878126320e-01 1.566406250000000000e+00
-4.984817199520108488e-01 1.962890625000000000e+00
-4.884102885412744399e-01 -3.898437500000000000e+00
-4.780164325034519379e-01 6.375000000000000000e+00
-4.679114019810413083e-01 1.695312500000000000e+00
-4.575856160626443625e-01 2.554687500000000000e+00
-4.474443112819699309e-01 9.082031250000000000e-01
-4.371540441274817113e-01 -1.310546875000000000e+00
-4.270430124735185018e-01 1.097656250000000000e+00
-4.167107081877219343e-01 1.152343750000000000e+00
-4.065439690479024648e-01 -1.640625000000000000e+00
-3.962765115567634666e-01 -1.113281250000000000e+00
-3.860883701417350267e-01 7.597656250000000000e-01
-3.757124156217486188e-01 7.513671875000000000e+00
-3.656766239895432591e-01 -7.148437500000000000e-01
-3.552780888602882214e-01 1.377539062500000000e+01
-3.450302582127449114e-01 4.820312500000000000e+00
-3.345178801248920308e-01 4.962890625000000000e+00
-3.244282889658904878e-01 8.554687500000000000e-01
-3.142798449413675144e-01 1.166406250000000000e+01
-3.039954536957054643e-01 -7.023437500000000000e+00
-2.938455875925427563e-01 9.222656250000000000e+00
-2.835256757435615782e-01 -1.138671875000000000e+00
-2.729794898932169644e-01 4.767578125000000000e+00
-2.630544789287512231e-01 5.898437500000000000e-01
-2.525026145849409431e-01 9.730468750000000000e+00
-2.423587652685625926e-01 -5.144531250000000000e+00
-2.320691660388405353e-01 8.917968750000000000e+00
-2.219243658348375448e-01 3.410156250000000000e+00
-2.114974817106656246e-01 8.695312500000000000e+00
-2.014524965830162273e-01 7.011718750000000000e+00
-1.910634468424348142e-01 4.521484375000000000e+00
-1.808828831204891685e-01 3.019531250000000000e+00
-1.704212612346651667e-01 1.683593750000000000e+00
-1.603309488767763469e-01 5.621093750000000000e+00
-1.500651590414889824e-01 8.007812500000000000e+00
-1.399566742652496032e-01 -1.970703125000000000e+00
-1.295527191939669365e-01 -3.044140625000000000e+01
-1.192104933282678303e-01 -3.196328125000000000e+02
-1.088212223524891442e-01 -1.053777343750000000e+03
-9.890117325613800858e-02 -2.175050781250000000e+03
-8.828178273100206752e-02 -3.643253906250000000e+03
-7.833141930453280111e-02 -5.183320312500000000e+03
-6.790223213245383249e-02 -6.930228515625000000e+03
-5.788437430939552542e-02 -8.586281250000000000e+03
-4.741114929244361065e-02 -1.017705078125000000e+04
-3.718276129465891700e-02 -1.092159765625000000e+04
-2.676139935077515020e-02 -1.136835546875000000e+04
-1.654859792104446115e-02 -1.164083789062500000e+04
-6.106112093092974646e-03 -1.178016015625000000e+04
4.050616560391517851e-03 -1.177126562500000000e+04
1.457990805614883811e-02 -1.166107031250000000e+04
2.453146891903656979e-02 -1.145412304687500000e+04
3.526502903227424213e-02 -1.104965429687500000e+04
4.501270300352189224e-02 -1.025452343750000000e+04
5.595011479276479349e-02 -8.817488281250000000e+03
6.549102068352397055e-02 -7.225763671875000000e+03
7.638442387364818842e-02 -5.572839843750000000e+03
8.596919225502119843e-02 -3.959566406250000000e+03
9.656770984551599213e-02 -2.482089843750000000e+03
1.063582139872352172e-01 -1.315880859375000000e+03
1.172740837457411089e-01 -4.037285156250000000e+02
1.270131617174001804e-01 -5.555664062500000000e+01
1.377282787510836215e-01 1.237890625000000000e+01
1.474463037383202391e-01 3.673828125000000000e+00
1.587637787119859922e-01 1.567968750000000000e+01
1.689559505910125381e-01 -1.962890625000000000e+00
1.796435638521671763e-01 1.151953125000000000e+01
1.891318455836312751e-01 9.894531250000000000e+00
2.002306239126170340e-01 7.376953125000000000e+00
2.103003499940854226e-01 1.103320312500000000e+01
2.206641728632945387e-01 1.175781250000000000e+00
2.307342370184954916e-01 2.710937500000000000e+00
2.416200554317740057e-01 4.521484375000000000e+00
2.522207821193802602e-01 9.531250000000000000e+00
2.624719652585696394e-01 5.595703125000000000e+00
2.718994411727351235e-01 9.515625000000000000e+00
2.831174093865911345e-01 4.234375000000000000e+00
2.931366922689164767e-01 7.720703125000000000e+00
3.035512564150621984e-01 9.414062500000000000e+00
3.136921941096346700e-01 1.255078125000000000e+01
3.238879707436979061e-01 1.113281250000000000e+00
3.342691437660221254e-01 8.074218750000000000e+00
3.449592193346830982e-01 5.548828125000000000e+00
3.549657550403964024e-01 1.633203125000000000e+01
3.653927611221803318e-01 2.972656250000000000e+00
3.753397874416037894e-01 1.907617187500000000e+01
3.859914037550140620e-01 3.298828125000000000e+00
3.964076272862229189e-01 1.563281250000000000e+01
4.067013824032414959e-01 7.962890625000000000e+00
4.171547369625301371e-01 1.207031250000000000e+01
4.275694320442369190e-01 6.191406250000000000e+00
4.380381525492254013e-01 1.484960937500000000e+01
4.482849758826148445e-01 1.599609375000000000e+00
4.584713331327208152e-01 1.236718750000000000e+01
4.686278558934589000e-01 1.056640625000000000e+01
4.790605443866695623e-01 1.291406250000000000e+01
4.892433517541974197e-01 6.332031250000000000e+00
4.993375947391456293e-01 1.810351562500000000e+01
5.096769121681461456e-01 5.800781250000000000e+00
5.198880432248103034e-01 1.563671875000000000e+01
5.300204675079100980e-01 3.435546875000000000e+00
5.404009817505510682e-01 2.042578125000000000e+01
5.505799275919258662e-01 9.296875000000000000e+00
5.608346774463797146e-01 2.390625000000000000e+01
5.710586592621780255e-01 1.244921875000000000e+01
5.813782247730756580e-01 2.266015625000000000e+01
5.915760688413627122e-01 4.871093750000000000e+00
6.021134898501401267e-01 2.416015625000000000e+01
6.120349193096643603e-01 8.966796875000000000e+00
6.223516944378246762e-01 1.986523437500000000e+01
6.324934816427685291e-01 8.863281250000000000e+00
6.430822057550784621e-01 1.697656250000000000e+01
6.532058352927379019e-01 9.968750000000000000e+00
6.636074033619934198e-01 2.289648437500000000e+01
6.738049027517547529e-01 9.863281250000000000e+00
6.842587303813871813e-01 1.297265625000000000e+01
6.942377790001330595e-01 1.371875000000000000e+01
7.046917930106957328e-01 6.886718750000000000e+00
7.147969029496294979e-01 1.232226562500000000e+01
7.253922970183879215e-01 1.927734375000000000e+01
7.354411507843963136e-01 8.445312500000000000e+00
7.458666461358660627e-01 1.885937500000000000e+01
7.558749329768090774e-01 8.570312500000000000e+00
7.662995045508722569e-01 1.732812500000000000e+01
7.763259365765406983e-01 1.211718750000000000e+01
7.867993655220004712e-01 1.676953125000000000e+01
7.970177762084063033e-01 1.312890625000000000e+01
8.073882379544130572e-01 1.654687500000000000e+01
8.174657612614879554e-01 1.303320312500000000e+01
8.281799469181265749e-01 1.933984375000000000e+01
8.379311162583604755e-01 1.343359375000000000e+01
8.487716289762232691e-01 2.025976562500000000e+01
8.584751626653002177e-01 1.399804687500000000e+01
8.693523398038536243e-01 2.280859375000000000e+01
8.790002067528064345e-01 1.278515625000000000e+01
8.897602268245066170e-01 2.700781250000000000e+01
8.998384028496104747e-01 1.923828125000000000e+01
9.102567234212841640e-01 2.702343750000000000e+01
9.202722873638151668e-01 1.702734375000000000e+01
9.306907428608468535e-01 2.101562500000000000e+01
9.407062219438842021e-01 2.223632812500000000e+01
9.511622146068106076e-01 2.636328125000000000e+01
9.611400565813994490e-01 2.089062500000000000e+01
9.715963855099829516e-01 3.064062500000000000e+01
9.816774274969759517e-01 2.236718750000000000e+01
9.920717751429748432e-01 2.341015625000000000e+01
1.002192465869711668e+00 1.996484375000000000e+01
1.012546144337463261e+00 3.107421875000000000e+01
1.022544495246762608e+00 1.860156250000000000e+01
1.032979194743163021e+00 3.114843750000000000e+01
1.042875595933338673e+00 2.166992187500000000e+01
1.053493188001226599e+00 2.600000000000000000e+01
1.063411564044287161e+00 2.074218750000000000e+01
1.073845596306270522e+00 2.537500000000000000e+01
1.083845098854141042e+00 3.094140625000000000e+01
1.094441775150258422e+00 2.922265625000000000e+01
1.104388357887245320e+00 2.283984375000000000e+01
1.114793798273382208e+00 2.701562500000000000e+01
1.124822668074074272e+00 2.309375000000000000e+01
1.135227335466112208e+00 2.773437500000000000e+01
1.145302175220592744e+00 2.785742187500000000e+01
1.155783997982197775e+00 2.426562500000000000e+01
1.165702138308290614e+00 2.385546875000000000e+01
1.176197190354457689e+00 2.467578125000000000e+01
1.186202580821429819e+00 3.274218750000000000e+01
1.196824542002019598e+00 2.670117187500000000e+01
1.206636482572378100e+00 2.591015625000000000e+01
1.217258183895779666e+00 3.174414062500000000e+01
1.227035460488139051e+00 2.636328125000000000e+01
1.237798762651507900e+00 2.663671875000000000e+01
1.247782402231507604e+00 3.100390625000000000e+01
1.258356671978930308e+00 3.236718750000000000e+01
1.268216490014140163e+00 3.344921875000000000e+01
1.278790783066455106e+00 3.361718750000000000e+01
1.288618270979057456e+00 2.897656250000000000e+01
1.299147751744627044e+00 3.373046875000000000e+01
1.309150612912972633e+00 3.331445312500000000e+01
1.319658855076653481e+00 3.204492187500000000e+01
1.329518751957778022e+00 3.836718750000000000e+01
1.340015837080741790e+00 3.480078125000000000e+01
1.350018684803117708e+00 3.720312500000000000e+01
1.360449729402049002e+00 3.186328125000000000e+01
1.370452845781883866e+00 3.670507812500000000e+01
1.380883721491287019e+00 2.974609375000000000e+01
1.390952701240138367e+00 3.782812500000000000e+01
1.401472484498683002e+00 4.072656250000000000e+01
1.411587782044009032e+00 3.566210937500000000e+01
1.421910782291789133e+00 3.763281250000000000e+01
1.432020771826429950e+00 3.431835937500000000e+01
1.442343753302239406e+00 3.078906250000000000e+01
1.452330645257831065e+00 3.897656250000000000e+01
1.462899486944053251e+00 3.660937500000000000e+01
1.473029177765880604e+00 3.014257812500000000e+01
1.483488364912844304e+00 3.600585937500000000e+01
1.493491160921209371e+00 3.788867187500000000e+01
1.503921942385275656e+00 3.708789062500000000e+01
1.513933407645453144e+00 3.558203125000000000e+01
1.524392859016174384e+00 3.783203125000000000e+01
1.534421224587347865e+00 2.775976562500000000e+01
1.544831093550769197e+00 4.230468750000000000e+01
1.554785849841550771e+00 3.418359375000000000e+01
1.565259046171362911e+00 4.033398437500000000e+01
1.575288280346356373e+00 3.194921875000000000e+01
1.585696800580066679e+00 4.282421875000000000e+01
1.595721808054875623e+00 3.276171875000000000e+01
1.606129754150046551e+00 4.185156250000000000e+01
1.616155335410510929e+00 3.297656250000000000e+01
1.626677281654750118e+00 4.150585937500000000e+01
1.636726447912366211e+00 3.245507812500000000e+01
1.647153312952312376e+00 4.903125000000000000e+01
1.657246192590605460e+00 3.483593750000000000e+01
1.667587702599874433e+00 4.565625000000000000e+01
1.677593927223057335e+00 3.359570312500000000e+01
1.688021892238637633e+00 4.544531250000000000e+01
1.698123341249470286e+00 4.017968750000000000e+01
1.708584450781998498e+00 4.147265625000000000e+01
1.718566371775594348e+00 3.504687500000000000e+01
1.729146886965580165e+00 4.684765625000000000e+01
1.738999845991273219e+00 3.505078125000000000e+01
1.749581254232296601e+00 4.293359375000000000e+01
1.759581943221320444e+00 3.897460937500000000e+01
1.770261860765529605e+00 4.686718750000000000e+01
1.779875956900042411e+00 3.783984375000000000e+01
1.790694703369879903e+00 4.631250000000000000e+01
1.800587201817080540e+00 3.686328125000000000e+01
1.811294903339259577e+00 4.382812500000000000e+01
1.821463959686724365e+00 3.532031250000000000e+01
1.831906782301103931e+00 4.514843750000000000e+01
1.841919178146895320e+00 3.890429687500000000e+01
1.852577015273922711e+00 4.291015625000000000e+01
1.862436922221206714e+00 3.885937500000000000e+01
1.873022911407772995e+00 4.208593750000000000e+01
1.882898994119813096e+00 3.930664062500000000e+01
1.893467311262767794e+00 3.864062500000000000e+01
1.903332506225041243e+00 4.013671875000000000e+01
1.913890160681788188e+00 4.382617187500000000e+01
1.923766018621307694e+00 3.729687500000000000e+01
1.934455227986006776e+00 4.619531250000000000e+01
1.944229048559805051e+00 3.700000000000000000e+01
1.955012586577524303e+00 4.114453125000000000e+01
1.964944271367301099e+00 3.594921875000000000e+01
1.975507322330201987e+00 4.145507812500000000e+01
1.985391047303579626e+00 3.978515625000000000e+01
1.995999612324098393e+00 3.794140625000000000e+01
2.005967496278287854e+00 4.273242187500000000e+01
2.016643717552966564e+00 3.957812500000000000e+01
2.026731754014591047e+00 4.459179687500000000e+01
2.037172404102918222e+00 4.199609375000000000e+01
2.047224991800632665e+00 4.740429687500000000e+01
2.057736451862510307e+00 3.923046875000000000e+01
2.067740747390217848e+00 3.819335937500000000e+01
2.078203634902180852e+00 3.819921875000000000e+01
2.088264456463093666e+00 4.557617187500000000e+01
2.098767807159717336e+00 4.365234375000000000e+01
2.108725449740802560e+00 4.519531250000000000e+01
2.119308270542788364e+00 3.841015625000000000e+01
2.129204143638702362e+00 3.828710937500000000e+01
2.139635610406955379e+00 3.851367187500000000e+01
2.149593736824670032e+00 4.095312500000000000e+01
2.160176882017950106e+00 3.962109375000000000e+01
2.170180099000305063e+00 4.128906250000000000e+01
2.180812419632289334e+00 3.244140625000000000e+01
2.190760321865013793e+00 3.953710937500000000e+01
2.201245921438399478e+00 3.841796875000000000e+01
2.211193451316717073e+00 4.355078125000000000e+01
2.221879496559623135e+00 3.292187500000000000e+01
2.231849390940254807e+00 3.963671875000000000e+01
2.243218930740809469e+00 3.739453125000000000e+01
2.253515555771997469e+00 4.116406250000000000e+01
2.263652501985021104e+00 3.820117187500000000e+01
2.274074431662270968e+00 4.464843750000000000e+01
2.284255620170895895e+00 3.394921875000000000e+01
2.294718608942559968e+00 3.798046875000000000e+01
2.304998893752070899e+00 3.364843750000000000e+01
2.315152308596509556e+00 3.767578125000000000e+01
2.325432398694118774e+00 3.333789062500000000e+01
2.336119342636784779e+00 3.345507812500000000e+01
2.346690342954900643e+00 3.003125000000000000e+01
2.357002561496315707e+00 3.358203125000000000e+01
2.367113536014102237e+00 3.488671875000000000e+01
2.377436042169406960e+00 3.536914062500000000e+01
2.387552137911384875e+00 3.625195312500000000e+01
2.398061747307536962e+00 3.787500000000000000e+01
2.408114592917144137e+00 2.447460937500000000e+01
2.418678564380414286e+00 3.757812500000000000e+01
2.429173439089282738e+00 3.271484375000000000e+01
2.439694056822460766e+00 3.909375000000000000e+01
2.449607529425776420e+00 3.120703125000000000e+01
2.460366214324437806e+00 3.737109375000000000e+01
2.470529141279044438e+00 2.970898437500000000e+01
2.481337852571087410e+00 3.014843750000000000e+01
2.491130406127027186e+00 2.878320312500000000e+01
2.501852114609405930e+00 3.894335937500000000e+01
2.511563947612572179e+00 2.869726562500000000e+01
2.522206333340946571e+00 4.057812500000000000e+01
2.532259100021647669e+00 3.100000000000000000e+01
2.542719856931412892e+00 3.540625000000000000e+01
2.552976896837407139e+00 2.210156250000000000e+01
2.563285536567349254e+00 3.499218750000000000e+01
2.573410802371853379e+00 2.551367187500000000e+01
2.583719173644425382e+00 3.373632812500000000e+01
2.593844807961630750e+00 2.325195312500000000e+01
2.604206074618829803e+00 3.160156250000000000e+01
2.614344079652198616e+00 2.832812500000000000e+01
2.624709801863431835e+00 3.176953125000000000e+01
2.634813835332295184e+00 2.407812500000000000e+01
2.645303268133361030e+00 3.074609375000000000e+01
2.655487685605649517e+00 2.505664062500000000e+01
2.665736164987251300e+00 3.316796875000000000e+01
2.675921103592727945e+00 2.354687500000000000e+01
2.686295625481946558e+00 3.434765625000000000e+01
2.696354621864330170e+00 2.063671875000000000e+01
2.706665776193261763e+00 3.981445312500000000e+01
2.717101360245607111e+00 2.140234375000000000e+01
2.727546648675129859e+00 2.868359375000000000e+01
2.737773082287390025e+00 1.771093750000000000e+01
2.747963692070655384e+00 2.821093750000000000e+01
2.758146237166684500e+00 1.343945312500000000e+01
2.768429862551400333e+00 2.094531250000000000e+01
2.778638916311251705e+00 2.200000000000000000e+01
2.789105489896783752e+00 2.955859375000000000e+01
2.799166824441059021e+00 2.150976562500000000e+01
2.809586109423136691e+00 2.717187500000000000e+01
2.819757667735757423e+00 2.772265625000000000e+01
2.830077905084792178e+00 3.046484375000000000e+01
2.840191877747201943e+00 1.690625000000000000e+01
2.850506497677784523e+00 2.850000000000000000e+01
2.860626187766683870e+00 2.104687500000000000e+01
2.870944409624527793e+00 2.814062500000000000e+01
2.881249690177142497e+00 1.980664062500000000e+01
2.891969838317336894e+00 1.019921875000000000e+01
2.902288422205771212e+00 2.056640625000000000e+01
2.912403498659287493e+00 2.237109375000000000e+01
2.922722747126414333e+00 1.848437500000000000e+01
2.932837009003733897e+00 1.739062500000000000e+01
2.942937149759529802e+00 1.997851562500000000e+01
2.953282680208772604e+00 1.864453125000000000e+01
2.963150166701069566e+00 2.799218750000000000e+01
2.973830033982594045e+00 1.822265625000000000e+01
2.983874310546696051e+00 2.471093750000000000e+01
2.994263888410714003e+00 1.617968750000000000e+01
3.004529410467995376e+00 2.117968750000000000e+01
3.014697742984353113e+00 1.633398437500000000e+01
3.025032635838357464e+00 2.388671875000000000e+01
3.035385253823719154e+00 1.672851562500000000e+01
3.045466296485898283e+00 1.496093750000000000e+01
3.055716766359324765e+00 1.151757812500000000e+01
3.065954493792787616e+00 2.231640625000000000e+01
3.076190522530495741e+00 1.439453125000000000e+01
3.086387889137085949e+00 1.755468750000000000e+01
3.096624218219048430e+00 1.565234375000000000e+01
3.106821084712692027e+00 1.974218750000000000e+01
3.117017449482005986e+00 1.675390625000000000e+01
3.127255914204653209e+00 1.737890625000000000e+01
3.137451111060869380e+00 2.263476562500000000e+01
3.147687776557404504e+00 9.761718750000000000e+00
3.157884572878316476e+00 1.678320312500000000e+01
3.168122069552993025e+00 1.450000000000000000e+01
3.178486461988867973e+00 1.451953125000000000e+01
3.188555147312655436e+00 1.816796875000000000e+01
3.198920516593133812e+00 1.206250000000000000e+01
3.208988784078712797e+00 1.828515625000000000e+01
3.219508302226003593e+00 1.409765625000000000e+01
3.229421742981969601e+00 1.291796875000000000e+01
3.239973455704046046e+00 1.146679687500000000e+01
3.249991769951037668e+00 1.496484375000000000e+01
3.260374110369284040e+00 1.117578125000000000e+01
3.270452249204993223e+00 6.851562500000000000e+00
3.280961220050542693e+00 1.638671875000000000e+01
3.290956130844008953e+00 5.785156250000000000e+00
3.301588760979115023e+00 1.246679687500000000e+01
3.311624661855432805e+00 6.761718750000000000e+00
3.322022909588753237e+00 1.086718750000000000e+01
3.332058831470760651e+00 1.268359375000000000e+01
3.342457057991026659e+00 1.035937500000000000e+01
3.352492900859772362e+00 6.765625000000000000e+00
3.362980300933728017e+00 1.230468750000000000e+01
3.372926870248022624e+00 1.325000000000000000e+01
3.383449716624525649e+00 1.180273437500000000e+01
3.393361039397689183e+00 1.300390625000000000e+01
3.403848245523718674e+00 1.364453125000000000e+01
3.413795108321039606e+00 9.031250000000000000e+00
3.424282217356690694e+00 1.200000000000000000e+01
3.434279458866612345e+00 7.609375000000000000e+00
3.444750254224416608e+00 1.822460937500000000e+01
3.454576986814643647e+00 1.161718750000000000e+01
3.465183816209972179e+00 1.518750000000000000e+01
3.475195577845084927e+00 9.082031250000000000e+00
3.485617278202042257e+00 8.666015625000000000e+00
3.495644283750323211e+00 3.210937500000000000e+00
3.506287547504783220e+00 -4.521093750000000000e+01
3.516061614737196805e+00 -1.289804687500000000e+02
3.526818676208662851e+00 -3.131679687500000000e+02
3.536630720416454210e+00 -4.870859375000000000e+02
3.547251636006862441e+00 -7.179101562500000000e+02
3.557166214366077384e+00 -9.117148437500000000e+02
3.567699509890346121e+00 -1.110578125000000000e+03
3.577599121668242788e+00 -1.229160156250000000e+03
3.588133356336740576e+00 -1.268304687500000000e+03
3.598110421671734116e+00 -1.266724609375000000e+03
3.608567002788888090e+00 -1.278769531250000000e+03
3.618637368590086112e+00 -1.269353515625000000e+03
3.629067516422338713e+00 -1.279841796875000000e+03
3.639086474026385076e+00 -1.266578125000000000e+03
3.649500946978633920e+00 -1.281150390625000000e+03
3.659520686839073278e+00 -1.241113281250000000e+03
3.669934327185302436e+00 -1.170892578125000000e+03
3.679954999768938251e+00 -1.015136718750000000e+03
3.690420633651299909e+00 -8.160234375000000000e+02
3.700502689128356337e+00 -6.049941406250000000e+02
3.711271844061528213e+00 -3.950429687500000000e+02
3.721048099005685117e+00 -1.971562500000000000e+02
3.731706020196114082e+00 -7.235156250000000000e+01
3.741481476189193245e+00 -4.875000000000000000e+00
3.751885159938709080e+00 5.289062500000000000e+00
3.761914953373462822e+00 9.023437500000000000e+00
3.772574672758608472e+00 6.617187500000000000e+00
3.782354443601093408e+00 1.101562500000000000e+01
3.793008849155128814e+00 4.296875000000000000e-01
3.802788166188861396e+00 9.855468750000000000e+00
3.813546557394218439e+00 4.640625000000000000e+00
3.823273686307288699e+00 8.937500000000000000e+00
3.833928399522577024e+00 5.378906250000000000e+00
3.843707809189140789e+00 1.023828125000000000e+01
3.854633954355875858e+00 1.433593750000000000e+00
3.864304202738395588e+00 1.398437500000000000e+01
3.875208804658299755e+00 3.671875000000000000e+00
3.885250426445480798e+00 1.102734375000000000e+01
3.895745607552981937e+00 1.568359375000000000e+00
3.905723680956739940e+00 8.166015625000000000e+00
3.916304492202925758e+00 -2.048828125000000000e+00
3.926218737500377642e+00 8.402343750000000000e+00
3.936942837080295021e+00 3.468750000000000000e+00
3.946677498208032375e+00 9.859375000000000000e+00
3.957312928698442533e+00 4.554687500000000000e+00
3.967142645859439654e+00 6.199218750000000000e+00
3.977927153408401750e+00 -2.281250000000000000e+00
3.987608630660702147e+00 1.094140625000000000e+01
3.998415305630842909e+00 -1.421875000000000000e+00
4.008353889901798084e+00 3.945312500000000000e+00
4.018913712405890237e+00 -4.789062500000000000e+00
4.028893049781146374e+00 5.167968750000000000e+00
4.039424138294876343e+00 -7.136718750000000000e+00
4.049410374592042672e+00 7.898437500000000000e+00
4.059987084535265467e+00 3.105468750000000000e-01
4.069972008677936515e+00 5.546875000000000000e+00
4.080550629041269417e+00 -7.574218750000000000e+00
4.090642742969478718e+00 8.166015625000000000e+00
4.101056321739903865e+00 2.300781250000000000e+00
4.111029608532675184e+00 4.914062500000000000e+00
4.121602494836039909e+00 5.019531250000000000e-01
4.131711684328536194e+00 8.121093750000000000e+00
4.142036351650673964e+00 1.775390625000000000e+00
4.152145891582392778e+00 3.996093750000000000e+00
4.162724646901935444e+00 6.945312500000000000e+00
4.172580098952664684e+00 8.789062500000000000e-01
4.183433150727424277e+00 1.867187500000000000e+00
4.193048620922127157e+00 9.246093750000000000e+00
4.203865894029505057e+00 3.898437500000000000e+00
4.213521577202214985e+00 6.093750000000000000e-01
4.224298737325071329e+00 -4.726562500000000000e-01
4.234073075346600490e+00 8.617187500000000000e+00
4.244846403645368582e+00 -1.792968750000000000e+00
4.254388376265438865e+00 4.371093750000000000e+00
4.265590734140246809e+00 -8.708984375000000000e+00
4.275165887814381449e+00 5.666015625000000000e+00
4.286575530536325118e+00 -4.603515625000000000e+00
4.296696466078202548e+00 5.445312500000000000e+00
4.307133092434540345e+00 -3.042968750000000000e+00
4.317341706418488911e+00 -3.414062500000000000e+00
4.327655001524561840e+00 4.185546875000000000e+00
4.338157468078151169e+00 4.105468750000000000e+00
4.348343540837248611e+00 9.882812500000000000e-01
4.358590897648554119e+00 4.730468750000000000e+00
4.368804044312824431e+00 3.320312500000000000e+00
4.379024426746781273e+00 -2.550781250000000000e+00
4.390034149996623114e+00 5.650390625000000000e+00
4.399457755850761487e+00 -2.757812500000000000e+00
4.410476071310284851e+00 1.593750000000000000e+00
4.420802120810478186e+00 -3.191406250000000000e+00
4.430909610187399039e+00 3.789062500000000000e-01
4.441566113558295115e+00 -2.710937500000000000e+00
4.451599876984815296e+00 -3.382812500000000000e+00
4.462038803146256782e+00 -3.300781250000000000e-01
4.472061050901515955e+00 -1.046875000000000000e+00
4.482759200716131431e+00 -4.117187500000000000e+00
4.492904958179451569e+00 3.320312500000000000e-01
4.503490841990256399e+00 -7.949218750000000000e-01
4.513337797902522652e+00 -1.092968750000000000e+01
4.524002449181111274e+00 -3.542968750000000000e+00
4.534379827067681390e+00 -2.441406250000000000e+00
4.545061639996688996e+00 -6.869140625000000000e+00
4.555244407038628651e+00 -1.035156250000000000e-01
4.565495155496151369e+00 -4.830078125000000000e+00
4.575677958281232804e+00 3.724609375000000000e+00
4.586212492796988727e+00 -7.726562500000000000e+00
4.596330426830661509e+00 2.929687500000000000e-01
4.606542175643895121e+00 -7.730468750000000000e+00
4.616763175022185806e+00 -6.082031250000000000e+00
4.626976014152219818e+00 -5.746093750000000000e+00
4.637196123207957044e+00 -3.289062500000000000e+00
4.647446478974771367e+00 -5.312500000000000000e-01
4.657669448304858406e+00 -1.199218750000000000e+00
4.668013936185431589e+00 -6.839843750000000000e+00
4.678103311227658878e+00 -4.435546875000000000e+00
4.688528203842437847e+00 -6.136718750000000000e+00
4.698830734529792608e+00 -5.402343750000000000e+00
4.709044530780161608e+00 -2.818359375000000000e+00
4.719274689407058077e+00 -1.080078125000000000e+01
4.729820836219346347e+00 -1.527343750000000000e+00
4.739853263600309674e+00 -4.611328125000000000e+00
4.750381917979709101e+00 -1.457031250000000000e+00
4.760177457440562421e+00 -4.074218750000000000e+00
4.770866996591919929e+00 -2.351562500000000000e+00
4.780857970635921106e+00 -7.509765625000000000e+00
4.791300022659541469e+00 -9.812500000000000000e+00
4.801320606329227303e+00 -6.160156250000000000e+00
4.811793107475708098e+00 -1.172656250000000000e+01
4.821931875779341681e+00 -4.281250000000000000e+00
4.832440723589272125e+00 -1.315625000000000000e+01
4.842363264822466817e+00 -3.906250000000000000e-01
4.852767350304304728e+00 -5.453125000000000000e+00
4.862797497090824095e+00 -4.783203125000000000e+00
4.873343471454163023e+00 -7.757812500000000000e+00
4.883513911955020603e+00 -8.828125000000000000e+00
4.893834840783412687e+00 -1.008203125000000000e+01
4.904153606383459874e+00 -5.464843750000000000e+00
4.914308136939197880e+00 -5.652343750000000000e+00
4.924381584365988829e+00 -1.484375000000000000e+00
4.935178435007500752e+00 -1.003125000000000000e+01
4.945041746553499706e+00 -4.972656250000000000e+00
4.955611986606626829e+00 -1.450585937500000000e+01
4.965522199936245329e+00 -1.611328125000000000e+00
4.976193798065096985e+00 -1.393945312500000000e+01
4.986098991809342351e+00 -4.625000000000000000e+00
4.996627311483635481e+00 -8.804687500000000000e+00
5.006773241817185749e+00 -2.763671875000000000e+00
5.017146431330743894e+00 -2.104687500000000000e+01
5.027207570383083635e+00 -6.533203125000000000e+00
5.037650700197772835e+00 -1.609570312500000000e+01
5.047641748955115304e+00 -7.177734375000000000e+00
5.058014914348873958e+00 -1.496875000000000000e+01
5.068384858755720757e+00 -6.449218750000000000e+00
5.078587781786794153e+00 -1.965234375000000000e+01
5.088781113030663050e+00 4.863281250000000000e-01
5.098952365971271661e+00 -1.497851562500000000e+01
5.109214645392157195e+00 -3.128906250000000000e+00
5.119534835144122553e+00 -1.485742187500000000e+01
5.129684520272107306e+00 -4.707031250000000000e+00
5.139888140107089498e+00 -1.507812500000000000e+01
5.150081709885952819e+00 -2.935546875000000000e+00
5.160253933297425988e+00 -1.259179687500000000e+01
5.170543442787050026e+00 -1.863281250000000000e+00
5.180834810632632070e+00 -2.025390625000000000e+01
5.190976195635187196e+00 -5.996093750000000000e+00
5.201268136302360290e+00 -1.182421875000000000e+01
5.211409148368431943e+00 -1.099609375000000000e+01
5.221781069513596663e+00 -1.148828125000000000e+01
5.231842001093639283e+00 -5.222656250000000000e+00
5.242214167416747728e+00 -1.303906250000000000e+01
5.252306086804040319e+00 -9.304687500000000000e+00
5.262708599259056541e+00 -9.578125000000000000e+00
5.272707706325775234e+00 -7.109375000000000000e+00
5.283217718664772633e+00 -1.016796875000000000e+01
5.293294415476481163e+00 -1.375195312500000000e+01
5.303664459194678216e+00 -9.863281250000000000e+00
5.313836701773709592e+00 -1.048046875000000000e+01
5.324383722040437306e+00 -1.979101562500000000e+01
5.334281556310330075e+00 -9.878906250000000000e+00
5.344738766314279133e+00 -1.973437500000000000e+01
5.354767489494719257e+00 -4.855468750000000000e+00
5.365490782771203726e+00 -1.605859375000000000e+01
5.375461413019735346e+00 -9.808593750000000000e+00
5.385923818624988257e+00 -1.708593750000000000e+01
5.395896749425546091e+00 -1.400195312500000000e+01
5.406356854238666187e+00 -1.512500000000000000e+01
5.416327322553485146e+00 -7.265625000000000000e+00
5.426789889626789432e+00 -1.998437500000000000e+01
5.436760277149375042e+00 -1.101171875000000000e+01
5.447222924782082032e+00 -1.584375000000000000e+01
5.457197307514533691e+00 -1.035351562500000000e+01
5.467667364566366928e+00 -2.522265625000000000e+01
5.477626185751802268e+00 -1.135937500000000000e+01
5.488100907583500998e+00 -1.835156250000000000e+01
5.498059139882030877e+00 -1.785546875000000000e+01
5.508464330418888721e+00 -1.740625000000000000e+01
5.518568384737491783e+00 -1.753125000000000000e+01
5.528967942911620526e+00 -1.327929687500000000e+01
5.539067110734293919e+00 -1.554687500000000000e+01
5.549509998904198937e+00 -1.985156250000000000e+01
5.559546746742583423e+00 -1.332617187500000000e+01
5.570072602996972932e+00 -1.924609375000000000e+01
5.580239806163660887e+00 -1.264062500000000000e+01
5.590506118474607433e+00 -1.760546875000000000e+01
5.600673036307341590e+00 -1.621093750000000000e+01
5.610939684076313938e+00 -1.640039062500000000e+01
5.621123271303147817e+00 -1.833593750000000000e+01
5.631438965846413680e+00 -1.601757812500000000e+01
5.641556706166809931e+00 -1.969140625000000000e+01
5.651836986403381502e+00 -2.535156250000000000e+01
5.662008056010307655e+00 -1.541406250000000000e+01
5.672305021103042577e+00 -1.533593750000000000e+01
5.682441995356128928e+00 -1.246875000000000000e+01
5.692808278791900989e+00 -1.796484375000000000e+01
5.702914044047744824e+00 -1.208203125000000000e+01
5.713224281757064205e+00 -9.320312500000000000e+00
5.723452346543538738e+00 -9.386718750000000000e+00
5.733675822105553266e+00 -2.226171875000000000e+01
5.743820870159083825e+00 -1.339843750000000000e+01
5.754109443411991265e+00 -1.751562500000000000e+01
5.764216264489320452e+00 -1.383203125000000000e+01
5.774757979079780057e+00 -2.218164062500000000e+01
5.784848406472178795e+00 -1.676953125000000000e+01
5.795070267555345822e+00 -2.063281250000000000e+01
5.805266875118903158e+00 -1.775976562500000000e+01
5.815625677746041333e+00 -1.436718750000000000e+01
5.825715603683079280e+00 -1.596484375000000000e+01
5.836398032719515072e+00 -1.880859375000000000e+01
5.846276457228398726e+00 -1.677929687500000000e+01
5.856723464752988662e+00 -1.300000000000000000e+01
5.866697187689055681e+00 -2.014453125000000000e+01
5.877284897309166922e+00 -1.102539062500000000e+01
5.887143532472421725e+00 -2.020312500000000000e+01
5.897718458308830236e+00 -1.278906250000000000e+01
5.907577070174468759e+00 -2.037500000000000000e+01
5.918152119352910745e+00 -1.652343750000000000e+01
5.928520740707682535e+00 -1.687890625000000000e+01
5.938856529459798139e+00 -1.371875000000000000e+01
5.949098442013223575e+00 -1.549609375000000000e+01
5.959381988908731387e+00 -1.560546875000000000e+01
5.969601941331077910e+00 -1.431250000000000000e+01
5.979989436528242663e+00 -1.860546875000000000e+01
5.990106897302922562e+00 -1.512500000000000000e+01
6.000422963068970716e+00 -1.426953125000000000e+01
6.010469114349419328e+00 -1.554687500000000000e+01
6.020947488570982387e+00 -1.432812500000000000e+01
6.030983080860622181e+00 -2.113085937500000000e+01
6.041411854484820765e+00 -2.421093750000000000e+01
6.051424462136651528e+00 -1.138671875000000000e+01
6.061845901864060693e+00 -1.767187500000000000e+01
6.072235658037655526e+00 -1.797851562500000000e+01
6.082279849599061095e+00 -1.125000000000000000e+01
6.092629877701426722e+00 -2.037890625000000000e+01
6.102909842385287220e+00 -1.051562500000000000e+01
6.113064042892972338e+00 -1.860937500000000000e+01
6.123351880214826792e+00 -1.260937500000000000e+01
6.133824048821907127e+00 -2.247656250000000000e+01
6.144079388865520741e+00 -1.358203125000000000e+01
6.154336964037085522e+00 -2.918359375000000000e+01
6.164563210232458346e+00 -1.239062500000000000e+01
6.174858653796661656e+00 -2.617968750000000000e+01
6.185227939640341788e+00 -1.285156250000000000e+01
6.195305760411258689e+00 -1.904687500000000000e+01
6.205661682826345782e+00 -1.245703125000000000e+01
6.215866497307942495e+00 -2.116601562500000000e+01
6.226111049054864566e+00 -8.589843750000000000e+00
6.236412393946011434e+00 -2.246484375000000000e+01
6.246728339427860988e+00 -1.265820312500000000e+01
6.256853376526535726e+00 -2.329101562500000000e+01
6.267047124830156690e+00 -1.258007812500000000e+01
6.277384772151776815e+00 -2.550781250000000000e+01
6.287534559185999683e+00 -1.042968750000000000e+01
6.297817828491020009e+00 -2.884960937500000000e+01
6.308030008992133730e+00 -1.561718750000000000e+01
6.318160863181134346e+00 -2.500390625000000000e+01
6.328704072334190300e+00 -1.571679687500000000e+01
6.339103321260694202e+00 -2.361328125000000000e+01
6.349944507793665593e+00 -2.147265625000000000e+01
6.359848352652932135e+00 -2.140234375000000000e+01
6.370115950752776257e+00 -9.230468750000000000e+00
6.380281219006008087e+00 -1.945703125000000000e+01
6.391307977368867910e+00 -1.037109375000000000e+01
6.401652672507012198e+00 -1.765625000000000000e+01
6.412035154619630362e+00 -1.902539062500000000e+01
6.422138878289956665e+00 -2.300390625000000000e+01
6.432424041842622842e+00 -1.629687500000000000e+01
6.442572151972967731e+00 -2.301171875000000000e+01
6.452946609418788171e+00 -1.372265625000000000e+01
6.463233238132687575e+00 -3.086718750000000000e+01
6.473458936813372588e+00 -1.626953125000000000e+01
6.484051378388464570e+00 -3.150976562500000000e+01
6.494664006623281693e+00 -1.356640625000000000e+01
6.504960147618575661e+00 -3.757031250000000000e+01
6.515097502317587441e+00 -1.385546875000000000e+01
6.525437617928233180e+00 -3.243554687500000000e+01
6.535575853538347246e+00 -1.728515625000000000e+01
6.545915619906665484e+00 -2.948046875000000000e+01
6.556097512370399727e+00 -1.171093750000000000e+01
6.566921213296183168e+00 -3.307617187500000000e+01
6.577025488525421792e+00 -1.218554687500000000e+01
6.587567561768352675e+00 -3.064453125000000000e+01
6.598110618873548106e+00 8.593750000000000000e-02
6.608463941720913226e+00 -2.540234375000000000e+01
6.618558514872063370e+00 -7.015625000000000000e+00
6.629121231435206596e+00 -3.135546875000000000e+01
6.639155828955097149e+00 -6.859375000000000000e+00
6.649554826897443149e+00 -2.643164062500000000e+01
6.659590060728930894e+00 -9.191406250000000000e+00
6.669935828299813352e+00 -2.488281250000000000e+01
6.680480485848363514e+00 -8.488281250000000000e+00
6.690368661940183870e+00 -2.300390625000000000e+01
6.700767483602760421e+00 -6.458984375000000000e+00
6.710909330271661588e+00 -2.482421875000000000e+01
6.721200987646227532e+00 -1.212304687500000000e+01
6.731343487088579991e+00 -1.827343750000000000e+01
6.741779015516783602e+00 -1.045312500000000000e+01
6.752106524115006891e+00 -1.630468750000000000e+01
6.762473802235888343e+00 -1.628125000000000000e+01
6.772691889280665123e+00 -1.591015625000000000e+01
6.783020050963415315e+00 -1.800781250000000000e+01
6.793152199346323528e+00 -1.756445312500000000e+01
6.803650021247960922e+00 -1.473242187500000000e+01
6.813870913491996362e+00 -1.937109375000000000e+01
6.824290087216922984e+00 -1.425000000000000000e+01
6.834213129314818502e+00 -1.845703125000000000e+01
6.844724216792656080e+00 -9.464843750000000000e+00
6.854830742971174118e+00 -1.705078125000000000e+01
6.865339853149322380e+00 -1.199218750000000000e+01
6.875467385657955788e+00 -1.518750000000000000e+01
6.885965916477076121e+00 -1.116992187500000000e+01
6.895943258736735970e+00 -2.282226562500000000e+01
6.906399323870360263e+00 -1.190039062500000000e+01
6.916488322060061478e+00 -3.327343750000000000e+01
6.927053570094557244e+00 -8.140625000000000000e+00
6.936888456547194437e+00 -2.426562500000000000e+01
6.947408302517317225e+00 -8.427734375000000000e+00
6.957356073757139825e+00 -3.432031250000000000e+01
6.967965934197593469e+00 -7.808593750000000000e+00
6.978065168188649636e+00 -2.214453125000000000e+01
6.988399503466382612e+00 -1.542968750000000000e+01
6.998545665540277128e+00 -2.043750000000000000e+01
7.008972139599237039e+00 -1.615820312500000000e+01
7.019557918439872424e+00 -1.915234375000000000e+01
7.029524615151387934e+00 -1.630859375000000000e+01
7.039992096524414933e+00 -2.119140625000000000e+01
7.050400150929007737e+00 -1.309570312500000000e+01
7.060576325026900690e+00 -2.318359375000000000e+01
7.070833674504783062e+00 -1.522851562500000000e+01
7.080860702578988253e+00 -2.911914062500000000e+01
7.091302630847081900e+00 -1.166796875000000000e+01
7.101294980584256678e+00 -2.120312500000000000e+01
7.111744032522011594e+00 -1.001757812500000000e+01
7.121907239955689306e+00 -2.381445312500000000e+01
7.132184949552680564e+00 -1.331250000000000000e+01
7.142313518749702439e+00 -2.669140625000000000e+01
7.152619152136779235e+00 -1.232031250000000000e+01
7.162802318587367267e+00 -2.731640625000000000e+01
7.173045852724072802e+00 -1.072851562500000000e+01
7.183208957224778146e+00 -2.332226562500000000e+01
7.193485794721851789e+00 -1.521093750000000000e+01
7.203669278652981234e+00 -1.816406250000000000e+01
7.213919595382051853e+00 -1.082421875000000000e+01
7.224076736232163398e+00 -1.771289062500000000e+01
7.234353177045434791e+00 -1.141406250000000000e+01
7.244789257277133743e+00 -1.868359375000000000e+01
7.254786642335744773e+00 -1.474609375000000000e+01
7.265222040975331197e+00 -2.075390625000000000e+01
7.275479148913603922e+00 -1.670703125000000000e+01
7.285702054803650185e+00 -1.572851562500000000e+01
7.295912256362811377e+00 -1.201562500000000000e+01
7.306087908133903852e+00 -1.596093750000000000e+01
7.316350608034284164e+00 -1.935351562500000000e+01
7.326617330455846400e+00 -2.024218750000000000e+01
7.336789827705672451e+00 -1.524218750000000000e+01
7.347201975984276601e+00 -1.612500000000000000e+01
7.357257205212832218e+00 -1.853125000000000000e+01
7.367635967142192044e+00 -1.258593750000000000e+01
7.377725127660113458e+00 -1.709375000000000000e+01
7.388217663439618832e+00 -1.087304687500000000e+01
7.398159348621874187e+00 -1.230078125000000000e+01
7.408650677636515525e+00 -1.392773437500000000e+01
7.418813135671470604e+00 -1.513867187500000000e+01
7.429226909456602357e+00 -1.318359375000000000e+01
7.439303804337953352e+00 -1.674609375000000000e+01
7.449719631774399886e+00 -1.313867187500000000e+01
7.459796299444519718e+00 -1.559179687500000000e+01
7.470102041657739278e+00 -1.419531250000000000e+01
7.480171868377340161e+00 -2.103515625000000000e+01
7.490531163709334805e+00 -1.443164062500000000e+01
7.500605900273342286e+00 -1.503515625000000000e+01
7.510674011629376423e+00 -1.851953125000000000e+01
7.521039931943789725e+00 -1.944531250000000000e+01
7.531391998372683361e+00 -1.352343750000000000e+01
7.541586589493306292e+00 -1.792968750000000000e+01
7.551541997786912930e+00 -1.731250000000000000e+01
7.561963708099597170e+00 -1.716601562500000000e+01
7.572258032820073481e+00 -1.367187500000000000e+01
7.582476214771276091e+00 -2.112500000000000000e+01
7.592708075218908448e+00 -1.067968750000000000e+01
7.603119198698038872e+00 -2.001562500000000000e+01
7.613242883331864164e+00 -1.312500000000000000e+01
7.623604154676357325e+00 -1.526367187500000000e+01
7.633676812316721794e+00 -1.321875000000000000e+01
7.644150713245423390e+00 -1.200390625000000000e+01
7.654110641075263288e+00 -1.209765625000000000e+01
7.664646111758315783e+00 -1.350390625000000000e+01
7.674618275300986170e+00 -1.119335937500000000e+01
7.685119407610301323e+00 -1.174609375000000000e+01
7.695051627433372232e+00 -5.556640625000000000e+00
