#Time Flux
-6.016749890380069132e+00 -6.400000000000000000e+01
-5.991009490594734643e+00 -5.287500000000000000e+01
-5.967274131764057188e+00 -4.537500000000000000e+01
-5.943608976171745439e+00 -5.875000000000000000e+01
-5.919220395486156860e+00 -5.525000000000000000e+01
-5.895660690236574908e+00 -5.818750000000000000e+01
-5.871418328427814970e+00 -6.425000000000000000e+01
-5.847247105529568501e+00 -5.781250000000000000e+01
-5.822679453086379908e+00 -5.237500000000000000e+01
-5.798871415396206430e+00 -6.100000000000000000e+01
-5.774883373933292319e+00 -5.981250000000000000e+01
-5.751115224270378690e+00 -5.950000000000000000e+01
-5.726327831903518017e+00 -5.812500000000000000e+01
-5.702453802486346035e+00 -3.850000000000000000e+01
-5.677973507036440992e+00 -5.162500000000000000e+01
-5.654498660822561362e+00 -3.925000000000000000e+01
-5.630466971063604831e+00 -5.768750000000000000e+01
-5.606394768593020217e+00 -5.262500000000000000e+01
-5.581755635501501445e+00 -5.562500000000000000e+01
-5.557145988139780002e+00 -5.812500000000000000e+01
-5.533398560821730428e+00 -6.012500000000000000e+01
-5.509397702886545289e+00 -4.762500000000000000e+01
-5.485651626779215917e+00 -5.212500000000000000e+01
-5.461796868136325145e+00 -5.775000000000000000e+01
-5.436941143137048016e+00 -7.456250000000000000e+01
-5.412776423116369529e+00 -5.237500000000000000e+01
-5.388861500634654078e+00 -6.175000000000000000e+01
-5.365312215458217793e+00 -4.906250000000000000e+01
-5.341145428367070735e+00 -5.637500000000000000e+01
-5.316687056555821300e+00 -5.237500000000000000e+01
-5.292156215924322282e+00 -4.662500000000000000e+01
-5.268516586787448830e+00 -5.487500000000000000e+01
-5.243756483525558565e+00 -7.037500000000000000e+01
-5.220561020079728110e+00 -5.856250000000000000e+01
-5.196254363388050024e+00 -5.437500000000000000e+01
-5.171420002567515439e+00 -4.600000000000000000e+01
-5.148063465530213989e+00 -5.600000000000000000e+01
-5.123796904793088913e+00 -4.906250000000000000e+01
-5.099514481077790151e+00 -5.762500000000000000e+01
-5.075862134963585959e+00 -3.925000000000000000e+01
-5.051894295039367933e+00 -5.050000000000000000e+01
-5.027342383725262209e+00 -4.987500000000000000e+01
-5.003097007778229965e+00 -5.725000000000000000e+01
-4.979271073718230411e+00 -5.362500000000000000e+01
-4.955729659436649115e+00 -5.393750000000000000e+01
-4.931470919694746158e+00 -4.800000000000000000e+01
-4.906877133465506802e+00 -5.031250000000000000e+01
-4.882915204725577496e+00 -5.037500000000000000e+01
-4.858542940468808524e+00 -5.625000000000000000e+01
-4.834557695169749536e+00 -5.762500000000000000e+01
-4.810796430126359269e+00 -4.875000000000000000e+01
-4.786385344504424211e+00 -5.175000000000000000e+01
-4.761781315079829824e+00 -5.043750000000000000e+01
-4.738032322557629072e+00 -4.937500000000000000e+01
-4.713932453983979087e+00 -4.193750000000000000e+01
-4.690165618017395843e+00 -4.443750000000000000e+01
-4.665842239086103405e+00 -5.387500000000000000e+01
-4.641801869320367757e+00 -5.100000000000000000e+01
-4.617555724205764989e+00 -4.925000000000000000e+01
-4.593275054091193965e+00 -5.231250000000000000e+01
-4.569176500712060829e+00 -5.312500000000000000e+01
-4.545608993725608116e+00 -5.943750000000000000e+01
-4.521864149201455518e+00 -5.381250000000000000e+01
-4.497082998139958931e+00 -4.287500000000000000e+01
-4.472760323038222907e+00 -4.800000000000000000e+01
-4.448914745009666660e+00 -3.975000000000000000e+01
-4.424545514110988620e+00 -3.712500000000000000e+01
-4.401177484509084081e+00 -5.562500000000000000e+01
-4.376722097332532257e+00 -4.325000000000000000e+01
-4.352624213152665789e+00 -3.625000000000000000e+01
-4.328366062276188586e+00 -4.250000000000000000e+01
-4.304479062656739075e+00 -4.256250000000000000e+01
-4.279968844487001434e+00 -4.337500000000000000e+01
-4.256120142215806368e+00 -3.312500000000000000e+01
-4.231472449588522977e+00 -3.537500000000000000e+01
-4.207123038136764137e+00 -3.137500000000000000e+01
-4.183331769562556701e+00 -5.162500000000000000e+01
-4.159250691166697322e+00 -3.406250000000000000e+01
-4.135539891318025241e+00 -4.150000000000000000e+01
-4.111438868438234806e+00 -3.268750000000000000e+01
-4.087378147568884401e+00 -3.837500000000000000e+01
-4.063088982394546633e+00 -4.712500000000000000e+01
-4.038839173107973579e+00 -2.631250000000000000e+01
-4.014986741272693394e+00 -3.050000000000000000e+01
-3.990952692445183914e+00 -4.418750000000000000e+01
-3.966589768873802768e+00 -3.543750000000000000e+01
-3.942503234385441147e+00 -2.737500000000000000e+01
-3.918966991349137174e+00 -4.443750000000000000e+01
-3.894359679751133285e+00 -3.775000000000000000e+01
-3.871055864910914579e+00 -4.600000000000000000e+01
-3.845795985214898849e+00 -3.125000000000000000e+01
-3.821779604598340541e+00 -3.743750000000000000e+01
-3.797514199336980312e+00 -4.943750000000000000e+01
-3.773683972021792954e+00 -3.862500000000000000e+01
-3.750191636730505707e+00 -3.550000000000000000e+01
-3.725889054843271708e+00 -3.118750000000000000e+01
-3.700986440426419222e+00 -3.512500000000000000e+01
-3.677233485563590420e+00 -3.062500000000000000e+01
-3.653330452829962383e+00 -2.387500000000000000e+01
-3.629750973881506582e+00 -2.231250000000000000e+01
-3.605238875253419906e+00 -2.037500000000000000e+01
-3.580511033086438033e+00 -3.112500000000000000e+01
-3.556201527965427545e+00 -2.868750000000000000e+01
-3.532454875915064463e+00 -3.062500000000000000e+01
-3.508603475130726679e+00 -2.962500000000000000e+01
-3.484553960826360708e+00 -2.575000000000000000e+01
-3.460589364748621222e+00 -3.037500000000000000e+01
-3.436033358100416990e+00 -2.587500000000000000e+01
-3.412240036857596692e+00 -2.787500000000000000e+01
-3.388409786639101640e+00 -3.300000000000000000e+01
-3.364107555031274899e+00 -2.812500000000000000e+01
-3.340011923388800597e+00 -2.881250000000000000e+01
-3.316297952295307994e+00 -2.218750000000000000e+01
-3.291464636197488858e+00 -2.912500000000000000e+01
-3.267297857608568279e+00 -2.987500000000000000e+01
-3.243330889150662699e+00 -2.718750000000000000e+01
-3.219686544774162940e+00 -3.562500000000000000e+01
-3.195591398539967543e+00 -3.137500000000000000e+01
-3.170753168832206370e+00 -1.075000000000000000e+01
-3.146642177605670554e+00 -2.125000000000000000e+01
-3.122941520712195995e+00 -2.337500000000000000e+01
-3.099030497008271823e+00 -3.412500000000000000e+01
-3.075047125381203728e+00 -3.787500000000000000e+01
-3.050664641521898091e+00 -3.300000000000000000e+01
-3.026632935676360603e+00 -3.350000000000000000e+01
-3.001942756276804403e+00 -2.268750000000000000e+01
-2.977849545189123148e+00 -7.312500000000000000e+00
-2.954242816010008710e+00 -3.175000000000000000e+01
-2.930033261600527794e+00 -3.312500000000000000e+01
-2.905471880215628744e+00 -2.437500000000000000e+01
-2.881838394955813953e+00 -3.250000000000000000e+01
-2.857669278738825369e+00 -2.037500000000000000e+01
-2.833396295635822071e+00 -1.912500000000000000e+01
-2.809411914600602245e+00 -2.268750000000000000e+01
-2.785386130024029683e+00 -3.250000000000000000e+01
-2.761027333110320114e+00 -3.000000000000000000e+01
-2.737277534492420727e+00 -1.387500000000000000e+01
-2.712644714995576578e+00 -5.437500000000000000e+00
-2.689335125889343203e+00 -2.575000000000000000e+01
-2.664316258804014126e+00 -3.731250000000000000e+01
-2.640542318472213879e+00 -1.837500000000000000e+01
-2.616681347525521062e+00 -2.650000000000000000e+01
-2.592865662798125470e+00 -6.375000000000000000e+00
-2.568657781446304966e+00 -2.456250000000000000e+01
-2.543776824622725030e+00 -1.306250000000000000e+01
-2.520095425075545847e+00 -1.931250000000000000e+01
-2.496056289988359822e+00 -2.087500000000000000e+01
-2.472278551525718626e+00 -2.200000000000000000e+01
-2.448454068049329635e+00 -2.675000000000000000e+01
-2.423413506066417256e+00 -2.893750000000000000e+01
-2.399062316992399246e+00 -2.393750000000000000e+01
-2.375230525608685639e+00 -1.525000000000000000e+01
-2.351053637740626812e+00 -7.687500000000000000e+00
-2.327374566979628412e+00 -2.112500000000000000e+01
-2.303020967564876287e+00 -1.268750000000000000e+01
-2.278156828567944103e+00 -1.850000000000000000e+01
-2.254453386849185392e+00 -2.000000000000000000e+01
-2.230668147758308351e+00 -1.368750000000000000e+01
-2.207484107269479523e+00 -2.512500000000000000e+01
-2.182975868988727086e+00 -1.625000000000000000e+01
-2.157691755224043106e+00 -1.550000000000000000e+01
-2.133710851882398174e+00 -1.962500000000000000e+01
-2.109832808246913771e+00 -2.537500000000000000e+01
-2.086709326520718832e+00 -1.162500000000000000e+01
-2.062939777279893860e+00 -4.500000000000000000e+00
-2.038180815567663728e+00 -1.737500000000000000e+01
-2.013320365066952888e+00 -2.950000000000000000e+01
-1.989670849436663502e+00 -7.500000000000000000e+00
-1.965505887566251886e+00 -3.375000000000000000e+00
-1.941950793025867483e+00 -8.437500000000000000e+00
-1.917848829379181552e+00 -2.256250000000000000e+01
-1.893112113122526807e+00 -6.250000000000000000e-01
-1.868769223049511652e+00 -8.500000000000000000e+00
-1.845097911171642124e+00 -1.962500000000000000e+01
-1.821068861647432868e+00 -9.000000000000000000e+00
-1.796811091575186481e+00 -2.000000000000000000e+01
-1.772967689523696322e+00 -1.450000000000000000e+01
-1.748118127664206156e+00 -1.575000000000000000e+01
-1.724257849334307480e+00 -1.450000000000000000e+01
-1.700925133201280914e+00 -1.862500000000000000e+01
-1.676314570359650702e+00 -1.312500000000000000e+01
-1.652569583412187626e+00 -2.300000000000000000e+01
-1.627825311557018040e+00 -2.025000000000000000e+01
-1.603837829763364198e+00 -1.762500000000000000e+01
-1.580005739477101656e+00 -1.300000000000000000e+01
-1.555455060786670174e+00 -2.037500000000000000e+01
-1.531672809106453315e+00 -7.250000000000000000e+00
-1.507457472513408447e+00 -2.075000000000000000e+01
-1.483080211663541093e+00 -6.625000000000000000e+00
-1.459388687061192513e+00 -1.000000000000000000e+01
-1.435289683965720542e+00 -1.012500000000000000e+01
-1.411126638381212217e+00 -8.875000000000000000e+00
-1.386497421247980810e+00 -7.250000000000000000e+00
-1.362321938583050951e+00 -8.250000000000000000e+00
-1.338982221464149802e+00 -9.000000000000000000e+00
-1.314611624289170777e+00 -1.462500000000000000e+01
-1.290433428972050933e+00 -9.125000000000000000e+00
-1.266045788142946549e+00 -3.625000000000000000e+00
-1.241829045282713651e+00 -1.762500000000000000e+01
-1.217544412135239895e+00 -2.250000000000000000e+01
-1.194121477589945357e+00 -1.662500000000000000e+01
-1.170387253359976398e+00 -1.362500000000000000e+01
-1.145916250942903503e+00 -9.250000000000000000e+00
-1.121296899835797944e+00 -1.587500000000000000e+01
-1.097054821574928951e+00 -1.150000000000000000e+01
-1.073382582193062262e+00 -7.000000000000000000e+00
-1.049729930151954704e+00 -1.562500000000000000e+01
-1.025401394306705072e+00 1.812500000000000000e+00
-1.001918415751099189e+00 -4.875000000000000000e+00
-9.771261572707956589e-01 -9.750000000000000000e+00
-9.525265183308562200e-01 -6.125000000000000000e+00
-9.288190981792183720e-01 -9.750000000000000000e+00
-9.053489782190240476e-01 -1.225000000000000000e+01
-8.811106290760619686e-01 -4.750000000000000000e+00
-8.560065742746374440e-01 -5.187500000000000000e+00
-8.319354384822901238e-01 -1.431250000000000000e+01
-8.078063914258422074e-01 -2.662500000000000000e+01
-7.844196674665582236e-01 -6.937500000000000000e+00
-7.607950611955160980e-01 1.875000000000000000e-01
-7.363712255435217457e-01 3.625000000000000000e+00
-7.117257774221101840e-01 -4.937500000000000000e+00
-6.872408902217799209e-01 4.250000000000000000e+00
-6.632002399172591822e-01 -2.625000000000000000e+00
-6.398871280975200193e-01 -6.875000000000000000e+00
-6.155363171073702233e-01 -1.025000000000000000e+01
-5.917267267290640120e-01 5.625000000000000000e-01
-5.675415655990150299e-01 -9.875000000000000000e+00
-5.429893531917713290e-01 -4.625000000000000000e+00
-5.191741739475901340e-01 -4.750000000000000000e+00
-4.951558811399294768e-01 -1.250000000000000000e+01
-4.708234497380203720e-01 -1.375000000000000000e+00
-4.464041254209192289e-01 -3.375000000000000000e+00
-4.223227301169742987e-01 -4.250000000000000000e+00
-3.990099815684260420e-01 -4.875000000000000000e+00
-3.746367579473712794e-01 2.000000000000000000e+00
-3.499072186768614756e-01 -2.875000000000000000e+00
-3.260684152555768378e-01 -1.600000000000000000e+01
-3.020425712731196199e-01 -1.875000000000000000e+01
-2.779147243609969564e-01 -1.687500000000000000e+00
-2.537827698875219085e-01 -5.125000000000000000e+00
-2.302402730440888945e-01 -5.375000000000000000e+00
-2.058972184828604668e-01 -5.000000000000000000e-01
-1.813531799476919559e-01 -2.500000000000000000e+00
-1.567596616718276437e-01 -3.250000000000000000e+00
-1.334004346402579699e-01 1.100000000000000000e+01
-1.095405833176030796e-01 -2.562500000000000000e+00
-8.481064630325363396e-02 -1.750000000000000000e+00
-6.044769636395130874e-02 6.000000000000000000e+00
-3.682589401658020734e-02 -1.656250000000000000e+01
-1.260693074961238835e-02 -1.125000000000000000e+01
1.209831690323426301e-02 2.250000000000000000e+00
3.612233641340623080e-02 -4.750000000000000000e+00
5.974775686568989386e-02 1.625000000000000000e+01
8.428323087842670702e-02 1.750000000000000000e+00
1.089441987590191729e-01 8.125000000000000000e-01
1.326226727464856481e-01 7.500000000000000000e+00
1.566533860646472931e-01 -2.125000000000000000e+00
1.810930337835117143e-01 -1.187500000000000000e+00
2.051604404251747837e-01 2.375000000000000000e+00
2.288079301483989525e-01 -3.812500000000000000e+00
2.530224861932168778e-01 8.000000000000000000e+00
2.777344906495500254e-01 7.437500000000000000e+00
3.006152320359234409e-01 1.000000000000000000e+01
3.260597036855301667e-01 1.500000000000000000e+00
3.501108250828863788e-01 -3.125000000000000000e-01
3.742002584355219597e-01 -5.250000000000000000e+00
3.978390147917707509e-01 1.300000000000000000e+01
4.214829386014002921e-01 1.100000000000000000e+01
4.462614749781863566e-01 3.375000000000000000e+00
4.707936749683767630e-01 -3.625000000000000000e+00
4.944418249119948428e-01 9.625000000000000000e+00
5.183701498081276782e-01 1.362500000000000000e+01
5.423679627666757597e-01 5.000000000000000000e+00
5.658184346003167775e-01 1.525000000000000000e+01
5.908752894243889386e-01 7.125000000000000000e+00
6.154974186985171514e-01 1.000000000000000000e+01
6.390936876570947334e-01 4.000000000000000000e+00
6.625645591074089680e-01 1.075000000000000000e+01
6.864053897076018984e-01 7.437500000000000000e+00
7.111042073095603655e-01 2.475000000000000000e+01
7.355893957720383014e-01 -7.000000000000000000e+00
7.597074970696482410e-01 3.937500000000000000e+00
7.835490314015061131e-01 2.162500000000000000e+01
8.076889949586032458e-01 1.450000000000000000e+01
8.314459292860760797e-01 7.250000000000000000e+00
8.557037110530814061e-01 1.787500000000000000e+01
8.806215856163959188e-01 1.775000000000000000e+01
9.036317478982596185e-01 7.250000000000000000e+00
9.279974941342601369e-01 7.500000000000000000e-01
9.518224007146898202e-01 1.837500000000000000e+01
9.762912273483408399e-01 1.575000000000000000e+01
1.000591350237741040e+00 6.500000000000000000e+00
1.024588557077009909e+00 1.237500000000000000e+01
1.048663768449948464e+00 -1.000000000000000000e+00
1.072250529806140662e+00 7.875000000000000000e+00
1.096815339125996047e+00 1.250000000000000000e+01
1.121407367388968623e+00 1.687500000000000000e+01
1.145634506851088474e+00 3.437500000000000000e+00
1.169260358097460539e+00 1.600000000000000000e+01
1.192933453579868797e+00 7.062500000000000000e+00
1.216999140637923915e+00 1.362500000000000000e+01
1.241495613573306400e+00 -4.000000000000000000e+00
1.266228066646803541e+00 1.062500000000000000e+01
1.290040548073086768e+00 1.250000000000000000e+00
1.314169116764460910e+00 -2.625000000000000000e+00
1.338513778744669480e+00 1.862500000000000000e+01
1.361652244243423127e+00 1.068750000000000000e+01
1.386198273975409734e+00 9.000000000000000000e+00
1.410846338738338090e+00 1.150000000000000000e+01
1.434888889396177092e+00 1.412500000000000000e+01
1.458922943539548100e+00 1.062500000000000000e+01
1.482301998529820253e+00 5.250000000000000000e+00
1.505731056172464832e+00 8.500000000000000000e+00
1.530809545739622024e+00 8.875000000000000000e+00
1.555844607697878246e+00 1.175000000000000000e+01
1.580144857989836282e+00 -3.562500000000000000e+00
1.602935372873069753e+00 -2.937500000000000000e+00
1.626751659816669360e+00 4.500000000000000000e+00
1.650958629548732404e+00 2.918750000000000000e+01
1.676359274489300333e+00 2.050000000000000000e+01
1.700347057894759928e+00 1.925000000000000000e+01
1.724200123828481424e+00 1.100000000000000000e+01
1.747638325021121375e+00 -6.875000000000000000e+00
1.771042872693520565e+00 1.750000000000000000e+01
1.795641183749410175e+00 1.662500000000000000e+01
1.821305181704595100e+00 2.937500000000000000e+00
1.845456003475774764e+00 1.037500000000000000e+01
1.868571830294420977e+00 5.625000000000000000e+00
1.891296081882316571e+00 5.500000000000000000e+00
1.915799659753929518e+00 1.737500000000000000e+01
1.941565612814521558e+00 1.162500000000000000e+01
1.965987550009231200e+00 1.275000000000000000e+01
1.989829271735501948e+00 5.625000000000000000e+00
2.012893383264056979e+00 7.187500000000000000e+00
2.036384157585864330e+00 1.506250000000000000e+01
2.061187192075550456e+00 9.125000000000000000e+00
2.086436616326260207e+00 1.743750000000000000e+01
2.110348450435793666e+00 -2.500000000000000000e+00
2.133660812199416057e+00 5.437500000000000000e+00
2.157177667264598142e+00 6.562500000000000000e+00
2.181141183767273617e+00 3.625000000000000000e+00
2.205787633534050940e+00 9.375000000000000000e-01
2.230772015111575968e+00 1.375000000000000000e+01
2.254528025226107957e+00 4.875000000000000000e+00
2.277866341001598016e+00 5.625000000000000000e+00
2.302020722134777486e+00 9.000000000000000000e+00
2.326284913825183764e+00 4.062500000000000000e+00
2.351220062752140905e+00 1.587500000000000000e+01
2.374805703229583287e+00 2.125000000000000000e+00
2.399227865814836491e+00 9.250000000000000000e+00
2.422560494615751736e+00 1.487500000000000000e+01
2.446772812288351417e+00 -2.375000000000000000e+00
2.471398185795735003e+00 1.156250000000000000e+01
2.495446276262882179e+00 5.125000000000000000e+00
2.519994455318368409e+00 4.625000000000000000e+00
2.543368473011014430e+00 1.862500000000000000e+01
2.567422284654114151e+00 3.625000000000000000e+00
2.592079780455947002e+00 7.750000000000000000e+00
2.616469682761817239e+00 8.375000000000000000e+00
2.640305740877010976e+00 5.750000000000000000e+00
2.664118687886215753e+00 1.375000000000000000e+00
2.687587576736127915e+00 3.812500000000000000e+00
2.712104761912726758e+00 1.650000000000000000e+01
2.736415837017943886e+00 2.537500000000000000e+01
2.761235133618249904e+00 2.325000000000000000e+01
2.785425401498869746e+00 2.000000000000000000e+00
2.808215294763868997e+00 2.637500000000000000e+01
2.832337141342883058e+00 -8.000000000000000000e+00
2.857404756300624626e+00 7.875000000000000000e+00
2.881242462978732988e+00 1.987500000000000000e+01
2.905630621994532703e+00 3.500000000000000000e+00
2.929747846961831215e+00 1.287500000000000000e+01
2.953502042622076829e+00 1.062500000000000000e+01
2.976898492442217048e+00 2.087500000000000000e+01
3.002007752037762600e+00 1.218750000000000000e+01
3.026407237598107258e+00 5.625000000000000000e+00
3.049523069699304756e+00 -5.375000000000000000e+00
3.072841269664294828e+00 2.262500000000000000e+01
3.096857987195832607e+00 1.037500000000000000e+01
3.121964394629443973e+00 -5.000000000000000000e-01
3.147658984667543791e+00 1.081250000000000000e+01
3.170840007126280113e+00 7.500000000000000000e-01
3.194379194798131039e+00 -4.625000000000000000e+00
3.217677279057625128e+00 1.725000000000000000e+01
3.241965152858476529e+00 2.062500000000000000e+01
3.267807982552305646e+00 1.500000000000000000e+00
3.291593118883355373e+00 7.750000000000000000e+00
3.314673484988674090e+00 1.431250000000000000e+01
3.338407943383785437e+00 1.687500000000000000e+01
3.363198564027356952e+00 6.625000000000000000e+00
3.388674177803281395e+00 1.012500000000000000e+01
3.411801176108163247e+00 9.062500000000000000e+00
3.435673396976568483e+00 3.125000000000000000e+00
3.459374839281672109e+00 2.500000000000000000e+00
3.483102522102413445e+00 1.612500000000000000e+01
3.507994251918816531e+00 4.250000000000000000e+00
3.532209512990633016e+00 7.562500000000000000e+00
3.556334779833889570e+00 4.750000000000000000e+00
3.580265002334272140e+00 1.112500000000000000e+01
3.604428690344249731e+00 6.562500000000000000e+00
3.628122757557136424e+00 2.300000000000000000e+01
3.652331648166388334e+00 -2.375000000000000000e+00
3.676820097683410893e+00 4.812500000000000000e+00
3.701015299922012503e+00 3.500000000000000000e+00
3.725018217615733818e+00 1.218750000000000000e+01
3.748840296909300207e+00 1.818750000000000000e+01
3.773510922638308784e+00 9.625000000000000000e+00
3.797702105212351853e+00 7.250000000000000000e+00
3.821855271103345331e+00 4.875000000000000000e+00
3.845150752524489235e+00 1.537500000000000000e+01
3.869353923359255987e+00 9.125000000000000000e+00
3.893688979816872120e+00 1.587500000000000000e+01
3.917527107643664408e+00 5.562500000000000000e+00
3.942006612276259148e+00 1.637500000000000000e+01
3.966330735307870725e+00 1.175000000000000000e+01
3.989846709003316505e+00 2.162500000000000000e+01
4.014357678857336964e+00 2.900000000000000000e+01
4.038593202906142210e+00 7.125000000000000000e+00
4.062524233645234517e+00 1.212500000000000000e+01
4.085690679501055911e+00 1.325000000000000000e+01
4.110772604174307787e+00 -1.081250000000000000e+01
4.135147156774301891e+00 -2.750000000000000000e+00
4.158557007973513464e+00 9.875000000000000000e+00
4.182372548457884420e+00 -1.250000000000000000e+00
4.206915783482912730e+00 4.875000000000000000e+00
4.231211888112632380e+00 1.037500000000000000e+01
4.255146174954958838e+00 7.375000000000000000e+00
4.279985322823918636e+00 -1.750000000000000000e+00
4.303288129270896434e+00 3.750000000000000000e+00
4.328167542079171426e+00 1.500000000000000000e+00
4.351696105949017124e+00 7.000000000000000000e+00
4.376254106697743396e+00 -1.000000000000000000e+00
4.400343841013253154e+00 1.231250000000000000e+01
4.424450224774496121e+00 1.018750000000000000e+01
4.448005267434005816e+00 -6.875000000000000000e-01
4.472417415914549110e+00 4.000000000000000000e+00
4.496288973844968950e+00 -5.000000000000000000e-01
4.520268854126413771e+00 -1.437500000000000000e+01
4.544426492556098651e+00 -1.125000000000000000e+00
4.569197381050194906e+00 5.000000000000000000e-01
4.592940977583879203e+00 4.250000000000000000e+00
4.616451762816261351e+00 4.187500000000000000e+00
4.640975696407039663e+00 4.875000000000000000e+00
4.665580101295091708e+00 -2.125000000000000000e+00
4.689096373392047212e+00 3.875000000000000000e+00
4.713484568947535536e+00 -7.250000000000000000e+00
4.737678689960716838e+00 -6.875000000000000000e+00
4.761551152303304946e+00 5.000000000000000000e-01
4.785103069684112143e+00 2.500000000000000000e+00
4.810066103402945714e+00 5.437500000000000000e+00
4.833980613959404593e+00 1.062500000000000000e+00
4.857890250413426259e+00 -1.018750000000000000e+01
4.881872985453092895e+00 -7.062500000000000000e+00
4.906612894426288562e+00 0.000000000000000000e+00
4.931009116766873035e+00 -1.650000000000000000e+01
4.954636058201380422e+00 -1.193750000000000000e+01
4.978818573905748224e+00 1.062500000000000000e+00
5.002922574161750902e+00 -5.062500000000000000e+00
5.026554074993008214e+00 -2.200000000000000000e+01
5.050741581573959138e+00 -3.875000000000000000e+00
5.075212836478598888e+00 -1.837500000000000000e+01
5.099312077272699639e+00 -1.325000000000000000e+01
5.123002791848264792e+00 5.250000000000000000e+00
5.147142611857198347e+00 -8.437500000000000000e+00
5.171565518168577569e+00 -2.500000000000000000e-01
5.194557627198889804e+00 -4.125000000000000000e+00
5.219093989249124377e+00 -6.000000000000000000e+00
5.243507829771566264e+00 -2.112500000000000000e+01
5.268136395926120485e+00 -1.800000000000000000e+01
5.291793732561046681e+00 -1.112500000000000000e+01
5.316228581891337512e+00 -8.500000000000000000e+00
5.340302310664426955e+00 -6.312500000000000000e+00
5.364399436093385987e+00 -6.750000000000000000e+00
5.387978712457936581e+00 3.125000000000000000e+00
5.412776027317086402e+00 -1.037500000000000000e+01
5.437195083657357486e+00 -7.750000000000000000e+00
5.460477887858012025e+00 -1.006250000000000000e+01
5.484726027799183612e+00 -1.250000000000000000e-01
5.509145290893080471e+00 -8.312500000000000000e+00
5.532867197928084124e+00 -1.037500000000000000e+01
5.556709876363491674e+00 -3.750000000000000000e-01
5.581129286067522344e+00 1.400000000000000000e+01
5.605619193173851045e+00 -1.475000000000000000e+01
5.629808458859997700e+00 -2.575000000000000000e+01
5.653569225702618439e+00 4.375000000000000000e-01
5.677987453071125401e+00 -2.375000000000000000e+00
5.701861701454546960e+00 -9.937500000000000000e+00
5.725435154357001011e+00 -3.937500000000000000e+00
5.749588295200780408e+00 -1.381250000000000000e+01
5.774236645821900993e+00 -1.100000000000000000e+01
5.798325103839985672e+00 -4.062500000000000000e+00
5.822488861390809234e+00 -1.550000000000000000e+01
5.846560195489800549e+00 -1.000000000000000000e+01
5.869590111110710495e+00 -1.437500000000000000e+00
5.894476018731893419e+00 -9.000000000000000000e+00
5.919201898192646638e+00 -6.937500000000000000e+00
5.943621494376145620e+00 -5.875000000000000000e+00
5.967349001220213722e+00 -2.537500000000000000e+01
5.990693086161911651e+00 -8.375000000000000000e+00
6.015041023265631281e+00 -2.637500000000000000e+01
6.039249844584261950e+00 -1.025000000000000000e+01
6.063111742577987684e+00 -1.225000000000000000e+01
6.087849501839954769e+00 -2.312500000000000000e+01
6.112197589319620761e+00 -9.250000000000000000e+00
6.135861023548585536e+00 -5.250000000000000000e+00
6.160112378102439834e+00 -7.125000000000000000e+00
6.184777668968614250e+00 -1.687500000000000000e+01
6.209014430651407679e+00 -1.893750000000000000e+01
6.232532557179730759e+00 -2.300000000000000000e+01
6.256205871476424818e+00 -2.281250000000000000e+01
6.280261082708037179e+00 -1.793750000000000000e+01
6.304882703695326995e+00 -1.212500000000000000e+01
6.329080281114535467e+00 -1.250000000000000000e+01
6.353190640474736028e+00 -1.575000000000000000e+01
6.376686051604188776e+00 -1.412500000000000000e+01
6.400125032125146163e+00 -3.250000000000000000e+00
6.424638482613659107e+00 -1.675000000000000000e+01
6.449072621865170163e+00 -1.162500000000000000e+01
6.474889291132001290e+00 -5.812500000000000000e+00
6.498208806013522576e+00 -1.287500000000000000e+01
6.521842018287145493e+00 -1.012500000000000000e+01
6.545321210300350856e+00 -9.937500000000000000e+00
6.568783569595780136e+00 -1.762500000000000000e+01
6.594305770138717548e+00 -1.281250000000000000e+01
6.618984966094551226e+00 -1.656250000000000000e+01
6.642329728870969063e+00 -1.900000000000000000e+01
6.665760103527503588e+00 -1.381250000000000000e+01
6.689948533012618270e+00 -1.768750000000000000e+01
6.714293945747726866e+00 -2.012500000000000000e+01
6.739392681824682541e+00 -7.000000000000000000e+00
6.763198828735362156e+00 -1.756250000000000000e+01
6.786537512861407606e+00 -9.562500000000000000e+00
6.810567584225218241e+00 -2.612500000000000000e+01
6.834530581220555234e+00 -1.637500000000000000e+01
6.859882793081922614e+00 -1.062500000000000000e+01
6.884468781608688914e+00 -1.975000000000000000e+01
6.907574477322413031e+00 -1.100000000000000000e+01
6.930644210886669043e+00 -2.512500000000000000e+01
6.954927805493014148e+00 -1.000000000000000000e+01
6.979510069788496196e+00 -1.250000000000000000e+01
7.004056966731099010e+00 -1.925000000000000000e+01
7.028593021032754962e+00 -1.918750000000000000e+01
7.052178670402220462e+00 -2.425000000000000000e+01
7.075188326075704026e+00 -1.362500000000000000e+01
7.099725326395414982e+00 -1.500000000000000000e+01
7.124720604061224094e+00 -1.412500000000000000e+01
7.149190761037914399e+00 -1.943750000000000000e+01
7.172911094428059187e+00 -3.675000000000000000e+01
7.196229504992921022e+00 -6.187500000000000000e+00
7.219750225557440615e+00 -6.750000000000000000e+00
7.244081506370683599e+00 -1.281250000000000000e+01
7.269522551284850920e+00 -1.518750000000000000e+01
7.293565145041974063e+00 -3.937500000000000000e+01
7.317408901781675468e+00 -1.812500000000000000e+01
7.340933077853108557e+00 -1.700000000000000000e+01
7.365056920799617046e+00 -8.000000000000000000e+00
7.389461238621997552e+00 -2.887500000000000000e+01
7.414597803652398511e+00 -3.356250000000000000e+01
7.437905557719361127e+00 -2.787500000000000000e+01
7.461821312063491973e+00 -7.500000000000000000e+00
7.486218396656283858e+00 -1.737500000000000000e+01
7.509911365144667172e+00 -1.743750000000000000e+01
7.533430115141626970e+00 -1.512500000000000000e+01
7.558639155721913028e+00 -1.693750000000000000e+01
7.582596912026630775e+00 -2.237500000000000000e+01
7.606058844897937377e+00 -1.793750000000000000e+01
7.630279285159858205e+00 -1.862500000000000000e+01
7.654310919056825924e+00 -5.000000000000000000e-01
7.679313202088501100e+00 -1.837500000000000000e+01
7.703145671027918695e+00 -1.606250000000000000e+01
7.727421639393298847e+00 -1.968750000000000000e+01
7.751138584370863782e+00 -1.037500000000000000e+01
7.775132010818381900e+00 -9.125000000000000000e+00
7.799063499711870406e+00 -2.000000000000000000e+00
7.823286578850485284e+00 -1.500000000000000000e+01
7.847509015650501851e+00 -1.362500000000000000e+01
7.871335118956125143e+00 -1.500000000000000000e+01
7.895919168414920364e+00 -1.225000000000000000e+01
7.919940638555800660e+00 -7.000000000000000000e+00
7.943821437352696080e+00 -1.581250000000000000e+01
7.967946194533794824e+00 -2.325000000000000000e+01
7.992595463577323756e+00 -1.193750000000000000e+01
8.016565792825204539e+00 -2.875000000000000000e+00
8.039998930684760126e+00 -1.025000000000000000e+01
8.064690119038289140e+00 -1.581250000000000000e+01
8.088907019022563816e+00 -2.137500000000000000e+01
8.112669381520113632e+00 -2.475000000000000000e+01
8.136910305265416810e+00 -6.500000000000000000e+00
8.160729434193896736e+00 -8.812500000000000000e+00
8.184747077529024750e+00 -7.375000000000000000e+00
8.208547803051160940e+00 -1.300000000000000000e+01
8.233336650838765536e+00 -1.562500000000000000e+01
8.257830949864825243e+00 -8.000000000000000000e+00
8.282182798788305433e+00 -1.625000000000000000e+00
8.305634873397593765e+00 -2.162500000000000000e+01
8.329391328604224043e+00 -4.375000000000000000e-01
8.353688613634147941e+00 -1.237500000000000000e+01
8.378306726346359312e+00 -9.750000000000000000e+00
8.402671813384586130e+00 -9.500000000000000000e+00
8.426208018567386659e+00 -1.000000000000000000e+01
8.450219580936362718e+00 -9.812500000000000000e+00
8.473769648503633789e+00 -1.793750000000000000e+01
8.498407204685278771e+00 -2.812500000000000000e+01
8.523369539312042775e+00 -5.750000000000000000e+00
8.547078385411822410e+00 -6.625000000000000000e+00
8.570786957111884874e+00 -3.062500000000000000e+00
8.594913879618104602e+00 -1.037500000000000000e+01
8.619188325200767054e+00 -1.225000000000000000e+01
8.642995628491036086e+00 -1.512500000000000000e+01
8.667474322065068293e+00 1.875000000000000000e+00
8.691850355551864027e+00 -2.162500000000000000e+01
8.715305010799283991e+00 -1.475000000000000000e+01
8.739015741706779750e+00 -1.537500000000000000e+01
8.763440334647491170e+00 -1.187500000000000000e+00
8.788200200542334528e+00 -1.075000000000000000e+01
8.812139821414305629e+00 -1.800000000000000000e+01
8.836423654618009493e+00 3.750000000000000000e+00
8.860205926689204148e+00 -1.068750000000000000e+01
8.884819085227164237e+00 -8.375000000000000000e+00
8.907861245482706636e+00 -2.387500000000000000e+01
8.932918190847928486e+00 -2.000000000000000000e+01
8.957098221023080953e+00 -7.000000000000000000e+00
8.980350956876911539e+00 -6.687500000000000000e+00
9.004666171877545366e+00 -1.000000000000000000e+00
9.028875145288466797e+00 3.750000000000000000e+00
9.053078036384903271e+00 -3.625000000000000000e+00
9.076910821795394213e+00 -6.937500000000000000e+00
9.101345549878601560e+00 -6.875000000000000000e+00
9.125444918746893563e+00 1.250000000000000000e+00
9.149544247439138189e+00 -5.000000000000000000e+00
9.173747936681102999e+00 -7.000000000000000000e+00
9.197743123776611185e+00 -6.250000000000000000e+00
9.222181490457515451e+00 -3.375000000000000000e+00
9.245378793318202781e+00 -6.937500000000000000e+00
9.269823523228062356e+00 5.625000000000000000e-01
9.294459365226458658e+00 -1.175000000000000000e+01
9.318401200077573776e+00 -1.037500000000000000e+01
9.342227322025024705e+00 -1.750000000000000000e+00
9.366314763918147435e+00 3.625000000000000000e+00
9.390151187402778987e+00 -5.000000000000000000e-01
9.414122205640254037e+00 -1.187500000000000000e+01
9.439064957011723322e+00 -4.875000000000000000e+00
9.463318810464770081e+00 -3.125000000000000000e+00
9.486808451716363777e+00 -8.875000000000000000e+00
9.511362014511782093e+00 -3.312500000000000000e+00
9.535047476351266482e+00 5.125000000000000000e+00
9.559568347823173440e+00 2.000000000000000000e+00
9.583431765586439610e+00 -8.000000000000000000e+00
9.607773327262293606e+00 2.312500000000000000e+00
9.631815004746556497e+00 3.625000000000000000e+00
9.655784074919182558e+00 5.875000000000000000e+00
9.680128769779379638e+00 -6.250000000000000000e+00
9.704140191373163304e+00 -2.812500000000000000e+00
9.727866932524086963e+00 3.625000000000000000e+00
9.751641944699962039e+00 -9.000000000000000000e+00
9.776369082751806161e+00 5.812500000000000000e+00
9.800498252040995339e+00 4.125000000000000000e+00
9.825075356368735413e+00 9.687500000000000000e+00
9.848609437117403331e+00 3.125000000000000000e+00
9.872944494164414664e+00 4.000000000000000000e+00
9.897028116482580629e+00 3.187500000000000000e+00
9.920916183309827829e+00 6.500000000000000000e+00
9.945391805269437668e+00 7.125000000000000000e+00
9.969242836484994541e+00 9.625000000000000000e+00
9.993013871354122557e+00 6.250000000000000000e+00
1.001685162152884345e+01 1.637500000000000000e+01
1.004147231575517196e+01 3.075000000000000000e+01
1.006613560652971273e+01 3.875000000000000000e+00
1.009012215993543293e+01 1.437500000000000000e+01
1.011367563160361982e+01 2.500000000000000000e-01
1.013811960023392800e+01 2.118750000000000000e+01
1.016215344947217147e+01 5.750000000000000000e+00
1.018655933720242501e+01 -1.875000000000000000e+00
1.021100954125513738e+01 1.587500000000000000e+01
1.023443577571944019e+01 1.987500000000000000e+01
1.025832940587781650e+01 1.875000000000000000e+01
1.028205969041403733e+01 -5.437500000000000000e+00
1.030699885525176995e+01 2.437500000000000000e+01
1.033103954643209477e+01 2.987500000000000000e+01
1.035510481060040888e+01 1.275000000000000000e+01
1.037903710935588464e+01 1.587500000000000000e+01
1.040287497471628342e+01 1.550000000000000000e+01
1.042700904764316761e+01 5.250000000000000000e+00
1.045148021671305116e+01 1.800000000000000000e+01
1.047536442734848805e+01 2.643750000000000000e+01
1.049951037666959053e+01 1.200000000000000000e+01
1.052371792077634893e+01 1.137500000000000000e+01
1.054770729507526994e+01 1.631250000000000000e+01
1.057205331148166749e+01 2.512500000000000000e+01
1.059613456620347449e+01 2.812500000000000000e+01
1.062042991522025659e+01 1.600000000000000000e+01
1.064466120826494944e+01 2.362500000000000000e+01
1.066851460395675133e+01 1.756250000000000000e+01
1.069239353558239003e+01 1.100000000000000000e+01
1.071657045483426174e+01 3.156250000000000000e+01
1.074058883121726637e+01 2.300000000000000000e+01
1.076538894928172141e+01 2.656250000000000000e+01
1.078901411046187775e+01 2.487500000000000000e+01
1.081304512301750265e+01 3.212500000000000000e+01
1.083731150277365884e+01 2.750000000000000000e+01
1.086103393612547308e+01 3.418750000000000000e+01
1.088536396421666552e+01 2.925000000000000000e+01
1.090992879366933721e+01 4.187500000000000000e+01
1.093367920970901253e+01 2.237500000000000000e+01
1.095764740590034592e+01 2.737500000000000000e+01
1.098129998048465694e+01 4.293750000000000000e+01
1.100570645534808989e+01 2.887500000000000000e+01
1.103056122837617181e+01 2.925000000000000000e+01
1.105500376807346186e+01 3.975000000000000000e+01
1.107852383427672294e+01 4.068750000000000000e+01
1.110212569187810061e+01 4.587500000000000000e+01
1.112623954659302683e+01 4.031250000000000000e+01
1.115011900767111541e+01 4.412500000000000000e+01
1.117497425253379362e+01 3.275000000000000000e+01
1.119887069222750142e+01 3.775000000000000000e+01
1.122334121627285697e+01 4.531250000000000000e+01
1.124658265381219024e+01 3.093750000000000000e+01
1.127095846543272728e+01 5.500000000000000000e+01
1.129547610010668279e+01 3.137500000000000000e+01
1.131969438255578808e+01 4.037500000000000000e+01
1.134330956795123058e+01 3.143750000000000000e+01
1.136758338158833226e+01 5.937500000000000000e+01
1.139144895297324922e+01 4.900000000000000000e+01
1.141568098541489462e+01 4.125000000000000000e+01
1.144074229120342068e+01 5.150000000000000000e+01
1.146436760394531973e+01 4.162500000000000000e+01
1.148764292281078525e+01 4.706250000000000000e+01
1.151200690187566522e+01 4.762500000000000000e+01
1.153611142802758138e+01 5.450000000000000000e+01
1.156066616381426115e+01 3.587500000000000000e+01
1.158535822796991965e+01 5.875000000000000000e+01
1.160885733278097121e+01 3.587500000000000000e+01
1.163261590184376360e+01 4.037500000000000000e+01
1.165626496023061520e+01 5.312500000000000000e+01
1.168050224761502420e+01 5.237500000000000000e+01
1.170531801999693045e+01 4.931250000000000000e+01
1.172985306447000653e+01 6.237500000000000000e+01
1.175300329602085014e+01 5.387500000000000000e+01
1.177722742781246268e+01 4.950000000000000000e+01
1.180128028299802168e+01 5.550000000000000000e+01
1.182532527946575840e+01 5.375000000000000000e+01
1.184988529945223945e+01 6.137500000000000000e+01
1.187449555385806832e+01 5.637500000000000000e+01
1.189797871290081588e+01 6.906250000000000000e+01
1.192189299298071603e+01 7.387500000000000000e+01
1.194603186419175245e+01 6.537500000000000000e+01
1.197062887841716616e+01 7.462500000000000000e+01
1.199459706087161237e+01 5.868750000000000000e+01
1.201845872445544927e+01 5.937500000000000000e+01
1.204252079420857768e+01 7.462500000000000000e+01
1.206618522048320585e+01 7.218750000000000000e+01
1.209018950845762674e+01 7.687500000000000000e+01
1.211478550353589867e+01 7.775000000000000000e+01
1.213922600758066039e+01 7.025000000000000000e+01
1.216321730573804416e+01 6.881250000000000000e+01
1.218711526664191780e+01 7.293750000000000000e+01
1.221127373677937555e+01 7.587500000000000000e+01
1.223564456833018710e+01 6.093750000000000000e+01
1.225946093859100472e+01 8.712500000000000000e+01
1.228409141137006344e+01 8.643750000000000000e+01
1.230778250203984925e+01 7.375000000000000000e+01
1.233182213154596241e+01 8.431250000000000000e+01
1.235568105205728529e+01 8.762500000000000000e+01
1.238042411052978764e+01 8.525000000000000000e+01
1.240485492078711616e+01 9.950000000000000000e+01
1.242885721740572080e+01 1.038750000000000000e+02
1.245250283123390744e+01 8.643750000000000000e+01
1.247629753373971795e+01 9.262500000000000000e+01
1.250083836530918546e+01 7.175000000000000000e+01
1.252456639138781469e+01 9.668750000000000000e+01
1.254972403447452933e+01 9.031250000000000000e+01
1.257345912329307680e+01 9.775000000000000000e+01
1.259706035645179156e+01 1.015000000000000000e+02
1.262089035306505735e+01 1.026250000000000000e+02
1.264503240804968698e+01 1.031250000000000000e+02
1.266954355805909671e+01 9.425000000000000000e+01
1.269364168297201445e+01 9.806250000000000000e+01
1.271759893617296200e+01 9.575000000000000000e+01
1.274104067518341310e+01 1.060000000000000000e+02
1.276528694711130640e+01 1.086250000000000000e+02
1.278998163944882549e+01 1.110000000000000000e+02
1.281436108369271665e+01 1.172500000000000000e+02
1.283890023765172117e+01 1.253750000000000000e+02
1.286208207258358982e+01 1.168750000000000000e+02
1.288560741758233519e+01 1.071250000000000000e+02
1.291014238565311700e+01 1.146250000000000000e+02
1.293518237067882382e+01 1.136250000000000000e+02
1.295944854567824223e+01 1.122500000000000000e+02
1.298323771081219036e+01 1.375000000000000000e+02
1.300684490975615404e+01 1.213750000000000000e+02
1.303054481602641346e+01 1.281875000000000000e+02
1.305548222994514163e+01 1.182500000000000000e+02
1.308003696160893270e+01 1.318125000000000000e+02
1.310326362505504960e+01 1.233750000000000000e+02
1.312743561387061675e+01 1.265000000000000000e+02
1.315124637982121669e+01 1.320625000000000000e+02
1.317558722977018704e+01 1.348750000000000000e+02
1.319958900503050359e+01 1.382500000000000000e+02
1.322424052972605324e+01 1.330000000000000000e+02
1.324839964875921794e+01 1.520000000000000000e+02
1.327210970372493648e+01 1.422500000000000000e+02
1.329550759647560199e+01 1.382500000000000000e+02
1.332037519194804531e+01 1.231250000000000000e+02
1.334561608856202497e+01 1.373750000000000000e+02
1.336889659533547103e+01 1.421250000000000000e+02
1.339262748453948859e+01 1.508750000000000000e+02
1.341647004842491242e+01 1.495000000000000000e+02
1.344078478475218930e+01 1.332500000000000000e+02
1.346451284203012477e+01 1.514375000000000000e+02
1.348965474521599361e+01 1.486250000000000000e+02
1.351340456973682080e+01 1.503750000000000000e+02
1.353702822810267037e+01 1.447500000000000000e+02
1.356113523775735530e+01 1.516250000000000000e+02
1.358586382191617048e+01 1.470000000000000000e+02
1.361124378161949267e+01 1.542500000000000000e+02
1.363409531656132145e+01 1.613125000000000000e+02
1.365755155462271375e+01 1.397500000000000000e+02
1.368188248579449606e+01 1.468750000000000000e+02
1.370601143832531932e+01 1.464375000000000000e+02
1.373026240456179892e+01 1.477500000000000000e+02
1.375508340031323939e+01 1.531250000000000000e+02
1.377884848825316766e+01 1.590000000000000000e+02
1.380222573745641057e+01 1.638750000000000000e+02
1.382606822507719357e+01 1.618125000000000000e+02
1.385080890201295034e+01 1.506875000000000000e+02
1.387536291834177860e+01 1.598750000000000000e+02
1.389921991393370604e+01 1.545000000000000000e+02
1.392319029584346879e+01 1.573750000000000000e+02
1.394715441981348647e+01 1.565625000000000000e+02
1.397089073813374682e+01 1.590000000000000000e+02
1.399555281930182105e+01 1.598125000000000000e+02
1.402016172058677768e+01 1.635000000000000000e+02
1.404448596104531788e+01 1.665000000000000000e+02
1.406742595848790955e+01 1.542500000000000000e+02
1.409156828067119704e+01 1.531250000000000000e+02
1.411611983880604271e+01 1.587500000000000000e+02
1.414055171461974680e+01 1.610000000000000000e+02
1.416485591605109562e+01 1.717500000000000000e+02
1.418831486180191348e+01 1.582500000000000000e+02
1.421223224843119226e+01 1.648750000000000000e+02
1.423571764258698380e+01 1.656250000000000000e+02
1.426040292945828725e+01 1.646875000000000000e+02
1.428552902975243910e+01 1.653750000000000000e+02
1.430882881479404034e+01 1.673750000000000000e+02
1.433297859385085360e+01 1.515000000000000000e+02
1.435647180181283034e+01 1.576250000000000000e+02
1.438154449904509846e+01 1.502500000000000000e+02
1.440619511833234867e+01 1.500000000000000000e+02
1.442984091892180487e+01 1.605000000000000000e+02
1.445394308967864561e+01 1.567500000000000000e+02
1.447699585632183528e+01 1.422500000000000000e+02
1.450129544335878506e+01 1.285000000000000000e+02
1.452603573737207654e+01 1.438750000000000000e+02
1.455056515141011175e+01 1.377500000000000000e+02
1.457446206877860106e+01 1.356250000000000000e+02
1.459800805466078799e+01 1.266875000000000000e+02
1.462204239450477417e+01 1.380625000000000000e+02
1.464680083525790621e+01 1.260625000000000000e+02
1.467078654545846916e+01 1.246250000000000000e+02
1.469499748918410376e+01 1.322500000000000000e+02
1.471897776766367372e+01 1.141250000000000000e+02
1.474300275449380848e+01 1.095000000000000000e+02
1.476680427985100863e+01 1.089375000000000000e+02
1.479166857770753296e+01 1.062500000000000000e+02
1.481584295913479110e+01 1.152500000000000000e+02
1.483998808136034597e+01 1.155000000000000000e+02
1.486327908288000543e+01 1.104375000000000000e+02
1.488746704192076464e+01 9.900000000000000000e+01
1.491157606042683881e+01 9.806250000000000000e+01
1.493573361190228610e+01 9.587500000000000000e+01
1.496030748667654109e+01 9.181250000000000000e+01
1.498424540225241230e+01 9.525000000000000000e+01
1.500780037942104173e+01 8.375000000000000000e+01
1.503166002146205216e+01 8.768750000000000000e+01
1.505614293007861448e+01 8.531250000000000000e+01
1.508055506386801881e+01 8.737500000000000000e+01
1.510420851210854210e+01 7.237500000000000000e+01
1.512822994981455338e+01 5.175000000000000000e+01
1.515215961813659362e+01 6.262500000000000000e+01
1.517706282908034154e+01 5.600000000000000000e+01
1.520112466426465403e+01 7.381250000000000000e+01
1.522590710956220050e+01 6.550000000000000000e+01
1.524911415532313441e+01 5.087500000000000000e+01
1.527289387651718755e+01 3.987500000000000000e+01
1.529712449066248325e+01 4.675000000000000000e+01
1.532183049125067953e+01 2.462500000000000000e+01
1.534617524259346766e+01 2.631250000000000000e+01
1.536985263532604051e+01 2.300000000000000000e+01
1.539385811540181237e+01 1.787500000000000000e+01
1.541732807769179914e+01 2.956250000000000000e+01
1.544213702396343990e+01 9.625000000000000000e+00
1.546578937042988144e+01 1.925000000000000000e+01
1.549037984679645774e+01 2.293750000000000000e+01
1.551439494108701922e+01 1.987500000000000000e+01
1.553835468076391635e+01 9.687500000000000000e+00
1.556275210444839274e+01 1.187500000000000000e+01
1.558687634241267972e+01 1.275000000000000000e+01
1.561071837352872649e+01 1.881250000000000000e+01
1.563459233565018280e+01 3.750000000000000000e-01
1.565893439408225163e+01 1.200000000000000000e+01
1.568260581508623375e+01 -1.875000000000000000e+00
1.570695577509135177e+01 -8.250000000000000000e+00
1.573155201229187128e+01 8.375000000000000000e+00
1.575578980035414389e+01 5.625000000000000000e-01
1.577934222865042102e+01 -6.125000000000000000e+00
1.580332811396044690e+01 -1.050000000000000000e+01
1.582770832301636688e+01 -8.875000000000000000e+00
1.585224966334972407e+01 -3.575000000000000000e+01
1.587568046224932772e+01 -8.500000000000000000e+00
1.589994253345626873e+01 -1.350000000000000000e+01
1.592457164181084295e+01 -2.912500000000000000e+01
1.594820740511885759e+01 -3.218750000000000000e+01
1.597236538173873299e+01 -2.237500000000000000e+01
1.599670851615726264e+01 -1.668750000000000000e+01
1.602049003708840758e+01 -1.387500000000000000e+01
1.604486770422296615e+01 -2.556250000000000000e+01
1.606895549194712203e+01 -3.112500000000000000e+01
1.609314879207866511e+01 -2.487500000000000000e+01
1.611720369893559024e+01 -3.043750000000000000e+01
1.614065120122105412e+01 -3.768750000000000000e+01
1.616509818867056225e+01 -1.043750000000000000e+01
1.618979829539020443e+01 -2.825000000000000000e+01
1.621337411974900533e+01 -3.150000000000000000e+01
1.623703750159295112e+01 -4.212500000000000000e+01
1.626143823324860449e+01 -4.281250000000000000e+01
1.628611193200697471e+01 -2.450000000000000000e+01
1.630982407114841237e+01 -3.437500000000000000e+01
1.633430711574876426e+01 -4.400000000000000000e+01
1.635809480814786809e+01 -3.862500000000000000e+01
1.638269697246982304e+01 -4.525000000000000000e+01
1.640628528033195010e+01 -3.887500000000000000e+01
1.643015269425065128e+01 -5.800000000000000000e+01
1.645503689485596510e+01 -4.375000000000000000e+01
1.647874767139299479e+01 -4.337500000000000000e+01
1.650274587192456011e+01 -5.325000000000000000e+01
1.652707540644592399e+01 -3.418750000000000000e+01
1.655081858267665496e+01 -5.025000000000000000e+01
1.657482607592923785e+01 -4.012500000000000000e+01
1.659994873743746524e+01 -5.787500000000000000e+01
1.662353933292612851e+01 -4.575000000000000000e+01
1.664774241040693425e+01 -5.037500000000000000e+01
1.667150158635726598e+01 -5.650000000000000000e+01
1.669518013192347894e+01 -4.850000000000000000e+01
1.671985540818509719e+01 -5.900000000000000000e+01
1.674406540474184624e+01 -6.250000000000000000e+01
1.676797847949996623e+01 -4.850000000000000000e+01
1.679231907132388812e+01 -6.006250000000000000e+01
1.681583899748453348e+01 -5.737500000000000000e+01
1.683976794316630077e+01 -5.243750000000000000e+01
1.686409023146697450e+01 -5.650000000000000000e+01
1.688821529084346196e+01 -4.300000000000000000e+01
1.691292044094106473e+01 -5.081250000000000000e+01
1.693713943724091564e+01 -4.975000000000000000e+01
1.696133692569128470e+01 -4.562500000000000000e+01
1.698519239053482721e+01 -5.575000000000000000e+01
1.700877538234487218e+01 -5.525000000000000000e+01
1.703318521109724770e+01 -3.631250000000000000e+01
1.705721889965056448e+01 -5.562500000000000000e+01
1.708175012873697085e+01 -5.362500000000000000e+01
1.710540122998362023e+01 -5.312500000000000000e+01
1.712953906841849516e+01 -4.512500000000000000e+01
1.715385801114719300e+01 -6.825000000000000000e+01
1.717809287091596104e+01 -5.325000000000000000e+01
1.720257474121753205e+01 -5.050000000000000000e+01
1.722610345332965665e+01 -5.862500000000000000e+01
1.724979522629344331e+01 -5.762500000000000000e+01
1.727426949847178861e+01 -5.231250000000000000e+01
1.729857528416680168e+01 -3.887500000000000000e+01
1.732285202685883974e+01 -5.550000000000000000e+01
1.734667373126961820e+01 -6.162500000000000000e+01
1.737043982527363539e+01 -6.212500000000000000e+01
1.739439617237944447e+01 -5.637500000000000000e+01
1.741883599591427867e+01 -5.206250000000000000e+01
1.744304249198216894e+01 -6.075000000000000000e+01
1.746735889672616793e+01 -5.175000000000000000e+01
1.749166803192122188e+01 -6.162500000000000000e+01
1.751543926860229305e+01 -6.212500000000000000e+01
1.753931546120496421e+01 -5.825000000000000000e+01
1.756347262944520793e+01 -5.743750000000000000e+01
1.758794891906055824e+01 -5.868750000000000000e+01
1.761223764345015752e+01 -5.875000000000000000e+01
1.763608004369568505e+01 -6.075000000000000000e+01
1.765989585659765737e+01 -4.325000000000000000e+01
1.768417608784093176e+01 -6.381250000000000000e+01
1.770820536801731748e+01 -4.375000000000000000e+01
1.773298324166066919e+01 -5.512500000000000000e+01
1.775659483601251054e+01 -5.250000000000000000e+01
1.778099820233951078e+01 -6.962500000000000000e+01
1.780446703508911810e+01 -5.650000000000000000e+01
1.782818155618845424e+01 -5.487500000000000000e+01
1.785334839725517497e+01 -5.200000000000000000e+01
1.787790497298513515e+01 -6.125000000000000000e+01
1.790132631811117392e+01 -5.787500000000000000e+01
1.792514171000718903e+01 -5.262500000000000000e+01
1.794877975372480705e+01 -5.837500000000000000e+01
1.797312161236516204e+01 -6.162500000000000000e+01
1.799781241017372224e+01 -5.062500000000000000e+01
1.802212343591559573e+01 -5.618750000000000000e+01
1.804583518241352635e+01 -5.387500000000000000e+01
1.806987344515644622e+01 -6.337500000000000000e+01
