#Time Flux
-2.412330683459021685e+00 3.338867187500000000e+00
-2.402842370276734307e+00 2.822753906250000000e+00
-2.392856802711571973e+00 3.947265625000000000e+00
-2.383468304681463756e+00 3.181152343750000000e+00
-2.373749899410169562e+00 2.941406250000000000e+00
-2.363995018426548356e+00 4.017089843750000000e+00
-2.354278755578581794e+00 3.087890625000000000e+00
-2.344536048940214279e+00 3.816894531250000000e+00
-2.335380408711225542e+00 3.589843750000000000e+00
-2.325095391157769420e+00 5.313964843750000000e+00
-2.315812205904266285e+00 2.446289062500000000e+00
-2.305704220552598827e+00 3.548828125000000000e+00
-2.297035446066153064e+00 3.749023437500000000e+00
-2.286056654314643666e+00 5.059570312500000000e+00
-2.277392729115486958e+00 2.752929687500000000e+00
-2.267368814863022664e+00 3.596191406250000000e+00
-2.258218323377967351e+00 1.404296875000000000e+00
-2.248375628929542458e+00 3.749023437500000000e+00
-2.238557067448462945e+00 3.639648437500000000e+00
-2.228591635721867803e+00 2.442382812500000000e+00
-2.219004638933883555e+00 3.956054687500000000e+00
-2.209468596036272992e+00 2.581542968750000000e+00
-2.199616557689051177e+00 4.112304687500000000e+00
-2.190125790072302792e+00 3.194335937500000000e+00
-2.180348544858531135e+00 4.707031250000000000e+00
-2.170692236684366172e+00 4.096191406250000000e+00
-2.160628863688331514e+00 3.391113281250000000e+00
-2.151513764622377423e+00 3.912597656250000000e+00
-2.141672864492096373e+00 3.045898437500000000e+00
-2.132543394541034587e+00 2.994140625000000000e+00
-2.122454828995994802e+00 4.146484375000000000e+00
-2.113102313643340224e+00 2.205078125000000000e+00
-2.103027263734567498e+00 3.815429687500000000e+00
-2.093596571927674788e+00 3.208007812500000000e+00
-2.083642469470522229e+00 2.633789062500000000e+00
-2.074295576682943398e+00 3.772949218750000000e+00
-2.064591919057729541e+00 3.093750000000000000e+00
-2.054889627499610683e+00 4.707031250000000000e+00
-2.044741576762360680e+00 3.320800781250000000e+00
-2.035284885136636746e+00 3.530273437500000000e+00
-2.025010644015292627e+00 2.637695312500000000e+00
-2.016063660002564539e+00 3.781250000000000000e+00
-2.006482350902826894e+00 3.107421875000000000e+00
-1.996606452358147266e+00 4.675781250000000000e+00
-1.986875548865311814e+00 3.151367187500000000e+00
-1.977471275219970792e+00 3.034179687500000000e+00
-1.967864659834638985e+00 2.516113281250000000e+00
-1.957943706264880568e+00 4.474609375000000000e+00
-1.949019145789808505e+00 2.110351562500000000e+00
-1.938547930267977115e+00 4.215332031250000000e+00
-1.929228620090149171e+00 2.474121093750000000e+00
-1.919132769215608825e+00 3.739257812500000000e+00
-1.909699429942021354e+00 2.921875000000000000e+00
-1.899761847758774991e+00 3.142578125000000000e+00
-1.890800598946997368e+00 5.149414062500000000e+00
-1.880693984283734466e+00 5.201171875000000000e+00
-1.871132801956573388e+00 3.549804687500000000e+00
-1.861045138014699951e+00 2.057617187500000000e+00
-1.852128332259908916e+00 3.245117187500000000e+00
-1.842228292459057393e+00 3.871093750000000000e+00
-1.832202204667861878e+00 4.187500000000000000e+00
-1.822785702272482489e+00 3.802246093750000000e+00
-1.812802145756451822e+00 2.953125000000000000e+00
-1.802969000874538708e+00 3.333007812500000000e+00
-1.793601534653760154e+00 3.238281250000000000e+00
-1.784203584060468195e+00 2.942382812500000000e+00
-1.774319669411241307e+00 2.726562500000000000e+00
-1.765416980446917528e+00 2.671875000000000000e+00
-1.754707172136800608e+00 3.673828125000000000e+00
-1.745514990902757191e+00 5.711914062500000000e+00
-1.735580796713638740e+00 4.471679687500000000e+00
-1.725859522909699351e+00 2.739257812500000000e+00
-1.715827147184189272e+00 4.222656250000000000e+00
-1.706968708462476947e+00 4.248046875000000000e+00
-1.696907335946410633e+00 2.316406250000000000e+00
-1.687419656758036624e+00 3.692871093750000000e+00
-1.677633742693597441e+00 3.955078125000000000e+00
-1.667538660720461863e+00 2.409179687500000000e+00
-1.658499722846903168e+00 4.301757812500000000e+00
-1.648641789228124210e+00 3.646484375000000000e+00
-1.638960321714931112e+00 3.215820312500000000e+00
-1.629377514646032310e+00 3.902343750000000000e+00
-1.619569149873660407e+00 3.248046875000000000e+00
-1.609898993154246227e+00 4.756835937500000000e+00
-1.600436386304398440e+00 4.551757812500000000e+00
-1.590422159262132595e+00 3.673828125000000000e+00
-1.581509914582584386e+00 3.128417968750000000e+00
-1.570733117618820174e+00 4.132324218750000000e+00
-1.561612430125842721e+00 3.863281250000000000e+00
-1.551722483842711497e+00 3.513183593750000000e+00
-1.542987507647504586e+00 2.694335937500000000e+00
-1.532253052919264391e+00 4.210937500000000000e+00
-1.523188945301415131e+00 2.421875000000000000e+00
-1.513108912356855740e+00 3.149414062500000000e+00
-1.503636211829247671e+00 4.567871093750000000e+00
-1.493574187028878342e+00 2.036132812500000000e+00
-1.484419857344724036e+00 2.639160156250000000e+00
-1.474817175506920819e+00 3.955078125000000000e+00
-1.464912445521523665e+00 4.369140625000000000e+00
-1.455223536956202324e+00 2.990234375000000000e+00
-1.445471665136276229e+00 3.693359375000000000e+00
-1.436103546557417232e+00 3.894531250000000000e+00
-1.426044573176495689e+00 3.992187500000000000e+00
-1.416736920598941296e+00 3.200683593750000000e+00
-1.406561965196992503e+00 3.848144531250000000e+00
-1.397602846677346022e+00 4.406738281250000000e+00
-1.386957306601880546e+00 2.728515625000000000e+00
-1.377846972219229471e+00 3.346191406250000000e+00
-1.367833405782194589e+00 2.363281250000000000e+00
-1.359099902670296345e+00 4.477539062500000000e+00
-1.348682900122762263e+00 2.393066406250000000e+00
-1.339294656557802554e+00 3.583496093750000000e+00
-1.329430569447014321e+00 3.015625000000000000e+00
-1.319911487484832335e+00 3.051757812500000000e+00
-1.311053769445877037e+00 2.435546875000000000e+00
-1.300695427533895554e+00 2.357421875000000000e+00
-1.290948184992785741e+00 2.479492187500000000e+00
-1.281180917602718239e+00 3.641113281250000000e+00
-1.271560514339553194e+00 2.718750000000000000e+00
-1.261630594320029886e+00 3.037109375000000000e+00
-1.252326277100674901e+00 3.878906250000000000e+00
-1.242484202763462164e+00 2.859863281250000000e+00
-1.232867492761245742e+00 2.336914062500000000e+00
-1.222691222346639961e+00 3.645507812500000000e+00
-1.213695776851254848e+00 2.376464843750000000e+00
-1.203050520945589952e+00 2.762695312500000000e+00
-1.194122849832004007e+00 2.173828125000000000e+00
-1.184024607779329941e+00 2.392089843750000000e+00
-1.175170085316077362e+00 4.518554687500000000e+00
-1.164741257358416604e+00 2.932617187500000000e+00
-1.155537823688023380e+00 3.952636718750000000e+00
-1.145640371869420804e+00 1.951171875000000000e+00
-1.136249171777459210e+00 2.708984375000000000e+00
-1.126951752426995412e+00 1.447265625000000000e+00
-1.117031674458724311e+00 3.336914062500000000e+00
-1.107426561172196955e+00 2.966796875000000000e+00
-1.097516692094901103e+00 3.923339843750000000e+00
-1.087777264522840071e+00 2.892089843750000000e+00
-1.078333669020228314e+00 2.313476562500000000e+00
-1.068532859042770511e+00 2.844726562500000000e+00
-1.058718058729153810e+00 4.883789062500000000e+00
-1.049540200658857003e+00 2.876953125000000000e+00
-1.038852391434792466e+00 2.675781250000000000e+00
-1.030091382915289344e+00 3.297851562500000000e+00
-1.019888007809074182e+00 3.680664062500000000e+00
-1.010595402194786274e+00 2.930664062500000000e+00
-1.000577505076526208e+00 3.937011718750000000e+00
-9.917440164609150344e-01 3.715820312500000000e+00
-9.812511740705378571e-01 3.663574218750000000e+00
-9.717257760053765736e-01 2.502929687500000000e+00
-9.617807708050971627e-01 1.873046875000000000e+00
-9.522681618150024008e-01 3.708984375000000000e+00
-9.431514911636060816e-01 2.800781250000000000e+00
-9.330696561568920799e-01 3.106445312500000000e+00
-9.235401223859138753e-01 2.200195312500000000e+00
-9.141045720584415335e-01 4.147460937500000000e+00
-9.039331760655180403e-01 1.836914062500000000e+00
-8.947432947006461745e-01 3.830078125000000000e+00
-8.846545254004194447e-01 3.255371093750000000e+00
-8.751629464075261211e-01 2.926757812500000000e+00
-8.656339821198066886e-01 1.691406250000000000e+00
-8.556088095013869577e-01 3.646972656250000000e+00
-8.461978998255386131e-01 1.726562500000000000e+00
-8.361623270962059706e-01 3.562500000000000000e+00
-8.266588712308635678e-01 2.981933593750000000e+00
-8.167228965237320892e-01 9.384765625000000000e-01
-8.078461834339112357e-01 3.192382812500000000e+00
-7.970845790465386216e-01 1.828125000000000000e+00
-7.879818390866741851e-01 2.338867187500000000e+00
-7.782653953321450047e-01 1.680664062500000000e+00
-7.684333169201327252e-01 1.873046875000000000e+00
-7.595147596308304827e-01 2.000000000000000000e+00
-7.492537931584699606e-01 2.397460937500000000e+00
-7.398218341888611604e-01 2.777832031250000000e+00
-7.302391183491341309e-01 1.407226562500000000e+00
-7.200261080438643546e-01 2.596679687500000000e+00
-7.108468947319934728e-01 2.305664062500000000e+00
-7.012173226266344983e-01 3.332031250000000000e+00
-6.913847561605095393e-01 2.181640625000000000e+00
-6.820384424523293632e-01 2.103515625000000000e+00
-6.723805615173930050e-01 3.513671875000000000e+00
-6.624583652542952450e-01 2.081054687500000000e+00
-6.526550822509040728e-01 1.513671875000000000e+00
-6.429209917731508739e-01 2.004882812500000000e+00
-6.328605661255934933e-01 1.736328125000000000e+00
-6.237219033496099740e-01 2.786621093750000000e+00
-6.139949687704380210e-01 2.453125000000000000e+00
-6.043015734933021577e-01 2.222656250000000000e+00
-5.946863659697285698e-01 3.138671875000000000e+00
-5.845995118469193841e-01 2.216796875000000000e+00
-5.757024901372087555e-01 2.863281250000000000e+00
-5.656812623029896514e-01 2.681640625000000000e+00
-5.560445306038772628e-01 8.164062500000000000e-01
-5.467412469747241488e-01 1.828613281250000000e+00
-5.370012286823406811e-01 3.619140625000000000e+00
-5.269841963658290496e-01 1.443359375000000000e+00
-5.173228555305282583e-01 2.439941406250000000e+00
-5.075878689217088180e-01 2.259765625000000000e+00
-4.981298249354662033e-01 1.599609375000000000e+00
-4.878575209346767139e-01 3.054687500000000000e+00
-4.785499214654720390e-01 2.762695312500000000e+00
-4.687593370640730228e-01 2.570800781250000000e+00
-4.591283982977820699e-01 1.199218750000000000e+00
-4.488332791358899954e-01 2.072265625000000000e+00
-4.401106945699897466e-01 1.139648437500000000e+00
-4.299828937872813839e-01 1.459960937500000000e+00
-4.205384780101741882e-01 2.205078125000000000e+00
-4.118789189020919395e-01 4.550781250000000000e-01
-4.006921348881054001e-01 4.316406250000000000e+00
-3.919564130965920157e-01 1.499511718750000000e+00
-3.819340787535647763e-01 2.284179687500000000e+00
-3.724886870273191875e-01 3.017578125000000000e+00
-3.631389978673702501e-01 1.157226562500000000e+00
-3.531631845958624893e-01 1.661132812500000000e+00
-3.434207875092578632e-01 2.846679687500000000e+00
-3.335949574843546372e-01 8.203125000000000000e-02
-3.236885092241745809e-01 2.535156250000000000e+00
-3.140684613778557122e-01 9.521484375000000000e-01
-3.046452477748555765e-01 1.454589843750000000e+00
-2.949031803900634685e-01 1.326171875000000000e+00
-2.848598605146595020e-01 2.227050781250000000e+00
-2.751705147340732793e-01 3.312500000000000000e+00
-2.650505502533562208e-01 1.974609375000000000e+00
-2.562908721981944637e-01 1.045898437500000000e+00
-2.463608337895184519e-01 1.197753906250000000e+00
-2.367742804738686146e-01 2.496582031250000000e+00
-2.281726295563597517e-01 -1.147460937500000000e-01
-2.174866628888576514e-01 9.628906250000000000e-01
-2.080544493047238319e-01 1.376953125000000000e+00
-1.984338470109126007e-01 1.932617187500000000e+00
-1.896208220953052859e-01 1.440429687500000000e+00
-1.793837757698657498e-01 2.424804687500000000e+00
-1.695047778071785416e-01 7.695312500000000000e-01
-1.596428809547365546e-01 4.599609375000000000e-01
-1.496985332209881392e-01 9.560546875000000000e-01
-1.397892307845349791e-01 4.091796875000000000e-01
-1.301610736542624380e-01 1.770019531250000000e+00
-1.206581952782741496e-01 -3.027343750000000000e-02
-1.111591310139399269e-01 9.428710937500000000e-01
-1.009749166033202528e-01 1.442382812500000000e+00
-9.172576701836732127e-02 -6.992187500000000000e-01
-8.109192930600173099e-02 8.798828125000000000e-01
-7.247134518572728723e-02 2.109375000000000000e+00
-6.258304621234422882e-02 9.877929687500000000e-01
-5.308419488990701041e-02 1.118652343750000000e+00
-4.437736464519481672e-02 -1.103515625000000000e-01
-3.403900229155532031e-02 7.749023437500000000e-01
-2.456776013554851090e-02 7.197265625000000000e-01
-1.483431803806745108e-02 1.063964843750000000e+00
-5.735697928326288775e-03 4.926757812500000000e-01
4.980243497395342445e-03 -9.472656250000000000e-02
1.464098187211337887e-02 4.365234375000000000e-01
2.456810855595925602e-02 9.311523437500000000e-01
3.436624073770921939e-02 3.769531250000000000e-01
4.422250903250812826e-02 1.722656250000000000e+00
5.374625627276241602e-02 2.757812500000000000e+00
6.398420382260106010e-02 1.708984375000000000e+00
7.317416526753994788e-02 1.788085937500000000e+00
8.314863868537525349e-02 7.167968750000000000e-01
9.263306269784177260e-02 2.233398437500000000e+00
1.028580033682899852e-01 7.773437500000000000e-01
1.116428661006931833e-01 4.052734375000000000e-01
1.217066755781264220e-01 2.021484375000000000e-01
1.311329365933051605e-01 -2.114257812500000000e-01
1.396989947958928724e-01 7.558593750000000000e-01
1.503307311463704110e-01 1.546875000000000000e+00
1.597494591868997560e-01 8.198242187500000000e-01
1.696288058103370133e-01 4.384765625000000000e-01
1.791917177743584944e-01 2.021484375000000000e-01
1.885824291329321056e-01 1.455078125000000000e+00
1.985042015493228007e-01 -5.332031250000000000e-01
2.086103028210164467e-01 2.089843750000000000e-01
2.180941398533029485e-01 7.041015625000000000e-01
2.280736738379163242e-01 3.203125000000000000e-01
2.378026201379093152e-01 2.919921875000000000e-01
2.477697786183394868e-01 6.523437500000000000e-01
2.569734449358476169e-01 -4.106445312500000000e-01
2.668167500023059802e-01 1.283203125000000000e+00
2.760655816354651293e-01 6.181640625000000000e-01
2.866642464287068037e-01 -1.406250000000000000e+00
2.953962943318604317e-01 2.343750000000000000e-01
3.054467552353230531e-01 7.910156250000000000e-02
3.148021765039725750e-01 5.595703125000000000e-01
3.235246896934365068e-01 7.041015625000000000e-01
3.350141421068046910e-01 6.474609375000000000e-01
3.436766079968478493e-01 1.744140625000000000e+00
3.535327377196360032e-01 4.892578125000000000e-01
3.625417271492734628e-01 -1.943359375000000000e-01
3.724896143848148711e-01 6.728515625000000000e-01
3.822112706745794952e-01 1.014648437500000000e+00
3.923628370009648592e-01 2.417968750000000000e+00
4.019634601850246014e-01 3.076171875000000000e-01
4.119774169361152261e-01 1.950195312500000000e+00
4.213733323429051936e-01 -9.765625000000000000e-03
4.310641740967824376e-01 1.160156250000000000e+00
4.406812076604209594e-01 -4.960937500000000000e-01
4.506132120378998351e-01 -5.898437500000000000e-01
4.603653250791630569e-01 9.794921875000000000e-01
4.702761068474456962e-01 4.223632812500000000e-01
4.792254801102222572e-01 -2.929687500000000000e-02
4.890934528734494080e-01 -1.498046875000000000e+00
4.986363300626353023e-01 -1.440429687500000000e-01
5.073520826248643090e-01 4.082031250000000000e-01
5.181052045775409454e-01 8.466796875000000000e-01
5.271937249554117244e-01 -1.864257812500000000e+00
5.371253065381127456e-01 -4.672851562500000000e-01
5.460080389364225795e-01 -7.617187500000000000e-02
5.563965875279812678e-01 9.394531250000000000e-01
5.661026500507251313e-01 -4.638671875000000000e-01
5.759318555959467290e-01 8.593750000000000000e-02
5.856849398031336307e-01 -1.039062500000000000e+00
5.958082719176136521e-01 -1.806640625000000000e-01
6.052403928534282329e-01 -6.523437500000000000e-01
6.148708926528767549e-01 2.211914062500000000e-01
6.243518969321968370e-01 -8.735351562500000000e-01
6.341769609367275962e-01 -1.116210937500000000e+00
6.442641236548460881e-01 1.195312500000000000e+00
6.538111671113142620e-01 -1.254882812500000000e+00
6.629600805503566008e-01 9.995117187500000000e-01
6.726548072547728907e-01 -7.080078125000000000e-02
6.826216572880055011e-01 2.832031250000000000e-01
6.913934432438537669e-01 -1.125976562500000000e+00
7.020111547792744489e-01 -4.375000000000000000e-01
7.109635611294589097e-01 -8.793945312500000000e-01
7.209266160020870728e-01 9.775390625000000000e-01
7.297994631575228652e-01 -1.032226562500000000e+00
7.402083284135301255e-01 -7.958984375000000000e-01
7.499420335168958118e-01 1.045410156250000000e+00
7.595912719064470409e-01 -6.430664062500000000e-01
7.693355230167355785e-01 -7.792968750000000000e-01
7.791743648203368622e-01 8.896484375000000000e-01
7.888385374512099091e-01 -6.577148437500000000e-01
7.985843620716863711e-01 4.589843750000000000e-02
8.080085362790647707e-01 -6.044921875000000000e-01
8.180134427323153545e-01 6.474609375000000000e-01
8.273220642632637123e-01 -4.570312500000000000e-01
8.376394772725621607e-01 -1.658203125000000000e+00
8.465218564306091764e-01 -9.355468750000000000e-01
8.561729920684406636e-01 3.554687500000000000e-01
8.662256614153545087e-01 -1.036132812500000000e+00
8.750768746601327308e-01 2.656250000000000000e-01
8.854561571884369542e-01 -6.962890625000000000e-01
8.948548953409574125e-01 -2.058593750000000000e+00
9.044912897754633363e-01 -1.186523437500000000e-01
9.137392763938807505e-01 4.179687500000000000e-01
9.237948043101198436e-01 -8.916015625000000000e-01
9.334596885363692920e-01 -7.880859375000000000e-01
9.433355004968859703e-01 -1.013671875000000000e+00
9.527045912668032912e-01 -1.035156250000000000e-01
9.626577493233616778e-01 1.337890625000000000e-01
9.722942204217384088e-01 -1.129882812500000000e+00
9.823294825403792174e-01 -7.080078125000000000e-01
9.918349025656478801e-01 -8.266601562500000000e-01
1.001849895743369245e+00 -7.382812500000000000e-01
1.010963660046878765e+00 -1.500488281250000000e+00
1.020713203092729060e+00 -1.618164062500000000e+00
1.030203930477538776e+00 -8.457031250000000000e-01
1.040062569401674963e+00 1.040039062500000000e-01
1.049823211094461861e+00 -3.071289062500000000e-01
1.058942929214374828e+00 -1.320312500000000000e+00
1.069014295073264620e+00 -1.048828125000000000e+00
1.078431035005527505e+00 -3.310546875000000000e-01
1.088294196527550994e+00 -6.523437500000000000e-01
1.097676181168045773e+00 -1.624023437500000000e+00
1.107691810555508027e+00 -1.102539062500000000e+00
1.117308644052227962e+00 -1.377929687500000000e+00
1.127073279067682066e+00 -5.976562500000000000e-01
1.136898752750521879e+00 -6.845703125000000000e-01
1.146564848573425444e+00 -2.099121093750000000e+00
1.156169264036127409e+00 -1.748535156250000000e+00
1.165902770391297416e+00 -1.476074218750000000e+00
1.175679681085556538e+00 -9.765625000000000000e-03
1.185154473871413039e+00 -2.052246093750000000e+00
1.194554637892535354e+00 -5.673828125000000000e-01
1.204521183949818663e+00 -1.044921875000000000e+00
1.214100860936552451e+00 -1.748046875000000000e+00
1.222806094544776734e+00 -1.900390625000000000e+00
1.233730311639646082e+00 -1.014160156250000000e+00
1.242843526855036629e+00 -2.030273437500000000e+00
1.252593168944336810e+00 -2.760742187500000000e+00
1.262241073879018849e+00 -2.227050781250000000e+00
1.272224447746843623e+00 4.160156250000000000e-01
1.281581842776196467e+00 -1.787109375000000000e+00
1.291568552356311628e+00 -8.408203125000000000e-01
1.301069534666121186e+00 -3.455078125000000000e+00
1.310972806985356343e+00 -1.924804687500000000e+00
1.320663250823900903e+00 -1.641601562500000000e+00
1.330166957283900331e+00 -1.025390625000000000e+00
1.340099274527149831e+00 -4.365234375000000000e-01
1.349536286995320467e+00 -3.535156250000000000e-01
1.359512043342674836e+00 -2.663574218750000000e+00
1.369062139365602171e+00 -1.940917968750000000e+00
1.378408073844022752e+00 -1.343750000000000000e+00
1.388283340624456130e+00 -1.387695312500000000e+00
1.397799432622660376e+00 -8.847656250000000000e-01
1.407362907979590183e+00 -8.745117187500000000e-01
1.417326928060774094e+00 -2.415039062500000000e+00
1.426746702629415608e+00 -1.562500000000000000e+00
1.436521702040611359e+00 -1.506835937500000000e+00
1.445991916479645312e+00 -1.796875000000000000e+00
1.455803338891693777e+00 -2.555664062500000000e+00
1.465397288399003628e+00 -1.381835937500000000e+00
1.475467016587190372e+00 -3.156250000000000000e+00
1.484891591803358502e+00 -1.912597656250000000e+00
1.494643591251644033e+00 -9.868164062500000000e-01
1.504340291967363186e+00 -3.029296875000000000e+00
1.513771045852898567e+00 -1.934570312500000000e+00
1.523433314593560794e+00 -1.672363281250000000e+00
1.533418616520629385e+00 -1.932617187500000000e+00
1.543474439391092190e+00 -1.621093750000000000e+00
1.553275806407323323e+00 -2.301269531250000000e+00
1.562185849273851623e+00 -2.650390625000000000e+00
1.572035055447733143e+00 -3.015625000000000000e+00
1.581690038820362076e+00 -2.005859375000000000e+00
1.590769679758503585e+00 -9.082031250000000000e-02
1.601107928665687297e+00 -1.958984375000000000e+00
1.610426680522546228e+00 -3.543457031250000000e+00
1.620076139889900624e+00 -2.016113281250000000e+00
1.629016802367702965e+00 -2.864257812500000000e+00
1.639659513638659583e+00 -9.936523437500000000e-01
1.649057587970437666e+00 -1.690429687500000000e+00
1.658921822103917698e+00 -2.563964843750000000e+00
1.668648544908894138e+00 -1.189453125000000000e+00
1.678547708024836105e+00 -2.056640625000000000e+00
1.688247150208606939e+00 -2.674804687500000000e+00
1.697676137025972309e+00 -3.150390625000000000e+00
1.707154941007505755e+00 -2.952636718750000000e+00
1.717111835628847061e+00 -1.495117187500000000e+00
1.726420815463917791e+00 -1.207031250000000000e+00
1.736738133303690645e+00 -1.515625000000000000e+00
1.745936201470654758e+00 -3.072265625000000000e+00
1.755893226197324353e+00 -2.020507812500000000e+00
1.765489967157488849e+00 -2.435546875000000000e+00
1.774675668435500953e+00 -1.700195312500000000e+00
1.784517832903056878e+00 -2.192871093750000000e+00
1.793997594190434697e+00 -2.103515625000000000e+00
1.803995108489450772e+00 -1.025390625000000000e+00
1.812770653721713643e+00 -2.080078125000000000e+00
1.823312051566883696e+00 -2.621093750000000000e+00
1.832830474666653942e+00 -2.533203125000000000e+00
1.842592352245900678e+00 -3.141113281250000000e+00
1.851950836558290625e+00 -3.748046875000000000e+00
1.862120112314773479e+00 -3.882812500000000000e+00
1.871452241901175206e+00 -3.444335937500000000e+00
1.881483686477274375e+00 -2.245117187500000000e+00
1.890953053714368615e+00 -1.786132812500000000e+00
1.900951811604166153e+00 -2.327148437500000000e+00
1.910408118154427015e+00 -3.105468750000000000e+00
1.920252731437837035e+00 -2.263183593750000000e+00
1.929506179214495631e+00 -2.371093750000000000e+00
1.939383685421182335e+00 -9.140625000000000000e-01
1.948924681495099342e+00 -2.132812500000000000e+00
1.958118136497803974e+00 -1.414062500000000000e+00
1.968331850791390281e+00 -3.190429687500000000e+00
1.977927739578278832e+00 -2.349609375000000000e+00
1.987870849271897278e+00 -1.813476562500000000e+00
1.996800930135936625e+00 -1.551757812500000000e+00
2.007114522940639745e+00 -3.140625000000000000e+00
2.016699191389008661e+00 -2.661132812500000000e+00
2.026331568357108814e+00 -1.822753906250000000e+00
2.036084742651047996e+00 -2.615722656250000000e+00
2.046026584464602394e+00 -1.187988281250000000e+00
2.055255564945385416e+00 -2.106445312500000000e+00
2.065102834858683067e+00 -2.910156250000000000e+00
2.074660986601414514e+00 -3.114746093750000000e+00
2.084558479120455665e+00 -2.213378906250000000e+00
2.093603120459404110e+00 -3.695312500000000000e+00
2.103678598657915622e+00 -1.040039062500000000e+00
2.113152973627249409e+00 -2.083984375000000000e+00
2.123058328900178537e+00 -1.929687500000000000e+00
2.132488377246027689e+00 -2.805664062500000000e+00
2.141930287434760771e+00 -3.322265625000000000e+00
2.152002654681412608e+00 -3.130859375000000000e+00
2.161661109668301606e+00 -2.031250000000000000e+00
2.171406844734732111e+00 -3.810546875000000000e+00
2.180738091299433634e+00 -2.446289062500000000e+00
2.190692177778792882e+00 -3.075195312500000000e+00
2.200502436814028684e+00 -2.644531250000000000e+00
2.210302746998973333e+00 -2.875976562500000000e+00
2.219533705601914875e+00 -2.849609375000000000e+00
2.229933005653624178e+00 -3.277832031250000000e+00
2.239117175715785280e+00 -1.534179687500000000e+00
2.248967152952142001e+00 -2.348144531250000000e+00
2.258487490010718801e+00 -2.805664062500000000e+00
2.268178448211967790e+00 -3.900390625000000000e+00
2.277507948883096489e+00 -2.517578125000000000e+00
2.287324871809582660e+00 -2.936523437500000000e+00
2.296970539766290287e+00 -2.050781250000000000e+00
2.305609760884820503e+00 -2.650390625000000000e+00
2.316332285772555899e+00 -3.457031250000000000e+00
2.325821629294644310e+00 -2.821289062500000000e+00
2.335788178252967029e+00 -4.033203125000000000e+00
2.345320171108218332e+00 -2.955078125000000000e+00
2.355229136518168787e+00 -3.048828125000000000e+00
2.364613843847468644e+00 -1.775390625000000000e+00
2.374747373383971016e+00 -3.528320312500000000e+00
2.384115409584669720e+00 -3.131835937500000000e+00
2.394165675616221733e+00 -3.040039062500000000e+00
2.403440615356938537e+00 -3.465820312500000000e+00
2.413839475791650813e+00 -2.000976562500000000e+00
2.422888319463375240e+00 -3.705078125000000000e+00
2.432525641882074652e+00 -2.430664062500000000e+00
2.441700731884478337e+00 -2.619628906250000000e+00
2.451995640477499627e+00 -3.965820312500000000e+00
2.461323462510000226e+00 -4.187500000000000000e+00
2.471127913129731013e+00 -2.711914062500000000e+00
2.480749804457865082e+00 -2.895507812500000000e+00
2.489687089520285390e+00 -2.329101562500000000e+00
2.500239841949119857e+00 -2.930664062500000000e+00
2.509683473707535306e+00 -3.417480468750000000e+00
2.519510134459981288e+00 -3.302734375000000000e+00
2.529096188975074710e+00 -3.107421875000000000e+00
2.539220952198077974e+00 -4.330566406250000000e+00
2.548384647090756516e+00 -2.240234375000000000e+00
2.558434856446211825e+00 -1.703125000000000000e+00
2.567937000165794181e+00 -3.332519531250000000e+00
2.578073723818505414e+00 -3.012695312500000000e+00
2.587041397838601320e+00 -3.320312500000000000e+00
2.597388009331289105e+00 -3.338378906250000000e+00
2.606417683656175655e+00 -4.281250000000000000e+00
2.616222915473610300e+00 -1.913085937500000000e+00
2.625519915561291384e+00 -2.584960937500000000e+00
2.635427734400333399e+00 -3.033691406250000000e+00
2.645099340818164890e+00 -3.912597656250000000e+00
2.654527304505446494e+00 -3.260742187500000000e+00
2.664597683800391081e+00 -3.393554687500000000e+00
2.673344917997888537e+00 -9.873046875000000000e-01
2.684111298160377856e+00 -1.907226562500000000e+00
2.693458729488291681e+00 -1.911132812500000000e+00
2.703371621634968136e+00 -2.303710937500000000e+00
2.712909014524004903e+00 -3.406250000000000000e+00
2.723042034484528529e+00 -3.186035156250000000e+00
2.732216715803470919e+00 -2.619140625000000000e+00
2.742161642903502283e+00 -2.057128906250000000e+00
2.751729490833804803e+00 -1.663085937500000000e+00
2.761735932074353528e+00 -3.833007812500000000e+00
2.770642521941026004e+00 -3.639648437500000000e+00
2.780840999000107949e+00 -3.523925781250000000e+00
2.790026281747367776e+00 -3.023437500000000000e+00
2.800016785674650066e+00 -2.330078125000000000e+00
2.809426430784789375e+00 -2.229492187500000000e+00
2.818885515291081667e+00 -3.106445312500000000e+00
2.828797558602920148e+00 -3.489257812500000000e+00
2.838423385372836449e+00 -3.345703125000000000e+00
2.848423076928004782e+00 -2.795410156250000000e+00
2.857183776678001053e+00 -3.122070312500000000e+00
2.867428266751209875e+00 -3.328125000000000000e+00
2.876931399367888886e+00 -2.503906250000000000e+00
2.887098511385887356e+00 -4.732910156250000000e+00
2.895850036939646266e+00 -2.161621093750000000e+00
2.906933137989819116e+00 -3.586914062500000000e+00
2.915903556136745678e+00 -2.452148437500000000e+00
2.925712793376398224e+00 -2.788085937500000000e+00
2.935459170729342482e+00 -3.058593750000000000e+00
2.945177867813017158e+00 -1.948242187500000000e+00
2.954510590605595510e+00 -3.159179687500000000e+00
2.964475438781949634e+00 -3.034179687500000000e+00
2.973911729013237526e+00 -3.345214843750000000e+00
2.983651982551232429e+00 -3.408203125000000000e+00
2.993420862683567663e+00 -4.233398437500000000e+00
3.002945383348370356e+00 -2.489257812500000000e+00
3.012611686368223296e+00 -2.665527343750000000e+00
3.022166465299068960e+00 -3.631835937500000000e+00
3.032247629718893833e+00 -4.102539062500000000e+00
3.041051118521189700e+00 -2.737792968750000000e+00
3.051302685343000753e+00 -1.384277343750000000e+00
3.060812965631756200e+00 -2.387695312500000000e+00
3.070998003913303798e+00 -3.702636718750000000e+00
3.079772016600164974e+00 -3.940429687500000000e+00
3.090115565525877628e+00 -2.796875000000000000e+00
3.099661549668919491e+00 -4.042968750000000000e+00
3.109451013734897629e+00 -4.216796875000000000e+00
3.118738917085872586e+00 -3.451171875000000000e+00
3.129613881438109146e+00 -3.319824218750000000e+00
3.138206052954759073e+00 -3.351562500000000000e+00
3.148085232889846097e+00 -2.568359375000000000e+00
3.157784156814723353e+00 -3.549316406250000000e+00
3.167268370267598776e+00 -2.913085937500000000e+00
3.177283510431584190e+00 -3.063476562500000000e+00
3.186498837262023542e+00 -2.344726562500000000e+00
3.196123238824759127e+00 -3.255859375000000000e+00
3.205247896362893201e+00 -3.695800781250000000e+00
3.215500162782682914e+00 -3.579101562500000000e+00
3.224873027533741165e+00 -2.828613281250000000e+00
3.235175595075805433e+00 -3.308593750000000000e+00
3.244402992472791070e+00 -3.140136718750000000e+00
3.254659110741611627e+00 -5.334960937500000000e+00
3.263664500430150106e+00 -3.026855468750000000e+00
3.273835567111919254e+00 -4.133789062500000000e+00
3.283193808367341759e+00 -3.182617187500000000e+00
3.293325004134196377e+00 -2.983398437500000000e+00
3.302647406480398118e+00 -3.854492187500000000e+00
3.312885923771636598e+00 -3.849609375000000000e+00
3.322095393727634516e+00 -4.632324218750000000e+00
3.331867338118736477e+00 -4.320312500000000000e+00
3.341684503324922950e+00 -2.950683593750000000e+00
3.351169643858838754e+00 -2.986328125000000000e+00
3.361146562373598101e+00 -3.910156250000000000e+00
3.370325510011648262e+00 -3.196289062500000000e+00
3.379999506378764451e+00 -3.677734375000000000e+00
3.388564368599602972e+00 -4.124023437500000000e+00
3.399432039582151788e+00 -4.461914062500000000e+00
3.408757578696803847e+00 -3.677734375000000000e+00
3.418730646294404707e+00 -3.076171875000000000e+00
3.428189392578190109e+00 -2.654296875000000000e+00
3.438321937990834520e+00 -4.030273437500000000e+00
3.447201116401101828e+00 -2.648437500000000000e+00
3.457739894920623946e+00 -4.839355468750000000e+00
3.467094071422511803e+00 -3.340332031250000000e+00
3.477203426990495672e+00 -1.566894531250000000e+00
3.486555993954832289e+00 -2.637695312500000000e+00
3.496844178561918426e+00 -1.906250000000000000e+00
3.505988208682959240e+00 -3.708007812500000000e+00
3.515389985744445944e+00 -2.691406250000000000e+00
3.525026613788789120e+00 -2.026855468750000000e+00
3.535007461408050666e+00 -3.625000000000000000e+00
3.544399202208252220e+00 -3.012695312500000000e+00
3.554054609930128450e+00 -3.404296875000000000e+00
3.563750393859559829e+00 -3.235351562500000000e+00
3.572405906047202429e+00 -3.233398437500000000e+00
3.583250483181369184e+00 -1.998535156250000000e+00
3.592460361832619853e+00 -3.479492187500000000e+00
3.602431090443086958e+00 -2.710937500000000000e+00
3.611126270506945346e+00 -2.720703125000000000e+00
3.622228928483521848e+00 -4.079589843750000000e+00
3.631188210894511492e+00 -1.658203125000000000e+00
3.641383334894300106e+00 -2.963867187500000000e+00
3.650828322561675776e+00 -2.129882812500000000e+00
3.660875077208748607e+00 -1.626953125000000000e+00
3.670355250002156566e+00 -2.759765625000000000e+00
3.679766547162124368e+00 -2.113281250000000000e+00
3.689737777935654606e+00 -3.636718750000000000e+00
3.699292177030042872e+00 -1.987792968750000000e+00
3.709311962714749278e+00 -3.898437500000000000e+00
3.718476184440616450e+00 -2.159667968750000000e+00
3.728148436017900025e+00 -3.016601562500000000e+00
3.737490994281585266e+00 -1.466796875000000000e+00
3.747607476256654024e+00 -3.671875000000000000e+00
3.756249082862639810e+00 -3.239257812500000000e+00
3.766853776454269109e+00 -2.546875000000000000e+00
3.776368754464185074e+00 -1.473632812500000000e+00
3.786324133921542767e+00 -2.790527343750000000e+00
3.794997436695116022e+00 -1.558593750000000000e+00
3.806035917626269693e+00 -2.433593750000000000e+00
3.815087363838434165e+00 -3.119140625000000000e+00
3.824952567802084147e+00 -2.059082031250000000e+00
3.834713603837281326e+00 -3.060546875000000000e+00
3.844358055177128364e+00 -3.801757812500000000e+00
3.854373162675480913e+00 -2.723632812500000000e+00
3.863568628578486930e+00 -1.641601562500000000e+00
3.873300607615482782e+00 -2.573730468750000000e+00
3.882967744649484132e+00 -2.097656250000000000e+00
3.893274902989604769e+00 -2.392578125000000000e+00
3.901938136859576467e+00 -3.261230468750000000e+00
3.912146549977288501e+00 -2.734863281250000000e+00
3.921324645446103041e+00 -1.161621093750000000e+00
3.931506196775863771e+00 -2.768554687500000000e+00
3.940128053024872123e+00 -2.414062500000000000e+00
3.950437394398741198e+00 -4.751464843750000000e+00
3.959903830945529890e+00 -1.377929687500000000e+00
3.969845454666541151e+00 -3.408691406250000000e+00
3.978851297927011643e+00 -2.187500000000000000e+00
3.989269369396684972e+00 -3.027343750000000000e+00
3.998876581693894039e+00 -1.751464843750000000e+00
4.008839844647718920e+00 -2.635742187500000000e+00
4.018604696872627002e+00 -2.569335937500000000e+00
4.028129516396479204e+00 -3.242675781250000000e+00
4.037534397154999510e+00 -1.969238281250000000e+00
4.047342199912534966e+00 -5.800781250000000000e-01
4.057176849286168618e+00 -3.203125000000000000e+00
4.066372688655958356e+00 -1.597656250000000000e+00
4.077044749477334307e+00 -3.477539062500000000e+00
4.085639610347552519e+00 -1.437500000000000000e+00
4.095885234110214768e+00 -3.958007812500000000e+00
4.105168412115494547e+00 -1.295898437500000000e+00
4.115332152116297770e+00 -2.167968750000000000e+00
4.123991289208102984e+00 -1.080566406250000000e+00
4.134338124068350773e+00 -4.231933593750000000e+00
4.143660061475628709e+00 -2.301757812500000000e+00
4.153762958932592397e+00 -2.125000000000000000e+00
4.162759887613336929e+00 -2.481445312500000000e+00
4.173120061840263517e+00 -2.961914062500000000e+00
4.182581251237904141e+00 -2.705566406250000000e+00
4.192441267588392861e+00 -3.108398437500000000e+00
4.201876269672847108e+00 -3.224609375000000000e+00
4.212084562751387651e+00 -3.800781250000000000e+00
4.221156937030594136e+00 -3.440429687500000000e+00
4.230792939030777688e+00 -6.562500000000000000e-01
4.240786319275690275e+00 -1.786132812500000000e+00
4.250278700234381368e+00 -2.262695312500000000e+00
4.260341235905937829e+00 -2.711425781250000000e+00
4.269527947122532474e+00 -2.191406250000000000e+00
4.279474884031265525e+00 -2.859375000000000000e+00
4.287567737027125681e+00 -1.410644531250000000e+00
4.299303891366854202e+00 -3.137695312500000000e+00
4.307838388364596760e+00 -3.167480468750000000e+00
4.318150482335807006e+00 -2.301269531250000000e+00
4.327346023164261979e+00 -2.364257812500000000e+00
4.337505554644430106e+00 -1.730468750000000000e+00
4.346668478813061398e+00 -1.038085937500000000e+00
4.356584066915861975e+00 -2.653320312500000000e+00
4.366170733528893066e+00 -1.871093750000000000e+00
4.376302870582541971e+00 -2.829101562500000000e+00
4.385725779820536019e+00 -6.440429687500000000e-01
4.395990283149275868e+00 -3.244140625000000000e+00
4.405055305673725385e+00 -1.988769531250000000e+00
4.414668170965140526e+00 -2.101074218750000000e+00
4.424673598911015304e+00 -2.262695312500000000e+00
4.434036270221797693e+00 -2.737304687500000000e+00
4.443843610090390861e+00 -2.912597656250000000e+00
4.453126528213512181e+00 -1.098632812500000000e-01
4.463150054886192208e+00 -1.854492187500000000e+00
4.471466453879252789e+00 -2.940429687500000000e+00
4.482755893804550418e+00 -2.390136718750000000e+00
4.491740538591964871e+00 -1.867675781250000000e+00
4.501895043311213485e+00 -2.614257812500000000e+00
4.511244272026795343e+00 -1.716796875000000000e+00
4.521238351213973772e+00 -2.271972656250000000e+00
4.530333365551879155e+00 -2.951171875000000000e+00
4.540439591504382477e+00 -3.116210937500000000e+00
4.549969394678173629e+00 -1.874023437500000000e+00
4.560101902020147868e+00 -4.005371093750000000e+00
4.569690474866855645e+00 -2.429199218750000000e+00
4.579498441905989203e+00 -1.535644531250000000e+00
4.588942452851024534e+00 -2.859863281250000000e+00
4.598369387649040796e+00 -1.698730468750000000e+00
4.608021850192870694e+00 -2.157226562500000000e+00
4.617557154365014682e+00 -1.295898437500000000e+00
4.627405292322903207e+00 -1.188476562500000000e+00
4.636637714200461780e+00 -1.934082031250000000e+00
4.646896407063570322e+00 -1.397460937500000000e+00
4.655243535554017598e+00 -1.459960937500000000e+00
4.666662967734281686e+00 -1.873046875000000000e+00
4.675462438495055828e+00 -2.405273437500000000e+00
4.685662518923484399e+00 -2.411621093750000000e+00
4.695057477728157735e+00 -1.337402343750000000e+00
4.705236606043611935e+00 -2.842285156250000000e+00
4.714068158185382273e+00 -5.468750000000000000e-01
4.724035522044561120e+00 -3.092773437500000000e+00
4.733774807979454380e+00 -1.012695312500000000e+00
4.743766560956411027e+00 -2.755859375000000000e+00
4.753422486881166087e+00 -1.809570312500000000e+00
4.763102406862408600e+00 -2.637695312500000000e+00
4.772363945861096468e+00 -1.070312500000000000e+00
4.782112495871849944e+00 -2.140625000000000000e+00
4.791643250272008103e+00 -3.174804687500000000e+00
4.801070297536890408e+00 -1.154296875000000000e+00
4.811170120697743968e+00 -1.060546875000000000e+00
4.820359631321229799e+00 -3.004394531250000000e+00
4.830692319246109534e+00 -1.448242187500000000e+00
4.839196638888196844e+00 1.015625000000000000e-01
4.850234290049393771e+00 -9.150390625000000000e-01
4.859184463478066540e+00 -1.202636718750000000e+00
4.869388574496245070e+00 -1.272460937500000000e+00
4.877961820197652010e+00 -2.437500000000000000e+00
4.889051296430402260e+00 -2.383300781250000000e+00
4.897935615304577439e+00 3.603515625000000000e-01
4.908087934165651589e+00 -4.853515625000000000e-01
4.917671480636737869e+00 -2.017578125000000000e+00
4.927792227290611393e+00 -1.037109375000000000e+00
4.937330317248554756e+00 -1.669921875000000000e+00
4.947009505850537892e+00 -2.509765625000000000e-01
4.955975818787800691e+00 -2.266601562500000000e+00
4.965958551596016513e+00 -3.432617187500000000e-01
4.975536779300594681e+00 2.880859375000000000e-02
4.984894641678443428e+00 -8.173828125000000000e-01
4.995072400790477651e+00 -3.190917968750000000e+00
5.003944377130287613e+00 -8.198242187500000000e-01
5.014537992759439788e+00 -3.271484375000000000e-01
5.023051572169189072e+00 -6.733398437500000000e-01
5.033740951075202474e+00 -1.613769531250000000e+00
5.042871562130729401e+00 -9.443359375000000000e-01
5.053217465418082810e+00 -2.275390625000000000e-01
5.061731685991730956e+00 -1.606445312500000000e+00
5.072957665378048375e+00 -8.208007812500000000e-01
5.081816309002065601e+00 -1.648925781250000000e+00
5.091727053027856442e+00 -1.835449218750000000e+00
5.101378959871550656e+00 -2.248535156250000000e+00
5.111424979108107003e+00 -3.500976562500000000e-01
5.120334768741433784e+00 -1.473632812500000000e+00
5.130506971837005992e+00 -7.460937500000000000e-01
5.139867240829522288e+00 -1.479980468750000000e+00
5.149381302832231277e+00 -1.185546875000000000e+00
5.159346338249726216e+00 -2.236328125000000000e-01
5.168617748808009615e+00 1.640625000000000000e-01
5.178750182010681158e+00 -1.092773437500000000e+00
5.187850022847746878e+00 -1.745605468750000000e+00
5.198405594230274929e+00 -1.201171875000000000e-01
5.206966700627798872e+00 -1.801757812500000000e+00
5.217932582334714908e+00 -4.472656250000000000e-01
5.226755548776980120e+00 -1.816406250000000000e+00
5.236885239391511959e+00 -1.877441406250000000e+00
5.245777367343524844e+00 -4.921875000000000000e-01
5.256551216875361199e+00 3.554687500000000000e-01
5.265559589692172082e+00 -1.044433593750000000e+00
5.275430896058779240e+00 -2.324218750000000000e+00
5.284772978642147123e+00 -1.095703125000000000e+00
5.295192275801657189e+00 -7.656250000000000000e-01
5.304100875768763323e+00 6.445312500000000000e-02
5.313932233938288618e+00 6.240234375000000000e-01
5.323531075833201065e+00 -5.224609375000000000e-02
5.333208830747651064e+00 -8.549804687500000000e-01
5.343351506908359916e+00 -9.907226562500000000e-01
5.352263439818008450e+00 5.170898437500000000e-01
5.362401934096105549e+00 -2.005859375000000000e+00
5.370819500628695842e+00 -6.909179687500000000e-01
5.382221288233540513e+00 -1.219238281250000000e+00
5.390847132787150997e+00 -8.154296875000000000e-01
5.401068576272326283e+00 -8.134765625000000000e-01
5.410448904104514511e+00 -3.798828125000000000e-01
5.420782453467353434e+00 -1.224609375000000000e+00
5.429681717759214266e+00 9.912109375000000000e-01
5.440022670044519337e+00 4.003906250000000000e-01
5.449149554470100298e+00 -8.134765625000000000e-01
5.459316203161328929e+00 -1.704101562500000000e-01
5.468253040542021104e+00 5.644531250000000000e-01
5.478946949320420146e+00 -7.509765625000000000e-01
5.487994532788849966e+00 -5.351562500000000000e-01
5.497662200825851997e+00 -9.541015625000000000e-01
5.507532200118769872e+00 -1.260742187500000000e+00
5.517187271179848196e+00 1.928710937500000000e+00
5.526544500444126484e+00 -8.173828125000000000e-01
5.536166460544583501e+00 2.954101562500000000e-01
5.545985350102024647e+00 -3.886718750000000000e-01
5.554381595531694416e+00 6.250000000000000000e-02
5.565764290258356617e+00 3.261718750000000000e-01
5.574702888725860284e+00 -3.144531250000000000e-01
5.584859350120526145e+00 -1.008789062500000000e+00
5.594200868406312921e+00 9.970703125000000000e-01
5.604243323354173967e+00 5.605468750000000000e-01
5.613438599810657514e+00 5.263671875000000000e-01
5.623493088498172199e+00 1.464843750000000000e-01
5.632896132910081732e+00 -7.138671875000000000e-01
5.643194591643446500e+00 6.767578125000000000e-01
5.652160201841451403e+00 9.125976562500000000e-01
5.662810657350155097e+00 -4.208984375000000000e-01
5.671592762574416469e+00 5.244140625000000000e-01
5.681463102294347145e+00 1.182617187500000000e+00
5.691328019981923170e+00 6.772460937500000000e-01
5.700541119782966959e+00 1.443359375000000000e+00
5.710402333073245629e+00 -1.165039062500000000e+00
5.719750032461931255e+00 8.681640625000000000e-01
5.729782355188318022e+00 -4.453125000000000000e-01
5.738369970945043974e+00 6.591796875000000000e-01
5.749327306980832830e+00 1.424804687500000000e+00
5.758391148278995786e+00 1.116210937500000000e+00
5.768511206430828153e+00 8.974609375000000000e-01
5.778061636751560926e+00 1.601562500000000000e-01
5.788149888702884382e+00 5.078125000000000000e-01
5.797187312940760506e+00 3.613281250000000000e-01
5.807286559984100371e+00 1.270019531250000000e+00
5.816665676126532958e+00 7.236328125000000000e-01
5.826732580748776869e+00 1.011718750000000000e+00
5.835762508341558075e+00 7.031250000000000000e-01
5.845764477004102844e+00 -1.796875000000000000e-01
5.855397490053444898e+00 5.371093750000000000e-01
5.865171996306069779e+00 1.192382812500000000e+00
5.875170677650583428e+00 1.099609375000000000e+00
5.884031009139826907e+00 -7.851562500000000000e-01
5.894182063745201816e+00 8.027343750000000000e-01
5.903393780038268979e+00 1.009277343750000000e+00
5.913681164598484585e+00 2.494628906250000000e+00
5.922177210434172778e+00 6.494140625000000000e-01
5.933236114472949296e+00 5.185546875000000000e-01
5.942011705547054490e+00 1.448242187500000000e+00
5.952288283365092525e+00 1.691406250000000000e+00
5.960977581611931697e+00 1.762695312500000000e+00
5.972054061343376574e+00 8.886718750000000000e-01
5.980845537554746905e+00 1.653320312500000000e+00
5.990912524751601964e+00 7.207031250000000000e-01
6.000564058662959610e+00 1.979003906250000000e+00
6.010392223253422372e+00 2.642578125000000000e+00
6.019620394830312193e+00 3.593750000000000000e-01
6.029618291589268431e+00 1.075683593750000000e+00
6.039248194899972333e+00 6.826171875000000000e-01
6.048683684305618868e+00 1.404296875000000000e+00
6.059070022214125828e+00 1.194335937500000000e+00
6.067929905970041560e+00 1.692382812500000000e+00
6.078093754855463438e+00 1.333007812500000000e-01
6.086943972382036883e+00 1.312011718750000000e+00
6.097490063049912479e+00 2.626953125000000000e-01
6.106018952892902973e+00 1.497070312500000000e+00
6.116419091248229023e+00 9.619140625000000000e-01
6.125732126637925212e+00 1.241699218750000000e+00
6.136097610188979701e+00 1.589843750000000000e+00
6.144550311711892476e+00 4.277343750000000000e-01
6.155959255660425455e+00 2.806640625000000000e+00
6.164741996382463896e+00 2.135742187500000000e+00
6.174770342558604241e+00 9.121093750000000000e-01
6.184269692892831571e+00 2.246093750000000000e+00
6.194532548348925971e+00 1.502929687500000000e+00
6.203468964495010063e+00 1.782226562500000000e-01
6.213520327791466791e+00 1.262695312500000000e+00
6.222954966736827132e+00 1.509765625000000000e+00
6.232377318316123294e+00 2.041992187500000000e+00
6.242454107621736803e+00 1.964355468750000000e+00
6.251583745600637343e+00 1.457031250000000000e+00
6.261934703604765673e+00 1.763671875000000000e+00
6.270354639971232658e+00 7.143554687500000000e-01
6.281325361680920594e+00 2.247070312500000000e+00
6.289865200260956080e+00 2.763183593750000000e+00
6.301002730880613356e+00 1.667480468750000000e+00
6.309630471950552710e+00 1.765136718750000000e+00
6.319678074989159455e+00 1.640625000000000000e+00
6.328613377564075826e+00 7.011718750000000000e-01
6.339155272292073207e+00 1.663085937500000000e+00
6.348537807947620237e+00 2.776367187500000000e+00
6.358514833069402350e+00 1.773925781250000000e+00
6.367789732348180465e+00 2.196289062500000000e+00
6.378209316122212869e+00 1.923828125000000000e-01
6.387232248228376541e+00 1.285644531250000000e+00
6.397041080760287102e+00 1.798828125000000000e+00
6.406753370192875607e+00 9.511718750000000000e-01
6.416143719821223002e+00 1.901367187500000000e+00
6.426386604875423458e+00 2.185546875000000000e+00
6.435292443245517191e+00 2.530273437500000000e+00
6.445416868442654490e+00 2.610351562500000000e+00
6.453499679605926076e+00 3.316894531250000000e+00
6.465367213077653830e+00 6.611328125000000000e-01
6.473699204342683089e+00 1.254882812500000000e+00
6.484085878068560405e+00 2.808593750000000000e+00
6.493268179524148032e+00 2.072265625000000000e+00
6.503576595390430981e+00 2.504882812500000000e+00
6.512200459981086098e+00 2.618164062500000000e+00
6.523001817261786073e+00 1.488281250000000000e+00
6.532022062032465826e+00 1.931640625000000000e+00
6.542328449055158757e+00 4.462890625000000000e+00
6.551261737260046125e+00 1.859375000000000000e+00
6.562117807204760567e+00 1.027343750000000000e+00
6.570952076516387130e+00 2.097167968750000000e+00
6.580940322587307989e+00 2.085449218750000000e+00
6.590522397154106926e+00 1.647460937500000000e+00
6.599111864677730033e+00 1.830078125000000000e+00
6.610167387702951203e+00 2.711914062500000000e+00
6.618967924660289270e+00 1.389648437500000000e+00
6.628944105516462848e+00 3.170898437500000000e+00
6.637359624807412928e+00 1.951171875000000000e+00
6.648772614272728809e+00 4.311035156250000000e+00
6.657519017552881557e+00 2.739746093750000000e+00
6.667681272547772764e+00 3.772460937500000000e+00
6.677136779958775747e+00 2.127929687500000000e+00
6.687446925311213874e+00 9.648437500000000000e-01
6.696013751088276678e+00 2.807617187500000000e+00
6.706907960887576792e+00 3.486328125000000000e-01
6.715901507095241030e+00 2.717285156250000000e+00
6.726227469365213096e+00 1.936523437500000000e+00
6.735473930979477331e+00 2.326171875000000000e+00
6.745961114332440722e+00 2.423828125000000000e+00
6.754850526766364993e+00 2.438476562500000000e+00
6.764328961265460016e+00 2.950683593750000000e+00
6.774286034416475921e+00 1.976562500000000000e+00
6.783092327517616482e+00 2.437500000000000000e+00
6.793461915021746123e+00 2.702148437500000000e+00
6.802618445545273396e+00 2.630859375000000000e+00
6.812740717130563617e+00 1.505371093750000000e+00
6.821274308680044030e+00 2.881835937500000000e+00
6.832287979893921559e+00 2.186035156250000000e+00
6.841094708963362692e+00 1.802734375000000000e+00
6.851377240873215868e+00 2.566406250000000000e+00
6.860147668781580776e+00 2.730468750000000000e+00
6.871258197191182582e+00 1.871582031250000000e+00
6.879915540955654052e+00 3.073242187500000000e+00
6.890249104589729612e+00 2.199218750000000000e+00
6.899622745865300999e+00 3.983398437500000000e+00
6.910065222468794843e+00 1.846679687500000000e+00
6.918718388778401618e+00 3.701660156250000000e+00
6.929727418022912033e+00 3.017578125000000000e+00
6.938419214607083774e+00 2.364257812500000000e+00
6.948184553498675697e+00 1.555664062500000000e+00
6.958184606855396304e+00 2.713867187500000000e+00
6.967864462648678980e+00 2.256835937500000000e+00
6.977150444214158753e+00 2.978515625000000000e+00
6.986380743630971502e+00 2.800781250000000000e+00
6.996643534479571436e+00 3.853515625000000000e+00
7.005186225593305949e+00 1.966796875000000000e+00
7.016130056621722844e+00 3.274414062500000000e+00
7.025113954269380123e+00 2.437500000000000000e+00
7.035145135970477526e+00 3.045898437500000000e+00
7.043969086515991407e+00 3.573242187500000000e+00
7.054397798993055524e+00 3.207519531250000000e+00
7.063817712389528936e+00 2.857910156250000000e+00
7.073856644800102345e+00 2.795898437500000000e+00
7.083521167444516209e+00 3.392578125000000000e+00
7.093236767313687352e+00 3.330078125000000000e+00
7.102624862296110564e+00 3.732421875000000000e+00
7.112349780931552345e+00 2.268554687500000000e+00
7.122258522599580033e+00 4.895507812500000000e+00
7.132011635036899833e+00 2.626953125000000000e+00
7.141809907629920851e+00 2.714843750000000000e+00
7.151330722343656632e+00 2.446289062500000000e+00
7.161030900227880025e+00 4.023437500000000000e+00
7.170263966808080980e+00 3.619140625000000000e+00
7.180455814239726564e+00 2.953125000000000000e+00
7.189086720787058127e+00 2.517089843750000000e+00
7.200036643964512706e+00 3.598632812500000000e+00
7.208705033342015511e+00 3.951171875000000000e+00
7.218732847012850229e+00 3.434570312500000000e+00
7.227505499524223609e+00 4.332031250000000000e+00
7.238264413385577356e+00 2.818359375000000000e+00
7.247694960829667465e+00 2.915039062500000000e+00
