#Time Flux
-1.429923016178239692e+00 -6.992187500000000000e-01
-1.423723461614160968e+00 -2.769531250000000000e+00
-1.418325494087433469e+00 8.671875000000000000e-01
-1.412545950659497507e+00 -1.955078125000000000e+00
-1.406595788376229450e+00 -1.074218750000000000e+00
-1.401429266806164975e+00 3.828125000000000000e-01
-1.395101195735268362e+00 2.941406250000000000e+00
-1.389674368332306287e+00 -2.371093750000000000e+00
-1.383686882861917766e+00 -4.337890625000000000e+00
-1.378154430716634238e+00 -6.250000000000000000e-01
-1.372495899997822733e+00 1.164062500000000000e+00
-1.366123508800622943e+00 2.917968750000000000e+00
-1.360744927949307126e+00 -7.773437500000000000e-01
-1.355342407824158713e+00 3.744140625000000000e+00
-1.349931656620942277e+00 1.615234375000000000e+00
-1.343577770558123774e+00 1.601562500000000000e+00
-1.338243415202292397e+00 2.148437500000000000e+00
-1.331958772057872054e+00 1.234375000000000000e+00
-1.326460604221484374e+00 -1.082031250000000000e+00
-1.320968666075454934e+00 2.140625000000000000e+00
-1.314671693053508505e+00 7.148437500000000000e-01
-1.309370537702976733e+00 -2.460937500000000000e+00
-1.303449389554195648e+00 1.378906250000000000e+00
-1.297895575155315839e+00 2.857421875000000000e+00
-1.292415771310228223e+00 1.322265625000000000e+00
-1.286179959946709417e+00 3.650390625000000000e+00
-1.280589787526858814e+00 1.833984375000000000e+00
-1.275010142482669195e+00 3.513671875000000000e+00
-1.269037792289260835e+00 1.267578125000000000e+00
-1.263461869851116859e+00 3.630859375000000000e+00
-1.258182960248335647e+00 4.990234375000000000e+00
-1.251927306458050282e+00 2.156250000000000000e+00
-1.246476545718870454e+00 3.769531250000000000e+00
-1.240408515431139946e+00 4.601562500000000000e+00
-1.234681230477857383e+00 4.546875000000000000e+00
-1.229489650189155014e+00 4.402343750000000000e+00
-1.222912592959708888e+00 -1.601562500000000000e-01
-1.217596675436459108e+00 3.710937500000000000e+00
-1.211733617013489805e+00 3.728515625000000000e+00
-1.206247421081322102e+00 3.164062500000000000e+00
-1.200482620984196558e+00 4.277343750000000000e+00
-1.194709307893443651e+00 5.179687500000000000e+00
-1.188920442599719962e+00 -1.406250000000000000e+00
-1.183425766107790267e+00 3.339843750000000000e+00
-1.177885383577198297e+00 -4.179687500000000000e-01
-1.171511717430487209e+00 6.375000000000000000e+00
-1.166185031342141798e+00 1.589843750000000000e+00
-1.159867863076474492e+00 5.363281250000000000e+00
-1.154548131642982867e+00 3.050781250000000000e+00
-1.148924403634350000e+00 4.556640625000000000e+00
-1.143105840804954809e+00 5.353515625000000000e+00
-1.137528328018316159e+00 3.984375000000000000e-01
-1.131438282820509400e+00 5.900390625000000000e+00
-1.125760273372975462e+00 6.300781250000000000e+00
-1.120401140419673425e+00 4.843750000000000000e+00
-1.114693285958725966e+00 8.136718750000000000e+00
-1.108634177959627820e+00 4.300781250000000000e+00
-1.103433284194924369e+00 7.636718750000000000e+00
-1.097212135142560996e+00 4.212890625000000000e+00
-1.091508291187153645e+00 8.746093750000000000e+00
-1.086332252376703167e+00 3.527343750000000000e+00
-1.079672671392714278e+00 6.328125000000000000e+00
-1.074496564571120416e+00 6.042968750000000000e+00
-1.068243283629367824e+00 4.636718750000000000e+00
-1.062734548234983478e+00 8.337890625000000000e+00
-1.057408829626908187e+00 6.316406250000000000e+00
-1.051646974906125465e+00 5.113281250000000000e+00
-1.045688459319244146e+00 3.183593750000000000e+00
-1.039947533682807901e+00 4.355468750000000000e+00
-1.034477812458225898e+00 3.658203125000000000e+00
-1.028487626878799688e+00 5.378906250000000000e+00
-1.023151131885510878e+00 6.171875000000000000e-01
-1.016692443843886906e+00 4.371093750000000000e+00
-1.011458029120795743e+00 4.212890625000000000e+00
-1.005708515131889413e+00 3.621093750000000000e+00
-9.997483173934877954e-01 7.265625000000000000e-01
-9.943384210162680148e-01 6.892578125000000000e+00
-9.883791378725206300e-01 1.091406250000000000e+01
-9.826433057358858747e-01 3.765625000000000000e+00
-9.771975994779076302e-01 6.230468750000000000e+00
-9.716183588656388537e-01 7.841796875000000000e+00
-9.655788263168805230e-01 4.431640625000000000e+00
-9.599479467365235053e-01 6.451171875000000000e+00
-9.536961992982408987e-01 6.767578125000000000e+00
-9.483710971069569950e-01 7.582031250000000000e+00
-9.425814617843766285e-01 5.957031250000000000e+00
-9.366360045571724413e-01 6.031250000000000000e+00
-9.314580381827113342e-01 7.542968750000000000e+00
-9.251449675035221532e-01 8.623046875000000000e+00
-9.196764184805061859e-01 8.160156250000000000e+00
-9.141829171709545676e-01 9.464843750000000000e+00
-9.081658569084112287e-01 1.229296875000000000e+01
-9.025713139718973821e-01 4.029296875000000000e+00
-8.966680345371660366e-01 7.076171875000000000e+00
-8.909040840331101663e-01 6.554687500000000000e+00
-8.854030908397803046e-01 1.403906250000000000e+01
-8.799527976385839168e-01 7.117187500000000000e+00
-8.736004685734002351e-01 5.023437500000000000e+00
-8.684236791320572024e-01 7.902343750000000000e+00
-8.626701230551070410e-01 8.394531250000000000e+00
-8.565057854188893316e-01 8.943359375000000000e+00
-8.510273105307497588e-01 7.111328125000000000e+00
-8.450981853271226640e-01 1.026171875000000000e+01
-8.395674448660699341e-01 5.281250000000000000e+00
-8.336897945975731972e-01 6.589843750000000000e+00
-8.279294642820396177e-01 1.230859375000000000e+01
-8.225177968046519794e-01 1.196679687500000000e+01
-8.169119928902581762e-01 8.732421875000000000e+00
-8.105834896602850392e-01 7.855468750000000000e+00
-8.052120902615733655e-01 1.458203125000000000e+01
-7.994469312058374300e-01 6.929687500000000000e+00
-7.934872079745769469e-01 7.009765625000000000e+00
-7.880697602200505969e-01 1.113281250000000000e+01
-7.819398187975039605e-01 9.105468750000000000e+00
-7.766390017047370975e-01 6.828125000000000000e+00
-7.704307806427301841e-01 7.117187500000000000e+00
-7.648071743090341101e-01 1.422656250000000000e+01
-7.595106694691118321e-01 6.988281250000000000e+00
-7.530605339575551227e-01 1.106250000000000000e+01
-7.476339442036774585e-01 1.111718750000000000e+01
-7.421809804312378134e-01 1.329296875000000000e+01
-7.367766988847463949e-01 8.585937500000000000e+00
-7.305575839618647649e-01 1.153906250000000000e+01
-7.249584735638556765e-01 1.089062500000000000e+01
-7.189629017054954829e-01 7.406250000000000000e+00
-7.134464027932807539e-01 1.088281250000000000e+01
-7.079328020783961506e-01 1.166406250000000000e+01
-7.016096499544630660e-01 1.001171875000000000e+01
-6.963586381831312622e-01 1.053906250000000000e+01
-6.903384145082505086e-01 8.554687500000000000e+00
-6.846900950512271322e-01 1.118554687500000000e+01
-6.790990335950795043e-01 7.257812500000000000e+00
-6.733370506432976299e-01 1.069531250000000000e+01
-6.675451809030441552e-01 1.134375000000000000e+01
-6.616676831122134672e-01 1.125976562500000000e+01
-6.558593972210911005e-01 1.038867187500000000e+01
-6.504205539830962834e-01 1.289843750000000000e+01
-6.447229277935733194e-01 1.030468750000000000e+01
-6.386525818529644738e-01 9.001953125000000000e+00
-6.334983298201724011e-01 8.566406250000000000e+00
-6.273328071686652407e-01 9.957031250000000000e+00
-6.215904441473281139e-01 1.249804687500000000e+01
-6.164368382045477546e-01 8.537109375000000000e+00
-6.097694931193196055e-01 1.275000000000000000e+01
-6.045599078383752101e-01 9.871093750000000000e+00
-5.987221900371899608e-01 9.773437500000000000e+00
-5.931735009266692060e-01 9.777343750000000000e+00
-5.873873850497481897e-01 7.109375000000000000e+00
-5.816505058905221404e-01 1.568359375000000000e+01
-5.756921415356757166e-01 1.112109375000000000e+01
-5.702863515326672683e-01 1.285351562500000000e+01
-5.648917821731842537e-01 8.570312500000000000e+00
-5.585241621746952490e-01 1.141210937500000000e+01
-5.533176799700463278e-01 1.081250000000000000e+01
-5.467285715771375010e-01 1.112890625000000000e+01
-5.415080817906385846e-01 1.165234375000000000e+01
-5.358001228494408963e-01 8.939453125000000000e+00
-5.299944842714161553e-01 1.197070312500000000e+01
-5.243921894092444802e-01 1.135546875000000000e+01
-5.184616661855869779e-01 1.091796875000000000e+01
-5.127349929151705510e-01 7.292968750000000000e+00
-5.072591345214014780e-01 8.167968750000000000e+00
-5.016456558127213583e-01 6.638671875000000000e+00
-4.955761619925507233e-01 1.352734375000000000e+01
-4.903449410241940143e-01 1.176953125000000000e+01
-4.839250259396994380e-01 1.266601562500000000e+01
-4.784553231794053119e-01 1.185546875000000000e+01
-4.727678236336103623e-01 8.808593750000000000e+00
-4.666451095221546552e-01 9.058593750000000000e+00
-4.614737203367553775e-01 1.180859375000000000e+01
-4.552295172043709925e-01 7.976562500000000000e+00
-4.497223409849890885e-01 1.105859375000000000e+01
-4.442849730218121351e-01 1.227734375000000000e+01
-4.383643016680540683e-01 7.234375000000000000e+00
-4.325686612293999644e-01 6.445312500000000000e+00
-4.266216545539975868e-01 9.074218750000000000e+00
-4.211555512195932494e-01 1.247265625000000000e+01
-4.154789695269904826e-01 7.812500000000000000e+00
-4.101610011586007687e-01 9.207031250000000000e+00
-4.036729657998936460e-01 1.407421875000000000e+01
-3.984742260124498614e-01 1.468359375000000000e+01
-3.927066874381601735e-01 1.137500000000000000e+01
-3.865274962931692926e-01 1.173242187500000000e+01
-3.810759687812694807e-01 1.313671875000000000e+01
-3.753258016434273259e-01 9.628906250000000000e+00
-3.696574909933865172e-01 1.221875000000000000e+01
-3.637392067459224165e-01 1.123437500000000000e+01
-3.580122026526950663e-01 9.046875000000000000e+00
-3.524742893258903109e-01 1.255468750000000000e+01
-3.469509896094109536e-01 1.053125000000000000e+01
-3.406004077448692158e-01 7.882812500000000000e+00
-3.353139097455581918e-01 9.769531250000000000e+00
-3.295843918440564124e-01 1.245507812500000000e+01
-3.235957063542773682e-01 1.672851562500000000e+01
-3.183669847702041977e-01 1.052343750000000000e+01
-3.120998427256704844e-01 9.783203125000000000e+00
-3.067616078057575635e-01 1.665625000000000000e+01
-3.008948623092031482e-01 1.471093750000000000e+01
-2.948572381121010721e-01 1.215429687500000000e+01
-2.895011810572878375e-01 8.564453125000000000e+00
-2.831752756933756388e-01 9.914062500000000000e+00
-2.776592796799697282e-01 1.055664062500000000e+01
-2.723786762209314816e-01 1.286328125000000000e+01
-2.670989106593122386e-01 9.449218750000000000e+00
-2.605817988592331602e-01 9.230468750000000000e+00
-2.552906053940180442e-01 1.400585937500000000e+01
-2.490568779343576011e-01 7.982421875000000000e+00
-2.434812984068237540e-01 1.419531250000000000e+01
-2.379619847984244529e-01 1.080468750000000000e+01
-2.316692713079930854e-01 1.089843750000000000e+01
-2.264318351775411742e-01 1.169335937500000000e+01
-2.204553745861375091e-01 1.201953125000000000e+01
-2.148557600480529572e-01 1.258398437500000000e+01
-2.094220974947198499e-01 1.009179687500000000e+01
-2.038830703177794135e-01 9.281250000000000000e+00
-1.975603448321088251e-01 1.006835937500000000e+01
-1.922198929427558767e-01 1.045312500000000000e+01
-1.862898123358434077e-01 1.411718750000000000e+01
-1.805392067446138782e-01 9.507812500000000000e+00
-1.748116222720472734e-01 8.121093750000000000e+00
-1.686938957362329461e-01 1.051367187500000000e+01
-1.635190101569197196e-01 1.065625000000000000e+01
-1.574109194096848796e-01 1.060156250000000000e+01
-1.516374616302869072e-01 1.619531250000000000e+01
-1.463712878869749545e-01 1.016015625000000000e+01
-1.400627628690784832e-01 1.613281250000000000e+01
-1.345967176818962940e-01 1.053515625000000000e+01
-1.290305222149825681e-01 1.289453125000000000e+01
-1.232827772016449330e-01 1.100390625000000000e+01
-1.174453372948818242e-01 1.237109375000000000e+01
-1.116264862442353234e-01 1.209375000000000000e+01
-1.056922963680335670e-01 1.001171875000000000e+01
-1.004611791674214771e-01 1.051171875000000000e+01
-9.474012508095341900e-02 1.170703125000000000e+01
-8.855672242365031366e-02 1.132812500000000000e+01
-8.333151965517160420e-02 1.114062500000000000e+01
-7.689290759325118074e-02 1.159765625000000000e+01
-7.156958820831960111e-02 8.914062500000000000e+00
-6.588728623615303093e-02 1.203320312500000000e+01
-6.011589919635440538e-02 1.342968750000000000e+01
-5.452385589590491577e-02 1.441015625000000000e+01
-4.849851760006629320e-02 1.409765625000000000e+01
-4.273917288064943421e-02 1.122656250000000000e+01
-3.740258918053029902e-02 1.324218750000000000e+01
-3.167215050209293281e-02 1.125781250000000000e+01
-2.562165906189406428e-02 1.326757812500000000e+01
-2.044442697975057399e-02 1.209765625000000000e+01
-1.429342225684848700e-02 1.409375000000000000e+01
-8.512627688276097615e-03 1.159570312500000000e+01
-3.154887890659097138e-03 1.063671875000000000e+01
3.254462764953558462e-03 1.130078125000000000e+01
8.509383290427052771e-03 1.094140625000000000e+01
1.453761911431072917e-02 1.433593750000000000e+01
2.022333424195110751e-02 1.469531250000000000e+01
2.559561128194509649e-02 1.060742187500000000e+01
3.140618975765896437e-02 1.283984375000000000e+01
3.737621752270925413e-02 1.226171875000000000e+01
4.260709588363909006e-02 1.166796875000000000e+01
4.868570384748949209e-02 1.353710937500000000e+01
5.445723448278094736e-02 1.280664062500000000e+01
5.982500805733081961e-02 1.152734375000000000e+01
6.630229052710845394e-02 1.087109375000000000e+01
7.152342020684265833e-02 1.216796875000000000e+01
7.725085529821562602e-02 1.378320312500000000e+01
8.315599788776317780e-02 1.086328125000000000e+01
8.887212625460350068e-02 1.330859375000000000e+01
9.456324160596096817e-02 1.669921875000000000e+01
1.003061279035559750e-01 9.029296875000000000e+00
1.056979257709933506e-01 1.364843750000000000e+01
1.114304341754284167e-01 1.373046875000000000e+01
1.174153229644936403e-01 1.438281250000000000e+01
1.229490877897987389e-01 1.611132812500000000e+01
1.293181185432743519e-01 1.421875000000000000e+01
1.346724795291507348e-01 1.504296875000000000e+01
1.403800069874510115e-01 7.480468750000000000e+00
1.462934666380810711e-01 1.158203125000000000e+01
1.515493784906425390e-01 1.316406250000000000e+01
1.577436560727569770e-01 1.552343750000000000e+01
1.633214364785970929e-01 1.446093750000000000e+01
1.687991483824990979e-01 1.499609375000000000e+01
1.748509155404889270e-01 1.593359375000000000e+01
1.804534420550645279e-01 1.411328125000000000e+01
1.862261682920802741e-01 8.953125000000000000e+00
1.921947782270958527e-01 1.484179687500000000e+01
1.975540853539747843e-01 1.036718750000000000e+01
2.033563234698991806e-01 1.377734375000000000e+01
2.093473775763854405e-01 1.524218750000000000e+01
2.146247467346658055e-01 1.309765625000000000e+01
2.208738756218302512e-01 1.224218750000000000e+01
2.263896860028360436e-01 1.038281250000000000e+01
2.319481314482469969e-01 1.609960937500000000e+01
2.377618719831868788e-01 1.419531250000000000e+01
2.435200547081084466e-01 7.351562500000000000e+00
2.493005469553715159e-01 9.648437500000000000e+00
2.550383718042930070e-01 1.413671875000000000e+01
2.605231102124694331e-01 1.599023437500000000e+01
2.663072592087978308e-01 1.174804687500000000e+01
2.724526234936295310e-01 1.756640625000000000e+01
2.776563749302773942e-01 1.464843750000000000e+01
2.835059974507583291e-01 1.137109375000000000e+01
2.894322077071063148e-01 9.171875000000000000e+00
2.949426311877836326e-01 1.361718750000000000e+01
3.008728414308805554e-01 1.605078125000000000e+01
3.064954511579536245e-01 8.832031250000000000e+00
3.125018071142182663e-01 1.678710937500000000e+01
3.182743637570517592e-01 1.257812500000000000e+01
3.234896333600651985e-01 1.525781250000000000e+01
3.296162334291672380e-01 8.419921875000000000e+00
3.353849250491034439e-01 1.601367187500000000e+01
3.406457746612900905e-01 1.632812500000000000e+01
3.465890279715608813e-01 1.579687500000000000e+01
3.524241014501825475e-01 1.441796875000000000e+01
3.578492413695677499e-01 1.510937500000000000e+01
3.640841238264407309e-01 1.391601562500000000e+01
3.695232443254390375e-01 1.320312500000000000e+01
3.752483967405524368e-01 1.267968750000000000e+01
3.813522439290579769e-01 1.425000000000000000e+01
3.866546118760147976e-01 8.417968750000000000e+00
3.923403042728370593e-01 1.522851562500000000e+01
3.983041802960176625e-01 1.342187500000000000e+01
4.039150046837658437e-01 1.499804687500000000e+01
4.098247055962271901e-01 1.350781250000000000e+01
4.155234002968200002e-01 1.438281250000000000e+01
4.208227741960328672e-01 1.059375000000000000e+01
4.271156415572949783e-01 9.189453125000000000e+00
4.324560428641248677e-01 9.730468750000000000e+00
4.382242393083846110e-01 1.118164062500000000e+01
4.443568449956138977e-01 1.236132812500000000e+01
4.496137949968073144e-01 1.416210937500000000e+01
4.556211198264499274e-01 1.384765625000000000e+01
4.613931425425459310e-01 1.481250000000000000e+01
4.666464701619794653e-01 1.010546875000000000e+01
4.729599392663352830e-01 1.138281250000000000e+01
4.784467311224211983e-01 1.775781250000000000e+01
4.842682818733994310e-01 1.207031250000000000e+01
4.901951307396537061e-01 1.221484375000000000e+01
4.955546416029967816e-01 1.377343750000000000e+01
5.014296961287918464e-01 8.835937500000000000e+00
5.072445993421936805e-01 1.472656250000000000e+01
5.125616305326872180e-01 1.193945312500000000e+01
5.185289602976812517e-01 1.159960937500000000e+01
5.244536155455215010e-01 1.292578125000000000e+01
5.297597166407950198e-01 9.679687500000000000e+00
5.361113757314477368e-01 9.515625000000000000e+00
5.415281540938927662e-01 1.218750000000000000e+01
5.471542616971696305e-01 1.034765625000000000e+01
5.531162646928251547e-01 8.625000000000000000e+00
5.586123398717841582e-01 1.014453125000000000e+01
5.645116788657027485e-01 7.269531250000000000e+00
5.702654146290537795e-01 1.384375000000000000e+01
5.755283318141586335e-01 1.154687500000000000e+01
5.814193917467598283e-01 1.026171875000000000e+01
5.873937946621801132e-01 1.296875000000000000e+01
5.929521515363536110e-01 1.174218750000000000e+01
5.990367956113828996e-01 9.582031250000000000e+00
6.045315116145957290e-01 1.054687500000000000e+01
6.102499255980475823e-01 1.209375000000000000e+01
6.163335977723676251e-01 8.035156250000000000e+00
6.215056367643896351e-01 1.613671875000000000e+01
6.277055949357368547e-01 1.123437500000000000e+01
6.333343966838764771e-01 6.000000000000000000e+00
6.386695116764595781e-01 1.529492187500000000e+01
6.447712136804870653e-01 1.741015625000000000e+01
6.504185503549315683e-01 1.328125000000000000e+01
6.560982070032856939e-01 8.230468750000000000e+00
6.618328732219218580e-01 1.302734375000000000e+01
6.674893474496137458e-01 9.878906250000000000e+00
6.731891724537533150e-01 1.111328125000000000e+01
6.793142034791692652e-01 1.200000000000000000e+01
6.845656248863711824e-01 1.304687500000000000e+01
6.902490465207247183e-01 1.217187500000000000e+01
6.964237641524633204e-01 1.288671875000000000e+01
7.018662457075972583e-01 1.116796875000000000e+01
7.076666963758277973e-01 1.325000000000000000e+01
7.133947046079747167e-01 1.050390625000000000e+01
7.188427420071512586e-01 1.189453125000000000e+01
7.249760099032140914e-01 1.502343750000000000e+01
7.304329035612227017e-01 1.528515625000000000e+01
7.364980359448338731e-01 1.238671875000000000e+01
7.423145879245325318e-01 1.712500000000000000e+01
7.476996064048346824e-01 1.022070312500000000e+01
7.534665313481507809e-01 1.561523437500000000e+01
7.593750205927207730e-01 1.237109375000000000e+01
7.645725300614572006e-01 1.485937500000000000e+01
7.707921500932428671e-01 1.452734375000000000e+01
7.763392649588212180e-01 1.071484375000000000e+01
7.819775121729932721e-01 1.718164062500000000e+01
7.882832368093808384e-01 1.691796875000000000e+01
7.934635054796466136e-01 1.670312500000000000e+01
7.997728747662691262e-01 1.356640625000000000e+01
8.051143634213673295e-01 1.801562500000000000e+01
8.106315015328178220e-01 1.741796875000000000e+01
8.165777750057827689e-01 1.336718750000000000e+01
8.224134044498772056e-01 1.399023437500000000e+01
8.277427608012839499e-01 1.316406250000000000e+01
8.332828440743078602e-01 1.261718750000000000e+01
8.394986386044358539e-01 1.380859375000000000e+01
8.449764419813696747e-01 1.893554687500000000e+01
8.513114920809119468e-01 1.951757812500000000e+01
8.565402269855546535e-01 1.191992187500000000e+01
8.623579486122885385e-01 1.229687500000000000e+01
8.682026181416322430e-01 1.383789062500000000e+01
8.735722288577711936e-01 1.903320312500000000e+01
8.797106650081900625e-01 1.493750000000000000e+01
8.853523017922029226e-01 1.073046875000000000e+01
8.907374642073833115e-01 1.633203125000000000e+01
8.965321742377092562e-01 1.629687500000000000e+01
9.024613436400450439e-01 1.292187500000000000e+01
9.081767442013912728e-01 1.869140625000000000e+01
9.142950866327552717e-01 1.512109375000000000e+01
9.195214135163887192e-01 1.644726562500000000e+01
9.254988867603763936e-01 1.495312500000000000e+01
9.312751558889100778e-01 1.860546875000000000e+01
9.365005568641002753e-01 2.131640625000000000e+01
9.429133340222186632e-01 1.780859375000000000e+01
9.483479064846509488e-01 1.693750000000000000e+01
9.539634221044543949e-01 1.830078125000000000e+01
9.597539621322788150e-01 2.204296875000000000e+01
9.654798581899992627e-01 1.705859375000000000e+01
9.714248950604531530e-01 1.566210937500000000e+01
9.770782873709400462e-01 1.773437500000000000e+01
9.825337923900399062e-01 1.994140625000000000e+01
9.880247276682680990e-01 1.469140625000000000e+01
9.943837205093757348e-01 1.901171875000000000e+01
9.996997036323094221e-01 1.808398437500000000e+01
1.005930997465087628e+00 1.699023437500000000e+01
1.011442050701120365e+00 1.619531250000000000e+01
1.017006918689906669e+00 1.871484375000000000e+01
1.022833201642741940e+00 1.722070312500000000e+01
1.028389826259420659e+00 1.763281250000000000e+01
1.034207509279848836e+00 2.142578125000000000e+01
1.040183429574712548e+00 1.800000000000000000e+01
1.045514669540171582e+00 1.880468750000000000e+01
1.051315734736160579e+00 1.819140625000000000e+01
1.057402692238431641e+00 2.392382812500000000e+01
1.062633059460026175e+00 1.666406250000000000e+01
1.068671865185654823e+00 2.076562500000000000e+01
1.074409561025857940e+00 2.331835937500000000e+01
1.079664044274725399e+00 2.078515625000000000e+01
1.085947075224307667e+00 1.902343750000000000e+01
1.091487081942226212e+00 1.706250000000000000e+01
1.097696680400021663e+00 2.078515625000000000e+01
1.103282240671703107e+00 1.737890625000000000e+01
1.108701877090753740e+00 2.017382812500000000e+01
1.114486467251758484e+00 2.226953125000000000e+01
1.120244615259544219e+00 2.110937500000000000e+01
1.125605017716122092e+00 1.797265625000000000e+01
1.131489955266072656e+00 2.075781250000000000e+01
1.137485774655100812e+00 1.791601562500000000e+01
1.142751553072114845e+00 2.082226562500000000e+01
1.149229539279513546e+00 2.140234375000000000e+01
1.154545915402476197e+00 1.940625000000000000e+01
1.160211792658477847e+00 2.190625000000000000e+01
1.166307907903455288e+00 1.992578125000000000e+01
1.171728481429333613e+00 1.884960937500000000e+01
1.177555148170835508e+00 1.803125000000000000e+01
1.183300735612760946e+00 2.015234375000000000e+01
1.188654026500485017e+00 1.825781250000000000e+01
1.194928115177084749e+00 1.681250000000000000e+01
1.200416696199454236e+00 1.733984375000000000e+01
1.205965528613944571e+00 2.019531250000000000e+01
1.212205419016511243e+00 1.880468750000000000e+01
1.217555207834193354e+00 1.757031250000000000e+01
1.223278759575343599e+00 1.682812500000000000e+01
1.229225294317060957e+00 1.859960937500000000e+01
1.234524908270735466e+00 1.776953125000000000e+01
1.240759092421271248e+00 1.660937500000000000e+01
1.246385670885086228e+00 1.457421875000000000e+01
1.251752931483107290e+00 1.851171875000000000e+01
1.257799540960094831e+00 1.897070312500000000e+01
1.263422105192553602e+00 1.673632812500000000e+01
1.269172255729762000e+00 1.422070312500000000e+01
1.274837081410922224e+00 1.891015625000000000e+01
1.280551696945316564e+00 1.981250000000000000e+01
1.286471181218129090e+00 1.574609375000000000e+01
1.292363179814234542e+00 1.778515625000000000e+01
1.297583343121285537e+00 1.879296875000000000e+01
1.303370552937597182e+00 1.585351562500000000e+01
1.309458672735155815e+00 1.670703125000000000e+01
1.314883204795936678e+00 1.681250000000000000e+01
1.320793460996748436e+00 1.538281250000000000e+01
1.326502999584670661e+00 1.375390625000000000e+01
1.332325208886658174e+00 1.089062500000000000e+01
1.338008662059909426e+00 1.637890625000000000e+01
1.343530721419464058e+00 1.497851562500000000e+01
1.349599684273286471e+00 1.341406250000000000e+01
1.355367030349418300e+00 1.435351562500000000e+01
1.360743026375175191e+00 1.814062500000000000e+01
1.366427913134451444e+00 1.062109375000000000e+01
1.372420700717574604e+00 1.428710937500000000e+01
1.377628214318942668e+00 1.441601562500000000e+01
1.384051636726193024e+00 1.522070312500000000e+01
1.389479313704846675e+00 1.142968750000000000e+01
1.395503701334874336e+00 1.327929687500000000e+01
1.401258983415358372e+00 2.110937500000000000e+01
1.406442230203996502e+00 1.095703125000000000e+01
1.412800746512722583e+00 9.296875000000000000e+00
1.418327282201881090e+00 1.080859375000000000e+01
1.423868732990722918e+00 1.598437500000000000e+01
1.429626514311433283e+00 9.728515625000000000e+00
1.435466498741210017e+00 8.699218750000000000e+00
1.440759277138949912e+00 9.765625000000000000e+00
1.446732586871640081e+00 1.099609375000000000e+01
1.452495509999090828e+00 1.004296875000000000e+01
1.457985714596683025e+00 1.012890625000000000e+01
1.464403139086666528e+00 1.100000000000000000e+01
1.469610025984607660e+00 1.109765625000000000e+01
1.475476003671090552e+00 1.048046875000000000e+01
1.481341412813971914e+00 9.367187500000000000e+00
1.486743611343436910e+00 1.019726562500000000e+01
1.492779811539483248e+00 8.375000000000000000e+00
1.498436826361331242e+00 8.109375000000000000e+00
1.504307649180660178e+00 9.015625000000000000e+00
1.510064310239744856e+00 7.601562500000000000e+00
1.515428964104977183e+00 5.992187500000000000e+00
1.521109279796704072e+00 7.054687500000000000e+00
1.527338945391711889e+00 9.386718750000000000e+00
1.532614545932560191e+00 7.759765625000000000e+00
1.538585140302078713e+00 6.000000000000000000e+00
1.544341043093314880e+00 1.136718750000000000e+01
1.549510187062320909e+00 3.535156250000000000e+00
1.555920907044692214e+00 7.417968750000000000e+00
1.561423928830000918e+00 9.701171875000000000e+00
1.567587032810596526e+00 1.582031250000000000e+00
1.573217871984853744e+00 4.527343750000000000e+00
1.578612610876259481e+00 5.824218750000000000e+00
1.584362815366656463e+00 3.753906250000000000e+00
1.590072403039638260e+00 -5.292968750000000000e-01
1.595570022259682474e+00 3.281250000000000000e+00
1.601478922558083440e+00 6.652343750000000000e+00
1.607486016495080605e+00 5.886718750000000000e+00
1.612708217318818527e+00 2.968750000000000000e+00
1.619085388366979572e+00 3.976562500000000000e+00
1.624457640778757650e+00 5.945312500000000000e+00
1.630140175933293634e+00 1.277343750000000000e+00
1.636081201873926361e+00 8.083984375000000000e+00
1.641524407597795943e+00 -4.824218750000000000e-01
1.647453054292224550e+00 4.341796875000000000e+00
1.653124255122067510e+00 7.089843750000000000e-01
1.658524583051804058e+00 4.898437500000000000e+00
1.664168127373901740e+00 3.273437500000000000e+00
1.670450336034132732e+00 1.878906250000000000e+00
1.675832539069869398e+00 5.707031250000000000e+00
1.682049604118574848e+00 -1.023437500000000000e+00
1.687423453603571488e+00 -4.031250000000000000e+00
1.692722601188194176e+00 2.757812500000000000e+00
1.699287100815336515e+00 -6.562500000000000000e-01
1.704461890436752114e+00 -1.476562500000000000e+00
1.710822161807358910e+00 -1.208984375000000000e+00
1.716366681073434819e+00 1.683593750000000000e+00
1.721681785551801624e+00 -3.984375000000000000e+00
1.727448106141354245e+00 -3.314453125000000000e+00
1.733370578900915504e+00 -4.943359375000000000e+00
1.739064731106825690e+00 -5.707031250000000000e+00
1.744744362586262199e+00 -3.962890625000000000e+00
1.750528220921008682e+00 -3.003906250000000000e+00
1.756017169680813339e+00 -3.576171875000000000e+00
1.762302567686436561e+00 -6.656250000000000000e+00
1.767459736543708360e+00 -7.824218750000000000e+00
1.773205067394620471e+00 -5.156250000000000000e+00
1.779480427872512038e+00 -4.554687500000000000e+00
1.784800638017362218e+00 -5.984375000000000000e+00
1.790718577682291368e+00 -2.974609375000000000e+00
1.796250063845967304e+00 -5.292968750000000000e+00
1.801856892986730685e+00 -6.183593750000000000e+00
1.807477488691812795e+00 -9.597656250000000000e+00
1.813488983792790776e+00 -6.574218750000000000e+00
1.819634054997607109e+00 -6.066406250000000000e+00
1.825314226249950877e+00 -7.941406250000000000e+00
1.830606579970600833e+00 -8.494140625000000000e+00
1.836285856904336100e+00 -9.132812500000000000e+00
1.842362501781881434e+00 -7.115234375000000000e+00
1.847558369860987426e+00 -8.019531250000000000e+00
1.853972797292723129e+00 -1.080078125000000000e+01
1.859404371898147446e+00 -8.941406250000000000e+00
1.864792786508818523e+00 -1.169140625000000000e+01
1.870975621360681629e+00 -7.900390625000000000e+00
1.876420359469651800e+00 -1.226953125000000000e+01
1.882852802056204311e+00 -4.064453125000000000e+00
1.888070397990006200e+00 -7.644531250000000000e+00
1.893880852339611565e+00 -1.269335937500000000e+01
1.899467238810810699e+00 -1.135937500000000000e+01
1.905370043199262398e+00 -1.142187500000000000e+01
1.910600876721499475e+00 -1.685156250000000000e+01
1.916524685724187549e+00 -1.537500000000000000e+01
1.922516050091264361e+00 -1.011718750000000000e+01
1.927931062014419439e+00 -1.075781250000000000e+01
1.934332670472230120e+00 -1.476171875000000000e+01
1.939529395314490756e+00 -1.246093750000000000e+01
1.945354183319039976e+00 -1.475781250000000000e+01
1.951063894952346445e+00 -1.281835937500000000e+01
1.956580401625707566e+00 -1.259375000000000000e+01
1.962741357759048455e+00 -1.307617187500000000e+01
1.968411696812882639e+00 -1.434375000000000000e+01
1.973596204645474472e+00 -1.135156250000000000e+01
1.979450327087162620e+00 -1.549218750000000000e+01
1.985463264087048429e+00 -1.816406250000000000e+01
1.991097742329490217e+00 -1.187890625000000000e+01
1.997281309874063382e+00 -1.308593750000000000e+01
2.002534767023497864e+00 -1.157812500000000000e+01
2.008498410889350438e+00 -1.709179687500000000e+01
2.014239862016175664e+00 -1.923828125000000000e+01
2.019456900795150389e+00 -1.975781250000000000e+01
2.025887259071510016e+00 -1.495703125000000000e+01
2.031313197386932501e+00 -1.560156250000000000e+01
2.036917724345432390e+00 -1.948437500000000000e+01
2.042692790057616392e+00 -2.111132812500000000e+01
2.048519521328248771e+00 -1.864843750000000000e+01
2.054181659218793143e+00 -1.546289062500000000e+01
2.060034439684212515e+00 -1.351757812500000000e+01
2.065554862977780459e+00 -1.838671875000000000e+01
2.071120726339618301e+00 -2.065625000000000000e+01
2.077414057153387006e+00 -1.947265625000000000e+01
2.082568478114616539e+00 -1.571875000000000000e+01
2.088797431827181583e+00 -1.779687500000000000e+01
2.094354936515337329e+00 -1.624609375000000000e+01
2.100035479934032168e+00 -2.240625000000000000e+01
2.105818045757949619e+00 -2.205859375000000000e+01
2.111494912860404582e+00 -2.111523437500000000e+01
2.117106139131321285e+00 -1.843945312500000000e+01
2.123165567874739423e+00 -1.555468750000000000e+01
2.128502113923051553e+00 -2.140234375000000000e+01
2.134149966111344554e+00 -1.868359375000000000e+01
2.140384315571054685e+00 -2.426953125000000000e+01
2.145720495804610550e+00 -1.720507812500000000e+01
2.151583196804043752e+00 -2.612109375000000000e+01
2.157383349027909958e+00 -2.132421875000000000e+01
2.162661328682336404e+00 -1.545312500000000000e+01
2.169060312626005071e+00 -2.310937500000000000e+01
2.174381203353641823e+00 -2.003125000000000000e+01
2.180623820680825276e+00 -1.950390625000000000e+01
2.186230042564021758e+00 -1.870117187500000000e+01
2.191617881050003547e+00 -2.001367187500000000e+01
2.197408435613441569e+00 -1.539257812500000000e+01
2.203341565507912492e+00 -2.143945312500000000e+01
2.208894511191768828e+00 -2.314453125000000000e+01
2.214575568914279202e+00 -1.590039062500000000e+01
2.220475014151798376e+00 -1.877343750000000000e+01
2.225703292604405803e+00 -1.510742187500000000e+01
2.232117236235906077e+00 -2.026171875000000000e+01
2.237474017616008837e+00 -2.013671875000000000e+01
2.243152750080437130e+00 -2.100390625000000000e+01
2.249415122700549219e+00 -2.209960937500000000e+01
2.254653112094839429e+00 -2.380468750000000000e+01
2.260562780102164382e+00 -2.030468750000000000e+01
2.266204647643380810e+00 -2.217187500000000000e+01
2.271653128861554904e+00 -2.128515625000000000e+01
2.277680798999224265e+00 -1.981250000000000000e+01
2.283473498256949341e+00 -2.392578125000000000e+01
2.289009368628736496e+00 -1.708984375000000000e+01
2.295252926772997526e+00 -2.367187500000000000e+01
2.300460049080486513e+00 -1.952539062500000000e+01
2.306031288936623014e+00 -1.920117187500000000e+01
2.312301695555712300e+00 -2.205273437500000000e+01
2.317481362817735757e+00 -1.990625000000000000e+01
2.323727552752878012e+00 -2.229296875000000000e+01
2.329352261749972897e+00 -1.784960937500000000e+01
2.334776780402659568e+00 -2.320312500000000000e+01
2.340748122964061650e+00 -1.779296875000000000e+01
2.346412718991535584e+00 -2.313476562500000000e+01
2.352609933389519625e+00 -2.120117187500000000e+01
2.357791589168598989e+00 -2.319531250000000000e+01
2.363684994709817744e+00 -2.181445312500000000e+01
2.369235393989406191e+00 -1.392968750000000000e+01
2.375297080228946811e+00 -2.281445312500000000e+01
2.380511044931594711e+00 -1.959765625000000000e+01
2.386513636608913913e+00 -2.105078125000000000e+01
2.392501087871623966e+00 -2.118750000000000000e+01
2.397887593561121022e+00 -2.122656250000000000e+01
2.404162507394246973e+00 -2.350390625000000000e+01
2.409420470890802690e+00 -2.128125000000000000e+01
2.415284476752521670e+00 -2.517968750000000000e+01
2.421012728012030379e+00 -2.219921875000000000e+01
2.426527150830708024e+00 -2.001562500000000000e+01
2.432544849656125052e+00 -1.991015625000000000e+01
2.438380522263306815e+00 -2.678515625000000000e+01
2.443622244779881214e+00 -1.909179687500000000e+01
2.449388100868439722e+00 -2.052734375000000000e+01
2.455419454011524394e+00 -2.396875000000000000e+01
2.460604154134387045e+00 -2.148828125000000000e+01
2.466991815238198882e+00 -2.001171875000000000e+01
2.472390009614555240e+00 -2.213281250000000000e+01
2.478168285168951712e+00 -2.164062500000000000e+01
2.484265359946915552e+00 -1.920898437500000000e+01
2.489441125785560871e+00 -1.844921875000000000e+01
2.495901451034129082e+00 -2.189648437500000000e+01
2.501285308779102934e+00 -1.856250000000000000e+01
2.506825187343547867e+00 -2.016601562500000000e+01
2.512071096696995909e+00 -1.866210937500000000e+01
2.518405644742346183e+00 -1.855859375000000000e+01
2.523755461905620834e+00 -2.250390625000000000e+01
2.529944780841244523e+00 -2.341015625000000000e+01
2.535638308596295687e+00 -2.041796875000000000e+01
2.540939962999212653e+00 -1.967578125000000000e+01
2.547351758785993070e+00 -2.109179687500000000e+01
2.552466039385205221e+00 -2.074609375000000000e+01
2.558410774876348270e+00 -1.941992187500000000e+01
2.564310986117009250e+00 -2.104101562500000000e+01
2.569947484835907403e+00 -1.963671875000000000e+01
2.575731545211555229e+00 -2.226757812500000000e+01
2.581422668889036487e+00 -2.152734375000000000e+01
2.586773317808010120e+00 -1.865625000000000000e+01
2.593063611069057472e+00 -1.943750000000000000e+01
2.598531039139588827e+00 -1.838085937500000000e+01
2.604075962574327718e+00 -1.786718750000000000e+01
2.610326785920085157e+00 -1.850585937500000000e+01
2.615573765489353164e+00 -1.823632812500000000e+01
2.621435801654202535e+00 -2.313085937500000000e+01
2.627362036841548232e+00 -2.204882812500000000e+01
2.632556193178523074e+00 -1.956640625000000000e+01
2.638990739090846915e+00 -2.076562500000000000e+01
2.644360843682898476e+00 -1.789843750000000000e+01
2.649911869767144879e+00 -2.050000000000000000e+01
2.655769127957370301e+00 -1.899023437500000000e+01
2.661484872647623234e+00 -1.792187500000000000e+01
2.667349994064164065e+00 -1.992187500000000000e+01
2.673281718790351036e+00 -1.958007812500000000e+01
2.678824957582216726e+00 -1.625976562500000000e+01
2.684322846973863363e+00 -1.833593750000000000e+01
2.690398492041339296e+00 -1.967578125000000000e+01
2.695624910285816966e+00 -1.567968750000000000e+01
2.701441019195000237e+00 -2.002929687500000000e+01
2.707442114723704663e+00 -1.656640625000000000e+01
2.713091389145436239e+00 -1.921875000000000000e+01
2.719200662544206892e+00 -1.695117187500000000e+01
2.724504165849129578e+00 -2.146484375000000000e+01
2.730398618485370577e+00 -1.983984375000000000e+01
2.736163171435936903e+00 -1.422265625000000000e+01
2.741568894342735874e+00 -2.025195312500000000e+01
2.747315133854751679e+00 -1.648828125000000000e+01
2.753432293595144742e+00 -2.272070312500000000e+01
2.758677322050250069e+00 -1.692187500000000000e+01
2.764645787779793196e+00 -1.894921875000000000e+01
2.770433884231865207e+00 -1.576953125000000000e+01
2.776106609281029591e+00 -1.812109375000000000e+01
2.782295290311804337e+00 -1.682421875000000000e+01
2.787496910456429333e+00 -1.910546875000000000e+01
2.793618131228772228e+00 -2.173437500000000000e+01
2.799188464571845003e+00 -1.676562500000000000e+01
2.804526776122136411e+00 -1.981640625000000000e+01
2.810576968693629496e+00 -1.951757812500000000e+01
2.816397198730907547e+00 -2.381640625000000000e+01
2.822060053987865302e+00 -1.430468750000000000e+01
2.827672458694912905e+00 -1.788281250000000000e+01
2.833436704173863063e+00 -2.068359375000000000e+01
2.838779912884001888e+00 -1.790234375000000000e+01
2.845264557091905289e+00 -1.839843750000000000e+01
2.850531411242682722e+00 -1.651367187500000000e+01
2.856164630224117928e+00 -1.911328125000000000e+01
2.862485736940772796e+00 -1.999218750000000000e+01
2.867800862441530541e+00 -1.589648437500000000e+01
2.873449091043610792e+00 -1.590234375000000000e+01
2.879282572949721342e+00 -1.736328125000000000e+01
2.884974181611577038e+00 -1.934570312500000000e+01
2.890900772801309415e+00 -1.519531250000000000e+01
2.896470967165262422e+00 -2.263671875000000000e+01
2.902020056684246896e+00 -1.904882812500000000e+01
2.908314463299369379e+00 -1.812890625000000000e+01
2.913564177249027054e+00 -1.785546875000000000e+01
2.919325602681503540e+00 -1.471875000000000000e+01
2.925370976661756828e+00 -1.632617187500000000e+01
2.930583651964235870e+00 -1.748046875000000000e+01
2.936719777905292261e+00 -1.533984375000000000e+01
2.942282643499533279e+00 -1.530078125000000000e+01
2.947608627403074166e+00 -1.776562500000000000e+01
2.953970460639080642e+00 -1.401562500000000000e+01
2.959453456099051749e+00 -1.909375000000000000e+01
2.965819754709141165e+00 -1.619140625000000000e+01
2.971257875829820705e+00 -1.667968750000000000e+01
2.976639524763728062e+00 -1.880664062500000000e+01
2.982327175578223688e+00 -1.780468750000000000e+01
2.988315669890752702e+00 -1.535937500000000000e+01
2.993611062748863461e+00 -1.223046875000000000e+01
2.999701664538637402e+00 -1.961718750000000000e+01
3.005516737028145258e+00 -2.202343750000000000e+01
3.010901056970718415e+00 -1.588281250000000000e+01
3.017236582306543013e+00 -1.818945312500000000e+01
3.022516480808587147e+00 -1.818359375000000000e+01
3.028281819395733265e+00 -2.061718750000000000e+01
3.034044752575166370e+00 -1.752343750000000000e+01
3.039535933410837387e+00 -1.733984375000000000e+01
3.045622661001569753e+00 -1.680078125000000000e+01
3.051375042069969012e+00 -2.180273437500000000e+01
3.056618806407239930e+00 -1.589453125000000000e+01
3.062420185198480027e+00 -1.748437500000000000e+01
3.068435166439547501e+00 -2.123828125000000000e+01
3.074062593678881683e+00 -1.539453125000000000e+01
3.080165628974187442e+00 -1.495117187500000000e+01
3.085537513638008988e+00 -1.691796875000000000e+01
3.091196939371886998e+00 -2.022656250000000000e+01
3.097331103549111120e+00 -1.561523437500000000e+01
3.102464462100215314e+00 -1.788281250000000000e+01
3.108853434327524923e+00 -2.014062500000000000e+01
3.114371874140509533e+00 -1.819140625000000000e+01
3.119871512263518554e+00 -1.772265625000000000e+01
3.125674042623858284e+00 -1.564453125000000000e+01
3.131402901822417206e+00 -2.005664062500000000e+01
3.137313534736488663e+00 -1.673828125000000000e+01
3.142972269224767246e+00 -1.599609375000000000e+01
3.148563574364136031e+00 -1.818750000000000000e+01
3.154311447150156766e+00 -1.446484375000000000e+01
3.160353852700808375e+00 -1.766406250000000000e+01
3.165622129349682012e+00 -1.656640625000000000e+01
3.171409461855908773e+00 -1.595703125000000000e+01
3.177431750885702400e+00 -1.937890625000000000e+01
3.182988594562806028e+00 -1.757226562500000000e+01
3.188742729898134343e+00 -1.782812500000000000e+01
3.194454219065395506e+00 -1.916015625000000000e+01
3.199802264956566944e+00 -1.827734375000000000e+01
3.206092229844543340e+00 -1.853125000000000000e+01
3.211482132444690052e+00 -1.605078125000000000e+01
3.217444266359972715e+00 -1.791796875000000000e+01
3.223414358386563094e+00 -1.559179687500000000e+01
3.228697004588369168e+00 -1.507226562500000000e+01
3.234326484078223984e+00 -1.678320312500000000e+01
3.240366720190849037e+00 -1.485156250000000000e+01
3.245615800144710406e+00 -1.723828125000000000e+01
3.252010201394707423e+00 -1.759570312500000000e+01
3.257480306693214089e+00 -1.445703125000000000e+01
3.263585907740097269e+00 -1.731445312500000000e+01
3.269165140800676994e+00 -1.367968750000000000e+01
3.274452674156222542e+00 -1.866796875000000000e+01
3.280374357839086485e+00 -1.461328125000000000e+01
3.286284094126132871e+00 -1.830273437500000000e+01
3.291833187382687598e+00 -1.764062500000000000e+01
3.297632902359090679e+00 -1.562109375000000000e+01
3.303419238471605013e+00 -1.583203125000000000e+01
3.308743743665122139e+00 -1.691015625000000000e+01
3.314853727121437998e+00 -1.889453125000000000e+01
3.320540566872576704e+00 -1.690234375000000000e+01
3.326124572027502779e+00 -1.366406250000000000e+01
3.332398755257326428e+00 -1.471875000000000000e+01
3.337698867801112357e+00 -1.845703125000000000e+01
3.343413093942970704e+00 -1.503515625000000000e+01
3.349215266385645151e+00 -1.860546875000000000e+01
3.354550299655404189e+00 -1.639843750000000000e+01
3.360858549278967544e+00 -1.451171875000000000e+01
3.366451330463078762e+00 -1.628125000000000000e+01
3.372319138380799330e+00 -1.893554687500000000e+01
3.378187833128070139e+00 -1.637890625000000000e+01
3.383487788002797814e+00 -1.553710937500000000e+01
3.389094376305635592e+00 -1.695312500000000000e+01
3.395319571944044768e+00 -1.857812500000000000e+01
3.400531767220879686e+00 -1.861718750000000000e+01
3.406670097890362570e+00 -1.539062500000000000e+01
3.412352382675107876e+00 -1.852929687500000000e+01
3.417542132930455168e+00 -1.765234375000000000e+01
3.423900274090598828e+00 -1.993750000000000000e+01
3.429406621792065124e+00 -1.576953125000000000e+01
3.435461565834742714e+00 -1.828515625000000000e+01
3.441071433045792105e+00 -1.673437500000000000e+01
3.446500026865948030e+00 -1.752343750000000000e+01
3.452369079775726490e+00 -1.118164062500000000e+01
3.458127792896902974e+00 -1.764062500000000000e+01
3.463586763412644487e+00 -1.740429687500000000e+01
3.469132209927947130e+00 -1.216796875000000000e+01
3.475466117473438032e+00 -1.207617187500000000e+01
3.480853871936513855e+00 -1.563476562500000000e+01
3.486943259341982682e+00 -1.607031250000000000e+01
3.492491819708117617e+00 -1.381250000000000000e+01
3.498177227227735386e+00 -1.921875000000000000e+01
3.503947780743946083e+00 -1.603125000000000000e+01
3.509488254627413539e+00 -1.675781250000000000e+01
3.515585281585398292e+00 -1.448437500000000000e+01
3.521228264928691232e+00 -2.050000000000000000e+01
3.526597676518186120e+00 -1.810937500000000000e+01
3.532354604471485970e+00 -1.355468750000000000e+01
3.538407321299324337e+00 -1.419921875000000000e+01
3.543578063127917233e+00 -1.292382812500000000e+01
3.549831952708975891e+00 -1.920703125000000000e+01
3.555471830809025846e+00 -1.642968750000000000e+01
3.560786313990444540e+00 -1.606250000000000000e+01
3.567322255933063957e+00 -1.936914062500000000e+01
3.572448869993422704e+00 -1.577343750000000000e+01
3.578831604552171086e+00 -1.217968750000000000e+01
3.584289129574042221e+00 -1.255468750000000000e+01
3.589696293506765556e+00 -1.725195312500000000e+01
3.595423903407262145e+00 -1.352734375000000000e+01
3.601350428464559883e+00 -1.716796875000000000e+01
3.606846184510398956e+00 -1.897656250000000000e+01
3.612381252630914474e+00 -1.488671875000000000e+01
3.618521504458737326e+00 -1.456835937500000000e+01
3.623893831481137084e+00 -1.283593750000000000e+01
3.630336853534208430e+00 -1.915234375000000000e+01
3.635554881005479189e+00 -1.596093750000000000e+01
3.641363308463795079e+00 -1.611328125000000000e+01
3.647306956073643747e+00 -1.806640625000000000e+01
3.652749380512418043e+00 -1.452343750000000000e+01
3.658693967683397830e+00 -1.361328125000000000e+01
3.664405917269869306e+00 -1.608984375000000000e+01
3.669767398334997210e+00 -1.279492187500000000e+01
3.675394683498318216e+00 -1.395703125000000000e+01
3.681455869003730896e+00 -1.557031250000000000e+01
3.687074231555799386e+00 -1.436132812500000000e+01
3.693331910165628784e+00 -1.219921875000000000e+01
3.698803236169680986e+00 -1.128125000000000000e+01
3.704402959985067412e+00 -1.337500000000000000e+01
3.710359519830049635e+00 -1.432617187500000000e+01
3.715535231586880371e+00 -8.535156250000000000e+00
3.721958286936331461e+00 -1.457812500000000000e+01
3.727313414231359090e+00 -1.231445312500000000e+01
3.732883329531084371e+00 -1.577343750000000000e+01
3.738750304209730757e+00 -1.272656250000000000e+01
3.744483601115851101e+00 -1.547265625000000000e+01
3.750330915338331295e+00 -1.507421875000000000e+01
3.756228992820748402e+00 -1.106250000000000000e+01
3.761714598275339938e+00 -1.134765625000000000e+01
3.766932137244392464e+00 -1.160351562500000000e+01
3.773388695959715378e+00 -1.420117187500000000e+01
3.778613118859535547e+00 -1.350390625000000000e+01
3.784841832248851290e+00 -1.071484375000000000e+01
3.790495171038910982e+00 -1.412109375000000000e+01
3.796017242754345489e+00 -9.527343750000000000e+00
3.802041839817425384e+00 -9.250000000000000000e+00
3.807475958515770031e+00 -1.591210937500000000e+01
3.813347831915912423e+00 -1.085937500000000000e+01
3.819095318515209669e+00 -9.371093750000000000e+00
3.824465283856657294e+00 -1.028125000000000000e+01
3.830105208647056614e+00 -1.387304687500000000e+01
3.836429953206007326e+00 -1.091406250000000000e+01
3.841775873050556456e+00 -6.169921875000000000e+00
3.847721371775161714e+00 -1.394531250000000000e+01
3.853524118912520890e+00 -1.051562500000000000e+01
3.858797821025994779e+00 -9.462890625000000000e+00
3.865045491307288472e+00 -9.843750000000000000e+00
3.870426851524847223e+00 -1.269531250000000000e+01
3.876623170200955926e+00 -5.328125000000000000e+00
3.882160907821731399e+00 -5.933593750000000000e+00
3.887523021128789225e+00 -1.203906250000000000e+01
3.894074622055839541e+00 -1.044531250000000000e+01
3.899371296902703676e+00 -8.277343750000000000e+00
3.905001178968142028e+00 -8.867187500000000000e+00
3.910607410703367037e+00 -1.244335937500000000e+01
3.916504433227007809e+00 -9.296875000000000000e+00
3.921778012233431809e+00 -7.808593750000000000e+00
3.928274404924632535e+00 -6.460937500000000000e+00
3.933562477813433489e+00 -1.135937500000000000e+01
3.939118912319564458e+00 -5.972656250000000000e+00
3.945461315010003744e+00 -7.285156250000000000e+00
3.950658539714590134e+00 -7.421875000000000000e+00
3.956536546486784545e+00 -7.246093750000000000e+00
3.962240030657913081e+00 -6.089843750000000000e+00
3.967643710223526909e+00 -7.015625000000000000e+00
3.973870569106715323e+00 -9.238281250000000000e+00
3.979450166872766204e+00 -2.167968750000000000e+00
3.985547049413240117e+00 -5.066406250000000000e+00
3.991203099710876501e+00 -6.691406250000000000e+00
3.996580573937134062e+00 -5.289062500000000000e+00
4.002082238638010381e+00 -3.234375000000000000e+00
4.008341740136739162e+00 -7.500000000000000000e+00
4.013540298783954796e+00 -4.929687500000000000e+00
4.019675810913371450e+00 -5.990234375000000000e+00
4.025393202361485123e+00 -6.496093750000000000e+00
4.030756967406102120e+00 -3.335937500000000000e+00
4.037234700687317712e+00 -2.664062500000000000e+00
4.042433093593899684e+00 -5.375000000000000000e+00
4.048788959275466226e+00 -8.257812500000000000e+00
4.054026578240581102e+00 -4.937500000000000000e+00
4.059667261014599404e+00 -6.050781250000000000e+00
4.065333798079720395e+00 -2.578125000000000000e+00
4.071315392908317676e+00 -6.091796875000000000e+00
4.076620486655249564e+00 -8.111328125000000000e+00
4.082425756288351693e+00 -5.093750000000000000e+00
4.088521938841568115e+00 -1.906250000000000000e+00
4.093788953091010541e+00 -6.562500000000000000e+00
4.100288073646996878e+00 -5.773437500000000000e+00
4.105472913859525619e+00 2.378906250000000000e+00
4.111302225823925127e+00 -4.166015625000000000e+00
4.117055295467181963e+00 -5.488281250000000000e+00
4.122544170964697940e+00 -2.273437500000000000e+00
4.128585820097596226e+00 -4.013671875000000000e+00
4.134303446626917733e+00 -9.917968750000000000e+00
4.139746125225983064e+00 -1.136718750000000000e+00
4.145363795972716758e+00 -1.199218750000000000e+00
4.151429542996146083e+00 -4.964843750000000000e+00
4.156649828128106350e+00 -6.871093750000000000e+00
4.163010451568762704e+00 3.828125000000000000e-01
4.168558761741916641e+00 6.679687500000000000e-01
4.174348236842975624e+00 -5.332031250000000000e+00
4.180350021590324872e+00 -4.628906250000000000e+00
4.185451484663996524e+00 8.671875000000000000e-01
4.191859053711006311e+00 -7.386718750000000000e+00
4.197205086241218908e+00 -6.123046875000000000e+00
4.202701994013384734e+00 -1.779296875000000000e+00
4.208539590350731885e+00 -1.363281250000000000e+00
4.214415199088442421e+00 -4.652343750000000000e+00
4.220287532791466845e+00 -3.625000000000000000e+00
4.225953169145844512e+00 2.138671875000000000e+00
4.231520533196039935e+00 -2.417968750000000000e+00
4.236907889218297640e+00 -4.781250000000000000e+00
4.243384115338329821e+00 2.074218750000000000e+00
4.248628257176122247e+00 -2.703125000000000000e+00
4.254830000349677732e+00 -3.250000000000000000e+00
4.260476987694401529e+00 -4.517578125000000000e+00
4.265973451938947392e+00 -1.589843750000000000e+00
4.271708785895665272e+00 7.851562500000000000e-01
4.277391000682449373e+00 -4.511718750000000000e+00
4.283299096081638169e+00 2.601562500000000000e+00
4.289039823373288485e+00 -3.695312500000000000e+00
4.294468160900883902e+00 -3.332031250000000000e+00
