#Time Flux
-7.638938120599016202e+01 6.187500000000000000e+00
-7.609631895872416862e+01 -6.914062500000000000e-01
-7.577409688270290644e+01 -3.112304687500000000e+00
-7.546758791800402832e+01 -2.950195312500000000e+00
-7.514290352004138640e+01 -1.081542968750000000e+00
-7.484989247286694081e+01 5.126953125000000000e-01
-7.456382754217747788e+01 1.102539062500000000e+00
-7.423689611847339620e+01 2.472656250000000000e+00
-7.390996493668035328e+01 1.074218750000000000e+00
-7.362621666147310862e+01 4.207031250000000000e+00
-7.331971304450848947e+01 2.999023437500000000e+00
-7.301320942672896308e+01 -5.571289062500000000e-01
-7.272157966302432897e+01 3.964843750000000000e-01
-7.240244449557155804e+01 -5.483398437500000000e-01
-7.208245318818518399e+01 3.280761718750000000e+00
-7.179172919024460953e+01 7.836914062500000000e-01
-7.148299325463176501e+01 6.376953125000000000e-01
-7.117870693082625166e+01 -7.490234375000000000e-01
-7.087219582943328078e+01 -8.417968750000000000e-01
-7.056346474431938987e+01 -1.504882812500000000e+00
-7.025917348432960807e+01 8.754882812500000000e-01
-6.995044548719761224e+01 -1.387695312500000000e+00
-6.964393590403506096e+01 -1.487304687500000000e+00
-6.933517860537608613e+01 -3.782714843750000000e+00
-6.904686670017372307e+01 -6.411132812500000000e+00
-6.872906910746877429e+01 -4.101074218750000000e+00
-6.842231573615049456e+01 -4.002929687500000000e+00
-6.811359500185028537e+01 -5.467773437500000000e+00
-6.781421206673928737e+01 -6.102539062500000000e+00
-6.751029359383721840e+01 -4.033691406250000000e+00
-6.720379037710847570e+01 -4.100097656250000000e+00
-6.689469303746534479e+01 -4.119140625000000000e+00
-6.658818681230275160e+01 -4.396484375000000000e+00
-6.628168042997947396e+01 -3.621093750000000000e+00
-6.597269458518786678e+01 -3.277832031250000000e+00
-6.566618528968393775e+01 -3.659179687500000000e+00
-6.536216193820234821e+01 -5.077148437500000000e+00
-6.505565592631262462e+01 -3.323242187500000000e+00
-6.474665731797432500e+01 -1.685546875000000000e+00
-6.444264403128852337e+01 2.480468750000000000e-01
-6.413613804815338426e+01 -4.726562500000000000e-01
-6.383564540709102175e+01 1.739257812500000000e+00
-6.352837667510164010e+01 2.015625000000000000e+00
-6.322187594957347301e+01 2.865234375000000000e+00
-6.291903555942258208e+01 5.878906250000000000e-01
-6.260624166812306157e+01 3.141113281250000000e+00
-6.230392916440587214e+01 3.640625000000000000e+00
-6.200632417515424777e+01 4.540039062500000000e+00
-6.169015360978499984e+01 2.720214843750000000e+00
-6.138365471325795397e+01 5.616210937500000000e+00
-6.106383329501079515e+01 3.017089843750000000e+00
-6.076722206586021002e+01 2.755859375000000000e+00
-6.046415812190224415e+01 3.598632812500000000e+00
-6.016050265640728867e+01 8.671875000000000000e-01
-5.985399896505327888e+01 3.520507812500000000e-01
-5.954545894383454652e+01 1.425781250000000000e-01
-5.923736251408251974e+01 1.007812500000000000e+00
-5.893246592148034324e+01 1.122070312500000000e+00
-5.862596950371926141e+01 2.812500000000000000e-01
-5.832148075205327586e+01 2.008789062500000000e+00
-5.801297665400898040e+01 7.587890625000000000e-01
-5.770218924941912064e+01 -1.835937500000000000e-01
-5.739916868369817848e+01 4.057617187500000000e-01
-5.709464813886592083e+01 6.835937500000000000e-03
-5.678699139277568975e+01 8.398437500000000000e-02
-5.648659429456859016e+01 -5.854492187500000000e-01
-5.617791129588749754e+01 -1.055664062500000000e+00
-5.588905622946771246e+01 8.105468750000000000e-02
-5.556705953697712630e+01 -1.606445312500000000e+00
-5.526054795849961465e+01 -2.279296875000000000e+00
-5.495403632568888952e+01 -2.214843750000000000e+00
-5.464343675011036794e+01 -6.137695312500000000e-01
-5.433884422469873243e+01 -1.276367187500000000e+00
-5.402852587037750709e+01 1.340820312500000000e+00
-5.372392570330407580e+01 -2.592773437500000000e+00
-5.342147825384711268e+01 -1.169433593750000000e+00
-5.311279900736280979e+01 -1.946289062500000000e+00
-5.280845504186765993e+01 -3.857421875000000000e-02
-5.249977619261062500e+01 -1.112304687500000000e+00
-5.219543171882435217e+01 -1.928222656250000000e+00
-5.189372837023694274e+01 -2.151367187500000000e+00
-5.158457509279310216e+01 -5.830078125000000000e-01
-5.128071242826700882e+01 -2.574707031250000000e+00
-5.097685768475582790e+01 -2.438476562500000000e+00
-5.067035373248597807e+01 -2.138671875000000000e-01
-5.036923640015436376e+01 -4.003906250000000000e-01
-5.005734576182237561e+01 -6.357421875000000000e-01
-4.975084194343014588e+01 1.180664062500000000e+00
-4.944433796973987683e+01 5.546875000000000000e-01
-4.913515774657645352e+01 9.682617187500000000e-01
-4.882596950856736839e+01 -8.154296875000000000e-01
-4.852214245210853960e+01 2.690429687500000000e-01
-4.821832322179341190e+01 -3.271484375000000000e-01
-4.791721281261550303e+01 -3.515625000000000000e-02
-4.761070971710421418e+01 -3.769531250000000000e-01
-4.730150948881384920e+01 -5.659179687500000000e-01
-4.699862958212378317e+01 -1.741210937500000000e+00
-4.669119983429834519e+01 9.394531250000000000e-01
-4.638563077229827059e+01 3.076171875000000000e-02
-4.607913139558712601e+01 1.164062500000000000e+00
-4.577168950689508620e+01 2.694335937500000000e+00
-4.546248942286513284e+01 3.543457031250000000e+00
-4.515328943220026758e+01 3.542968750000000000e+00
-4.484678642929736725e+01 2.019531250000000000e+00
-4.454567514556390506e+01 3.912109375000000000e+00
-4.424873233567109310e+01 3.045898437500000000e+00
-4.393624177494780270e+01 5.414062500000000000e+00
-4.362973811041297267e+01 6.367187500000000000e-01
-4.331152881670351462e+01 4.453125000000000000e-01
-4.302051647361042797e+01 -7.875976562500000000e-01
-4.272172067848384813e+01 2.153320312500000000e+00
-4.240113684733131549e+01 2.056152343750000000e+00
-4.209364405360236105e+01 3.251953125000000000e+00
-4.177902113215969848e+01 2.702636718750000000e+00
-4.148578458228166710e+01 4.366210937500000000e+00
-4.117614478282894197e+01 3.759765625000000000e+00
-4.086863850273783783e+01 3.809082031250000000e+00
-4.056470118140418890e+01 2.344726562500000000e+00
-4.025665942377645479e+01 3.971679687500000000e+00
-3.995763163741708013e+01 3.666015625000000000e+00
-3.964366912891682659e+01 2.775390625000000000e+00
-3.934089199100651513e+01 1.897460937500000000e+00
-3.902963980092152951e+01 3.984375000000000000e+00
-3.872567909139684161e+01 3.258300781250000000e+00
-3.842507764763490741e+01 3.894531250000000000e+00
-3.811414932673960720e+01 1.907226562500000000e+00
-3.780763702493004530e+01 2.496093750000000000e+00
-3.750112460792752245e+01 1.413085937500000000e+00
-3.719170893109230747e+01 -2.548828125000000000e-01
-3.688665682349596864e+01 2.322753906250000000e+00
-3.658015319259061471e+01 1.633789062500000000e+00
-3.627507489268191421e+01 -1.987304687500000000e+00
-3.598616215115589512e+01 2.001953125000000000e+00
-3.566426599519365936e+01 -1.763183593750000000e+00
-3.535553748276015540e+01 1.621093750000000000e+00
-3.505124309459972665e+01 1.254882812500000000e+00
-3.474113093812479747e+01 -3.437500000000000000e-01
-3.443822012757993889e+01 -1.409667968750000000e+00
-3.413392993146612753e+01 -2.142578125000000000e+00
-3.383315753093427247e+01 -2.758789062500000000e+00
-3.352378277411918361e+01 -9.707031250000000000e-01
-3.322279658109221145e+01 -4.516113281250000000e+00
-3.291077106285666787e+01 -3.588378906250000000e+00
-3.260715174242011472e+01 -1.462890625000000000e+00
-3.229775955142105204e+01 -3.250976562500000000e+00
-3.199414921091317865e+01 -1.751953125000000000e+00
-3.169027916420566271e+01 -1.983398437500000000e+00
-3.138640473555994959e+01 -2.289062500000000000e+00
-3.108224458835002224e+01 -1.192382812500000000e+00
-3.076814446967125605e+01 -1.777343750000000000e+00
-3.046688710286969126e+01 -3.320312500000000000e+00
-3.016157076040525453e+01 -2.768554687500000000e+00
-2.985387521058135007e+01 -3.167968750000000000e+00
-2.954856998569283633e+01 -1.488769531250000000e+00
-2.924086302923376479e+01 -3.882812500000000000e+00
-2.893435676781507482e+01 -1.127929687500000000e+00
-2.862785075941053492e+01 -1.877929687500000000e+00
-2.832379197967065920e+01 -1.953125000000000000e-01
-2.801223724283738648e+01 2.106933593750000000e+00
-2.770956717139250713e+01 6.152343750000000000e-02
-2.740547525856595712e+01 2.133789062500000000e+00
-2.709897144203637254e+01 1.915039062500000000e+00
-2.679131859184099085e+01 3.613281250000000000e-01
-2.648482376787114845e+01 1.710937500000000000e+00
-2.617579950967763125e+01 1.182617187500000000e+00
-2.587183443157528018e+01 1.928710937500000000e+00
-2.556533981860820859e+01 1.730468750000000000e+00
-2.525884510872538158e+01 2.616210937500000000e+00
-2.495106166208114473e+01 1.884765625000000000e+00
-2.464585579728418452e+01 5.566406250000000000e-01
-2.433806012426629195e+01 1.489746093750000000e+00
-2.403155932268981587e+01 3.640625000000000000e+00
-2.372637169673953395e+01 2.000976562500000000e+00
-2.341987709989598443e+01 1.108398437500000000e+00
-2.311205683632414321e+01 2.005371093750000000e+00
-2.280895018639876071e+01 2.814453125000000000e+00
-2.250243729808880744e+01 1.477539062500000000e+00
-2.220048595762114019e+01 1.568359375000000000e+00
-2.189169426109185679e+01 2.226562500000000000e+00
-2.158289860952663730e+01 3.088867187500000000e+00
-2.127638570619910752e+01 2.630859375000000000e+00
-2.096889632288434768e+01 -1.040039062500000000e-01
-2.066335999017337599e+01 9.404296875000000000e-01
-2.035588876575707218e+01 1.171875000000000000e-02
-2.005033416321111872e+01 -4.150390625000000000e+00
-1.974288120050982798e+01 -9.501953125000000000e-01
-1.943544645255724390e+01 -2.007812500000000000e+00
-1.914156674794446644e+01 -4.620117187500000000e+00
-1.882245714076680088e+01 -5.664062500000000000e+00
-1.852238031516230876e+01 -3.572265625000000000e+00
-1.821587180895789970e+01 -2.843750000000000000e+00
-1.790936314023770137e+01 -2.714843750000000000e+00
-1.760596224951660815e+01 -4.665039062500000000e+00
-1.729634621525678995e+01 -4.529296875000000000e+00
-1.699295451325525619e+01 -2.665527343750000000e+00
-1.668957201574755800e+01 -3.966796875000000000e+00
-1.638307290402678973e+01 -5.190429687500000000e+00
-1.607031281815056900e+01 -3.218750000000000000e+00
-1.576693960627818569e+01 -3.283691406250000000e+00
-1.546602547917393622e+01 -3.278808593750000000e+00
-1.516346045674271181e+01 -5.663574218750000000e+00
-1.485545886182796949e+01 -5.174804687500000000e+00
-1.454895070329791906e+01 -4.621093750000000000e+00
-1.424001111300788125e+01 -4.594238281250000000e+00
-1.393350759287170604e+01 -5.690917968750000000e+00
-1.362458216502943742e+01 -6.627929687500000000e+00
-1.332982902691549043e+01 -9.637207031250000000e+00
-1.300523190725130007e+01 -1.860351562500000000e+00
-1.271144664670845259e+01 -1.458984375000000000e+00
-1.238451156686477361e+01 -2.338378906250000000e+00
-1.209448959617986930e+01 -1.053222656250000000e+00
-1.179963441831409909e+01 -1.817382812500000000e+00
-1.148386604248651111e+01 -8.320312500000000000e-01
-1.117893806632326914e+01 -1.732421875000000000e+00
-1.085967761206325122e+01 -2.370117187500000000e+00
-1.056752904903669332e+01 -3.563476562500000000e+00
-1.026103415795341789e+01 -2.378906250000000000e+00
-9.960588738877277137e+00 -2.500976562500000000e+00
-9.646428861675474309e+00 -5.348144531250000000e+00
-9.339926975140940613e+00 -2.151855468750000000e+00
-9.015996990755468232e+00 1.047363281250000000e+00
-8.726923076030459470e+00 5.786132812500000000e-01
-8.422064880335256021e+00 -3.281250000000000000e-01
-8.115569809688622627e+00 -9.394531250000000000e-01
-7.809075026515074569e+00 -8.623046875000000000e-01
-7.503160049666576015e+00 -1.679687500000000000e+00
-7.194412906834429577e+00 -2.311035156250000000e+00
-6.890152313521639371e+00 -2.652343750000000000e+00
-6.583648390573898723e+00 -2.504882812500000000e-01
-6.280095321307840095e+00 9.287109375000000000e-01
-5.970640584754391966e+00 4.687500000000000000e-01
-5.664136751781143175e+00 -4.184570312500000000e-01
-5.360565698064988283e+00 -1.492187500000000000e+00
-5.051637978734106582e+00 -1.750976562500000000e+00
-4.745125215112238948e+00 2.158203125000000000e-01
-4.441036397176162609e+00 -3.247070312500000000e-01
-4.131617085721472904e+00 4.394531250000000000e-02
-3.825587075681141869e+00 7.031250000000000000e-01
-3.518609274699656453e+00 -7.221679687500000000e-01
-3.214997581933516813e+00 7.763671875000000000e-02
-2.917587230563526646e+00 1.034179687500000000e+00
-2.601978377889849980e+00 7.382812500000000000e-01
-2.295468764808560991e+00 2.116210937500000000e+00
-1.988959227921100137e+00 4.170898437500000000e+00
-1.675587831676125461e+00 2.293945312500000000e+00
-1.378394645946400487e+00 4.407226562500000000e+00
-1.069430725233928570e+00 5.556152343750000000e+00
-7.653820537109368161e-01 4.400390625000000000e+00
-4.588757711555899732e-01 4.618164062500000000e+00
-1.653006622129282732e-01 6.726074218750000000e+00
1.473863395882517580e-01 3.244140625000000000e+00
4.606427210871970601e-01 6.520507812500000000e+00
7.671487332170272566e-01 9.199218750000000000e+00
1.073654702724297749e+00 5.963867187500000000e+00
1.380160729165936573e+00 6.570312500000000000e+00
1.686666712999567608e+00 1.005371093750000000e+01
1.993172553758768117e+00 8.636718750000000000e+00
2.299678451445061000e+00 8.114257812500000000e+00
2.602773590245476498e+00 5.635253906250000000e+00
2.912690118062300826e+00 7.848632812500000000e+00
3.212356796677909188e+00 5.721679687500000000e+00
3.516752401057942734e+00 6.509277343750000000e+00
3.821161476000384027e+00 4.085937500000000000e+00
4.127671994007073408e+00 3.502929687500000000e+00
4.432242647862778995e+00 1.989257812500000000e+00
4.742767049331064300e+00 3.681640625000000000e+00
5.047203637310417434e+00 3.313476562500000000e+00
5.353714280900135236e+00 1.300781250000000000e+00
5.658255319327338384e+00 1.154296875000000000e+00
5.970827563346233546e+00 3.666992187500000000e+00
6.277324213232191141e+00 1.515625000000000000e+00
6.579757062420071634e+00 -9.326171875000000000e-01
6.884268430652639381e+00 -1.953125000000000000e-01
7.192778684817426438e+00 -1.161132812500000000e+00
7.495260762897942186e+00 -1.285156250000000000e+00
7.803778628853081045e+00 -1.462890625000000000e+00
8.108252726090995566e+00 8.691406250000000000e-01
8.414748746912209754e+00 -1.140625000000000000e+00
8.723288976112428372e+00 -2.192382812500000000e-01
9.027740768225612555e+00 -2.883789062500000000e+00
9.334236869213327736e+00 -2.099609375000000000e-01
9.640732897383259115e+00 1.953125000000000000e-01
9.947229053013415978e+00 -1.269531250000000000e-01
1.025372513632055416e+01 6.054687500000000000e-02
1.056231047024067493e+01 1.870605468750000000e+00
1.086671758688635236e+01 2.050781250000000000e-01
1.117321385465356798e+01 8.906250000000000000e-01
1.147971005102908748e+01 1.716796875000000000e+00
1.178620637626909229e+01 1.473632812500000000e+00
1.209270273061292755e+01 4.912109375000000000e-01
1.239652391227389217e+01 1.921386718750000000e+00
1.270569542746989100e+01 9.560546875000000000e-01
1.300692230363870294e+01 1.347656250000000000e-01
1.331866981422626850e+01 -2.148437500000000000e+00
1.362255635889994210e+01 -2.177734375000000000e+00
1.390600143239657882e+01 -2.265625000000000000e+00
1.423773711305597089e+01 -3.393554687500000000e+00
1.454208027889796995e+01 -3.434570312500000000e+00
1.484858818701866312e+01 -2.414062500000000000e+00
1.515774079210950731e+01 -4.805664062500000000e+00
1.546425246504350071e+01 -4.701171875000000000e+00
1.577292844252002624e+01 -3.227539062500000000e+00
1.607727594630250678e+01 -6.296875000000000000e+00
1.637846701225294055e+01 -7.041992187500000000e+00
1.669017281483274928e+01 -1.198535156250000000e+01
1.699147453460113866e+01 -5.762695312500000000e+00
1.729436497242494397e+01 -5.964355468750000000e+00
1.759372845856717049e+01 -5.125976562500000000e+00
1.790561281913954872e+01 -8.627441406250000000e+00
1.820232360136947136e+01 -1.256445312500000000e+01
1.853543248218591089e+01 -9.483886718750000000e+00
1.882322979410002972e+01 -7.916992187500000000e+00
1.913336251296203727e+01 -2.751953125000000000e+00
1.944607420679369625e+01 -1.889648437500000000e+00
1.974636146725896424e+01 1.592773437500000000e+00
2.004921207404606776e+01 -1.042968750000000000e+00
2.035233466936927016e+01 -8.505859375000000000e-01
2.063376779928103133e+01 3.298828125000000000e+00
2.096097422573348013e+01 4.802734375000000000e+00
2.128762872839024567e+01 1.905273437500000000e+00
2.157784319634976100e+01 1.996582031250000000e+00
2.188050813378777093e+01 8.437500000000000000e-01
2.219084985249520514e+01 2.656250000000000000e+00
2.249735307984320798e+01 1.680664062500000000e+00
2.280385633583301797e+01 3.010742187500000000e+00
2.311035967046137785e+01 3.403320312500000000e+00
2.342066168228541301e+01 4.394531250000000000e-01
2.373085141538393827e+01 2.205566406250000000e+00
2.403365226806693045e+01 3.811523437500000000e+00
2.433637244598668303e+01 -8.505859375000000000e-01
2.463910835929982568e+01 9.570312500000000000e-01
2.494561928659368277e+01 1.937500000000000000e+00
2.525213038699712342e+01 2.618164062500000000e+00
2.555864126050710183e+01 2.265625000000000000e-01
2.588257829533961285e+01 5.131835937500000000e-01
2.617115742726628014e+01 -2.391601562500000000e+00
2.647514522822950767e+01 -2.646484375000000000e+00
2.678468478119884821e+01 2.031250000000000000e-01
2.709119551722233155e+01 -1.195312500000000000e+00
2.739742787031650550e+01 -2.236328125000000000e+00
2.770421710533537407e+01 -1.132812500000000000e+00
2.801292904293364927e+01 -5.405273437500000000e-01
2.831723848029196233e+01 -9.648437500000000000e-01
2.862595210376235855e+01 -2.646484375000000000e+00
2.893246364896691603e+01 -1.149414062500000000e+00
2.923645450779736166e+01 -7.739257812500000000e-01
2.954295894239771769e+01 -1.462890625000000000e+00
2.984979166424000141e+01 -3.552734375000000000e+00
3.014689121394911808e+01 -3.705078125000000000e+00
3.045964699388116514e+01 -6.387207031250000000e+00
3.076366354997094277e+01 -6.938476562500000000e+00
3.107264730843292000e+01 -4.884277343750000000e+00
3.137914736392906434e+01 -5.497558593750000000e+00
3.168564746829781598e+01 -5.827148437500000000e+00
3.199214757169886525e+01 -5.215820312500000000e+00
3.230112370417509737e+01 -5.867187500000000000e+00
3.260762248015407749e+01 -5.330078125000000000e+00
3.291164797682415610e+01 -4.823242187500000000e+00
3.322062005923680772e+01 -3.385742187500000000e+00
3.352464817717248025e+01 2.426757812500000000e-01
3.383114827667725422e+01 -2.255859375000000000e-01
3.413764842594594029e+01 2.208496093750000000e+00
3.444168111981502989e+01 2.500000000000000000e-01
3.473661411262042975e+01 4.404296875000000000e-01
3.505468352140246679e+01 -2.256835937500000000e+00
3.536364887160800663e+01 -3.925781250000000000e-01
3.567014892073405008e+01 -1.620117187500000000e+00
3.597418649921542055e+01 -2.162109375000000000e+00
3.628068750536272091e+01 -2.861328125000000000e-01
3.658718846843635220e+01 -2.323242187500000000e+00
3.689614937093631397e+01 2.495117187500000000e-01
3.719250529514158643e+01 -1.748046875000000000e-01
3.750284552816737005e+01 -1.425781250000000000e-01
3.780549491275507989e+01 2.938476562500000000e+00
3.810808199128774731e+01 1.948242187500000000e+00
3.841457911544972603e+01 2.233886718750000000e+00
3.872497945428096955e+01 3.036132812500000000e+00
3.903147419320941935e+01 -1.049804687500000000e+00
3.933796912847230942e+01 3.667968750000000000e+00
3.964446386029942460e+01 -3.535156250000000000e-01
3.995482716282202773e+01 2.763671875000000000e+00
4.025745341487402129e+01 2.161132812500000000e+00
4.056394833808064959e+01 7.587890625000000000e-01
4.086655750729738656e+01 3.944824218750000000e+00
4.116671790297243660e+01 1.721679687500000000e+00
4.148343259473824673e+01 1.093750000000000000e+00
4.178270841157359428e+01 -9.033203125000000000e-01
4.208921308136928019e+01 -6.333007812500000000e-01
4.239571775684021304e+01 1.440429687500000000e-01
4.270167260440530299e+01 -2.578125000000000000e-01
4.300872712442946977e+01 -7.109375000000000000e-01
4.331467332460624675e+01 8.203125000000000000e-01
4.362173661445854123e+01 8.432617187500000000e-01
4.392824131775273599e+01 2.853027343750000000e+00
4.423531764823837875e+01 1.161132812500000000e+00
4.454182665630924021e+01 3.946289062500000000e+00
4.484775556089812198e+01 -2.509765625000000000e-01
4.515484446441678301e+01 1.995117187500000000e+00
4.546076511710930390e+01 3.658203125000000000e+00
4.576667747928468089e+01 2.346679687500000000e+00
4.607377459517670104e+01 4.641113281250000000e+00
4.638027934233036831e+01 2.104492187500000000e+00
4.668678419498542098e+01 4.921386718750000000e+00
4.697346320805354480e+01 5.058593750000000000e+00
4.730361971340408900e+01 4.552246093750000000e+00
4.758968801123575076e+01 4.208007812500000000e+00
4.793015491399694383e+01 3.229980468750000000e+00
4.821868476646659474e+01 2.725585937500000000e+00
4.854315534179170299e+01 1.121582031250000000e+00
4.882922224045307757e+01 -3.583007812500000000e+00
4.913572238940525949e+01 -9.174804687500000000e+00
4.944468961003758523e+01 -6.523437500000000000e+00
4.974625485954106807e+01 -2.308593750000000000e+00
5.004485414661087361e+01 2.578125000000000000e+00
5.035530101869079544e+01 -2.661621093750000000e+00
5.066575207502842204e+01 -3.100585937500000000e+00
5.096829490638918969e+01 -3.569335937500000000e+00
5.129918324758705239e+01 -6.291015625000000000e+00
5.156729099415372275e+01 -3.168945312500000000e-01
5.189670151902419093e+01 2.272460937500000000e+00
5.220320323903024473e+01 -4.599609375000000000e-01
5.252514129452697489e+01 2.950195312500000000e+00
5.280330813171951831e+01 3.065429687500000000e+00
5.310980307993361293e+01 5.390625000000000000e-01
5.341321741879966112e+01 -3.836914062500000000e+00
5.371971879214999035e+01 -3.169433593750000000e+00
5.402622020048312379e+01 -5.654296875000000000e+00
5.433272159391509604e+01 -2.485839843750000000e+00
5.464227775778329033e+01 -7.375000000000000000e+00
5.494572428642078421e+01 -6.862792968750000000e+00
5.525222553564327654e+01 -6.044433593750000000e+00
5.555569103698053368e+01 -2.345703125000000000e+00
5.586825774036753955e+01 -4.233398437500000000e+00
5.617475268831969970e+01 -2.640625000000000000e+00
5.648124784771118811e+01 -4.119140625000000000e+00
5.678172101100335567e+01 -4.094726562500000000e+00
5.709123317812355936e+01 -3.201660156250000000e+00
5.739473575692227314e+01 -4.491210937500000000e+00
5.770124301934538380e+01 4.365234375000000000e-01
5.800703098643430167e+01 -3.706054687500000000e-01
5.831353592739037595e+01 1.007812500000000000e+00
5.862004082285716322e+01 2.440429687500000000e+00
5.892727196298346826e+01 5.911132812500000000e+00
5.923377912214618846e+01 4.298828125000000000e+00
5.953882543069221356e+01 5.675781250000000000e+00
5.984679321730345691e+01 3.170898437500000000e+00
6.015256576526667232e+01 2.149414062500000000e+00
6.043937335622740648e+01 -7.851562500000000000e-01
6.076631410164827685e+01 1.670898437500000000e+00
6.107282091377692268e+01 4.042968750000000000e+00
6.138224897808487412e+01 3.806640625000000000e+00
6.168583461393700418e+01 6.017578125000000000e+00
6.198903029121026975e+01 6.384765625000000000e+00
6.229553244969463321e+01 4.958007812500000000e+00
6.260535475229971780e+01 5.308593750000000000e+00
6.291186131483391364e+01 4.180664062500000000e+00
6.321836793569218571e+01 2.882812500000000000e+00
6.352775590277252604e+01 2.960937500000000000e+00
6.383138085144582874e+01 4.132812500000000000e+00
6.413454475641299268e+01 2.499023437500000000e+00
6.444439379862433270e+01 3.763671875000000000e+00
6.474679015390995573e+01 2.065917968750000000e+00
6.505069417518620867e+01 -1.988281250000000000e+00
6.535719141249660424e+01 -3.203125000000000000e-01
6.566228374183089045e+01 -3.329589843750000000e+00
6.597279247859898987e+01 -4.634277343750000000e+00
6.628190295725971737e+01 -4.556640625000000000e+00
6.658840709672540470e+01 -3.331054687500000000e+00
6.688967741538158407e+01 -4.711914062500000000e+00
6.719879484211617182e+01 -2.664062500000000000e+00
6.750529554276056388e+01 -4.125976562500000000e+00
6.781442364882559559e+01 -3.040039062500000000e+00
6.811566570713853253e+01 -5.324218750000000000e+00
6.840853969976433291e+01 -6.935546875000000000e+00
6.873206939548651917e+01 -5.772460937500000000e+00
6.903114043857129900e+01 -1.452148437500000000e+00
6.933361998092789236e+01 -6.083984375000000000e-01
6.964413299247752320e+01 -3.329589843750000000e+00
6.994661160802263566e+01 -9.453125000000000000e-01
7.025034063091680991e+01 5.844726562500000000e-01
7.056362197238485123e+01 -2.424316406250000000e+00
7.086334209278521712e+01 -2.143066406250000000e+00
7.117259504301966899e+01 -1.318359375000000000e-01
7.147204447734429777e+01 -1.874023437500000000e+00
7.178558685490190783e+01 -6.191406250000000000e-01
7.208934475004008391e+01 -2.050781250000000000e-02
7.239311189094860310e+01 5.664062500000000000e-02
7.270507480876460704e+01 2.090820312500000000e+00
7.300884665723953049e+01 2.270507812500000000e-01
7.331534730814547629e+01 -3.710937500000000000e-01
7.362184790013799329e+01 -3.525390625000000000e-01
7.392563772835546843e+01 -3.222656250000000000e-02
7.423484910774806167e+01 -1.886230468750000000e+00
7.453787161637160352e+01 -5.351562500000000000e-01
7.484515272511907824e+01 -1.538085937500000000e+00
7.515088191548716168e+01 -6.323242187500000000e-01
7.545816256960370083e+01 -1.650390625000000000e+00
7.576466742583852465e+01 -5.742187500000000000e-01
7.607039730483234052e+01 -1.107421875000000000e+00
7.637690253868572654e+01 -4.165039062500000000e-01
7.667988548931373316e+01 4.868164062500000000e-01
7.697025257230689022e+01 -2.089843750000000000e-01
7.729564515739502895e+01 -4.334960937500000000e+00
7.760215094837940342e+01 -6.250000000000000000e-01
7.790865688692747426e+01 -2.226562500000000000e-01
7.821239026492241919e+01 -4.936523437500000000e-01
7.852166860686293148e+01 -2.256835937500000000e+00
7.882894382341987694e+01 -7.807617187500000000e-01
7.913468051650443158e+01 2.363281250000000000e+00
7.944195417302694295e+01 3.769531250000000000e-01
7.974845937496070292e+01 2.163085937500000000e+00
8.005496452834199772e+01 3.781250000000000000e+00
8.036070510236049813e+01 4.051757812500000000e+00
8.066721136634760114e+01 4.666015625000000000e+00
8.097371767725007885e+01 2.828125000000000000e+00
8.127740073084771666e+01 4.710449218750000000e+00
8.158390186770031960e+01 2.562011718750000000e+00
8.189040296674704678e+01 3.424316406250000000e+00
8.219690417787262504e+01 3.305175781250000000e+00
8.250624983101033649e+01 2.355468750000000000e+00
8.281351120971089586e+01 2.893066406250000000e+00
8.311926305718543517e+01 3.797851562500000000e+00
8.342576973945278951e+01 3.173828125000000000e-01
8.373302675327363431e+01 4.200683593750000000e+00
8.403953196914449109e+01 1.416015625000000000e-02
8.436647081342312049e+01 5.238281250000000000e+00
8.464965913805679065e+01 1.673828125000000000e+00
8.495830373868693641e+01 7.285156250000000000e-01
8.526191617276765555e+01 -2.280273437500000000e+00
8.556841752190359784e+01 -3.168945312500000000e+00
8.587201272311153843e+01 -1.569335937500000000e+00
8.617850838067329278e+01 -1.074218750000000000e-02
8.647187450603360048e+01 -7.681640625000000000e+00
8.677837786505097029e+01 -1.747070312500000000e+00
8.708488097936333361e+01 -4.112304687500000000e+00
8.739065539235457436e+01 -1.378906250000000000e+00
8.770443643130454348e+01 -4.152832031250000000e+00
8.800439025500509160e+01 -3.964843750000000000e+00
8.831017100014946664e+01 -3.589843750000000000e+00
8.861739618223055004e+01 -2.660156250000000000e+00
8.892318138782798087e+01 -2.440917968750000000e+00
8.923040183133980463e+01 -6.353515625000000000e+00
8.952299803381572474e+01 8.627929687500000000e-01
8.984340750210230908e+01 -3.057617187500000000e+00
9.014991017077682045e+01 -1.694335937500000000e+00
9.046222282775181611e+01 -3.061523437500000000e+00
9.076942733482462700e+01 3.715820312500000000e-01
9.106941810951229854e+01 5.400390625000000000e-01
9.137592070007212897e+01 1.745117187500000000e+00
9.168103302749977956e+01 1.481445312500000000e+00
9.198754095244976270e+01 3.063476562500000000e+00
9.229404882010885558e+01 3.376953125000000000e+00
9.260193041829461436e+01 3.218750000000000000e+00
9.291094055352897385e+01 1.599609375000000000e+00
9.321425404444312335e+01 2.284667968750000000e+00
9.352075920300489997e+01 6.009277343750000000e+00
9.382726441046838772e+01 3.713378906250000000e+00
9.413376961661492714e+01 5.841308593750000000e+00
9.444027477154236294e+01 4.731933593750000000e+00
9.474744576790817518e+01 3.659179687500000000e+00
9.505328502761699383e+01 4.065429687500000000e+00
9.535979032849286341e+01 4.589355468750000000e+00
9.566695171151786781e+01 5.577148437500000000e+00
9.597280057583270718e+01 1.253417968750000000e+00
9.627865612390769456e+01 3.486328125000000000e-01
9.658645725860969833e+01 1.181640625000000000e-01
9.689231615976609646e+01 7.153320312500000000e-01
9.719882125107255888e+01 -4.057617187500000000e-01
9.750532644051713760e+01 -1.825683593750000000e+00
9.781119928368889305e+01 -1.809570312500000000e+00
9.811454819634002433e+01 -2.421875000000000000e-01
9.841788344142491951e+01 -3.519531250000000000e+00
9.872755193879913804e+01 -3.618652343750000000e+00
9.903087328365450048e+01 -5.874023437500000000e+00
9.933736824156017065e+01 -2.373046875000000000e+00
9.965025219310655302e+01 -2.649414062500000000e+00
9.995035803199220936e+01 -6.423828125000000000e+00
1.002600616377573033e+02 -3.022460937500000000e+00
1.005633478905272113e+02 -4.804687500000000000e+00
1.008730655955265547e+02 -3.981933593750000000e+00
1.011967706063348942e+02 -7.515625000000000000e+00
1.014828325230316750e+02 -3.370117187500000000e+00
1.017912962140748050e+02 -3.488281250000000000e+00
1.020968156437757557e+02 -3.416992187500000000e+00
1.024023170953421413e+02 -1.441406250000000000e+00
1.027088119739689773e+02 -1.109375000000000000e+00
1.030113923735545427e+02 -1.242675781250000000e+00
1.033139775257374140e+02 -3.408203125000000000e-01
1.036180151054484782e+02 -2.167968750000000000e-01
1.039245153621430404e+02 5.644531250000000000e-01
1.042334765699348509e+02 9.716796875000000000e-01
1.045438786553706336e+02 1.229003906250000000e+00
1.048464761234796470e+02 1.921875000000000000e+00
1.051529761178031777e+02 1.880859375000000000e+00
1.054594759573525380e+02 1.521484375000000000e+00
1.057544270562704014e+02 7.309570312500000000e-01
1.060763654486538599e+02 9.809570312500000000e-01
1.063789760484074804e+02 1.394531250000000000e+00
1.066854760699721965e+02 9.970703125000000000e-01
1.069997395027875200e+02 4.228515625000000000e-01
1.072930602581575386e+02 1.247558593750000000e+00
1.076000595802424868e+02 -1.333007812500000000e+00
1.079090183215428738e+02 -2.602539062500000000e-01
1.082103436960757676e+02 1.547363281250000000e+00
1.085190805343838747e+02 -5.634765625000000000e-01
1.088251112165412451e+02 1.656250000000000000e+00
1.091316212970882589e+02 1.193359375000000000e+00
1.094381313113949545e+02 -6.083984375000000000e-01
1.097451007999836747e+02 -3.510742187500000000e-01
1.100516058189962223e+02 -5.380859375000000000e-01
1.103519821743594775e+02 -2.412109375000000000e-01
1.106646158949872643e+02 -2.445312500000000000e+00
1.109706823825868014e+02 -1.489257812500000000e+00
1.112749726077390164e+02 -2.013671875000000000e+00
1.115841309527525027e+02 -1.620605468750000000e+00
1.118902134181803376e+02 -2.103515625000000000e+00
1.121967238277752585e+02 -3.924804687500000000e+00
1.125010181465704022e+02 -2.254882812500000000e+00
1.128097447423092490e+02 -1.797851562500000000e+00
1.131166560293925158e+02 -5.644531250000000000e-01
1.134183391365789930e+02 2.714843750000000000e-01
1.137292762497049807e+02 -4.833984375000000000e-01
1.140357868475725809e+02 1.018554687500000000e+00
1.143422975761454836e+02 2.243164062500000000e+00
1.146443883560408494e+02 1.145507812500000000e+00
1.149531097994412789e+02 1.147460937500000000e-01
1.152596212607467692e+02 2.897460937500000000e+00
1.155661327794450131e+02 1.710937500000000000e+00
1.158690466988356320e+02 4.028320312500000000e-01
1.161769495946558663e+02 5.468750000000000000e-01
1.164677770501614305e+02 7.023925781250000000e-01
1.167885572437027122e+02 3.117187500000000000e+00
1.170950607990545222e+02 3.953125000000000000e+00
1.173963530120374799e+02 3.656494140625000000e+00
1.177095103369996423e+02 3.214843750000000000e+00
1.180131201779639696e+02 3.495117187500000000e+00
1.183210748733964692e+02 3.964355468750000000e+00
1.186465430387887636e+02 1.908203125000000000e+00
1.189326048971614682e+02 1.729980468750000000e+00
1.192390998537283622e+02 2.365722656250000000e+00
1.195455948191719244e+02 3.613281250000000000e+00
1.198458275518209462e+02 3.930175781250000000e+00
1.201523244187887371e+02 3.349365234375000000e+00
1.204650796714976195e+02 4.090332031250000000e+00
1.207653179109078678e+02 3.946044921875000000e+00
1.210796061007914659e+02 4.162109375000000000e+00
1.213718370747476456e+02 5.650878906250000000e+00
1.216810727941572736e+02 2.485351562500000000e+00
1.219900914505857372e+02 3.680664062500000000e+00
1.222915533585282901e+02 1.523437500000000000e+00
1.226005741134011373e+02 3.220214843750000000e+00
1.229043613347050723e+02 2.628906250000000000e+00
1.232106841723175421e+02 4.270507812500000000e+00
1.235175464464800825e+02 3.237304687500000000e+00
1.238441412065108125e+02 1.900878906250000000e+00
1.241330765013570385e+02 3.599121093750000000e+00
1.244368853953994858e+02 4.077880859375000000e+00
1.247435389486226995e+02 3.255859375000000000e+00
1.250500369092287656e+02 3.485351562500000000e+00
1.253563998491438269e+02 2.881835937500000000e+00
1.256627763858591607e+02 4.264648437500000000e+00
1.259692880305915423e+02 3.807617187500000000e+00
1.262714082917649421e+02 3.139648437500000000e+00
1.265823114880799949e+02 3.628906250000000000e+00
1.268844313890862168e+02 2.104492187500000000e+00
1.271953348348356485e+02 1.640625000000000000e+00
1.275019332566437242e+02 1.673339843750000000e+00
1.278061621423084375e+02 7.744140625000000000e-01
1.281148702686364231e+02 -8.203125000000000000e-01
1.284191853869132842e+02 -6.992187500000000000e-01
1.287278939310886017e+02 -2.861328125000000000e-01
1.290344056936478410e+02 -8.603515625000000000e-01
1.293409175768060777e+02 -2.972167968750000000e+00
1.296474295803595851e+02 -4.187500000000000000e+00
1.299517434486051002e+02 -5.015136718750000000e+00
1.302582551351924280e+02 -5.171386718750000000e+00
1.305669654111220552e+02 -4.082031250000000000e+00
1.308734772940401854e+02 -6.839843750000000000e+00
1.311777898795525630e+02 -6.257812500000000000e+00
1.314842946302057385e+02 -8.175292968750000000e+00
1.317886128980229614e+02 -6.842773437500000000e+00
1.320951239774643682e+02 -7.423339843750000000e+00
1.324086215408770499e+02 -6.855957031250000000e+00
1.327062889357713402e+02 -7.043457031250000000e+00
1.330168151792829008e+02 -6.310546875000000000e+00
1.333211677381026448e+02 -6.523437500000000000e+00
1.336276786879810743e+02 -6.291992187500000000e+00
1.339363271823100945e+02 -5.929931640625000000e+00
1.342388055144930377e+02 -6.400634765625000000e+00
1.345472115782453102e+02 -7.906250000000000000e+00
1.348539288124561040e+02 -5.146484375000000000e+00
1.351563976657324702e+02 -4.262695312500000000e+00
1.354628933588591053e+02 -3.597656250000000000e+00
1.357597791464850729e+02 -3.579589843750000000e+00
1.360688257212683538e+02 -1.162109375000000000e-01
1.363727963319998366e+02 -2.305664062500000000e+00
1.366818354141802274e+02 -6.494140625000000000e-01
1.369858134959595759e+02 1.617675781250000000e+00
1.372897991991153503e+02 1.453125000000000000e+00
1.375988308372416782e+02 1.659179687500000000e+00
1.379053396553009065e+02 2.550781250000000000e+00
1.382089872868773455e+02 3.782226562500000000e+00
1.385039255067961221e+02 4.979003906250000000e+00
1.388246754576010176e+02 6.105957031250000000e+00
1.391338759343785796e+02 4.143554687500000000e+00
1.394581105014929676e+02 3.286621093750000000e+00
1.397578632861681172e+02 3.543945312500000000e+00
1.400484076034877035e+02 3.881835937500000000e+00
1.403546912831836835e+02 3.112304687500000000e+00
1.406611957515081031e+02 4.096679687500000000e-01
1.409679452747254800e+02 2.341796875000000000e+00
1.412744577894877693e+02 1.864257812500000000e+00
1.415809704160087676e+02 1.883789062500000000e+00
1.418869442465975226e+02 1.300781250000000000e+00
1.421934405593447082e+02 7.568359375000000000e-01
1.424999367458976849e+02 -1.497070312500000000e+00
1.428044825071635273e+02 1.000488281250000000e+00
1.431129292414725569e+02 -1.114257812500000000e+00
1.434197356807119377e+02 1.313476562500000000e-01
1.437239919081336552e+02 1.502929687500000000e+00
1.440324175941450449e+02 -1.129882812500000000e+00
1.443389137283038508e+02 -9.462890625000000000e-01
1.446435011035688945e+02 -2.308105468750000000e+00
1.449550469603364604e+02 7.138671875000000000e-01
1.452587619283942786e+02 -5.874023437500000000e-01
1.455648979202624105e+02 -2.353515625000000000e+00
1.458717706170202746e+02 -5.066406250000000000e+00
1.461778898222355565e+02 -5.830078125000000000e-01
1.464843857880650830e+02 -9.521484375000000000e-01
1.467908817306115452e+02 -1.051757812500000000e+00
1.470955241142116279e+02 -8.422851562500000000e-01
1.474042922055662075e+02 -1.770507812500000000e+00
1.477103693209892299e+02 -2.205078125000000000e+00
1.480150323294917030e+02 -2.387695312500000000e-01
1.483238050663960621e+02 -4.648437500000000000e-01
1.486280376832516481e+02 2.929687500000000000e-01
1.489327281903300673e+02 -1.089843750000000000e+00
1.492314695444758854e+02 -1.446777343750000000e+00
1.495253130927434313e+02 -3.271484375000000000e-01
1.498522564872022258e+02 -4.404296875000000000e-01
1.501532140422600605e+02 -1.821289062500000000e+00
1.504857091022989835e+02 2.060546875000000000e-01
1.507787310642325451e+02 -2.300292968750000000e+00
1.510782936654780997e+02 -9.892578125000000000e-01
1.513843048449929825e+02 -1.744140625000000000e+00
1.516867892868521039e+02 4.921875000000000000e-01
1.519867048730235410e+02 8.085937500000000000e-01
1.522964980938988901e+02 9.028320312500000000e-01
1.525949946525538508e+02 2.206054687500000000e+00
1.529038671371036457e+02 -1.953125000000000000e-02
1.532103772432911342e+02 -3.979492187500000000e-01
1.535225077273200895e+02 1.303710937500000000e+00
1.538257491597329363e+02 -7.021484375000000000e-01
1.541299077536478421e+02 5.546875000000000000e-01
1.544420154492283928e+02 2.490234375000000000e-02
1.547405846533179101e+02 7.128906250000000000e-02
1.550550206986365538e+02 6.699218750000000000e-01
1.553559487418443155e+02 9.482421875000000000e-01
1.556647949356198524e+02 -1.248046875000000000e+00
1.559659762242802117e+02 -1.934570312500000000e+00
1.562731489893299113e+02 -1.435546875000000000e+00
1.565796618200142802e+02 -1.710937500000000000e+00
1.568854884470958950e+02 -4.351562500000000000e+00
1.571926876832471862e+02 -2.782226562500000000e+00
1.574984965579526488e+02 -2.510742187500000000e+00
1.578135465728439613e+02 -2.442871093750000000e+00
1.581122262790845525e+02 1.005859375000000000e-01
1.584210527907835626e+02 -5.952148437500000000e-01
1.587298745546582950e+02 -1.263671875000000000e+00
1.590294259806841524e+02 1.826660156250000000e+00
1.593382776996691064e+02 3.261718750000000000e+00
1.596401034592694259e+02 3.009765625000000000e+00
1.599466117860778240e+02 3.754882812500000000e+00
1.602531198744676431e+02 7.078125000000000000e+00
1.605596279239747446e+02 2.624023437500000000e+00
1.608684890769081335e+02 8.941894531250000000e+00
1.611726441065751487e+02 8.451171875000000000e+00
1.614688614820049111e+02 5.954589843750000000e+00
1.617880202982423157e+02 8.343750000000000000e+00
1.620921678878133889e+02 3.681640625000000000e+00
1.624010409904812491e+02 4.665039062500000000e+00
1.627051834787911275e+02 3.741210937500000000e+00
1.630116914151425362e+02 6.349609375000000000e+00
1.633181991116783820e+02 4.747070312500000000e+00
1.636426769833943808e+02 4.098144531250000000e+00
1.639326947439992068e+02 2.420898437500000000e+00
1.642391961312320632e+02 2.294921875000000000e-01
1.645471651874204326e+02 -2.001953125000000000e-01
1.648521986315396930e+02 5.131835937500000000e-01
1.651572446538688155e+02 -1.531250000000000000e+00
1.654652010833021336e+02 -3.609863281250000000e+00
1.657717022473049724e+02 -3.002929687500000000e+00
1.660796397919575611e+02 -6.272460937500000000e+00
1.663832743772567255e+02 -6.536132812500000000e+00
1.666887000117389448e+02 -5.024414062500000000e+00
1.669962888450594392e+02 -5.787109375000000000e+00
1.672947238091867348e+02 -2.806640625000000000e+00
1.676067858629486409e+02 -2.171386718750000000e+00
1.678981761088898566e+02 -6.484375000000000000e-01
1.682271496726784790e+02 -1.778320312500000000e+00
1.685232702580938167e+02 -5.068359375000000000e-01
1.688297785878671675e+02 -6.279296875000000000e-01
1.691307349401182591e+02 -2.456054687500000000e+00
1.694372446066341809e+02 -2.254882812500000000e+00
1.697437541098194060e+02 -2.419921875000000000e+00
1.700640731255070932e+02 -1.580078125000000000e+00
1.703523044875723826e+02 -1.560546875000000000e+00
1.706662737684812328e+02 -3.396972656250000000e+00
1.709653298505686507e+02 -2.196289062500000000e+00
1.712763025708051146e+02 -3.582031250000000000e+00
1.715805837333301156e+02 -8.916015625000000000e-01
1.718848678736935653e+02 -1.682617187500000000e+00
1.721913804615355730e+02 -2.799804687500000000e+00
1.724929788487191900e+02 -1.546875000000000000e+00
1.728044057060210434e+02 -2.096679687500000000e+00
1.731097532461528772e+02 7.377929687500000000e-01
1.734274018047649406e+02 2.592773437500000000e-01
1.737239434418402197e+02 6.464843750000000000e-01
1.740292643800487440e+02 1.878906250000000000e+00
1.743391854118218021e+02 2.486328125000000000e+00
1.746434811756803356e+02 1.696289062500000000e+00
1.749522080894913074e+02 2.785156250000000000e+00
1.752565063389006355e+02 3.522460937500000000e+00
1.755630188019526940e+02 3.585937500000000000e+00
1.758682863268288656e+02 9.511718750000000000e-01
1.761735361186320006e+02 2.670898437500000000e+00
1.764800310367745624e+02 2.299804687500000000e+00
1.767865257559124075e+02 2.165039062500000000e+00
1.770917959622753983e+02 1.648925781250000000e+00
1.774020936099000210e+02 2.735351562500000000e+00
1.777073081012561033e+02 3.377441406250000000e+00
1.780195260386395830e+02 2.551757812500000000e+00
1.783203153279384878e+02 1.295898437500000000e+00
1.786268188573878888e+02 1.494628906250000000e+00
1.789319894392419883e+02 1.973632812500000000e+00
1.792361113114660611e+02 2.235351562500000000e+00
1.795449790156371819e+02 2.997070312500000000e+00
1.798502980908567110e+02 3.618652343750000000e+00
1.801567982595121862e+02 2.284667968750000000e+00
1.804540130840680376e+02 2.779785156250000000e+00
1.807659944725838841e+02 3.361816406250000000e+00
1.810724978040399265e+02 2.072265625000000000e+00
1.813994347432109180e+02 2.750976562500000000e+00
1.816892983572694789e+02 -1.080566406250000000e+00
1.819893562936393892e+02 -1.826171875000000000e-01
1.822985109505299306e+02 -7.119140625000000000e-01
1.826076691473193705e+02 -5.068359375000000000e-01
1.829088612319372942e+02 -2.257812500000000000e+00
1.832217982241388086e+02 -3.474609375000000000e+00
1.835271841940251534e+02 -3.759765625000000000e+00
1.838336890542180981e+02 -4.805664062500000000e+00
1.841375311823959464e+02 -5.962890625000000000e+00
1.844385949527561479e+02 -4.510742187500000000e+00
1.847478722180438808e+02 -5.698242187500000000e+00
1.850543742527787572e+02 -4.657226562500000000e+00
1.853635446623248981e+02 -5.458496093750000000e+00
1.856673784686335011e+02 -5.932617187500000000e+00
1.859689409948702519e+02 -4.375488281250000000e+00
1.862830548069524639e+02 -6.186035156250000000e+00
1.865868850591049295e+02 -3.683593750000000000e+00
1.868879096522365444e+02 -3.877929687500000000e+00
1.871971553538962780e+02 -3.349609375000000000e+00
1.875009324603166760e+02 -3.408203125000000000e+00
1.878052583425324542e+02 -2.703125000000000000e+00
1.881117699697988996e+02 -1.204101562500000000e+00
1.884182816494340500e+02 -2.157714843750000000e+00
1.887226083810924138e+02 -1.632812500000000000e+00
1.890291201058312254e+02 -1.249023437500000000e+00
1.893356318093824484e+02 -5.937500000000000000e-01
1.896443282366763583e+02 -2.231445312500000000e-01
1.899486553525671297e+02 3.929687500000000000e+00
1.902551669918570951e+02 2.227539062500000000e+00
1.905638631539641779e+02 2.723632812500000000e+00
1.908681903045467152e+02 1.594726562500000000e+00
1.911730280965086877e+02 3.442382812500000000e+00
1.914812135285278600e+02 1.876953125000000000e+00
1.917860347753696715e+02 3.482421875000000000e+00
1.920942366622871305e+02 4.415039062500000000e+00
1.923990415377149930e+02 2.716308593750000000e+00
1.927038302709652271e+02 2.589843750000000000e+00
1.930103253267470791e+02 4.478515625000000000e+00
1.933185516757796449e+02 9.829101562500000000e-01
1.936311653796370820e+02 3.440429687500000000e+00
1.939298112881397174e+02 6.456054687500000000e+00
1.942353510645340862e+02 3.220703125000000000e+00
1.945428018434349724e+02 3.417968750000000000e+00
1.948474024624068761e+02 2.637695312500000000e+00
1.951575716971449310e+02 3.962402343750000000e+00
1.954622877532046914e+02 1.871093750000000000e+00
1.957687832579858878e+02 1.315429687500000000e+00
1.960752785806498650e+02 1.868164062500000000e+00
1.963799183250069973e+02 2.656250000000000000e+00
1.966882694806145082e+02 1.056640625000000000e+00
1.969929241341873194e+02 4.023437500000000000e-01
1.973003438381717274e+02 -7.246093750000000000e-01
1.976059300629261770e+02 5.585937500000000000e-01
1.979124328595411271e+02 1.396484375000000000e-01
1.982198413863558812e+02 -8.813476562500000000e-01
1.985254384177300153e+02 -1.211914062500000000e+00
1.988319410793031921e+02 -2.609375000000000000e+00
1.991384438957087468e+02 -3.439453125000000000e+00
1.994422689618824052e+02 -2.346679687500000000e+00
1.997514489934750372e+02 -2.924804687500000000e+00
2.000452897777996100e+02 -1.531738281250000000e+00
2.003626604552268304e+02 -1.069335937500000000e+00
2.006630594598129846e+02 -1.865722656250000000e+00
2.009811343664034666e+02 -1.413574218750000000e+00
2.012786184667983207e+02 1.660156250000000000e-01
2.015825849021778140e+02 -3.156738281250000000e+00
2.018942968073116617e+02 -2.309570312500000000e+00
2.022008003345455336e+02 -1.499511718750000000e+00
2.025108283751730482e+02 -5.197753906250000000e+00
2.028164722852073965e+02 -6.674804687500000000e+00
2.031308190077089080e+02 -4.802246093750000000e+00
2.034216366050707165e+02 -3.786621093750000000e+00
2.037256335632124546e+02 -4.654296875000000000e+00
2.040321459522098166e+02 -2.597656250000000000e+00
2.043386584551050191e+02 -1.060546875000000000e+00
2.046407138279714673e+02 -1.012695312500000000e+00
2.049472242261649626e+02 -7.500000000000000000e-01
2.052402555700566609e+02 -9.809570312500000000e-01
2.055602451328918505e+02 -1.218750000000000000e+00
2.058647323753023102e+02 -1.017089843750000000e+00
2.061888156097090246e+02 4.711914062500000000e-01
2.064797761663317033e+02 2.050781250000000000e-01
2.067842420667177521e+02 -3.745117187500000000e-01
2.070927966689882851e+02 1.601562500000000000e-01
2.073993069238672433e+02 7.412109375000000000e-01
2.077058170477789645e+02 2.431640625000000000e+00
2.080123272402593102e+02 3.762695312500000000e+00
2.083167582470662182e+02 1.793457031250000000e+00
2.086253473311548987e+02 2.533203125000000000e+00
2.089318575290994886e+02 2.511718750000000000e+00
2.092362678441343178e+02 2.967285156250000000e+00
2.095406647501831685e+02 2.937500000000000000e+00
2.098463682972548554e+02 2.116699218750000000e+00
2.101557774751011038e+02 1.793945312500000000e+00
2.104601540969988491e+02 2.396484375000000000e+00
2.107709171406636415e+02 8.203125000000000000e-01
2.110731472762226986e+02 1.094726562500000000e+00
2.113817903315969033e+02 3.842773437500000000e-01
2.116861404759938523e+02 -1.529296875000000000e+00
2.119947967518703535e+02 -3.247070312500000000e-01
2.123034658721985579e+02 -3.417968750000000000e-01
2.126078031172612555e+02 -3.544921875000000000e-01
2.129143063982658077e+02 -1.169921875000000000e+00
2.132178544939458220e+02 2.003906250000000000e+00
2.135235852597091935e+02 9.013671875000000000e-01
2.138308518783239265e+02 -2.026367187500000000e-01
2.141373506113311009e+02 7.006835937500000000e-01
2.144468222892858194e+02 2.724609375000000000e+00
2.147503479613666855e+02 2.818359375000000000e+00
2.150568466288320337e+02 2.370605468750000000e+00
2.153633453412482481e+02 3.483886718750000000e+00
2.156705997883500459e+02 3.392578125000000000e+00
2.159793383062926750e+02 4.004882812500000000e+00
2.162771540499520597e+02 4.374511718750000000e+00
2.165811048478456087e+02 2.297851562500000000e+00
2.168876147659932485e+02 2.444824218750000000e+00
2.171990401400199744e+02 1.356933593750000000e+00
2.175118554677349039e+02 -8.911132812500000000e-01
2.178071447690629157e+02 1.044433593750000000e+00
2.181136547857561254e+02 1.099609375000000000e+00
2.184225200841373180e+02 3.349609375000000000e-01
2.187266748916401866e+02 -3.212890625000000000e-01
2.190355347795901935e+02 -1.091796875000000000e+00
2.193420421939935068e+02 -1.279296875000000000e+00
2.196510687368191839e+02 -1.681152343750000000e+00
2.199550571556300156e+02 -1.355468750000000000e+00
2.202568869399116238e+02 -1.538085937500000000e+00
2.205633998603449299e+02 -2.295898437500000000e+00
2.208699126827056034e+02 -1.879882812500000000e+00
2.211764256067550605e+02 -2.891601562500000000e+00
2.214806226441961030e+02 -2.030273437500000000e+00
2.217871333812673242e+02 -1.247558593750000000e+00
2.220913240134718762e+02 -7.480468750000000000e-01
2.223923817238471088e+02 -2.252441406250000000e+00
2.227066655328436013e+02 -1.473144531250000000e+00
2.230131761964276507e+02 -1.358398437500000000e+00
2.233243291367027723e+02 -1.865722656250000000e+00
2.236261975668404034e+02 -3.290527343750000000e+00
2.239327081234678758e+02 -3.290039062500000000e+00
2.242392187607420624e+02 -1.217285156250000000e+00
2.245457293286618210e+02 -1.421386718750000000e+00
2.248522399268786671e+02 -3.085937500000000000e-01
2.251452571711905648e+02 2.177734375000000000e-01
2.254629156321129813e+02 1.778320312500000000e+00
2.257694236861602803e+02 1.465820312500000000e+00
2.260829240218656651e+02 5.253906250000000000e-01
2.263847923681587986e+02 -4.453125000000000000e-01
2.266857925051053257e+02 -1.058105468750000000e+00
2.269922958141223148e+02 1.398437500000000000e+00
2.272987992340248979e+02 1.390136718750000000e+00
2.276053025148111715e+02 -6.274414062500000000e-01
2.279118057065979315e+02 -2.295410156250000000e+00
2.282080648027433654e+02 8.105468750000000000e-02
2.285247926880431351e+02 3.651367187500000000e+00
2.288368752951737974e+02 1.191406250000000000e+00
2.291275971835741530e+02 1.708496093750000000e+00
2.294363764603748450e+02 2.155273437500000000e+00
