#Time Flux
-8.554643511778490250e-01 -4.401562500000000000e+01
-8.521670312832161365e-01 2.494531250000000000e+01
-8.490707871958687036e-01 -1.228125000000000000e+01
-8.460456214745781800e-01 6.917187500000000000e+01
-8.424761469100063849e-01 1.604687500000000000e+01
-8.385583023814033865e-01 5.334375000000000000e+01
-8.349818962294892621e-01 4.611718750000000000e+01
-8.316170133467486458e-01 -3.984375000000000000e+00
-8.286363793584126114e-01 -2.953125000000000000e+01
-8.252174719784495238e-01 3.709375000000000000e+01
-8.218228082579766003e-01 -1.725000000000000000e+01
-8.178101139367002226e-01 1.067187500000000000e+02
-8.144468861616207533e-01 2.821093750000000000e+01
-8.111006558137932032e-01 -3.671875000000000000e-01
-8.081516559574857261e-01 6.261718750000000000e+01
-8.047831862897698585e-01 -3.015625000000000000e+00
-8.012806534445218176e-01 -5.085937500000000000e+00
-7.969789733697125733e-01 -8.585937500000000000e+00
-7.939601781323823992e-01 -1.942187500000000000e+01
-7.905845930371566688e-01 2.346875000000000000e+01
-7.877174789461469651e-01 1.359375000000000000e+00
-7.842520445665353002e-01 -3.392187500000000000e+01
-7.807383359406547818e-01 2.000000000000000000e+01
-7.765077707808618612e-01 2.959375000000000000e+01
-7.734093968752300263e-01 -2.678125000000000000e+01
-7.700911809040840161e-01 3.295312500000000000e+01
-7.669833506274210677e-01 3.220312500000000000e+01
-7.636521767396788896e-01 -3.948437500000000000e+01
-7.597681065133436995e-01 3.453125000000000000e+00
-7.558356845035985039e-01 2.176562500000000000e+01
-7.527816691494542134e-01 1.786718750000000000e+01
-7.497165832473098313e-01 2.676562500000000000e+01
-7.466393499256374078e-01 2.687500000000000000e+00
-7.430326265708955269e-01 -5.368750000000000000e+01
-7.390478378752387556e-01 1.368750000000000000e+01
-7.353187806572991647e-01 -8.789062500000000000e+00
-7.323472712436802645e-01 -2.507812500000000000e+00
-7.291631634131334749e-01 2.525000000000000000e+01
-7.259287627860673275e-01 2.421875000000000000e+00
-7.224127489185363515e-01 -4.046875000000000000e+00
-7.184189054918692641e-01 2.640625000000000000e+00
-7.148844288083369136e-01 4.536718750000000000e+01
-7.119129234255985317e-01 4.023437500000000000e+01
-7.087290080514065949e-01 9.093750000000000000e+00
-7.053989462912007014e-01 -6.687500000000000000e+00
-7.012792495442918828e-01 -3.593750000000000000e-01
-6.977714591715065140e-01 -2.046093750000000000e+01
-6.943677942670567482e-01 -7.375000000000000000e+00
-6.914017791400350887e-01 -1.328125000000000000e+00
-6.881353203033180321e-01 -1.662500000000000000e+01
-6.847440280389434086e-01 1.484375000000000000e-01
-6.808449466406965023e-01 -2.442968750000000000e+01
-6.773184397828102554e-01 6.453125000000000000e+00
-6.739333658531925231e-01 2.218750000000000000e+00
-6.709674722710428085e-01 1.901562500000000000e+01
-6.676056202637909998e-01 -3.382031250000000000e+01
-6.632485204055926786e-01 -4.823437500000000000e+01
-6.598668145094217508e-01 6.640625000000000000e+00
-6.568839216709405626e-01 -1.376562500000000000e+01
-6.534990374400897473e-01 4.784375000000000000e+01
-6.504564332556008743e-01 -7.343750000000000000e+00
-6.469307915979531920e-01 -2.750000000000000000e+00
-6.429271625568584447e-01 -4.307031250000000000e+01
-6.393017052155278712e-01 -2.207812500000000000e+01
-6.361189924601515777e-01 -2.773437500000000000e+00
-6.328937399587735158e-01 5.125000000000000000e+00
-6.299453744495546736e-01 -2.890625000000000000e+01
-6.263514119237978406e-01 7.812500000000000000e+00
-6.223798634702477628e-01 -2.640625000000000000e+00
-6.187413679512050457e-01 -3.812500000000000000e+00
-6.155997610750292282e-01 -5.503125000000000000e+01
-6.124106163973972450e-01 7.710937500000000000e+00
-6.095879500082781455e-01 -2.500000000000000000e-01
-6.054337986861035859e-01 -2.413281250000000000e+01
-6.015198113254314194e-01 -3.167968750000000000e+01
-5.982223912282371714e-01 1.197656250000000000e+01
-5.950669007605724481e-01 -3.039062500000000000e+00
-5.919763604601082640e-01 8.648437500000000000e+00
-5.888478696697041492e-01 1.070312500000000000e+01
-5.846669720537969184e-01 5.812500000000000000e+00
-5.809502922400660019e-01 -3.916406250000000000e+01
-5.774651012170992637e-01 -2.813281250000000000e+01
-5.745341259022382907e-01 2.373437500000000000e+01
-5.714927550557149516e-01 1.026562500000000000e+01
-5.683164366826103375e-01 -1.642187500000000000e+01
-5.641377383914147892e-01 -1.468750000000000000e+00
-5.603254352533713067e-01 -3.014062500000000000e+01
-5.570372268266066129e-01 -2.415625000000000000e+01
-5.541000638473918549e-01 1.390625000000000000e+01
-5.509582636416658907e-01 -6.239062500000000000e+01
-5.475651043202112156e-01 1.495312500000000000e+01
-5.434165794744125755e-01 -7.593750000000000000e+00
-5.398910854926088909e-01 2.085937500000000000e+00
-5.366031003940872068e-01 -2.845312500000000000e+01
-5.336068729719225523e-01 1.775000000000000000e+01
-5.303195814450800682e-01 -3.600000000000000000e+01
-5.265732917133987279e-01 -7.875000000000000000e+00
-5.227376990099013021e-01 -4.389062500000000000e+01
-5.193752791808599056e-01 1.584375000000000000e+01
-5.161621852812872113e-01 -1.384375000000000000e+01
-5.131724547443989870e-01 2.940625000000000000e+01
-5.097811059852221938e-01 -3.171875000000000000e+00
-5.057011687929993116e-01 -1.979687500000000000e+01
-5.022508629510928913e-01 -2.967187500000000000e+01
-4.990223858146509706e-01 -3.323437500000000000e+01
-4.957210792982911229e-01 -1.964062500000000000e+01
-4.926332070186671963e-01 -2.555468750000000000e+01
-4.892773358478881285e-01 -1.209375000000000000e+01
-4.849026863463019588e-01 -6.398437500000000000e+01
-4.816343000211582570e-01 -8.095312500000000000e+01
-4.785065209641850004e-01 2.245312500000000000e+01
-4.752865617175663360e-01 -2.045312500000000000e+01
-4.719884615410472328e-01 -2.359375000000000000e+01
-4.686905206643441346e-01 -1.653125000000000000e+01
-4.643041052000413949e-01 -4.843750000000000000e-01
-4.611999026319772987e-01 -3.657812500000000000e+01
-4.579535528269942368e-01 -3.006250000000000000e+01
-4.547410222093515308e-01 -2.635937500000000000e+01
-4.514487421943895740e-01 -5.817187500000000000e+01
-4.478058116796863608e-01 -1.425781250000000000e+01
-4.437983256270467969e-01 -1.162500000000000000e+01
-4.406904087446035234e-01 -5.956250000000000000e+01
-4.374005493577528547e-01 1.598437500000000000e+01
-4.341954689932321365e-01 -2.140625000000000000e+01
-4.309298538977013315e-01 -3.878125000000000000e+01
-4.267501850217896298e-01 -3.172656250000000000e+01
-4.232260523789315165e-01 -2.015625000000000000e+00
-4.201806209012661775e-01 -1.403125000000000000e+01
-4.169660349202417571e-01 -7.268750000000000000e+01
-4.136574574084139755e-01 -1.625781250000000000e+01
-4.103908369835354009e-01 1.150781250000000000e+01
-4.060306377422393531e-01 -1.777343750000000000e+01
-4.026100573312310082e-01 1.195312500000000000e+00
-3.997463295155117002e-01 3.562500000000000000e+01
-3.965136046384625246e-01 -3.038281250000000000e+01
-3.930191514515963824e-01 -6.196093750000000000e+01
-3.897231128958398294e-01 -2.791406250000000000e+01
-3.854825761408360307e-01 -5.246875000000000000e+01
-3.821756561876559211e-01 1.600000000000000000e+01
-3.790792962161315671e-01 -2.735937500000000000e+01
-3.760613983397624871e-01 -3.057812500000000000e+01
-3.724808039882572253e-01 -1.946093750000000000e+01
-3.688234635507665615e-01 -1.764062500000000000e+01
-3.649456474610430767e-01 -2.754687500000000000e+01
-3.616258148168518538e-01 -5.760937500000000000e+01
-3.586447874247635781e-01 -8.862500000000000000e+01
-3.556273076467468819e-01 -9.281250000000000000e+00
-3.520464921934416402e-01 -1.191406250000000000e+01
-3.479780797454954389e-01 -1.946093750000000000e+01
-3.444573312050653868e-01 -2.137500000000000000e+01
-3.411138721530777573e-01 -3.838281250000000000e+01
-3.381643491117620748e-01 -3.722656250000000000e+01
-3.346951871572012571e-01 -4.843750000000000000e+00
-3.315038945914152713e-01 -5.347656250000000000e+01
-3.275438251870004258e-01 -4.567187500000000000e+01
-3.239687499296075579e-01 -3.598437500000000000e+01
-3.206796166159664452e-01 -3.249218750000000000e+01
-3.177300688254809380e-01 -7.217968750000000000e+01
-3.141636254693307428e-01 -1.481250000000000000e+01
-3.107476363886552129e-01 -3.839062500000000000e+01
-3.065944611753161908e-01 -4.068750000000000000e+01
-3.034181075377442305e-01 -2.801562500000000000e+01
-3.002454610141329638e-01 -5.903125000000000000e+01
-2.972501161571843298e-01 -7.407812500000000000e+01
-2.937293136163074969e-01 -5.707812500000000000e+01
-2.903132591975325916e-01 -1.331250000000000000e+01
-2.860818061380800970e-01 -3.379687500000000000e+01
-2.827155665777194571e-01 9.140625000000000000e+00
-2.796718527495536399e-01 -6.141406250000000000e+01
-2.765589893146591649e-01 -5.230468750000000000e+01
-2.728560518094624854e-01 -3.235937500000000000e+01
-2.693475677558816450e-01 -3.682812500000000000e+01
-2.655288775530233458e-01 -5.135937500000000000e+01
-2.623572284450808034e-01 -5.542187500000000000e+01
-2.593001873691815895e-01 -2.965625000000000000e+01
-2.561246987074321524e-01 -8.945312500000000000e+01
-2.521386091314754552e-01 -2.685156250000000000e+01
-2.484305600104721456e-01 -2.501562500000000000e+01
-2.449759869266370238e-01 -4.425000000000000000e+01
-2.419228313105583617e-01 -3.273437500000000000e+01
-2.388035824294925114e-01 -2.898437500000000000e+01
-2.355984702485698357e-01 -3.615625000000000000e+01
-2.317042331081440310e-01 -4.760156250000000000e+01
-2.277825739777634695e-01 -3.910937500000000000e+01
-2.243781699196936152e-01 -1.035937500000000000e+01
-2.213366790149273733e-01 -5.006250000000000000e+01
-2.181440002576531256e-01 -4.835937500000000000e+01
-2.147526643484467535e-01 -6.647656250000000000e+01
-2.107271395169454387e-01 -1.515625000000000000e+00
-2.073267260205269302e-01 -4.673437500000000000e+01
-2.039437443070730716e-01 -1.234375000000000000e+00
-2.009024120109068612e-01 -3.812500000000000000e+01
-1.977095957089298750e-01 -6.175000000000000000e+01
-1.940975902924715335e-01 -3.929687500000000000e+01
-1.898763782397665523e-01 -1.667187500000000000e+01
-1.867700777985903393e-01 -2.802343750000000000e+01
-1.835094186879380196e-01 -4.601562500000000000e+01
-1.804681448977469849e-01 -5.837500000000000000e+01
-1.771798684027516835e-01 -5.489062500000000000e+01
-1.730550723708943472e-01 -7.170312500000000000e+01
-1.694406735047033763e-01 -1.615625000000000000e+01
-1.662135858933275756e-01 -4.971875000000000000e+01
-1.629911971672819426e-01 -5.032812500000000000e+01
-1.598900410955010898e-01 -7.117968750000000000e+01
-1.565069510473056091e-01 -3.463281250000000000e+01
-1.525056087742053812e-01 -7.285937500000000000e+01
-1.490062551025568283e-01 -1.052812500000000000e+02
-1.456944107440816261e-01 -2.725000000000000000e+01
-1.424729013154424351e-01 -8.164062500000000000e+01
-1.393876587728120064e-01 2.682812500000000000e+01
-1.358523731497940368e-01 -3.772656250000000000e+01
-1.319559406357955211e-01 -7.053125000000000000e+01
-1.282321745924583922e-01 -9.859375000000000000e+00
-1.250788826608881799e-01 -2.663281250000000000e+01
-1.220387014830626171e-01 -1.742187500000000000e+01
-1.188565770398475330e-01 -3.847656250000000000e+01
-1.146829699844014172e-01 -4.710937500000000000e+01
-1.113208505358280753e-01 -2.386718750000000000e+01
-1.077977716044280498e-01 1.669531250000000000e+01
-1.046446769495346096e-01 -4.089062500000000000e+01
-1.015528410629538136e-01 1.316406250000000000e+01
-9.816898252811556702e-02 -1.124218750000000000e+01
-9.415119166498309156e-02 -4.231250000000000000e+01
-9.064067528646502225e-02 -2.785937500000000000e+01
-8.705216305675200772e-02 1.156250000000000000e+01
-8.408177594421939460e-02 -5.859375000000000000e+00
-8.096713666353627659e-02 -1.574218750000000000e+01
-7.751597300692303349e-02 4.585937500000000000e+00
-7.342624991940960300e-02 -7.750000000000000000e+00
-7.001265923904531618e-02 3.763281250000000000e+01
-6.661803150195844125e-02 4.435937500000000000e+01
-6.364753339105444496e-02 -3.937500000000000000e+00
-6.043303887151774134e-02 1.585937500000000000e+01
-5.666194005997082783e-02 -2.820312500000000000e+01
-5.299193889584552508e-02 -4.355468750000000000e+01
-4.957851377625877021e-02 5.181250000000000000e+01
-4.618389983074955296e-02 -9.406250000000000000e+00
-4.318073603446448416e-02 1.603125000000000000e+01
-3.979121423186482431e-02 3.217187500000000000e+01
-3.571274207553543079e-02 -3.273437500000000000e+01
-3.226718720112042860e-02 5.187500000000000000e+00
-2.883117912516430792e-02 -2.643750000000000000e+01
-2.572927263658097985e-02 -3.620312500000000000e+01
-2.264215084288112578e-02 -1.976562500000000000e+00
-1.935698128660190420e-02 4.076562500000000000e+01
-1.543637464606506526e-02 3.259375000000000000e+01
-1.183301152491988972e-02 -3.609375000000000000e+00
-8.396733048912974340e-03 4.828906250000000000e+01
-5.294954882756108816e-03 5.410937500000000000e+01
-2.207815153820735787e-03 6.117187500000000000e+00
1.256800325970974797e-03 9.410156250000000000e+01
5.600889494801641888e-03 1.218750000000000000e+00
8.865281459248031126e-03 1.350000000000000000e+01
1.215667376667672883e-02 -8.062500000000000000e+00
1.524970602811115405e-02 4.846875000000000000e+01
1.854157225572539147e-02 3.915625000000000000e+01
2.218399610911991893e-02 5.153125000000000000e+01
2.611278742954104004e-02 4.700000000000000000e+01
2.929962689445364532e-02 5.359375000000000000e+01
3.260587433818251668e-02 7.478906250000000000e+01
3.579428317087840483e-02 5.873437500000000000e+01
3.905797980011294079e-02 1.041718750000000000e+02
4.323931927954904886e-02 3.979687500000000000e+01
4.662150916696439218e-02 7.171093750000000000e+01
4.981036503242508573e-02 1.282656250000000000e+02
5.304007949292532942e-02 6.221093750000000000e+01
5.633276469524695074e-02 7.676562500000000000e+01
5.959780190085250950e-02 8.235937500000000000e+01
6.395596038155693108e-02 5.800781250000000000e+01
6.726572677198294770e-02 8.912500000000000000e+01
7.036128088390758428e-02 3.946875000000000000e+01
7.369213789366235723e-02 8.425000000000000000e+01
7.697203055823842455e-02 4.919531250000000000e+01
8.026800135664013958e-02 1.428125000000000000e+02
8.449933452002689194e-02 1.132968750000000000e+02
8.770012723889397677e-02 1.195468750000000000e+02
9.091231667227539504e-02 3.957812500000000000e+01
9.412637689252201234e-02 8.207031250000000000e+01
9.750719767591942144e-02 8.081250000000000000e+01
1.011653685030200478e-01 1.121875000000000000e+02
1.049877753114041301e-01 1.047421875000000000e+02
1.081346275974270910e-01 1.320937500000000000e+02
1.113466264007190176e-01 1.219062500000000000e+02
1.145606160150729469e-01 9.327343750000000000e+01
1.179416624323113005e-01 1.259765625000000000e+02
1.220109583379447304e-01 1.564531250000000000e+02
1.255884485729814593e-01 1.091562500000000000e+02
1.288000155626840559e-01 1.314375000000000000e+02
1.318231324588077236e-01 1.457890625000000000e+02
1.352960572221426627e-01 1.516796875000000000e+02
1.384832705995699964e-01 1.563593750000000000e+02
1.424453159094476451e-01 2.008125000000000000e+02
1.459666878175465143e-01 2.197812500000000000e+02
1.492344175211663959e-01 1.692343750000000000e+02
1.522155459981338055e-01 1.003593750000000000e+02
1.558545489453884159e-01 1.738828125000000000e+02
1.592431189335594688e-01 1.842187500000000000e+02
1.632579291353086770e-01 1.979531250000000000e+02
1.665731901307128116e-01 2.007890625000000000e+02
1.697414611153318376e-01 1.562656250000000000e+02
1.728185247380029654e-01 1.077187500000000000e+02
1.762887926190508381e-01 1.407578125000000000e+02
1.796775942555224326e-01 1.829687500000000000e+02
1.840278892742766015e-01 2.433359375000000000e+02
1.871985008488530333e-01 1.799140625000000000e+02
1.902482192227483715e-01 1.530312500000000000e+02
1.934309061603505242e-01 2.056406250000000000e+02
1.969421461220532965e-01 2.108593750000000000e+02
2.006390832786784095e-01 2.905625000000000000e+02
2.044623857947420742e-01 2.289375000000000000e+02
2.076328972557797137e-01 2.431718750000000000e+02
2.106822359920346166e-01 1.749062500000000000e+02
2.138653478128196284e-01 1.541640625000000000e+02
2.178499049011177746e-01 1.961562500000000000e+02
2.215578635601402890e-01 2.890312500000000000e+02
2.250147065426619797e-01 2.829218750000000000e+02
2.281420972308456641e-01 2.262656250000000000e+02
2.311817357951519991e-01 2.492421875000000000e+02
2.342996394641465585e-01 2.425859375000000000e+02
2.382841324367062086e-01 2.499921875000000000e+02
2.421824580284943629e-01 2.792187500000000000e+02
2.455302872742590736e-01 3.345703125000000000e+02
2.486515198486476397e-01 2.009140625000000000e+02
2.519425866843023609e-01 2.508515625000000000e+02
2.550182919766363909e-01 2.668593750000000000e+02
2.591308592891652385e-01 2.949609375000000000e+02
2.626650819872353715e-01 3.501718750000000000e+02
2.660458118136355132e-01 3.400468750000000000e+02
2.690857874056409305e-01 2.649140625000000000e+02
2.722817973291418170e-01 3.002812500000000000e+02
2.754525981835165283e-01 2.948437500000000000e+02
2.799033077838093408e-01 3.054765625000000000e+02
2.832209467922635060e-01 3.396328125000000000e+02
2.864800345216260702e-01 3.601250000000000000e+02
2.895952109256616502e-01 2.986562500000000000e+02
2.928113872834303688e-01 2.920156250000000000e+02
2.966289028375785897e-01 3.540781250000000000e+02
3.005433552729144253e-01 3.305468750000000000e+02
3.038614616351966724e-01 3.888750000000000000e+02
3.069143569975474328e-01 3.545156250000000000e+02
3.100295457925388298e-01 3.380156250000000000e+02
3.134825353115211488e-01 3.204765625000000000e+02
3.174817109208596388e-01 3.208593750000000000e+02
3.211121013914650657e-01 3.529687500000000000e+02
3.244748536500294822e-01 3.943750000000000000e+02
3.275138440737359602e-01 3.276875000000000000e+02
3.305337887813166731e-01 2.937109375000000000e+02
3.341372951952847892e-01 3.490078125000000000e+02
3.382354978365971210e-01 3.364843750000000000e+02
3.417580468272625183e-01 3.862812500000000000e+02
3.449090603218094575e-01 3.830546875000000000e+02
3.479479483291365582e-01 3.240625000000000000e+02
3.511346772056944676e-01 3.715312500000000000e+02
3.546507504050220305e-01 3.537031250000000000e+02
3.588715930155212952e-01 3.740000000000000000e+02
3.622774745541010866e-01 3.743906250000000000e+02
3.653433671107662040e-01 4.218281250000000000e+02
3.684363679654727441e-01 3.669296875000000000e+02
3.718200805409634935e-01 3.613046875000000000e+02
3.758354529885619133e-01 3.924843750000000000e+02
3.797374251528147227e-01 3.766406250000000000e+02
3.829331158486173337e-01 3.807656250000000000e+02
3.859070285700676450e-01 3.740937500000000000e+02
3.891232207196728687e-01 3.675468750000000000e+02
3.924089465322588843e-01 3.792343750000000000e+02
3.965641754599553703e-01 3.963984375000000000e+02
4.002912814770656080e-01 3.767812500000000000e+02
4.033671522920929675e-01 3.942343750000000000e+02
4.063412734551770100e-01 4.114687500000000000e+02
4.094585034424322867e-01 3.952968750000000000e+02
4.132609589748854617e-01 3.722578125000000000e+02
4.171925944963206234e-01 4.052656250000000000e+02
4.207256769126519469e-01 3.806328125000000000e+02
4.238013889699221437e-01 4.250468750000000000e+02
4.268110798822637442e-01 4.273906250000000000e+02
4.300952396805159950e-01 4.068906250000000000e+02
4.341943375212069522e-01 4.206093750000000000e+02
4.378131196771051226e-01 4.073046875000000000e+02
4.412911014739027138e-01 3.623593750000000000e+02
4.442489324801086603e-01 3.904921875000000000e+02
4.473488325005690047e-01 4.090390625000000000e+02
4.505954597289731911e-01 4.146796875000000000e+02
4.547102549078623213e-01 3.628750000000000000e+02
4.582472621421971315e-01 4.412578125000000000e+02
4.617253091643167551e-01 3.890078125000000000e+02
4.646967570823656857e-01 3.550625000000000000e+02
4.677831693246787825e-01 4.685078125000000000e+02
4.711329722740484893e-01 4.027031250000000000e+02
4.751444441464478530e-01 4.179375000000000000e+02
4.786815547866922760e-01 3.573203125000000000e+02
4.821595669678888640e-01 3.860703125000000000e+02
4.852405692018455508e-01 4.407343750000000000e+02
4.885062143209857322e-01 4.073515625000000000e+02
4.917273918519331488e-01 4.365468750000000000e+02
4.960223744177918448e-01 4.208593750000000000e+02
4.992896320909041563e-01 3.760781250000000000e+02
5.026050100930015141e-01 3.893125000000000000e+02
5.056748466541411968e-01 4.045000000000000000e+02
5.089660798443391698e-01 4.327812500000000000e+02
5.126081847161139127e-01 4.469687500000000000e+02
5.164565485041956450e-01 3.998515625000000000e+02
5.198014137139748136e-01 3.585937500000000000e+02
5.231448473103668118e-01 3.280390625000000000e+02
5.262184371770559643e-01 3.609531250000000000e+02
5.294800926091414173e-01 4.351953125000000000e+02
5.336632149965072625e-01 3.762343750000000000e+02
5.370414600270512206e-01 3.780000000000000000e+02
5.402357018473762373e-01 3.856562500000000000e+02
5.435791555545150811e-01 3.903593750000000000e+02
5.469600716490681247e-01 3.835234375000000000e+02
5.500474563058070920e-01 4.067343750000000000e+02
5.543767418795169100e-01 3.552812500000000000e+02
5.576223290914916753e-01 4.093515625000000000e+02
5.607869702044532279e-01 3.448906250000000000e+02
5.640133139539542650e-01 3.722109375000000000e+02
5.673942632086841353e-01 4.225234375000000000e+02
5.706934780700663179e-01 3.503671875000000000e+02
5.749154806945657725e-01 3.519218750000000000e+02
5.780567684993278554e-01 3.828828125000000000e+02
5.813764011475677229e-01 3.770312500000000000e+02
5.845536313736081624e-01 3.370000000000000000e+02
5.879264601049634109e-01 3.761250000000000000e+02
5.913392394787342354e-01 3.595156250000000000e+02
5.954642335621813665e-01 4.150937500000000000e+02
5.985602198275943309e-01 4.028281250000000000e+02
6.017726716829390199e-01 3.298125000000000000e+02
6.051895384551055912e-01 3.405937500000000000e+02
6.083678179679976594e-01 3.808437500000000000e+02
6.124343755697403413e-01 3.198359375000000000e+02
6.160142419688248161e-01 3.283593750000000000e+02
6.189253474400451260e-01 3.696250000000000000e+02
6.222069823718090475e-01 3.277812500000000000e+02
6.256239186657506224e-01 3.549531250000000000e+02
6.290143909617005313e-01 3.923906250000000000e+02
6.330313048218001448e-01 3.530156250000000000e+02
6.364485494271696631e-01 3.053437500000000000e+02
6.396601805617145864e-01 3.876093750000000000e+02
6.426791111446754634e-01 3.834843750000000000e+02
6.461561326468590050e-01 3.397343750000000000e+02
6.496683023058404949e-01 3.370000000000000000e+02
6.538577433157315433e-01 3.055703125000000000e+02
6.571148339140391315e-01 2.833281250000000000e+02
6.600945838225933393e-01 2.938437500000000000e+02
6.631509923894638447e-01 3.294062500000000000e+02
6.667107804416794181e-01 3.213828125000000000e+02
6.706256365243681294e-01 2.757187500000000000e+02
6.745711637997930943e-01 2.813593750000000000e+02
6.776229046022756997e-01 2.582265625000000000e+02
6.805969393280930646e-01 2.976093750000000000e+02
6.837610809394827349e-01 2.604687500000000000e+02
6.871673617008764445e-01 2.367656250000000000e+02
6.910598411297761423e-01 2.545000000000000000e+02
6.948879614248120173e-01 2.585781250000000000e+02
6.979835206080506893e-01 2.608750000000000000e+02
7.010311024314388462e-01 3.003750000000000000e+02
7.042896595581202845e-01 2.702187500000000000e+02
7.082726341256373459e-01 2.530703125000000000e+02
7.117925680845136327e-01 1.941562500000000000e+02
7.154400255460688918e-01 2.273593750000000000e+02
7.185652773355446499e-01 2.102343750000000000e+02
7.216012585669966395e-01 2.953046875000000000e+02
7.250096466267557105e-01 2.516718750000000000e+02
7.291189868338039393e-01 2.187578125000000000e+02
7.326566831759024900e-01 1.421093750000000000e+02
7.360362861513520816e-01 1.609062500000000000e+02
7.391458889275497324e-01 2.676250000000000000e+02
7.421040468482971164e-01 2.010000000000000000e+02
7.454952597135329206e-01 2.074375000000000000e+02
7.495531508102646345e-01 1.700000000000000000e+02
7.530911004721034807e-01 2.380937500000000000e+02
7.564695211423875243e-01 2.315000000000000000e+02
7.595083153226032113e-01 2.219140625000000000e+02
7.628979260294426190e-01 1.910625000000000000e+02
7.663193614481547122e-01 1.154843750000000000e+02
7.705290509451359071e-01 1.973750000000000000e+02
7.736464858824743107e-01 1.478906250000000000e+02
7.768234548031882625e-01 1.499296875000000000e+02
7.799425833379818318e-01 2.030703125000000000e+02
7.836118422018163443e-01 1.531875000000000000e+02
7.870514465579208085e-01 1.281406250000000000e+02
7.909771958287654670e-01 1.235937500000000000e+02
7.943701532875619975e-01 1.997656250000000000e+02
7.975007905703828115e-01 1.450156250000000000e+02
8.005233347738922589e-01 1.126640625000000000e+02
8.040461938907075279e-01 1.297812500000000000e+02
8.077831713622658505e-01 1.040937500000000000e+02
8.115373936921075337e-01 1.208593750000000000e+02
8.148044929856750329e-01 1.446562500000000000e+02
8.178537394864571208e-01 1.219609375000000000e+02
8.210298425645485842e-01 1.335468750000000000e+02
8.246422073551054055e-01 1.321562500000000000e+02
8.288631870519220790e-01 7.495312500000000000e+01
8.321826753859475900e-01 9.362500000000000000e+01
8.353313852395543027e-01 1.565781250000000000e+02
8.383691080459252376e-01 1.672968750000000000e+02
8.415603405983651530e-01 1.027343750000000000e+02
8.457195006215121325e-01 1.259531250000000000e+02
8.493290749511861470e-01 7.571875000000000000e+01
8.528101977652144949e-01 7.839843750000000000e+01
8.557656930726109668e-01 3.948437500000000000e+01
8.588600336675829006e-01 8.492968750000000000e+01
8.622435178762299923e-01 1.238437500000000000e+02
8.663592047564665499e-01 6.164062500000000000e+01
8.699962988314853263e-01 1.263593750000000000e+02
8.732445471876448817e-01 9.726562500000000000e+01
8.763302821910423646e-01 9.275781250000000000e+01
8.795482724917085271e-01 1.147812500000000000e+02
8.828303419900742632e-01 7.218750000000000000e+01
8.871842000505623105e-01 8.370312500000000000e+01
8.905968858318722425e-01 -8.265625000000000000e+00
8.937866919732631033e-01 7.971875000000000000e+01
8.967263669040845819e-01 7.106250000000000000e+01
8.999826466123770352e-01 1.074687500000000000e+02
9.037471971275548022e-01 4.134375000000000000e+01
9.077007357816393451e-01 1.135937500000000000e+01
9.112711545981624361e-01 5.250000000000000000e+01
9.142373942713262203e-01 2.871093750000000000e+01
9.172371096594180706e-01 5.028125000000000000e+01
9.206224072156499183e-01 8.032812500000000000e+01
9.246145398965965878e-01 3.270312500000000000e+01
9.283329594536389173e-01 -1.076562500000000000e+01
9.317134700473932440e-01 6.000000000000000000e+00
9.346884729401248038e-01 2.020312500000000000e+01
9.377742798518682310e-01 -2.253906250000000000e+01
9.411853235899156900e-01 3.165625000000000000e+01
9.451332390855746723e-01 -2.332812500000000000e+01
9.487672667373607815e-01 -1.810937500000000000e+01
9.521476806772941615e-01 2.265625000000000000e-01
9.551228911094407081e-01 1.864062500000000000e+01
9.583112904243602514e-01 -6.500000000000000000e+00
9.616692466772271963e-01 3.902343750000000000e+01
9.655674319330351807e-01 -2.781250000000000000e+01
9.692798058239988634e-01 -4.680468750000000000e+01
9.725893803767839962e-01 1.400000000000000000e+01
9.756656951304412129e-01 -1.328906250000000000e+01
9.789560788162079419e-01 3.267187500000000000e+01
9.825980248065342426e-01 2.660937500000000000e+01
9.864438429989812462e-01 -9.781250000000000000e+00
9.897924241021596181e-01 -3.901562500000000000e+01
9.931318818788426039e-01 -2.249218750000000000e+01
9.962084207457224672e-01 -5.296875000000000000e+00
9.994680325359370787e-01 -2.621093750000000000e+01
1.003652893095007270e+00 -1.171875000000000000e+00
1.007027310648066054e+00 -9.854687500000000000e+01
1.010343801536755182e+00 -5.649218750000000000e+01
1.013566044265506561e+00 3.220312500000000000e+01
1.016747483531792895e+00 -5.385937500000000000e+01
1.020009436488069632e+00 -7.582031250000000000e+01
1.024263363220691225e+00 -5.754687500000000000e+01
1.027541909147350552e+00 -1.050000000000000000e+02
1.030778250436078070e+00 -3.178906250000000000e+01
1.034108815229017431e+00 -4.509375000000000000e+01
1.037381937191953041e+00 -2.763281250000000000e+01
1.040684438890789876e+00 -6.445312500000000000e+01
1.044797614137772168e+00 -1.882031250000000000e+01
1.048046637751786303e+00 -8.750781250000000000e+01
1.051329815361187414e+00 -4.971875000000000000e+01
1.054644559210713428e+00 -2.893750000000000000e+01
1.057911427017270256e+00 -6.278125000000000000e+01
1.061366629037543197e+00 -5.303125000000000000e+01
1.065331672853156775e+00 -5.615625000000000000e+01
1.068481028297929125e+00 -8.593750000000000000e+01
1.071798265697284425e+00 -7.965625000000000000e+01
1.075078858010668714e+00 -7.207031250000000000e+01
1.078345449956568558e+00 -9.784375000000000000e+01
1.082011740783231701e+00 -7.130468750000000000e+01
1.085886443636211229e+00 -7.798437500000000000e+01
1.088985778297318241e+00 -1.019843750000000000e+02
1.092232505518327290e+00 -9.372656250000000000e+01
1.095712953796458278e+00 -9.823437500000000000e+01
1.098899023433366429e+00 -9.829687500000000000e+01
1.102858016253470241e+00 -5.329687500000000000e+01
1.106440109986832621e+00 -7.642187500000000000e+01
1.109535972515686586e+00 -6.281250000000000000e+01
1.112666795467080139e+00 -6.148437500000000000e+01
1.116147349901432717e+00 -8.243750000000000000e+01
1.119548604818007220e+00 -1.022968750000000000e+02
1.123801422565541053e+00 -5.725000000000000000e+01
1.126990206729196808e+00 -8.435156250000000000e+01
1.130086073609073427e+00 -9.609375000000000000e+01
1.133134609582529428e+00 -6.635937500000000000e+01
1.136680094499940008e+00 -8.170312500000000000e+01
1.140093335276801678e+00 -9.759375000000000000e+01
1.144235650279390448e+00 -5.800000000000000000e+01
1.147540391896273881e+00 -7.343750000000000000e+01
1.150583928199917061e+00 -7.590625000000000000e+01
1.153845307736040660e+00 -8.846875000000000000e+01
1.157246124562688605e+00 -9.543750000000000000e+01
1.161046700198516302e+00 -1.142812500000000000e+02
1.164879154330393574e+00 -2.682812500000000000e+01
1.168047337423149035e+00 -8.986718750000000000e+01
1.171081606690758559e+00 -1.028906250000000000e+02
1.174279651279497294e+00 -5.274218750000000000e+01
1.177775076718270419e+00 -6.746875000000000000e+01
1.181632033513181801e+00 -6.532812500000000000e+01
1.185313602189254523e+00 -7.816406250000000000e+01
1.188554182352634214e+00 -6.959375000000000000e+01
1.191515535442785545e+00 -8.931250000000000000e+01
1.194809341115123491e+00 -9.893750000000000000e+01
1.198420140934508993e+00 -1.337343750000000000e+02
1.202589791942684894e+00 -1.241718750000000000e+02
1.205865291878818635e+00 -1.106562500000000000e+02
1.208988576649533186e+00 -9.751562500000000000e+01
1.212092334682282058e+00 -9.529687500000000000e+01
1.215435633097410317e+00 -9.814062500000000000e+01
1.219404838858194395e+00 -8.809375000000000000e+01
1.223053341129982208e+00 -8.797656250000000000e+01
1.226379307591950685e+00 -3.518750000000000000e+01
1.229496585141317100e+00 -8.760937500000000000e+01
1.232707857662214801e+00 -1.291640625000000000e+02
1.235916835120332014e+00 -7.068750000000000000e+01
1.239975632313893295e+00 -1.071562500000000000e+02
1.243637605897512488e+00 -6.199218750000000000e+01
1.246813707425853401e+00 -7.376562500000000000e+01
1.249930903571806029e+00 -1.032968750000000000e+02
1.253323609674741324e+00 -1.215468750000000000e+02
1.256744886390265936e+00 -1.313750000000000000e+02
1.260747813970067854e+00 -1.257734375000000000e+02
1.264071998524579188e+00 -1.238906250000000000e+02
1.267248007299012436e+00 -6.503125000000000000e+01
1.270438985718108871e+00 -1.499843750000000000e+02
1.274034130441458856e+00 -1.337500000000000000e+02
1.277768488102614786e+00 -1.170000000000000000e+02
1.281403240157835022e+00 -1.227031250000000000e+02
1.284794375185700055e+00 -1.029687500000000000e+02
1.287841870130653765e+00 -7.719531250000000000e+01
1.291021357373046907e+00 -1.113750000000000000e+02
1.294551063151482051e+00 -1.339453125000000000e+02
1.298202630593172646e+00 -1.235781250000000000e+02
1.301837658610913273e+00 -1.590000000000000000e+02
1.305319426418576123e+00 -1.140312500000000000e+02
1.308276184832214417e+00 -1.024843750000000000e+02
1.311551615162019013e+00 -1.208515625000000000e+02
1.315703772301517027e+00 -1.200468750000000000e+02
1.319301690871782284e+00 -9.097656250000000000e+01
1.322522029040211766e+00 -9.709375000000000000e+01
1.325844221421328850e+00 -1.051250000000000000e+02
1.328790376720179189e+00 -1.291093750000000000e+02
1.332232671174459204e+00 -1.252968750000000000e+02
1.336243294924664982e+00 -9.877343750000000000e+01
1.339986104197397943e+00 -9.084375000000000000e+01
1.343126740024270571e+00 -1.226406250000000000e+02
1.346319191828365014e+00 -1.077421875000000000e+02
1.349283696895867468e+00 -6.806250000000000000e+01
1.352666929367295046e+00 -1.428046875000000000e+02
1.356677507602747967e+00 -1.277031250000000000e+02
1.360420436364894847e+00 -9.296875000000000000e+01
1.363666651672977848e+00 -1.374765625000000000e+02
1.366753541225329549e+00 -9.010156250000000000e+01
1.369875296741805526e+00 -1.023906250000000000e+02
1.373389804857184426e+00 -1.100781250000000000e+02
1.377413743086092657e+00 -7.793750000000000000e+01
1.381021820431886482e+00 -1.026562500000000000e+02
1.384206254937497604e+00 -9.315625000000000000e+01
1.387187790705206147e+00 -7.802343750000000000e+01
1.390509928329113798e+00 -1.100937500000000000e+02
1.394513627457804272e+00 -1.294843750000000000e+02
1.398119073241780974e+00 -9.285937500000000000e+01
1.401697243281469607e+00 -1.072500000000000000e+02
1.404680191650059307e+00 -1.265156250000000000e+02
1.407765265276242461e+00 -8.449218750000000000e+01
1.410842128187984823e+00 -9.104687500000000000e+01
1.415034904147491224e+00 -9.791406250000000000e+01
1.418654919152561478e+00 -1.081484375000000000e+02
1.422135809575260978e+00 -1.102421875000000000e+02
1.425114609935790533e+00 -1.045156250000000000e+02
1.428301657203162378e+00 -9.514062500000000000e+01
1.431543365553792801e+00 -1.063906250000000000e+02
1.435744062416509204e+00 -1.298281250000000000e+02
1.439190783718897304e+00 -8.998437500000000000e+01
1.442570123141772243e+00 -9.657812500000000000e+01
1.445549128156799590e+00 -1.344843750000000000e+02
1.449021695221439865e+00 -1.041796875000000000e+02
1.452145171654743550e+00 -8.042187500000000000e+01
1.456496202449146349e+00 -7.346875000000000000e+01
1.459783295133928238e+00 -9.662500000000000000e+01
1.463008181053491175e+00 -8.823437500000000000e+01
1.466090956708352655e+00 -1.210937500000000000e+02
1.469455848655037977e+00 -6.567187500000000000e+01
1.473022397058698418e+00 -8.946093750000000000e+01
1.476930355540774453e+00 -1.010468750000000000e+02
1.480335071843973838e+00 -9.839843750000000000e+01
1.483553127768435287e+00 -1.255234375000000000e+02
1.486632709502635041e+00 -9.432812500000000000e+01
1.489965496485555985e+00 -1.110312500000000000e+02
1.494254554227247844e+00 -1.236250000000000000e+02
1.497530563398560943e+00 -1.234218750000000000e+02
1.500769570336223824e+00 -1.201484375000000000e+02
1.504098285318803185e+00 -1.342031250000000000e+02
1.507172078708384433e+00 -7.000781250000000000e+01
1.510432535014731847e+00 -7.331250000000000000e+01
1.514784469772260334e+00 -1.007421875000000000e+02
1.518108313467199544e+00 -5.235937500000000000e+01
1.521321288260169879e+00 -9.709375000000000000e+01
1.524421561251845914e+00 -1.478671875000000000e+02
1.527711466482377656e+00 -7.800000000000000000e+01
1.531319886772585015e+00 -8.782812500000000000e+01
1.535377163601172379e+00 -1.066953125000000000e+02
1.538542609742397538e+00 -9.575000000000000000e+01
1.541785915568029797e+00 -7.376562500000000000e+01
1.545068986312684078e+00 -6.727343750000000000e+01
1.548330538406471391e+00 -9.668750000000000000e+01
1.552412896283079435e+00 -7.195312500000000000e+01
1.555935815354414942e+00 -5.660156250000000000e+01
1.559092892323633128e+00 -6.767187500000000000e+01
1.562220208510839203e+00 -6.191406250000000000e+01
1.565605419524016995e+00 -1.073125000000000000e+02
1.568785631822289695e+00 -7.556250000000000000e+01
1.573013349215928169e+00 -8.843750000000000000e+01
1.576547172277450892e+00 -9.767187500000000000e+01
1.579642984274779227e+00 -2.817187500000000000e+01
1.582654401532922694e+00 -8.220312500000000000e+01
1.586138552571349392e+00 -8.401562500000000000e+01
1.589324045199352886e+00 -7.529687500000000000e+01
1.593447638877280692e+00 -1.019687500000000000e+02
1.596981573093607887e+00 -9.608593750000000000e+01
1.600077389871240374e+00 -1.306875000000000000e+02
1.603088694726752639e+00 -7.588281250000000000e+01
1.606671623809421856e+00 -8.226562500000000000e+01
1.610599346170805912e+00 -7.282812500000000000e+01
1.614180737314111935e+00 -3.621875000000000000e+01
1.617531591037351113e+00 -7.814062500000000000e+01
1.620571145536810143e+00 -9.678125000000000000e+01
1.623552426084105882e+00 -1.076718750000000000e+02
1.627120828753721327e+00 -8.010156250000000000e+01
1.631339518045445303e+00 -8.357812500000000000e+01
1.634705319625047171e+00 -6.850000000000000000e+01
1.638108721580026739e+00 -1.028593750000000000e+02
1.641064329697737190e+00 -6.532812500000000000e+01
1.644366018891977976e+00 -7.793750000000000000e+01
1.647666990236202222e+00 -1.040000000000000000e+02
1.651773994524285527e+00 -5.956250000000000000e+01
1.655187882111951225e+00 -7.418750000000000000e+01
1.658542912623049759e+00 -5.387500000000000000e+01
1.661498364045737031e+00 -2.692187500000000000e+01
1.664896566711534520e+00 -7.835937500000000000e+01
1.668304825330303220e+00 -8.162500000000000000e+01
1.672576369635592197e+00 -5.609375000000000000e+01
1.675739256879879902e+00 -7.481250000000000000e+01
1.678997286264933386e+00 -1.007031250000000000e+02
1.682080707499451933e+00 -5.759375000000000000e+01
1.685331065844068776e+00 -9.696875000000000000e+01
1.688739171933300032e+00 -7.721093750000000000e+01
1.693314228672480937e+00 -8.635937500000000000e+01
1.696369447768328875e+00 -1.080234375000000000e+02
1.699451161772930874e+00 -6.435937500000000000e+01
1.702690210094387702e+00 -4.387500000000000000e+01
1.705946878742861550e+00 -6.348437500000000000e+01
1.709279836430546595e+00 -3.990625000000000000e+01
1.713628746474406883e+00 -9.583593750000000000e+01
1.716803797114361707e+00 -1.061250000000000000e+02
1.719885154793491466e+00 -7.242187500000000000e+01
1.723124609753667436e+00 -6.693750000000000000e+01
1.726736181057390684e+00 -9.918750000000000000e+01
1.730536983600489354e+00 -5.681250000000000000e+01
1.734183069755037110e+00 -3.139062500000000000e+01
1.737238146263943683e+00 -1.385156250000000000e+01
1.740319248156783516e+00 -2.918750000000000000e+01
1.743654167806519828e+00 -6.847656250000000000e+01
1.747462147086803252e+00 -1.026875000000000000e+02
1.751170226890520043e+00 -2.665625000000000000e+01
1.754700818121736727e+00 -4.635156250000000000e+01
1.757830066112949785e+00 -8.700781250000000000e+01
1.760936862361553779e+00 -4.639062500000000000e+01
1.764320071604486673e+00 -4.354687500000000000e+01
1.768310997241955063e+00 -1.098359375000000000e+02
1.771816280541663513e+00 -1.845312500000000000e+01
1.775396349454575695e+00 -5.773437500000000000e+01
1.778264381516640347e+00 -1.596093750000000000e+01
1.781371240076545348e+00 -4.131250000000000000e+01
1.784975063518538629e+00 -1.069062500000000000e+02
1.788868371539886759e+00 -4.078125000000000000e+01
1.792374945931898944e+00 -9.960937500000000000e+00
1.795830634794009395e+00 -5.792187500000000000e+01
1.798698646916312205e+00 -1.308593750000000000e+01
1.801977342968742457e+00 -4.810156250000000000e+01
1.805493955731258815e+00 -6.982812500000000000e+01
1.809715433387338646e+00 -6.303125000000000000e+01
1.812698220004114624e+00 -3.045312500000000000e+01
1.816264820416443992e+00 -5.776562500000000000e+01
1.819211653259743322e+00 -8.796875000000000000e+01
1.822656198149523510e+00 -1.996875000000000000e+01
1.826664398703891523e+00 -8.568750000000000000e+01
1.830288834544428367e+00 -2.249218750000000000e+01
1.833381053452850740e+00 -4.964062500000000000e+01
1.836742552929785610e+00 -1.773437500000000000e+00
1.839768741485841019e+00 -4.026562500000000000e+01
1.843310343018417896e+00 -2.025781250000000000e+01
1.847404253103034355e+00 -7.771875000000000000e+01
1.850928539767001002e+00 -1.635937500000000000e+01
1.854088787590447707e+00 -5.489843750000000000e+01
1.857176854538260535e+00 -7.324218750000000000e+01
1.860398528954581021e+00 -5.923437500000000000e+01
1.864156613595437495e+00 -6.318750000000000000e+01
1.868036287195302236e+00 -3.012500000000000000e+01
1.871362841972104452e+00 -6.582812500000000000e+01
1.874420039124341297e+00 2.809375000000000000e+01
1.877654934223919714e+00 -5.546875000000000000e+01
1.880934432738134099e+00 -3.912500000000000000e+01
1.885021142518839232e+00 -7.548437500000000000e+01
1.888641647850693106e+00 -8.377343750000000000e+01
1.892002307443717113e+00 -2.254687500000000000e+01
1.895060092407264918e+00 -7.687500000000000000e+00
1.898190764636086714e+00 -3.149218750000000000e+01
1.901368782691709391e+00 -3.841406250000000000e+01
1.905545164485541676e+00 -3.740625000000000000e+01
1.909180066438222578e+00 -2.967187500000000000e+01
1.912436700321804350e+00 -8.347656250000000000e+01
1.915494344568331897e+00 -5.743750000000000000e+01
1.918726440797952293e+00 -3.615625000000000000e+01
1.922026943076370564e+00 -4.957812500000000000e+01
1.926168498409700058e+00 -4.804687500000000000e+01
1.929614480358379236e+00 -5.164062500000000000e+01
1.932992276329551284e+00 3.250000000000000000e+00
1.936058485932488304e+00 -4.107031250000000000e+01
1.939443839928266522e+00 -6.049218750000000000e+01
1.942571154225484875e+00 -4.070312500000000000e+01
1.946792142122305780e+00 1.156250000000000000e+00
1.950326330833440425e+00 3.609375000000000000e+00
1.953427010601198166e+00 -1.385937500000000000e+01
1.956622719992344717e+00 -2.410937500000000000e+01
1.959951404091870852e+00 -4.506250000000000000e+01
1.963446710291932407e+00 -1.889843750000000000e+01
1.967347801958042819e+00 9.531250000000000000e-01
1.970642991786843101e+00 -3.990625000000000000e+01
1.973861068618711911e+00 -3.433593750000000000e+01
1.976926933935072350e+00 -3.035937500000000000e+01
1.980385672143629261e+00 -1.610937500000000000e+01
1.984501151303432520e+00 4.156250000000000000e+00
1.987867724828486393e+00 -5.332031250000000000e+01
1.991195176681748835e+00 -3.303125000000000000e+01
1.994408838321536814e+00 -1.188281250000000000e+01
1.997702047523579605e+00 -7.453125000000000000e+01
2.001100810621179171e+00 -4.700000000000000000e+01
2.005205516944536637e+00 -3.071875000000000000e+01
2.008533805696605334e+00 -6.171875000000000000e+00
2.011747391670015261e+00 -3.478125000000000000e+01
2.014843209357199072e+00 -9.593750000000000000e+00
2.018136506314566869e+00 -1.729687500000000000e+01
2.021989450431023627e+00 3.470312500000000000e+01
2.025730473466049730e+00 7.937500000000000000e+00
2.028968300459927043e+00 -2.835937500000000000e+01
2.032207882315847147e+00 -7.242187500000000000e+00
2.035390900042300721e+00 1.181250000000000000e+01
2.038749775757050742e+00 -4.015625000000000000e+00
2.042668919664305527e+00 -2.912500000000000000e+01
2.046296988459600730e+00 -8.593750000000000000e+00
2.049518509946892664e+00 -2.771875000000000000e+01
2.052668239084058932e+00 -4.696875000000000000e+01
2.056129739499731990e+00 -2.062500000000000000e+00
2.059667946176802822e+00 1.953125000000000000e+01
2.063438720751749056e+00 -3.125000000000000000e-02
2.066857261030489834e+00 5.046875000000000000e+00
2.070068931455262717e+00 -3.407812500000000000e+01
2.073102218367611549e+00 -5.518750000000000000e+01
2.076663366559120316e+00 2.931250000000000000e+01
2.080741060654275998e+00 -9.140625000000000000e+00
2.084119933267887692e+00 7.953125000000000000e+00
2.087407244369778425e+00 1.946093750000000000e+01
2.090558340423736006e+00 -3.536718750000000000e+01
2.093632217791790318e+00 -4.776562500000000000e+01
2.096998528944816975e+00 -2.578125000000000000e+01
2.101330299059066320e+00 -1.718750000000000000e+00
2.104644855278841042e+00 -3.873437500000000000e+01
2.107957221320776675e+00 1.103125000000000000e+01
2.110992513709784468e+00 -3.332031250000000000e+01
2.114259695225476854e+00 -3.096093750000000000e+01
2.117553977094094098e+00 -2.287500000000000000e+01
2.122128943546797597e+00 2.310937500000000000e+01
2.125296126516460937e+00 5.507812500000000000e+00
2.128478444643110645e+00 4.275781250000000000e+01
2.131481422561673167e+00 -1.015625000000000000e+00
2.134791437314069729e+00 5.609375000000000000e+00
2.138088061957559738e+00 1.730468750000000000e+01
2.142563249135221337e+00 9.109375000000000000e+00
2.145613762353624665e+00 1.959375000000000000e+01
2.148912642794744254e+00 -1.936718750000000000e+01
2.151915462723163142e+00 -3.009375000000000000e+01
2.155322241087263002e+00 1.266406250000000000e+01
2.158622163213757439e+00 2.921875000000000000e+00
2.163066051070656304e+00 -8.734375000000000000e+00
2.166164924241585688e+00 -4.687500000000000000e+00
2.169433267196627213e+00 1.896875000000000000e+01
2.172503442548375574e+00 2.442187500000000000e+01
2.175891711735783662e+00 -3.675781250000000000e+01
2.179163599020718767e+00 1.761718750000000000e+01
2.183822318199335921e+00 2.182812500000000000e+01
2.186793922564201686e+00 4.539062500000000000e+01
2.189923837049617461e+00 3.409375000000000000e+01
2.193115885910756013e+00 -9.578125000000000000e+00
2.196507459874743162e+00 -2.646875000000000000e+01
2.199705102348566754e+00 5.978125000000000000e+01
2.204256570378592794e+00 4.065625000000000000e+01
2.207228271197190672e+00 3.479687500000000000e+01
2.210357862200806878e+00 6.164062500000000000e+00
2.213645478149695478e+00 -1.084375000000000000e+01
2.217450398191754157e+00 -1.557031250000000000e+01
2.220820658963951644e+00 1.504687500000000000e+01
2.224773953794172421e+00 -4.296875000000000000e+00
2.227662569757039357e+00 -8.351562500000000000e+00
2.230848910338871338e+00 3.014062500000000000e+01
2.234309903702267341e+00 -2.655468750000000000e+01
2.238424045059967504e+00 2.626562500000000000e+01
2.241592778137840192e+00 -6.515625000000000000e+00
2.245295624293360603e+00 3.931250000000000000e+01
2.248252592487409274e+00 -1.562500000000000000e-02
2.251438728092416408e+00 -1.743750000000000000e+01
2.254964914086337924e+00 5.220312500000000000e+01
2.258732928355770220e+00 2.757812500000000000e+00
2.262223589449952499e+00 -2.603125000000000000e+01
2.265729834977831203e+00 3.398437500000000000e+00
2.268686808501518826e+00 -2.859375000000000000e+00
2.271968633321224118e+00 1.125000000000000000e+01
2.275796212430609700e+00 -1.597656250000000000e+01
2.279499892183541654e+00 2.696875000000000000e+01
2.282797468883019931e+00 -2.161718750000000000e+01
2.286164145637597400e+00 3.939843750000000000e+01
2.289121124596425361e+00 -3.359375000000000000e-01
2.292498624442711908e+00 -2.921875000000000000e+01
2.296651533982534410e+00 6.031250000000000000e+00
2.300152699569537607e+00 1.156250000000000000e+01
2.303541417125923640e+00 1.237500000000000000e+01
2.306777793377641661e+00 1.045312500000000000e+01
2.309696693338623152e+00 -5.656250000000000000e+00
2.313079901424679008e+00 9.648437500000000000e+00
2.317085804984693631e+00 -1.398437500000000000e+00
2.320710712703824008e+00 2.554687500000000000e+00
2.323975767308691598e+00 -9.625000000000000000e+00
2.327165917232627557e+00 -2.106250000000000000e+01
2.330194763288545801e+00 -1.439062500000000000e+01
2.333734173040754811e+00 -3.757812500000000000e+00
2.337829175082900335e+00 1.945312500000000000e+01
2.341437366457501668e+00 -3.067187500000000000e+01
2.344510953775901463e+00 3.867968750000000000e+01
2.347600321046479088e+00 5.048437500000000000e+01
2.350726503688487234e+00 -8.750000000000000000e-01
2.354578452537421374e+00 6.476562500000000000e+00
2.358492097582477687e+00 9.585937500000000000e+00
2.362109583198370277e+00 2.662500000000000000e+01
2.364945207152053364e+00 2.101562500000000000e+01
2.368181847678346053e+00 3.820312500000000000e+01
2.371358975371397726e+00 5.584375000000000000e+01
2.375441672748879185e+00 3.516406250000000000e+01
2.378956044555473603e+00 2.645312500000000000e+01
2.382543704159369558e+00 -1.390625000000000000e+01
2.385506286963349876e+00 1.383593750000000000e+01
2.388717016447669650e+00 1.182812500000000000e+01
2.391953835900480385e+00 1.447656250000000000e+01
2.396158780994758430e+00 -4.875000000000000000e+00
2.399496942876669259e+00 1.295312500000000000e+01
2.402862217602332429e+00 -2.632031250000000000e+01
2.405966988169766729e+00 4.859375000000000000e+00
2.409255822523403534e+00 5.273437500000000000e+01
2.412505414518998581e+00 1.867187500000000000e+00
2.416897257328331161e+00 4.000000000000000000e+00
2.420038155461026630e+00 -4.093750000000000000e+00
2.423415116256942170e+00 5.480468750000000000e+01
2.426401306512944167e+00 2.968750000000000000e-01
2.429866111025752673e+00 5.931250000000000000e+01
2.433436716532482613e+00 2.898437500000000000e+00
2.437331321595068712e+00 -3.065625000000000000e+01
2.440633877494218229e+00 3.409375000000000000e+01
2.443852802972779070e+00 -2.617187500000000000e+01
2.446941531843616957e+00 6.917968750000000000e+01
2.450371592846667834e+00 1.437500000000000000e+01
2.454490957993569644e+00 3.292968750000000000e+01
2.457942506369965585e+00 -1.664062500000000000e+01
2.461186422050622546e+00 2.601562500000000000e+01
2.464287220203496442e+00 -9.156250000000000000e+00
2.467481486930671597e+00 -1.825000000000000000e+01
2.470883354738222071e+00 1.014062500000000000e+01
2.475105932228054861e+00 -1.240625000000000000e+01
2.478450883958094320e+00 -6.953125000000000000e+00
2.481738999145109759e+00 2.023437500000000000e+01
2.484946188205838347e+00 5.703125000000000000e+00
2.488213846674029561e+00 5.828125000000000000e+00
2.491734560847439717e+00 -6.093750000000000000e-01
2.495713068532589674e+00 -1.331250000000000000e+01
2.498885227585224467e+00 -1.703125000000000000e+00
2.502195826026140768e+00 4.460156250000000000e+01
2.505380416407176902e+00 8.281250000000000000e-01
2.508648044003479960e+00 4.964843750000000000e+01
2.512826000671942062e+00 4.051562500000000000e+01
2.516216203178576194e+00 -1.239062500000000000e+01
2.519319621249115126e+00 5.007812500000000000e+00
2.522652123566703430e+00 7.500000000000000000e+00
2.525814744732968187e+00 2.392187500000000000e+01
2.528995344761005182e+00 2.779687500000000000e+01
2.533090905871671517e+00 1.481250000000000000e+01
2.536719481481070293e+00 -4.007812500000000000e+01
2.539828047062290928e+00 3.443750000000000000e+01
2.543086308323299072e+00 -2.025000000000000000e+01
2.546555353732395055e+00 2.483593750000000000e+01
2.549834101636113459e+00 2.984375000000000000e+00
2.553864132727342362e+00 2.010937500000000000e+01
2.557398567660520428e+00 -1.386718750000000000e+01
2.560378622555390393e+00 1.319531250000000000e+01
2.563520393304687950e+00 4.001562500000000000e+01
2.566989697683305316e+00 -3.671875000000000000e-01
2.570753433527892984e+00 6.994531250000000000e+01
